# 1st line: number of mesh points
# rho and r_seitz are calculated from total density
# zeta and r_seitz only correct of rho > 1d-12

# abcissa rho drho ddrho zeta r_seitz
500
  9.830308526563E-006  3.972456696441E+003 -6.432047350514E+004  1.061127087223E+006 -3.136894602843E-008  9.106553171019E-002
  3.932200719722E-005  3.970560237805E+003 -6.428918681919E+004  1.060601264387E+006 -3.136537713104E-008  9.108002794541E-002
  8.847741541467E-005  3.967401357571E+003 -6.423707405992E+004  1.059725437638E+006 -3.135968763984E-008  9.110419444202E-002
  1.573003992805E-004  3.962982879241E+003 -6.416418275608E+004  1.058500423111E+006 -3.135226790283E-008  9.113804036152E-002
  2.457963722418E-004  3.957308750248E+003 -6.407057935366E+004  1.056927361741E+006 -3.134366414143E-008  9.118157853921E-002
  3.539722959954E-004  3.950384036493E+003 -6.395634912169E+004  1.055007717606E+006 -3.133458227918E-008  9.123482549350E-002
  4.818366816529E-004  3.942214915349E+003 -6.382159603162E+004  1.052743275810E+006 -3.132588812386E-008  9.129780143778E-002
  6.293995911626E-004  3.932808667125E+003 -6.366644261025E+004  1.050136139897E+006 -3.131861200518E-008  9.137053029500E-002
  7.966726389935E-004  3.922173665018E+003 -6.349102976649E+004  1.047188728814E+006 -3.131394744338E-008  9.145303971497E-002
  9.836689940782E-004  3.910319363569E+003 -6.329551659251E+004  1.043903773411E+006 -3.131325948977E-008  9.154536109431E-002
  1.190403382016E-003  3.897256285640E+003 -6.308008013928E+004  1.040284312508E+006 -3.131808438058E-008  9.164752959918E-002
  1.416892087541E-003  3.882996007938E+003 -6.284491516721E+004  1.036333688512E+006 -3.133013564961E-008  9.175958419072E-002
  1.663152957245E-003  3.867551145111E+003 -6.259023387219E+004  1.032055542610E+006 -3.135130779343E-008  9.188156765334E-002
  1.929205402573E-003  3.850935332446E+003 -6.231626558758E+004  1.027453809538E+006 -3.138368220279E-008  9.201352662574E-002
  2.215070403073E-003  3.833163207192E+003 -6.202325646270E+004  1.022532711937E+006 -3.142953280962E-008  9.215551163486E-002
  2.520770509919E-003  3.814250388552E+003 -6.171146911829E+004  1.017296754313E+006 -3.149133078011E-008  9.230757713265E-002
  2.846329849692E-003  3.794213456377E+003 -6.138118227979E+004  1.011750716600E+006 -3.157175396186E-008  9.246978153583E-002
  3.191774128432E-003  3.773069928586E+003 -6.103269038890E+004  1.005899647348E+006 -3.167369034457E-008  9.264218726857E-002
  3.557130635959E-003  3.750838237374E+003 -6.066630319416E+004  9.997488565465E+005 -3.180024959745E-008  9.282486080819E-002
  3.942428250463E-003  3.727537704230E+003 -6.028234532141E+004  9.933039080947E+005 -3.195476952049E-008  9.301787273403E-002
  4.347697443358E-003  3.703188513826E+003 -5.988115582472E+004  9.865706119301E+005 -3.214082620997E-008  9.322129777926E-002
  4.772970284417E-003  3.677811686803E+003 -5.946308771880E+004  9.795550158373E+005 -3.236224147561E-008  9.343521488607E-002
  5.218280447175E-003  3.651429051522E+003 -5.902850749349E+004  9.722633969454E+005 -3.262309657671E-008  9.365970726398E-002
  5.683663214611E-003  3.624063214818E+003 -5.857779461143E+004  9.647022529326E+005 -3.292774185163E-008  9.389486245146E-002
  6.169155485101E-003  3.595737531803E+003 -5.811134098967E+004  9.568782929524E+005 -3.328080738904E-008  9.414077238105E-002
  6.674795778653E-003  3.566476074787E+003 -5.762955046617E+004  9.487984282997E+005 -3.368721821368E-008  9.439753344776E-002
  7.200624243425E-003  3.536303601353E+003 -5.713283825215E+004  9.404697628325E+005 -3.415220638295E-008  9.466524658115E-002
  7.746682662519E-003  3.505245521657E+003 -5.662163037126E+004  9.318995831667E+005 -3.468132478603E-008  9.494401732092E-002
  8.313014461060E-003  3.473327864991E+003 -5.609636308652E+004  9.230953486617E+005 -3.528046592810E-008  9.523395589628E-002
  8.899664713569E-003  3.440577245690E+003 -5.555748231613E+004  9.140646812154E+005 -3.595587172512E-008  9.553517730901E-002
  9.506680151615E-003  3.407020828413E+003 -5.500544303904E+004  9.048153548859E+005 -3.671415896786E-008  9.584780142047E-002
  1.013410917176E-002  3.372686292886E+003 -5.444070869144E+004  8.953552853592E+005 -3.756233150473E-008  9.617195304260E-002
  1.078200184380E-002  3.337601798145E+003 -5.386375055518E+004  8.856925192811E+005 -3.850780180709E-008  9.650776203294E-002
  1.145040991929E-002  3.301795946351E+003 -5.327504713909E+004  8.758352234722E+005 -3.955841312383E-008  9.685536339389E-002
  1.213938684040E-002  3.265297746229E+003 -5.267508355445E+004  8.657916740460E+005 -4.072246091280E-008  9.721489737622E-002
  1.284898774901E-002  3.228136576207E+003 -5.206435088550E+004  8.555702454469E+005 -4.200871351846E-008  9.758650958711E-002
  1.357926949620E-002  3.190342147300E+003 -5.144334555617E+004  8.451793994303E+005 -4.342644145539E-008  9.797035110260E-002
  1.433029065191E-002  3.151944465809E+003 -5.081256869409E+004  8.346276740009E+005 -4.498543944260E-008  9.836657858477E-002
  1.510211151509E-002  3.112973795897E+003 -5.017252549288E+004  8.239236723302E+005 -4.669605840283E-008  9.877535440378E-002
  1.589479412397E-002  3.073460622100E+003 -4.952372457394E+004  8.130760516721E+005 -4.856923077788E-008  9.919684676477E-002
  1.670840226680E-002  3.033435611840E+003 -4.886667734867E+004  8.020935122938E+005 -5.061650684637E-008  9.963122983987E-002
  1.754300149280E-002  2.992929577989E+003 -4.820189738220E+004  7.909847864433E+005 -5.285008232406E-008  1.000786839055E-001
  1.839865912351E-002  2.951973441559E+003 -4.752989975976E+004  7.797586273697E+005 -5.528283681464E-008  1.005393954851E-001
  1.927544426443E-002  2.910598194569E+003 -4.685120045661E+004  7.684237984161E+005 -5.792837384014E-008  1.010135574970E-001
  2.017342781695E-002  2.868834863148E+003 -4.616631571265E+004  7.569890622021E+005 -6.080105276530E-008  1.015013694091E-001
  2.109268249069E-002  2.826714470933E+003 -4.547576141265E+004  7.454631699148E+005 -6.391604005387E-008  1.020030373978E-001
  2.203328281612E-002  2.784268002825E+003 -4.478005247312E+004  7.338548507246E+005 -6.728934494023E-008  1.025187745148E-001
  2.299530515754E-002  2.741526369144E+003 -4.407970223678E+004  7.221728013427E+005 -7.093787485347E-008  1.030488008587E-001
  2.397882772639E-002  2.698520370261E+003 -4.337522187559E+004  7.104256757388E+005 -7.487947748721E-008  1.035933437541E-001
  2.498393059493E-002  2.655280661735E+003 -4.266711980316E+004  6.986220750321E+005 -7.913300055306E-008  1.041526379366E-001
  2.601069571024E-002  2.611837720027E+003 -4.195590109765E+004  6.867705375745E+005 -8.371834522244E-008  1.047269257455E-001
  2.705920690860E-002  2.568221808829E+003 -4.124206693582E+004  6.748795292382E+005 -8.865652409220E-008  1.053164573228E-001
  2.812954993023E-002  2.524462946071E+003 -4.052611403915E+004  6.629574339249E+005 -9.396972904262E-008  1.059214908199E-001
  2.922181243436E-002  2.480590871632E+003 -3.980853413288E+004  6.510125443093E+005 -9.968139310597E-008  1.065422926119E-001
  3.033608401473E-002  2.436635015827E+003 -3.908981341867E+004  6.390530528302E+005 -1.058162662341E-007  1.071791375197E-001
  3.147245621542E-002  2.392624468691E+003 -3.837043206171E+004  6.270870429429E+005 -1.124004895495E-007  1.078323090398E-001
  3.263102254705E-002  2.348587950121E+003 -3.765086369289E+004  6.151224806455E+005 -1.194616748323E-007  1.085020995828E-001
  3.381187850339E-002  2.304553780893E+003 -3.693157492684E+004  6.031672062889E+005 -1.270289904887E-007  1.091888107203E-001
  3.501512157837E-002  2.260549854626E+003 -3.621302489632E+004  5.912289266834E+005 -1.351332515962E-007  1.098927534404E-001
  3.624085128345E-002  2.216603610687E+003 -3.549566480371E+004  5.793152075116E+005 -1.438070190036E-007  1.106142484126E-001
  3.748916916538E-002  2.172742008113E+003 -3.477993749004E+004  5.674334660560E+005 -1.530846977543E-007  1.113536262620E-001
  3.876017882444E-002  2.128991500545E+003 -3.406627702221E+004  5.555909642518E+005 -1.630026446039E-007  1.121112278527E-001
  4.005398593302E-002  2.085378012235E+003 -3.335510829872E+004  5.437948020725E+005 -1.735992927458E-007  1.128874045819E-001
  4.137069825459E-002  2.041926915125E+003 -3.264684667454E+004  5.320519112545E+005 -1.849152613206E-007  1.136825186839E-001
  4.271042566323E-002  1.998663007044E+003 -3.194189760532E+004  5.203690493690E+005 -1.969934955039E-007  1.144969435439E-001
  4.407328016341E-002  1.955610491034E+003 -3.124065631154E+004  5.087527942458E+005 -2.098794012233E-007  1.153310640241E-001
  4.545937591035E-002  1.912792955834E+003 -3.054350746261E+004  4.972095387552E+005 -2.236209919667E-007  1.161852767997E-001
  4.686882923075E-002  1.870233357522E+003 -2.985082488152E+004  4.857454859504E+005 -2.382690490373E-007  1.170599907071E-001
  4.830175864396E-002  1.827954002359E+003 -2.916297126999E+004  4.743666445766E+005 -2.538772841575E-007  1.179556271033E-001
  4.975828488365E-002  1.785976530818E+003 -2.848029795453E+004  4.630788249470E+005 -2.705025203035E-007  1.188726202377E-001
  5.123853091993E-002  1.744321902827E+003 -2.780314465335E+004  4.518876351894E+005 -2.882048777702E-007  1.198114176368E-001
  5.274262198188E-002  1.703010384228E+003 -2.713183926443E+004  4.407984778641E+005 -3.070479757172E-007  1.207724805003E-001
  5.427068558066E-002  1.662061534463E+003 -2.646669767460E+004  4.298165469528E+005 -3.270991488924E-007  1.217562841119E-001
  5.582285153302E-002  1.621494195475E+003 -2.580802358988E+004  4.189468252199E+005 -3.484296714675E-007  1.227633182617E-001
  5.739925198530E-002  1.581326481848E+003 -2.515610838682E+004  4.081940819434E+005 -3.711150009433E-007  1.237940876839E-001
  5.900002143803E-002  1.541575772161E+003 -2.451123098491E+004  3.975628710146E+005 -3.952350388695E-007  1.248491125067E-001
  6.062529677088E-002  1.502258701574E+003 -2.387365773998E+004  3.870575294045E+005 -4.208744002571E-007  1.259289287182E-001
  6.227521726827E-002  1.463391155618E+003 -2.324364235834E+004  3.766821759922E+005 -4.481227124339E-007  1.270340886448E-001
  6.394992464542E-002  1.424988265199E+003 -2.262142583153E+004  3.664407107530E+005 -4.770749267540E-007  1.281651614460E-001
  6.564956307496E-002  1.387064402799E+003 -2.200723639149E+004  3.563368143009E+005 -5.078316451903E-007  1.293227336227E-001
  6.737427921404E-002  1.349633179853E+003 -2.140128948583E+004  3.463739477802E+005 -5.404994832787E-007  1.305074095411E-001
  6.912422223211E-002  1.312707445303E+003 -2.080378777291E+004  3.365553531005E+005 -5.751914441105E-007  1.317198119720E-001
  7.089954383907E-002  1.276299285297E+003 -2.021492113645E+004  3.268840535093E+005 -6.120273213381E-007  1.329605826446E-001
  7.270039831418E-002  1.240420024026E+003 -1.963486671930E+004  3.173628544935E+005 -6.511341302861E-007  1.342303828164E-001
  7.452694253540E-002  1.205080225671E+003 -1.906378897581E+004  3.079943450040E+005 -6.926465658112E-007  1.355298938575E-001
  7.637933600943E-002  1.170289697441E+003 -1.850183974269E+004  2.987808989941E+005 -7.367074898590E-007  1.368598178508E-001
  7.825774090225E-002  1.136057493670E+003 -1.794915832757E+004  2.897246772635E+005 -7.834684582693E-007  1.382208782066E-001
  8.016232207035E-002  1.102391920961E+003 -1.740587161499E+004  2.808276295986E+005 -8.330902683482E-007  1.396138202924E-001
  8.209324709253E-002  1.069300544342E+003 -1.687209418916E+004  2.720914971989E+005 -8.857435618075E-007  1.410394120769E-001
  8.405068630235E-002  1.036790194391E+003 -1.634792847316E+004  2.635178153812E+005 -9.416094466342E-007  1.424984447875E-001
  8.603481282122E-002  1.004866975331E+003 -1.583346488370E+004  2.551079165485E+005 -1.000880186116E-006  1.439917335817E-001
  8.804580259214E-002  9.735362740299E+002 -1.532878200115E+004  2.468629334156E+005 -1.063759905267E-006  1.455201182306E-001
  9.008383441408E-002  9.428027698941E+002 -1.483394675409E+004  2.387838024775E+005 -1.130465370046E-006  1.470844638140E-001
  9.214908997710E-002  9.126704456102E+002 -1.434901461776E+004  2.308712677114E+005 -1.201226801190E-006  1.486856614261E-001
  9.424175389809E-002  8.831425987042E+002 -1.387402982577E+004  2.231258844992E+005 -1.276288751051E-006  1.503246288899E-001
  9.636201375725E-002  8.542218538803E+002 -1.340902559449E+004  2.155480237587E+005 -1.355911036126E-006  1.520023114797E-001
  9.851006013526E-002  8.259101761011E+002 -1.295402435927E+004  2.081378762718E+005 -1.440369733873E-006  1.537196826483E-001
  1.006860866512E-001  7.982088843714E+002 -1.250903802206E+004  2.008954571966E+005 -1.529958241693E-006  1.554777447583E-001
  1.028902900012E-001  7.711186661877E+002 -1.207406820945E+004  1.938206107514E+005 -1.624988410255E-006  1.572775298139E-001
  1.051228699979E-001  7.446395926116E+002 -1.164910654069E+004  1.869130150572E+005 -1.725791748709E-006  1.591201001904E-001
  1.073840296104E-001  7.187711339293E+002 -1.123413490475E+004  1.801721871271E+005 -1.832720711447E-006  1.610065493585E-001
  1.096739750056E-001  6.935121758557E+002 -1.082912574594E+004  1.735974879886E+005 -1.946150070838E-006  1.629380025990E-001
  1.119929155896E-001  6.688610362419E+002 -1.043404235712E+004  1.671881279266E+005 -2.066478373110E-006  1.649156177033E-001
  1.143410640503E-001  6.448154822460E+002 -1.004883917999E+004  1.609431718344E+005 -2.194129495154E-006  1.669405856552E-001
  1.167186364011E-001  6.213727479256E+002 -9.673462111658E+003  1.548615446588E+005 -2.329554298618E-006  1.690141312879E-001
  1.191258520249E-001  5.985295522110E+002 -9.307848816695E+003  1.489420369289E+005 -2.473232393049E-006  1.711375139094E-001
  1.215629337189E-001  5.762821172178E+002 -8.951929044139E+003  1.431833103527E+005 -2.625674005339E-006  1.733120278893E-001
  1.240301077413E-001  5.546261868592E+002 -8.605624948573E+003  1.375839034725E+005 -2.787421969455E-006  1.755390031986E-001
  1.265276038575E-001  5.335570457149E+002 -8.268851414659E+003  1.321422373641E+005 -2.959053842251E-006  1.778198058923E-001
  1.290556553882E-001  5.130695381194E+002 -7.941516384427E+003  1.268566213688E+005 -3.141184141922E-006  1.801558385254E-001
  1.316144992580E-001  4.931580874274E+002 -7.623521186614E+003  1.217252588465E+005 -3.334466730588E-006  1.825485404891E-001
  1.342043760450E-001  4.738167154184E+002 -7.314760867403E+003  1.167462529373E+005 -3.539597326282E-006  1.849993882551E-001
  1.368255300316E-001  4.550390618010E+002 -7.015124521889E+003  1.119176123207E+005 -3.757316172697E-006  1.875098955114E-001
  1.394782092560E-001  4.368184037792E+002 -6.724495625632E+003  1.072372569621E+005 -3.988410849002E-006  1.900816131749E-001
  1.421626655646E-001  4.191476756438E+002 -6.442752365667E+003  1.027030238331E+005 -4.233719246295E-006  1.927161292596E-001
  1.448791546661E-001  4.020194883508E+002 -6.169767970356E+003  9.831267259877E+004 -4.494132689414E-006  1.954150685823E-001
  1.476279361856E-001  3.854261490540E+002 -5.905411037484E+003  9.406389125802E+004 -4.770599232269E-006  1.981800922803E-001
  1.504092737207E-001  3.693596805537E+002 -5.649545860027E+003  8.995430173013E+004 -5.064127111395E-006  2.010128971167E-001
  1.532234348983E-001  3.538118406311E+002 -5.402032749032E+003  8.598146537614E+004 -5.375788356182E-006  2.039152145450E-001
  1.560706914324E-001  3.387741412337E+002 -5.162728353061E+003  8.214288844697E+004 -5.706722568534E-006  2.068888095003E-001
  1.589513191834E-001  3.242378674808E+002 -4.931485973706E+003  7.843602744928E+004 -6.058140850873E-006  2.099354788838E-001
  1.618655982178E-001  3.101940964598E+002 -4.708155876657E+003  7.485829442085E+004 -6.431329886097E-006  2.130570497007E-001
  1.648138128702E-001  2.966337157824E+002 -4.492585597866E+003  7.140706210779E+004 -6.827656146553E-006  2.162553768121E-001
  1.677962518056E-001  2.835474418747E+002 -4.284620244359E+003  6.807966903610E+004 -7.248570234464E-006  2.195323402510E-001
  1.708132080832E-001  2.709258379735E+002 -4.084102789268E+003  6.487342447072E+004 -7.695611313026E-006  2.228898420563E-001
  1.738649792215E-001  2.587593318046E+002 -3.890874360680E+003  6.178561325556E+004 -8.170411617147E-006  2.263298025660E-001
  1.769518672648E-001  2.470382329181E+002 -3.704774523949E+003  5.881350052862E+004 -8.674701003686E-006  2.298541561137E-001
  1.800741788507E-001  2.357527496596E+002 -3.525641557092E+003  5.595433630647E+004 -9.210311503721E-006  2.334648460604E-001
  1.832322252791E-001  2.248930057550E+002 -3.353312718975E+003  5.320535993322E+004 -9.779181821493E-006  2.371638190950E-001
  1.864263225826E-001  2.144490564904E+002 -3.187624509971E+003  5.056380438920E+004 -1.038336172482E-005  2.409530187268E-001
  1.896567915983E-001  2.044109044683E+002 -3.028412924828E+003  4.802690045536E+004 -1.102501624885E-005  2.448343778925E-001
  1.929239580409E-001  1.947685149234E+002 -2.875513697496E+003  4.559188072954E+004 -1.170642963376E-005  2.488098105912E-001
  1.962281525771E-001  1.855118305828E+002 -2.728762537701E+003  4.325598349163E+004 -1.243000888131E-005  2.528812024601E-001
  1.995697109023E-001  1.766307860570E+002 -2.587995359052E+003  4.101645641461E+004 -1.319828682413E-005  2.570504001971E-001
  2.029489738173E-001  1.681153217486E+002 -2.453048498535E+003  3.887056011931E+004 -1.401392455201E-005  2.613191997353E-001
  2.063662873085E-001  1.599553972683E+002 -2.323758927236E+003  3.681557157110E+004 -1.487971305627E-005  2.656893330694E-001
  2.098220026275E-001  1.521410043490E+002 -2.199964452165E+003  3.484878731682E+004 -1.579857387554E-005  2.701624536364E-001
  2.133164763746E-001  1.446621792479E+002 -2.081503909111E+003  3.296752656128E+004 -1.677355856364E-005  2.747401201526E-001
  2.168500705817E-001  1.375090146329E+002 -1.968217346424E+003  3.116913408256E+004 -1.780784670959E-005  2.794237788107E-001
  2.204231527988E-001  1.306716709445E+002 -1.859946199704E+003  2.945098298588E+004 -1.890474228137E-005  2.842147437493E-001
  2.240360961807E-001  1.241403872318E+002 -1.756533457351E+003  2.781047729654E+004 -2.006766794354E-005  2.891141757157E-001
  2.276892795770E-001  1.179054914587E+002 -1.657823816986E+003  2.624505439222E+004 -2.130015706816E-005  2.941230588555E-001
  2.313830876220E-001  1.119574102777E+002 -1.563663832747E+003  2.475218727583E+004 -2.260584305681E-005  2.992421755829E-001
  2.351179108282E-001  1.062866782734E+002 -1.473902053517E+003  2.332938669017E+004 -2.398844558718E-005  3.044720795083E-001
  2.388941456809E-001  1.008839466748E+002 -1.388389152124E+003  2.197420307602E+004 -2.545175338576E-005  3.098130664318E-001
  2.427121947345E-001  9.573999153865E+001 -1.306978045604E+003  2.068422837577E+004 -2.699960308656E-005  3.152651434493E-001
  2.465724667110E-001  9.084572140788E+001 -1.229524006612E+003  1.945709768481E+004 -2.863585374507E-005  3.208279962644E-001
  2.504753766009E-001  8.619218444855E+001 -1.155884766109E+003  1.829049075321E+004 -3.036435656029E-005  3.265009548568E-001
  2.544213457654E-001  8.177057507111E+001 -1.085920607445E+003  1.718213334074E+004 -3.218891938924E-005  3.322829577221E-001
  2.584108020414E-001  7.757224004198E+001 -1.019494451980E+003  1.612979842817E+004 -3.411326565438E-005  3.381725149773E-001
  2.624441798480E-001  7.358868409286E+001 -9.564719364204E+002  1.513130728827E+004 -3.614098730838E-005  3.441676707098E-001
  2.665219202956E-001  6.981157503568E+001 -8.967214820279E+002  1.418453042013E+004 -3.827549159643E-005  3.502659650492E-001
  2.706444712976E-001  6.623274839236E+001 -8.401143559011E+002  1.328738835053E+004 -4.051994147890E-005  3.564643965449E-001
  2.748122876832E-001  6.284421154889E+001 -7.865247245223E+002  1.243785230633E+004 -4.287718971172E-005  3.627593855507E-001
  2.790258313137E-001  5.963814744437E+001 -7.358296997824E+002  1.163394476202E+004 -4.534970678022E-005  3.691467394338E-001
  2.832855712010E-001  5.660691780594E+001 -6.879093777054E+002  1.087373986674E+004 -4.793950308906E-005  3.756216205528E-001
  2.875919836279E-001  5.374306594162E+001 -6.426468701000E+002  1.015536375509E+004 -5.064804612006E-005  3.821785180651E-001
  2.919455522717E-001  5.103931910309E+001 -5.999283293779E+002  9.476994746374E+003 -5.347617353572E-005  3.888112247357E-001
  2.963467683296E-001  4.848859043151E+001 -5.596429667820E+002  8.836863436779E+003 -5.642400358341E-005  3.955128200184E-001
  3.007961306479E-001  4.608398049959E+001 -5.216830642755E+002  8.233252689273E+003 -5.949084452081E-005  4.022756607443E-001
  3.052941458522E-001  4.381877846357E+001 -4.859439803485E+002  7.664497525920E+003 -6.267510517093E-005  4.090913807984E-001
  3.098413284823E-001  4.168646283934E+001 -4.523241500023E+002  7.128984927440E+003 -6.597420910349E-005  4.159509011531E-001
  3.144382011281E-001  3.968070191699E+001 -4.207250791737E+002  6.625153544842E+003 -6.938451531163E-005  4.228444515720E-001
  3.190852945695E-001  3.779535382847E+001 -3.910513338676E+002  6.151493327963E+003 -7.290124853401E-005  4.297616051752E-001
  3.237831479192E-001  3.602446628325E+001 -3.632105242630E+002  5.706545075763E+003 -7.651844265264E-005  4.366913268662E-001
  3.285323087679E-001  3.436227598692E+001 -3.371132840637E+002  5.288899913206E+003 -8.022890064420E-005  4.436220363522E-001
  3.333333333333E-001  3.280320775806E+001 -3.126732453598E+002  4.897198699507E+003 -8.402417458991E-005  4.505416861468E-001
  3.381867866117E-001  3.134187335831E+001 -2.898070092690E+002  4.530131372521E+003 -8.789456898537E-005  4.574378545258E-001
  3.430932425333E-001  2.997307005110E+001 -2.684341126241E+002  4.186436233958E+003 -9.182917021751E-005  4.642978529240E-001
  3.480532841203E-001  2.869177890420E+001 -2.484769909699E+002  3.864899180055E+003 -9.581590442742E-005  4.711088467281E-001
  3.530675036492E-001  2.749316285112E+001 -2.298609381316E+002  3.564352882276E+003 -9.984162516396E-005  4.778579878572E-001
  3.581365028158E-001  2.637256452660E+001 -2.125140626113E+002  3.283675922483E+003 -1.038922311884E-004  4.845325569604E-001
  3.632608929041E-001  2.532550389097E+001 -1.963672410677E+002  3.021791886974E+003 -1.079528136381E-004  4.911201125224E-001
  3.684412949588E-001  2.434767565823E+001 -1.813540691258E+002  2.777668423622E+003 -1.120078304594E-004  4.976086436992E-001
  3.736783399619E-001  2.343494654227E+001 -1.674108097626E+002  2.550316266284E+003 -1.160413047407E-004  5.039867233255E-001
  3.789726690123E-001  2.258335233572E+001 -1.544763395055E+002  2.338788230498E+003 -1.200370423169E-004  5.102436572950E-001
  3.843249335105E-001  2.178909483532E+001 -1.424920926751E+002  2.142178184363E+003 -1.239788629261E-004  5.163696264130E-001
  3.897357953460E-001  2.104853862759E+001 -1.314020038993E+002  1.959619998369E+003 -1.278508383278E-004  5.223558169068E-001
  3.952059270903E-001  2.035820774840E+001 -1.211524491161E+002  1.790286477801E+003 -1.316375302357E-004  5.281945360269E-001
  4.007360121927E-001  1.971478222922E+001 -1.116921852771E+002  1.633388281188E+003 -1.353242206905E-004  5.338793095996E-001
  4.063267451812E-001  1.911509454321E+001 -1.029722889551E+002  1.488172828143E+003 -1.388971276826E-004  5.394049589678E-001
  4.119788318683E-001  1.855612596310E+001 -9.494609405367E+001  1.353923199761E+003 -1.423435994082E-004  5.447676554531E-001
  4.176929895600E-001  1.803500284309E+001 -8.756912880465E+001  1.229957034611E+003 -1.456522814015E-004  5.499649512552E-001
  4.234699472710E-001  1.754899283628E+001 -8.079905223604E+001  1.115625423198E+003 -1.488132520231E-004  5.549957865219E-001
  4.293104459435E-001  1.709550105864E+001 -7.459559028121E+001  1.010311803601E+003 -1.518181231556E-004  5.598604731352E-001
  4.352152386716E-001  1.667206621040E+001 -6.892047169344E+001  9.134308608681E+002 -1.546601044543E-004  5.645606565123E-001
  4.411850909306E-001  1.627635666493E+001 -6.373736392123E+001  8.244274325551E+002 -1.573340310370E-004  5.690992573892E-001
  4.472207808110E-001  1.590616653511E+001 -5.901180909126E+001  7.427754226709E+002 -1.598363559102E-004  5.734803960922E-001
  4.533230992589E-001  1.555941172638E+001 -5.471116023752E+001  6.679767261249E+002 -1.621651096682E-004  5.777093022012E-001
  4.594928503202E-001  1.523412598542E+001 -5.080451790672E+001  5.995601656182E+002 -1.643198310724E-004  5.817922127559E-001
  4.657308513924E-001  1.492845695294E+001 -4.726266726173E+001  5.370804427768E+002 -1.663014728435E-004  5.857362622451E-001
  4.720379334802E-001  1.464066222849E+001 -4.405801579662E+001  4.801171051731E+002 -1.681122874854E-004  5.895493675802E-001
  4.784149414579E-001  1.436910545488E+001 -4.116453176859E+001  4.282735307400E+002 -1.697556981757E-004  5.932401110779E-001
  4.848627343381E-001  1.411225242914E+001 -3.855768344398E+001  3.811759309395E+002 -1.712361596840E-004  5.968176242196E-001
  4.913821855461E-001  1.386866724684E+001 -3.621437924807E+001  3.384723739126E+002 -1.725590140332E-004  6.002914746079E-001
  4.979741832006E-001  1.363700848569E+001 -3.411290890000E+001  2.998318287022E+002 -1.737303451771E-004  6.036715581649E-001
  5.046396304008E-001  1.341602543443E+001 -3.223288560733E+001  2.649432315134E+002 -1.747568364218E-004  6.069679982030E-001
  5.113794455212E-001  1.320455437195E+001 -3.055518938681E+001  2.335145748503E+002 -1.756456336980E-004  6.101910526023E-001
  5.181945625116E-001  1.300151490197E+001 -2.906191157133E+001  2.052720202508E+002 -1.764042171473E-004  6.133510299352E-001
  5.250859312060E-001  1.280590634726E+001 -2.773630055577E+001  1.799590352240E+002 -1.770402828457E-004  6.164582150304E-001
  5.320545176366E-001  1.261680420792E+001 -2.656270882810E+001  1.573355548874E+002 -1.775616359060E-004  6.195228041525E-001
  5.391013043575E-001  1.243335668698E+001 -2.552654132556E+001  1.371771686957E+002 -1.779760956449E-004  6.225548497103E-001
  5.462272907741E-001  1.225478128702E+001 -2.461420514967E+001  1.192743325554E+002 -1.782914130538E-004  6.255642141880E-001
  5.534334934816E-001  1.208036148038E+001 -2.381306066810E+001  1.034316065237E+002 -1.785152004211E-004  6.285605328264E-001
  5.607209466109E-001  1.190944345584E+001 -2.311137402562E+001  8.946691820417E+001 -1.786548726521E-004  6.315531844574E-001
  5.680907021827E-001  1.174143294381E+001 -2.249827108132E+001  7.721085186717E+001 -1.787175996021E-004  6.345512698101E-001
  5.755438304707E-001  1.157579212212E+001 -2.196369278409E+001  6.650596324708E+001 -1.787102685681E-004  6.375635965614E-001
  5.830814203728E-001  1.141203660387E+001 -2.149835199379E+001  5.720611989420E+001 -1.786394560017E-004  6.405986703836E-001
  5.907045797917E-001  1.124973250880E+001 -2.109369175089E+001  4.917586689410E+001 -1.785114074332E-004  6.436646912484E-001
  5.984144360243E-001  1.108849361918E+001 -2.074184499348E+001  4.228981770442E+001 -1.783320246123E-004  6.467695542721E-001
  6.062121361613E-001  1.092797862097E+001 -2.043559571636E+001  3.643206980277E+001 -1.781068588644E-004  6.499208544211E-001
  6.140988474955E-001  1.076788843084E+001 -2.016834156360E+001  3.149564478763E+001 -1.778411097299E-004  6.531258944517E-001
  6.220757579409E-001  1.060796360928E+001 -1.993405784242E+001  2.738195252715E+001 -1.775396280186E-004  6.563916955044E-001
  6.301440764614E-001  1.044798185998E+001 -1.972726294324E+001  2.400027890889E+001 -1.772069224574E-004  6.597250098364E-001
  6.383050335109E-001  1.028775561525E+001 -1.954298514805E+001  2.126729670547E+001 -1.768471692299E-004  6.631323352301E-001
  6.465598814833E-001  1.012712970729E+001 -1.937673080649E+001  1.910659903828E+001 -1.764642237499E-004  6.666199306733E-001
  6.549098951744E-001  9.965979124649E+000 -1.922445385691E+001  1.744825489202E+001 -1.760616341187E-004  6.701938329607E-001
  6.633563722545E-001  9.804206853377E+000 -1.908252666753E+001  1.622838610808E+001 -1.756426557720E-004  6.738598739178E-001
  6.719006337539E-001  9.641741801995E+000 -1.894771217098E+001  1.538876526344E+001 -1.752102669115E-004  6.776236979940E-001
  6.805440245593E-001  9.478536809341E+000 -1.881713726392E+001  1.487643382437E+001 -1.747671843688E-004  6.814907800163E-001
  6.892879139233E-001  9.314566734235E+000 -1.868826744198E+001  1.464333995011E+001 -1.743158796167E-004  6.854664429302E-001
  6.981336959871E-001  9.149826625787E+000 -1.855888263920E+001  1.464599531106E+001 -1.738585946878E-004  6.895558753926E-001
  7.070827903152E-001  8.984329973071E+000 -1.842705423992E+001  1.484515027807E+001 -1.733973578203E-004  6.937641491063E-001
  7.161366424455E-001  8.818107032783E+000 -1.829112323039E+001  1.520548683500E+001 -1.729339986778E-004  6.980962358165E-001
  7.252967244510E-001  8.651203233450E+000 -1.814967945687E+001  1.569532856415E+001 -1.724701630280E-004  7.025570239086E-001
  7.345645355186E-001  8.483677654666E+000 -1.800154195599E+001  1.628636705493E+001 -1.720073268054E-004  7.071513345663E-001
  7.439416025400E-001  8.315601579770E+000 -1.784574032353E+001  1.695340408855E+001 -1.715468094905E-004  7.118839374670E-001
  7.534294807203E-001  8.147057120350E+000 -1.768149708685E+001  1.767410895634E+001 -1.710897867697E-004  7.167595660023E-001
  7.630297542000E-001  7.978135910893E+000 -1.750821104676E+001  1.842879027616E+001 -1.706373024638E-004  7.217829320235E-001
  7.727440366954E-001  7.808937871877E+000 -1.732544155418E+001  1.920018167974E+001 -1.701902797018E-004  7.269587401233E-001
  7.825739721536E-001  7.639570039568E+000 -1.713289368751E+001  1.997324075366E+001 -1.697495313605E-004  7.322917014677E-001
  7.925212354258E-001  7.470145460774E+000 -1.693040429658E+001  2.073496062861E+001 -1.693157697703E-004  7.377865472032E-001
  8.025875329584E-001  7.300782150768E+000 -1.671792887968E+001  2.147419362387E+001 -1.688896157112E-004  7.434480414651E-001
  8.127746035011E-001  7.131602112630E+000 -1.649552926045E+001  2.218148636786E+001 -1.684716067245E-004  7.492809940193E-001
  8.230842188350E-001  6.962730416188E+000 -1.626336203193E+001  2.284892583064E+001 -1.680622047627E-004  7.552902725699E-001
  8.335181845190E-001  6.794294334802E+000 -1.602166773582E+001  2.346999571951E+001 -1.676618032142E-004  7.614808147704E-001
  8.440783406568E-001  6.626422538196E+000 -1.577076074548E+001  2.403944270533E+001 -1.672707333284E-004  7.678576399741E-001
  8.547665626839E-001  6.459244339574E+000 -1.551101982198E+001  2.455315196385E+001 -1.668892700735E-004  7.744258607643E-001
  8.655847621758E-001  6.292888995254E+000 -1.524287931318E+001  2.500803153388E+001 -1.665176374685E-004  7.811906943016E-001
  8.765348876780E-001  6.127485055071E+000 -1.496682096677E+001  2.540190501118E+001 -1.661560134047E-004  7.881574735292E-001
  8.876189255584E-001  5.963159761831E+000 -1.468336632870E+001  2.573341211544E+001 -1.658045340055E-004  7.953316582764E-001
  8.988389008829E-001  5.800038498081E+000 -1.439306969955E+001  2.600191668491E+001 -1.654632975450E-004  8.027188462985E-001
  9.101968783143E-001  5.638244278524E+000 -1.409651162217E+001  2.620742167172E+001 -1.651323679533E-004  8.103247842964E-001
  9.216949630368E-001  5.477897286389E+000 -1.379429287446E+001  2.635049072854E+001 -1.648117779438E-004  8.181553789523E-001
  9.333353017046E-001  5.319114452121E+000 -1.348702894254E+001  2.643217599503E+001 -1.645015317862E-004  8.262167080250E-001
  9.451200834176E-001  5.162009072742E+000 -1.317534494999E+001  2.645395171005E+001 -1.642016077454E-004  8.345150315421E-001
  9.570515407237E-001  5.006690470305E+000 -1.285987101984E+001  2.641765329299E+001 -1.639119602201E-004  8.430568031311E-001
  9.691319506484E-001  4.853263687829E+000 -1.254123804681E+001  2.632542155435E+001 -1.636325215958E-004  8.518486815296E-001
  9.813636357544E-001  4.701829221187E+000 -1.222007385828E+001  2.617965171250E+001 -1.633632038392E-004  8.608975423138E-001
  9.937489652293E-001  4.552482785386E+000 -1.189699974292E+001  2.598294690946E+001 -1.631038998480E-004  8.702104898881E-001
  1.006290356005E+000  4.405315113743E+000 -1.157262732707E+001  2.573807593457E+001 -1.628544845838E-004  8.797948697755E-001
  1.018990273907E+000  4.260411788466E+000 -1.124755577966E+001  2.544793487980E+001 -1.626148160004E-004  8.896582812528E-001
  1.031851234841E+000  4.117853101164E+000 -1.092236932688E+001  2.511551246540E+001 -1.623847357825E-004  8.998085903710E-001
  1.044875806003E+000  3.977713941861E+000 -1.059763505914E+001  2.474385878871E+001 -1.621640699183E-004  9.102539434063E-001
  1.058066607138E+000  3.840063715069E+000 -1.027390101295E+001  2.433605726245E+001 -1.619526291162E-004  9.210027807858E-001
  1.071426311823E+000  3.704966281544E+000 -9.951694511482E+000  2.389519952202E+001 -1.617502090809E-004  9.320638515341E-001
  1.084957648792E+000  3.572479924323E+000 -9.631520747913E+000  2.342436309370E+001 -1.615565906611E-004  9.434462282866E-001
  1.098663403298E+000  3.442657337709E+000 -9.313861596550E+000  2.292659162753E+001 -1.613715398862E-004  9.551593229204E-001
  1.112546418516E+000  3.315545637842E+000 -8.999174637086E+000  2.240487751004E+001 -1.611948079009E-004  9.672129028518E-001
  1.126609596985E+000  3.191186393562E+000 -8.687892378075E+000  2.186214668274E+001 -1.610261308105E-004  9.796171080528E-001
  1.140855902095E+000  3.069615676261E+000 -8.380421666210E+000  2.130124550234E+001 -1.608652294476E-004  9.923824688414E-001
  1.155288359613E+000  2.950864127444E+000 -8.077143268484E+000  2.072492948833E+001 -1.607118090746E-004  1.005519924502E+000
  1.169910059257E+000  2.834957042764E+000 -7.778411614886E+000  2.013585381286E+001 -1.605655590270E-004  1.019040842796E+000
  1.184724156317E+000  2.721914471286E+000 -7.484554689686E+000  1.953656539605E+001 -1.604261523104E-004  1.032957040419E+000
  1.199733873325E+000  2.611751328783E+000 -7.195874059884E+000  1.892949647811E+001 -1.602932451679E-004  1.047280804483E+000
  1.214942501771E+000  2.504477523872E+000 -6.912645029817E+000  1.831695954731E+001 -1.601664766104E-004  1.062024915071E+000
  1.230353403874E+000  2.400098095843E+000 -6.635116911333E+000  1.770114350977E+001 -1.600454679377E-004  1.077202668951E+000
  1.245970014403E+000  2.298613363033E+000 -6.363513399366E+000  1.708411099382E+001 -1.599298222483E-004  1.092827904522E+000
  1.261795842559E+000  2.200019080639E+000 -6.098033043152E+000  1.646779668790E+001 -1.598191239502E-004  1.108915028060E+000
  1.277834473907E+000  2.104306606906E+000 -5.838849803670E+000  1.585400661693E+001 -1.597129382759E-004  1.125479041359E+000
  1.294089572372E+000  2.011463076608E+000 -5.586113688331E+000  1.524441826753E+001 -1.596108108238E-004  1.142535570851E+000
  1.310564882294E+000  1.921471580826E+000 -5.339951454237E+000  1.464058147775E+001 -1.595122671144E-004  1.160100898287E+000
  1.327264230548E+000  1.834311352017E+000 -5.100467371744E+000  1.404392001172E+001 -1.594168121803E-004  1.178191993093E+000
  1.344191528724E+000  1.749957953418E+000 -4.867744040391E+000  1.345573374446E+001 -1.593239302037E-004  1.196826546486E+000
  1.361350775387E+000  1.668383471864E+000 -4.641843249619E+000  1.287720138637E+001 -1.592330841871E-004  1.216023007474E+000
  1.378746058390E+000  1.589556713128E+000 -4.422806877046E+000  1.230938368088E+001 -1.591437156875E-004  1.235800620845E+000
  1.396381557275E+000  1.513443398925E+000 -4.210657817412E+000  1.175322701309E+001 -1.590552446011E-004  1.256179467263E+000
  1.414261545744E+000  1.440006364780E+000 -4.005400935657E+000  1.120956737060E+001 -1.589670690164E-004  1.277180505619E+000
  1.432390394201E+000  1.369205757969E+000 -3.807024037936E+000  1.067913460150E+001 -1.588785651340E-004  1.298825617745E+000
  1.450772572390E+000  1.300999234808E+000 -3.615498854715E+000  1.016255691797E+001 -1.587890872630E-004  1.321137655669E+000
  1.469412652102E+000  1.235342156596E+000 -3.430782030451E+000  9.660365597286E+000 -1.586979678887E-004  1.344140491533E+000
  1.488315309978E+000  1.172187783558E+000 -3.252816114688E+000  9.172999834982E+000 -1.586045178263E-004  1.367859070368E+000
  1.507485330398E+000  1.111487466185E+000 -3.081530549753E+000  8.700811708517E+000 -1.585080264544E-004  1.392319465881E+000
  1.526927608467E+000  1.053190833407E+000 -2.916842650583E+000  8.244071212336E+000 -1.584077620348E-004  1.417548939451E+000
  1.546647153093E+000  9.972459770655E-001 -2.758658572548E+000  7.802971328451E+000 -1.583029721110E-004  1.443576002535E+000
  1.566649090169E+000  9.435996322419E-001 -2.606874263494E+000  7.377633099447E+000 -1.581928840047E-004  1.470430482687E+000
  1.586938665861E+000  8.921973529711E-001 -2.461376396540E+000  6.968110673588E+000 -1.580767053797E-004  1.498143593443E+000
  1.607521250000E+000  8.429836829836E-001 -2.322043280534E+000  6.574396294464E+000 -1.579536249013E-004  1.526748008287E+000
  1.628402339588E+000  7.959023211157E-001 -2.188745745369E+000  6.196425210226E+000 -1.578228129650E-004  1.556277938989E+000
  1.649587562420E+000  7.508962810921E-001 -2.061347999709E+000  5.834080480076E+000 -1.576834225001E-004  1.586769218591E+000
  1.671082680832E+000  7.079080454207E-001 -1.939708458993E+000  5.487197658150E+000 -1.575345898469E-004  1.618259389335E+000
  1.692893595565E+000  6.668797131792E-001 -1.823680541862E+000  5.155569337375E+000 -1.573754356861E-004  1.650787795884E+000
  1.715026349769E+000  6.277531415162E-001 -1.713113433503E+000  4.838949538223E+000 -1.572050660232E-004  1.684395684181E+000
  1.737487133138E+000  5.904700807237E-001 -1.607852814650E+000  4.537057929539E+000 -1.570225732210E-004  1.719126306328E+000
  1.760282286187E+000  5.549723027768E-001 -1.507741555293E+000  4.249583870778E+000 -1.568270370519E-004  1.755025031920E+000
  1.783418304674E+000  5.212017232695E-001 -1.412620372377E+000  3.976190267080E+000 -1.566175257760E-004  1.792139466272E+000
  1.806901844175E+000  4.891005167091E-001 -1.322328451054E+000  3.716517230523E+000 -1.563930972275E-004  1.830519576034E+000
  1.830739724818E+000  4.586112251608E-001 -1.236704029264E+000  3.470185542805E+000 -1.561527998750E-004  1.870217822748E+000
  1.854938936184E+000  4.296768602651E-001 -1.155584945659E+000  3.236799916305E+000 -1.558956738675E-004  1.911289304906E+000
  1.879506642368E+000  4.022409986734E-001 -1.078809151067E+000  3.015952052102E+000 -1.556207520264E-004  1.953791909176E+000
  1.904450187236E+000  3.762478709753E-001 -1.006215183901E+000  2.807223495039E+000 -1.553270607735E-004  1.997786471472E+000
  1.929777099847E+000  3.516424442085E-001 -9.376426100612E-001  2.610188287285E+000 -1.550136209704E-004  2.043336948653E+000
  1.955495100083E+000  3.283704980659E-001 -8.729324280680E-001  2.424415423094E+000 -1.546794486482E-004  2.090510601670E+000
  1.981612104475E+000  3.063786949278E-001 -8.119274402568E-001  2.249471108568E+000 -1.543235556044E-004  2.139378191108E+000
  2.008136232230E+000  2.856146438665E-001 -7.544725910138E-001  2.084920831262E+000 -1.539449498482E-004  2.190014186115E+000
  2.035075811486E+000  2.660269587795E-001 -7.004152731187E-001  1.930331245267E+000 -1.535426358562E-004  2.242496987843E+000
  2.062439385788E+000  2.475653108210E-001 -6.496056033483E-001  1.785271878222E+000 -1.531156146304E-004  2.296909168636E+000
  2.090235720801E+000  2.301804753093E-001 -6.018966685643E-001  1.649316667267E+000 -1.526628835216E-004  2.353337728309E+000
  2.118473811262E+000  2.138243732963E-001 -5.571447435610E-001  1.522045331491E+000 -1.521834357967E-004  2.411874369035E+000
  2.147162888201E+000  1.984501079882E-001 -5.152094819876E-001  1.403044588799E+000 -1.516762599255E-004  2.472615790479E+000
  2.176312426413E+000  1.840119962126E-001 -4.759540816886E-001  1.291909225436E+000 -1.511403385637E-004  2.535664007022E+000
  2.205932152222E+000  1.704655951303E-001 -4.392454258156E-001  1.188243026564E+000 -1.505746472085E-004  2.601126689109E+000
  2.236032051522E+000  1.577677243874E-001 -4.049542010690E-001  1.091659576412E+000 -1.499781524998E-004  2.669117530958E+000
  2.266622378129E+000  1.458764839099E-001 -3.729549944190E-001  1.001782936526E+000 -1.493498101597E-004  2.739756647130E+000
  2.297713662445E+000  1.347512675345E-001 -3.431263696389E-001  9.182482105884E-001 -1.486885625368E-004  2.813171000733E+000
  2.329316720450E+000  1.243527726752E-001 -3.153509249592E-001  8.407020041339E-001 -1.479933357590E-004  2.889494866302E+000
  2.361442663038E+000  1.146430062173E-001 -2.895153331180E-001  7.688027873297E-001 -1.472630364617E-004  2.968870330787E+000
  2.394102905709E+000  1.055852868310E-001 -2.655103650476E-001  7.022211687219E-001 -1.464965480998E-004  3.051447836406E+000
  2.427309178642E+000  9.714424389280E-002 -2.432308983951E-001  6.406400875891E-001 -1.456927268365E-004  3.137386769560E+000
  2.461073537146E+000  8.928581319762E-002 -2.225759120287E-001  5.837549322179E-001 -1.448503970003E-004  3.226856100465E+000
  2.495408372530E+000  8.197722964547E-002 -2.034484676346E-001  5.312735910759E-001 -1.439683461285E-004  3.320035078656E+000
  2.530326423398E+000  7.518701707792E-002 -1.857556794594E-001  4.829164434953E-001 -1.430453195986E-004  3.417113990106E+000
  2.565840787378E+000  6.888497543969E-002 -1.694086732027E-001  4.384162961002E-001 -1.420800148683E-004  3.518294982299E+000
  2.601964933334E+000  6.304216543573E-002 -1.543225350155E-001  3.975182708284E-001 -1.410710753490E-004  3.623792964333E+000
  2.638712714049E+000  5.763089085143E-002 -1.404162515090E-001  3.599796500109E-001 -1.400170839390E-004  3.733836589849E+000
  2.676098379430E+000  5.262467870041E-002 -1.276126416314E-001  3.255696835909E-001 -1.389165562579E-004  3.848669331497E+000
  2.714136590232E+000  4.799825736191E-002 -1.158382812238E-001  2.940693631853E-001 -1.377679336230E-004  3.968550656526E+000
  2.752842432351E+000  4.372753286689E-002 -1.050234210210E-001  2.652711673290E-001 -1.365695758231E-004  4.093757314197E+000
  2.792231431696E+000  3.978956349011E-002 -9.510189882273E-002  2.389787818937E-001 -1.353197537478E-004  4.224584746828E+000
  2.832319569669E+000  3.616253280305E-002 -8.601104652093E-002  2.150067993365E-001 -1.340166419414E-004  4.361348637603E+000
  2.873123299289E+000  3.282572134085E-002 -7.769159263163E-002  1.931804001236E-001 -1.326583111587E-004  4.504386609686E+000
  2.914659561979E+000  2.975947703467E-002 -7.008756094781E-002  1.733350193784E-001 -1.312427210016E-004  4.654060092773E+000
  2.956945805065E+000  2.694518455901E-002 -6.314616589749E-002  1.553160015336E-001 -1.297677127445E-004  4.810756374987E+000
  3.000000000000E+000  2.436523374206E-002 -5.681770516387E-002  1.389782455167E-001 -1.282310024273E-004  4.974890860005E+000
  3.043840661365E+000  2.200298718503E-002 -5.105545009779E-002  1.241858427684E-001 -1.266301743467E-004  5.146909551466E+000
  3.088486866678E+000  1.984274723476E-002 -4.581553442959E-002  1.108117101910E-001 -1.249626750521E-004  5.327291789233E+000
  3.133958277047E+000  1.786972245141E-002 -4.105684176506E-002  9.873721993383E-002 -1.232258079699E-004  5.516553264792E+000
  3.180275158719E+000  1.606999371049E-002 -3.674089233005E-002  8.785182775719E-002 -1.214167288021E-004  5.715249346208E+000
  3.227458405560E+000  1.443048007578E-002 -3.283172940892E-002  7.805270157006E-002 -1.195324418277E-004  5.923978746535E+000
  3.275529562509E+000  1.293890457573E-002 -2.929580590313E-002  6.924435159968E-002 -1.175697972645E-004  6.143387573547E+000
  3.324510850077E+000  1.158376001232E-002 -2.610187141849E-002  6.133826353654E-002 -1.155254898550E-004  6.374173803087E+000
  3.374425189910E+000  1.035427492646E-002 -2.322086027084E-002  5.425253589008E-002 -1.133960588245E-004  6.617092223430E+000
  3.425296231502E+000  9.240379838935E-003 -2.062578078138E-002  4.791152269559E-002 -1.111778894055E-004  6.872959903753E+000
  3.477148380094E+000  8.232673879644E-003 -1.829160621351E-002  4.224548262460E-002 -1.088672161104E-004  7.142662246382E+000
  3.530006825834E+000  7.322391911642E-003 -1.619516768236E-002  3.719023546981E-002 -1.064601279238E-004  7.427159689905E+000
  3.583897574256E+000  6.501372248906E-003 -1.431504934670E-002  3.268682689841E-002 -1.039525756377E-004  7.727495138739E+000
  3.638847478148E+000  5.762025059028E-003 -1.263148616974E-002  2.868120229258E-002 -1.013403815320E-004  8.044802204438E+000
  3.694884270887E+000  5.097301533527E-003 -1.112626451081E-002  2.512389042239E-002 -9.861925160943E-005  8.380314355170E+000
  3.752036601308E+000  4.500663899522E-003 -9.782625783741E-003  2.196969762201E-002 -9.578479061137E-005  8.735375082462E+000
  3.810334070199E+000  3.966056337191E-003 -8.585173390501E-003  1.917741306439E-002 -9.283252004911E-005  9.111449208938E+000
  3.869807268505E+000  3.487876857798E-003 -7.519783109710E-003  1.670952565179E-002 -8.975789947903E-005  9.510135477525E+000
  3.930487817331E+000  3.060950187280E-003 -6.573517089849E-003  1.453195295926E-002 -8.655635126920E-005  9.933180581821E+000
  3.992408409843E+000  2.680501690570E-003 -5.734541566469E-003  1.261378258476E-002 -8.322328906208E-005  1.038249481950E+001
  4.055602855172E+000  2.342132362117E-003 -4.992048391617E-003  1.092702617457E-002 -7.975415022008E-005  1.086016957607E+001
  4.120106124432E+000  2.041794898604E-003 -4.336180432677E-003  9.446386304796E-003 -7.614443241142E-005  1.136849687581E+001
  4.185954398964E+000  1.775770860800E-003 -3.757960867203E-003  8.149036311594E-003 -7.238973458844E-005  1.190999127046E+001
  4.253185120935E+000  1.540648922957E-003 -3.249226370569E-003  7.014413074189E-003 -6.848580251642E-005  1.248741437564E+001
  4.321837046422E+000  1.333304200262E-003 -2.802564164814E-003  6.024022667365E-003 -6.442857899660E-005  1.310380241024E+001
  4.391950301120E+000  1.150878637740E-003 -2.411252870449E-003  5.161258715519E-003 -6.021425887907E-005  1.376249714674E+001
  4.463566438835E+000  9.907624377493E-004 -2.069207078515E-003  4.411233199575E-003 -5.583934889561E-005  1.446718074134E+001
  4.536728502895E+000  8.505764978333E-004 -1.770925538295E-003  3.760619392772E-003 -5.130073225917E-005  1.522191498417E+001
  4.611481090679E+000  7.281558263133E-004 -1.511442837074E-003  3.197506532777E-003 -4.659573785786E-005  1.603118559241E+001
  4.687870421430E+000  6.215338996004E-004 -1.286284432410E-003  2.711265777035E-003 -4.172221374808E-005  1.689995226641E+001
  4.765944407533E+000  5.289279227433E-004 -1.091424884712E-003  2.292426936631E-003 -3.667860447519E-005  1.783370534208E+001
  4.845752729492E+000  4.487249532184E-004 -9.232491285357E-004  1.932565442175E-003 -3.146403152793E-005  1.883853000668E+001
  4.927346914797E+000  3.794688473169E-004 -7.785166149316E-004  1.624198963596E-003 -2.607837596778E-005  1.992117920231E+001
  5.010780420931E+000  3.198479886203E-004 -6.543281541762E-004  1.360693084622E-003 -2.052236196040E-005  2.108915652789E+001
  5.096108722763E+000  2.686837588708E-004 -5.480952882216E-004  1.136175421889E-003 -1.479763949514E-005  2.235081067165E+001
  5.183389404586E+000  2.249197129358E-004 -4.575120247791E-004  9.454575776288E-004 -8.906864098640E-006  2.371544317042E+001
  5.272682257105E+000  1.876114213927E-004 -3.805287698708E-004  7.839643231068E-004 -2.853770744252E-006  2.519343160877E+001
  5.364049379651E+000  1.559169464098E-004 -3.153283024903E-004  6.476694263225E-004  3.356761649878E-006  2.679637075226E+001
  5.457555287978E+000  1.290879189364E-004 -2.603036433112E-004  5.330375608839E-004  9.718659554815E-006  2.853723457114E+001
  5.553267027968E+000  1.064611876193E-004 -2.140376787318E-004  4.369717620526E-004  1.622462365289E-005  3.043056267293E+001
  5.651254295630E+000  8.745101223065E-005 -1.752844115317E-004  3.567659293684E-004  2.286612397443E-005  3.249267535003E+001
  5.751589563796E+000  7.154177662321E-005 -1.429517196392E-004  2.900619115863E-004  2.963342985237E-005  3.474192229482E+001
  5.854348215936E+000  5.828119824845E-005 -1.160855146133E-004  2.348107475302E-004  3.651568497296E-005  3.719897108058E+001
  5.959608687557E+000  4.727401302465E-005 -9.385520112877E-005  1.892376746322E-004  4.350103981770E-005  3.988714280656E+001
  6.067452615683E+000  3.817611578798E-005 -7.554034776729E-005  1.518105542656E-004  5.057685630577E-005  4.283280392682E+001
  6.177964996951E+000  3.068913768256E-005 -6.051848758779E-005  1.212113985669E-004  5.773000182164E-005  4.606582531379E+001
  6.291234354880E+000  2.455544264866E-005 -4.825397416082E-005  9.631071655121E-005  6.494725268455E-005  4.962012215945E+001
  6.407352916949E+000  1.955352566956E-005 -3.828782495084E-005  7.614442744230E-005  7.221582990517E-005  5.353429153099E+001
  6.526416802128E+000  1.549379567023E-005 -3.022848912932E-005  5.989311598075E-005  7.952409263831E-005  5.785236845180E+001
  6.648526219580E+000  1.221472596844E-005 -2.374348115353E-005  4.686342791995E-005  8.686241733354E-005  6.262472649592E+001
  6.773785679311E+000  9.579355011945E-006 -1.855182484701E-005  3.647142406293E-005  9.422429235338E-005  6.790915534199E+001
  6.902304215570E+000  7.472119848005E-006 -1.441725539109E-005  2.822772823291E-005  1.016076589288E-004  7.377215587444E+001
  7.034195623922E+000  5.796004419465E-006 -1.114212872228E-005  2.172431883104E-005  1.090165294530E-004  8.029050366294E+001
  7.169578712934E+000  4.469984416704E-006 -8.561989472495E-006  1.662282550157E-005  1.164629128034E-004  8.755314450266E+001
  7.308577571516E+000  3.426750085480E-006 -6.540749931067E-006  1.264420231633E-005  1.239690737698E-004  9.566350175584E+001
  7.451321853057E+000  2.610688137795E-006 -4.966433679291E-006  9.559657227089E-006  1.315701488660E-004  1.047422951986E+002
  7.597947077547E+000  1.976103770424E-006 -3.747438663951E-006  7.182724711507E-006  1.393171345960E-004  1.149309957251E+002
  7.748594953021E+000  1.485663788674E-006 -2.809275629715E-006  5.362374907033E-006  1.472802537694E-004  1.263960704272E+002
  7.903413717736E+000  1.109041978413E-006 -2.091739092479E-006  3.977058380547E-006  1.555526912821E-004  1.393342090423E+002
  8.062558504629E+000  8.217481761913E-007 -1.546469456297E-006  2.929591252021E-006  1.642546661657E-004  1.539787661603E+002
  8.226191729726E+000  6.041229567930E-007 -1.134866484235E-006  2.142790846389E-006  1.735377660660E-004  1.706077040364E+002
  8.394483506327E+000  4.404804846171E-007 -8.263161389840E-007  1.555777500332E-006  1.835894002900E-004  1.895533776930E+002
  8.567612086926E+000  3.183828488816E-007 -5.966948077443E-007  1.120863660709E-006  1.946371047241E-004  2.112145651482E+002
  8.745764335025E+000  2.280301069986E-007 -4.271171007926E-007  8.009569990886E-007  2.069522291035E-004  2.360712073826E+002
  8.929136229160E+000  1.617512758430E-007 -3.028957380895E-007  5.674099218787E-007  2.208522075880E-004  2.647023802653E+002
  9.117933401693E+000  1.135826142886E-007 -2.126844802331E-007  3.982535458738E-007  2.367001202977E-004  2.978080718319E+002
  9.312371715124E+000  7.892070734526E-008 -1.477775814559E-007  2.767598889647E-007  2.548995669562E-004  3.362353946191E+002
  9.512677878945E+000  5.423906624428E-008 -1.015418028533E-007  1.902816421411E-007  2.758820763256E-004  3.810099787760E+002
  9.719090110332E+000  3.685817317619E-008 -6.895958204346E-008  1.293243854413E-007  3.000836447460E-004  4.333736310761E+002
  9.931858842267E+000  2.476009791857E-008 -4.626446951137E-008  8.681143092290E-008  3.279073081396E-004  4.948303159298E+002
  1.015124748302E+001  1.643997162497E-008 -3.065237191937E-008  5.750656572521E-008  3.596714647265E-004  5.672050171538E+002
  1.037753323129E+001  1.078769841191E-008 -2.005445135802E-008  3.756477709187E-008  3.955516034382E-004  6.527258604187E+002
  1.061100795175E+001  6.994299373621E-009 -1.295968369030E-008  2.418552288620E-008  4.355394925921E-004  7.541522176812E+002
  1.085197911611E+001  4.478201851234E-009 -8.277051188459E-009  1.534722607469E-008  4.794710027296E-004  8.749955880216E+002
  1.110077081537E+001  2.827599673100E-009 -5.229113816035E-009  9.605388341497E-009  5.272096737213E-004  1.019923920043E+003
  1.135772484956E+001  1.755713379973E-009 -3.270256909795E-009  5.940014736620E-009  5.791113283655E-004  1.195517337378E+003
  1.162320190175E+001  1.066374062198E-009 -2.024246355992E-009  3.640907833206E-009  6.369382189290E-004  1.411683137875E+003
  1.189758280382E+001  6.278460466596E-010 -1.236839927727E-009  2.221828707009E-009  7.054927724372E-004  1.684312597601E+003
  1.218126990242E+001  3.532019339165E-010 -7.401175787536E-010  1.356548584839E-009  7.955607946266E-004  2.040325201885E+003
  1.247468853413E+001  1.858809535026E-010 -4.259233154469E-010  8.314570191370E-010  9.293965845888E-004  2.527137008018E+003
  1.277828862002E+001  8.931242682075E-011 -2.263809588542E-010  5.106883075901E-010  1.147913168694E-003  3.226535552076E+003
  1.309254639077E+001  3.968470886185E-011 -9.988272093458E-011  3.107238030725E-010  1.472522581877E-003  4.228302196299E+003
  1.341796625462E+001  2.109977508593E-011 -2.128070308539E-011  1.821743797582E-010  1.502406365712E-003  5.219326630334E+003
  1.375508282195E+001  2.248607219278E-011  2.473670801727E-011  9.699591411219E-011  7.093059304256E-004  5.109784108961E+003
  1.410446310162E+001  3.575618862368E-011  4.790623796076E-011  3.978958537600E-011  1.886624021807E-004  4.377807675525E+003
  1.446670888596E+001  5.479723107190E-011  5.495455022909E-011  2.130607038300E-012  2.104086916796E-005  3.797119049345E+003
  1.484245934302E+001  7.497366869798E-011  5.100013616574E-011 -2.091171383720E-011 -3.506899641215E-005  3.420352217216E+003
  1.523239383723E+001  9.290567933632E-011  4.021067807988E-011 -3.272707555240E-011 -6.005200136286E-005  3.184390579640E+003
  1.563723500136E+001  1.063599731798E-010  2.603174872965E-011 -3.611171357229E-011 -7.634272156808E-005  3.044021240539E+003
  1.605775208607E+001  1.141531671384E-010  1.121187501418E-011 -3.360798754578E-011 -9.055451485466E-005  2.973110813310E+003
  1.649476461582E+001  1.160185201590E-010 -2.229256897118E-012 -2.752537161389E-011 -1.047159723636E-004  2.957090692712E+003
  1.694914638379E+001  1.124243052828E-010 -1.300684593430E-011 -1.983874793045E-011 -1.194295267198E-004  2.988273526653E+003
  1.742182982203E+001  1.043563649638E-010 -2.051761186889E-011 -1.208240832882E-011 -1.348425822284E-004  3.063379280196E+003
  1.791381078784E+001  9.308965459520E-011 -2.472696947120E-011 -5.297862619329E-012 -1.509659188326E-004  3.182291400984E+003
  1.842615381215E+001  7.997597711735E-011 -2.601607939200E-011 -5.073140110797E-014 -1.677803577429E-004  3.347499853106E+003
  1.895999786176E+001  6.627045039825E-011 -2.501558183586E-011  3.494436872216E-012 -1.852708023539E-004  3.563967848511E+003
  1.951656267356E+001  5.301055547196E-011 -2.245145193014E-011  5.465098925263E-012 -2.034348463929E-004  3.839308112618E+003
  2.009715572669E+001  4.095170883724E-011 -1.902160342839E-011  6.163074501438E-012 -2.222827417337E-004  4.184238282917E+003
  2.070317992707E+001  3.055444382303E-011 -1.531278890411E-011  5.959250678685E-012 -2.418348194413E-004  4.613341710218E+003
  2.133614208874E+001  2.201195618486E-011 -1.175857916853E-011  5.213616377434E-012 -2.621185215894E-004  5.146210402607E+003
  2.199766230782E+001  1.530359698642E-011 -8.632450835071E-012  4.225305560071E-012 -2.831657270800E-004  5.809105245898E+003
  2.268948433818E+001  1.025976481400E-011 -6.066080930909E-012  3.210591104504E-012 -3.050105329006E-004  6.637348425742E+003
  2.341348709294E+001  6.625893643512E-012 -4.081846327533E-012  2.302535604656E-012 -3.276874274008E-004  7.678780701752E+003
  2.417169741362E+001  4.116874716500E-012 -2.629669384912E-012  1.564323193646E-012 -3.512297754373E-004  8.998798652462E+003
  2.496630426925E+001  2.457306218483E-012 -1.620889713471E-012  1.008712380968E-012 -3.756685301736E-004  1.068777555595E+004
  2.579967457140E+001  1.406596260107E-012 -9.548712432844E-013  6.177709467836E-013 -4.010310786098E-004  1.287213538201E+004
  2.667437081864E+001  7.706244137801E-013 -5.368380646503E-013  3.592735551866E-013  0.000000000000E+000  0.000000000000E+000
  2.759317081651E+001  4.031931282253E-013 -2.875167929838E-013  1.982356071515E-013  0.000000000000E+000  0.000000000000E+000
  2.855908975674E+001  2.009542601323E-013 -1.463755705345E-013  1.036261619168E-013  0.000000000000E+000  0.000000000000E+000
  2.957540498378E+001  9.514506091747E-014 -7.065982382395E-014  5.122012484140E-014  0.000000000000E+000  0.000000000000E+000
  3.064568382919E+001  4.266143646335E-014 -3.225016065038E-014  2.388032027702E-014  0.000000000000E+000  0.000000000000E+000
  3.177381495601E+001  1.805314282717E-014 -1.387203699228E-014  1.047159550143E-014  0.000000000000E+000  0.000000000000E+000
  3.296404372807E+001  7.182652012889E-015 -5.602952048476E-015  4.304284552461E-015  0.000000000000E+000  0.000000000000E+000
  3.422101220608E+001  2.675471609586E-015 -2.116376464594E-015  1.652100161968E-015  0.000000000000E+000  0.000000000000E+000
  3.554980447538E+001  9.286930305114E-016 -7.442085806189E-016  5.895619311870E-016  0.000000000000E+000  0.000000000000E+000
  3.695599813319E+001  2.988516221183E-016 -2.423950945936E-016  1.946490615325E-016  0.000000000000E+000  0.000000000000E+000
  3.844572291106E+001  8.864693306646E-017 -7.271664565231E-017  5.913139524306E-017  0.000000000000E+000  0.000000000000E+000
  4.002572758518E+001  2.408457829514E-017 -1.996652905606E-017  1.642689959015E-017  0.000000000000E+000  0.000000000000E+000
  4.170345654134E+001  5.951426378477E-018 -4.983109905761E-018  4.144563528392E-018  0.000000000000E+000  0.000000000000E+000
  4.348713762001E+001  1.327114973948E-018 -1.121640138946E-018  9.424349339437E-019  0.000000000000E+000  0.000000000000E+000
  4.538588318162E+001  2.622471802087E-019 -2.232450753921E-019  1.889985761157E-019  0.000000000000E+000  0.000000000000E+000
  4.740980671574E+001  4.645783481909E-020 -4.482657921055E-020  3.892515218852E-020  0.000000000000E+000  0.000000000000E+000
  4.957015778746E+001  7.815065416734E-021 -5.670813439898E-021  2.524858858578E-021  0.000000000000E+000  0.000000000000E+000
  5.187947869225E+001  6.241523690265E-022 -5.154688503616E-022  1.541754002793E-021  0.000000000000E+000  0.000000000000E+000
  5.435178690397E+001  2.017014053275E-022 -1.693791542796E-022 -1.258288204463E-023  0.000000000000E+000  0.000000000000E+000
  5.700278828629E+001  4.435713305193E-025 -1.903525137139E-023  1.699235433708E-023  0.000000000000E+000  0.000000000000E+000
  5.985012714155E+001  1.653069487307E-024  0.000000000000E+000  0.000000000000E+000  0.000000000000E+000  0.000000000000E+000
  6.291368055481E+001  0.000000000000E+000  0.000000000000E+000  0.000000000000E+000  0.000000000000E+000  0.000000000000E+000
  6.621590623276E+001  0.000000000000E+000  0.000000000000E+000  0.000000000000E+000  0.000000000000E+000  0.000000000000E+000
  6.978225524452E+001  0.000000000000E+000  0.000000000000E+000  0.000000000000E+000  0.000000000000E+000  0.000000000000E+000
  7.364166388185E+001  0.000000000000E+000  0.000000000000E+000  0.000000000000E+000  0.000000000000E+000  0.000000000000E+000
  7.782714245929E+001  0.000000000000E+000  0.000000000000E+000  0.000000000000E+000  0.000000000000E+000  0.000000000000E+000
  8.237648351994E+001  0.000000000000E+000  0.000000000000E+000  0.000000000000E+000  0.000000000000E+000  0.000000000000E+000
  8.733311794502E+001  0.000000000000E+000  0.000000000000E+000  0.000000000000E+000  0.000000000000E+000  0.000000000000E+000
  9.274715535088E+001  0.000000000000E+000  0.000000000000E+000  0.000000000000E+000  0.000000000000E+000  0.000000000000E+000
  9.867665554529E+001  0.000000000000E+000  0.000000000000E+000  0.000000000000E+000  0.000000000000E+000  0.000000000000E+000
  1.051891916055E+002  0.000000000000E+000  0.000000000000E+000  0.000000000000E+000  0.000000000000E+000  0.000000000000E+000
  1.123637836013E+002  0.000000000000E+000  0.000000000000E+000  0.000000000000E+000  0.000000000000E+000  0.000000000000E+000
  1.202933069206E+002  0.000000000000E+000  0.000000000000E+000  0.000000000000E+000  0.000000000000E+000  0.000000000000E+000
  1.290875131414E+002  0.000000000000E+000  0.000000000000E+000  0.000000000000E+000  0.000000000000E+000  0.000000000000E+000
  1.388768482001E+002  0.000000000000E+000  0.000000000000E+000  0.000000000000E+000  0.000000000000E+000  0.000000000000E+000
  1.498173177370E+002  0.000000000000E+000  0.000000000000E+000  0.000000000000E+000  0.000000000000E+000  0.000000000000E+000
  1.620967411853E+002  0.000000000000E+000  0.000000000000E+000  0.000000000000E+000  0.000000000000E+000  0.000000000000E+000
  1.759428668168E+002  0.000000000000E+000  0.000000000000E+000  0.000000000000E+000  0.000000000000E+000  0.000000000000E+000
  1.916340085825E+002  0.000000000000E+000  0.000000000000E+000  0.000000000000E+000  0.000000000000E+000  0.000000000000E+000
  2.095131417987E+002  0.000000000000E+000  0.000000000000E+000  0.000000000000E+000  0.000000000000E+000  0.000000000000E+000
  2.300068054477E+002  0.000000000000E+000  0.000000000000E+000  0.000000000000E+000  0.000000000000E+000  0.000000000000E+000
  2.536507797910E+002  0.000000000000E+000  0.000000000000E+000  0.000000000000E+000  0.000000000000E+000  0.000000000000E+000
  2.811254638474E+002  0.000000000000E+000  0.000000000000E+000  0.000000000000E+000  0.000000000000E+000  0.000000000000E+000
  3.133053780630E+002  0.000000000000E+000  0.000000000000E+000  0.000000000000E+000  0.000000000000E+000  0.000000000000E+000
  3.513296254502E+002  0.000000000000E+000  0.000000000000E+000  0.000000000000E+000  0.000000000000E+000  0.000000000000E+000
  3.967041014107E+002  0.000000000000E+000  0.000000000000E+000  0.000000000000E+000  0.000000000000E+000  0.000000000000E+000
  4.514529193350E+002  0.000000000000E+000  0.000000000000E+000  0.000000000000E+000  0.000000000000E+000  0.000000000000E+000
  5.183481233601E+002  0.000000000000E+000  0.000000000000E+000  0.000000000000E+000  0.000000000000E+000  0.000000000000E+000
  6.012676077950E+002  0.000000000000E+000  0.000000000000E+000  0.000000000000E+000  0.000000000000E+000  0.000000000000E+000
  7.057700503752E+002  0.000000000000E+000  0.000000000000E+000  0.000000000000E+000  0.000000000000E+000  0.000000000000E+000
  8.400513767914E+002  0.000000000000E+000  0.000000000000E+000  0.000000000000E+000  0.000000000000E+000  0.000000000000E+000
  1.016602135495E+003  0.000000000000E+000  0.000000000000E+000  0.000000000000E+000  0.000000000000E+000  0.000000000000E+000
  1.255220715579E+003  0.000000000000E+000  0.000000000000E+000  0.000000000000E+000  0.000000000000E+000  0.000000000000E+000
  1.588815776243E+003  0.000000000000E+000  0.000000000000E+000  0.000000000000E+000  0.000000000000E+000  0.000000000000E+000
  2.075392011604E+003  0.000000000000E+000  0.000000000000E+000  0.000000000000E+000  0.000000000000E+000  0.000000000000E+000
  2.825079847528E+003  0.000000000000E+000  0.000000000000E+000  0.000000000000E+000  0.000000000000E+000  0.000000000000E+000
  4.068408296183E+003  0.000000000000E+000  0.000000000000E+000  0.000000000000E+000  0.000000000000E+000  0.000000000000E+000
  6.357262947672E+003  0.000000000000E+000  0.000000000000E+000  0.000000000000E+000  0.000000000000E+000  0.000000000000E+000
  1.130231930164E+004  0.000000000000E+000  0.000000000000E+000  0.000000000000E+000  0.000000000000E+000  0.000000000000E+000
  2.543105175136E+004  0.000000000000E+000  0.000000000000E+000  0.000000000000E+000  0.000000000000E+000  0.000000000000E+000
  1.017262069952E+005  0.000000000000E+000  0.000000000000E+000  0.000000000000E+000  0.000000000000E+000  0.000000000000E+000
