# 1st line: number of mesh points
# abcissa wavefunction wavefunction_1st wavefunction_2nd
500
# Principal QN=   2 , l=   0 , Occupation=   2.0000
  9.830308526563E-006  6.265675492236E+000 -3.794432874313E+001  2.010091866404E+002
  3.932200719722E-005  6.264556536937E+000 -3.793840112497E+001  2.009763513244E+002
  8.847741541467E-005  6.262691902125E+000 -3.792852339523E+001  2.009216354597E+002
  1.573003992805E-004  6.260082023754E+000 -3.791469800423E+001  2.008450535363E+002
  2.457963722418E-004  6.256727511999E+000 -3.789692838140E+001  2.007466258340E+002
  3.539722959954E-004  6.252629151101E+000 -3.787521893433E+001  2.006263784167E+002
  4.818366816529E-004  6.247787899164E+000 -3.784957504746E+001  2.004843431242E+002
  6.293995911626E-004  6.242204887906E+000 -3.782000308055E+001  2.003205575627E+002
  7.966726389935E-004  6.235881422368E+000 -3.778651036681E+001  2.001350650939E+002
  9.836689940782E-004  6.228818980576E+000 -3.774910521080E+001  1.999279148217E+002
  1.190403382016E-003  6.221019213155E+000 -3.770779688602E+001  1.996991615777E+002
  1.416892087541E-003  6.212483942907E+000 -3.766259563222E+001  1.994488659046E+002
  1.663152957245E-003  6.203215164333E+000 -3.761351265243E+001  1.991770940380E+002
  1.929205402573E-003  6.193215043121E+000 -3.756056010969E+001  1.988839178865E+002
  2.215070403073E-003  6.182485915579E+000 -3.750375112355E+001  1.985694150106E+002
  2.520770509919E-003  6.171030288031E+000 -3.744309976625E+001  1.982336685985E+002
  2.846329849692E-003  6.158850836167E+000 -3.737862105858E+001  1.978767674418E+002
  3.191774128432E-003  6.145950404345E+000 -3.731033096558E+001  1.974988059082E+002
  3.557130635959E-003  6.132332004850E+000 -3.723824639181E+001  1.970998839133E+002
  3.942428250463E-003  6.117998817113E+000 -3.716238517649E+001  1.966801068907E+002
  4.347697443358E-003  6.102954186877E+000 -3.708276608823E+001  1.962395857592E+002
  4.772970284417E-003  6.087201625330E+000 -3.699940881956E+001  1.957784368901E+002
  5.218280447175E-003  6.070744808181E+000 -3.691233398118E+001  1.952967820715E+002
  5.683663214611E-003  6.053587574704E+000 -3.682156309589E+001  1.947947484712E+002
  6.169155485101E-003  6.035733926731E+000 -3.672711859229E+001  1.942724685983E+002
  6.674795778653E-003  6.017188027601E+000 -3.662902379817E+001  1.937300802625E+002
  7.200624243425E-003  5.997954201071E+000 -3.652730293368E+001  1.931677265321E+002
  7.746682662519E-003  5.978036930179E+000 -3.642198110411E+001  1.925855556904E+002
  8.313014461060E-003  5.957440856064E+000 -3.631308429256E+001  1.919837211900E+002
  8.899664713569E-003  5.936170776740E+000 -3.620063935222E+001  1.913623816059E+002
  9.506680151615E-003  5.914231645839E+000 -3.608467399838E+001  1.907217005864E+002
  1.013410917176E-002  5.891628571293E+000 -3.596521680026E+001  1.900618468032E+002
  1.078200184380E-002  5.868366813990E+000 -3.584229717249E+001  1.893829938985E+002
  1.145040991929E-002  5.844451786374E+000 -3.571594536633E+001  1.886853204321E+002
  1.213938684040E-002  5.819889051015E+000 -3.558619246069E+001  1.879690098252E+002
  1.284898774901E-002  5.794684319127E+000 -3.545307035277E+001  1.872342503040E+002
  1.357926949620E-002  5.768843449046E+000 -3.531661174859E+001  1.864812348405E+002
  1.433029065191E-002  5.742372444675E+000 -3.517685015309E+001  1.857101610926E+002
  1.510211151509E-002  5.715277453872E+000 -3.503381986009E+001  1.849212313418E+002
  1.589479412397E-002  5.687564766813E+000 -3.488755594196E+001  1.841146524301E+002
  1.670840226680E-002  5.659240814300E+000 -3.473809423900E+001  1.832906356946E+002
  1.754300149280E-002  5.630312166039E+000 -3.458547134864E+001  1.824493969008E+002
  1.839865912351E-002  5.600785528872E+000 -3.442972461425E+001  1.815911561743E+002
  1.927544426443E-002  5.570667744968E+000 -3.427089211388E+001  1.807161379309E+002
  2.017342781695E-002  5.539965789980E+000 -3.410901264859E+001  1.798245708055E+002
  2.109268249069E-002  5.508686771153E+000 -3.394412573061E+001  1.789166875787E+002
  2.203328281612E-002  5.476837925404E+000 -3.377627157126E+001  1.779927251024E+002
  2.299530515754E-002  5.444426617354E+000 -3.360549106858E+001  1.770529242239E+002
  2.397882772639E-002  5.411460337322E+000 -3.343182579477E+001  1.760975297083E+002
  2.498393059493E-002  5.377946699292E+000 -3.325531798334E+001  1.751267901593E+002
  2.601069571024E-002  5.343893438823E+000 -3.307601051606E+001  1.741409579387E+002
  2.705920690860E-002  5.309308410941E+000 -3.289394690968E+001  1.731402890848E+002
  2.812954993023E-002  5.274199587979E+000 -3.270917130238E+001  1.721250432283E+002
  2.922181243436E-002  5.238575057387E+000 -3.252172844002E+001  1.710954835076E+002
  3.033608401473E-002  5.202443019511E+000 -3.233166366217E+001  1.700518764829E+002
  3.147245621542E-002  5.165811785320E+000 -3.213902288789E+001  1.689944920478E+002
  3.263102254705E-002  5.128689774118E+000 -3.194385260131E+001  1.679236033407E+002
  3.381187850339E-002  5.091085511204E+000 -3.174619983701E+001  1.668394866538E+002
  3.501512157837E-002  5.053007625506E+000 -3.154611216512E+001  1.657424213418E+002
  3.624085128345E-002  5.014464847183E+000 -3.134363767630E+001  1.646326897282E+002
  3.748916916538E-002  4.975466005186E+000 -3.113882496644E+001  1.635105770112E+002
  3.876017882444E-002  4.936020024794E+000 -3.093172312119E+001  1.623763711675E+002
  4.005398593302E-002  4.896135925110E+000 -3.072238170030E+001  1.612303628555E+002
  4.137069825459E-002  4.855822816535E+000 -3.051085072173E+001  1.600728453169E+002
  4.271042566323E-002  4.815089898201E+000 -3.029718064563E+001  1.589041142773E+002
  4.407328016341E-002  4.773946455379E+000 -3.008142235801E+001  1.577244678451E+002
  4.545937591035E-002  4.732401856856E+000 -2.986362715442E+001  1.565342064100E+002
  4.686882923075E-002  4.690465552284E+000 -2.964384672323E+001  1.553336325396E+002
  4.830175864396E-002  4.648147069498E+000 -2.942213312894E+001  1.541230508752E+002
  4.975828488365E-002  4.605456011807E+000 -2.919853879516E+001  1.529027680270E+002
  5.123853091993E-002  4.562402055260E+000 -2.897311648753E+001  1.516730924670E+002
  5.274262198188E-002  4.518994945882E+000 -2.874591929643E+001  1.504343344223E+002
  5.427068558066E-002  4.475244496886E+000 -2.851700061956E+001  1.491868057662E+002
  5.582285153302E-002  4.431160585861E+000 -2.828641414433E+001  1.479308199091E+002
  5.739925198530E-002  4.386753151934E+000 -2.805421383018E+001  1.466666916882E+002
  5.900002143803E-002  4.342032192911E+000 -2.782045389068E+001  1.453947372560E+002
  6.062529677088E-002  4.297007762391E+000 -2.758518877555E+001  1.441152739687E+002
  6.227521726827E-002  4.251689966866E+000 -2.734847315254E+001  1.428286202728E+002
  6.394992464542E-002  4.206088962791E+000 -2.711036188919E+001  1.415350955916E+002
  6.564956307496E-002  4.160214953640E+000 -2.687091003446E+001  1.402350202107E+002
  6.737427921404E-002  4.114078186944E+000 -2.663017280028E+001  1.389287151628E+002
  6.912422223211E-002  4.067688951304E+000 -2.638820554297E+001  1.376165021117E+002
  7.089954383907E-002  4.021057573394E+000 -2.614506374459E+001  1.362987032358E+002
  7.270039831418E-002  3.974194414946E+000 -2.590080299419E+001  1.349756411111E+002
  7.452694253540E-002  3.927109869715E+000 -2.565547896896E+001  1.336476385934E+002
  7.637933600943E-002  3.879814360439E+000 -2.540914741534E+001  1.323150187000E+002
  7.825774090225E-002  3.832318335775E+000 -2.516186413005E+001  1.309781044910E+002
  8.016232207035E-002  3.784632267234E+000 -2.491368494106E+001  1.296372189507E+002
  8.209324709253E-002  3.736766646093E+000 -2.466466568849E+001  1.282926848674E+002
  8.405068630235E-002  3.688731980311E+000 -2.441486220548E+001  1.269448247140E+002
  8.603481282122E-002  3.640538791422E+000 -2.416433029906E+001  1.255939605279E+002
  8.804580259214E-002  3.592197611431E+000 -2.391312573091E+001  1.242404137908E+002
  9.008383441408E-002  3.543718979699E+000 -2.366130419821E+001  1.228845053080E+002
  9.214908997710E-002  3.495113439821E+000 -2.340892131434E+001  1.215265550880E+002
  9.424175389809E-002  3.446391536506E+000 -2.315603258971E+001  1.201668822217E+002
  9.636201375725E-002  3.397563812445E+000 -2.290269341252E+001  1.188058047619E+002
  9.851006013526E-002  3.348640805188E+000 -2.264895902956E+001  1.174436396027E+002
  1.006860866512E-001  3.299633044010E+000 -2.239488452703E+001  1.160807023588E+002
  1.028902900012E-001  3.250551046785E+000 -2.214052481137E+001  1.147173072456E+002
  1.051228699979E-001  3.201405316862E+000 -2.188593459018E+001  1.133537669586E+002
  1.073840296104E-001  3.152206339939E+000 -2.163116835315E+001  1.119903925538E+002
  1.096739750056E-001  3.102964580945E+000 -2.137628035308E+001  1.106274933283E+002
  1.119929155896E-001  3.053690480932E+000 -2.112132458693E+001  1.092653767013E+002
  1.143410640503E-001  3.004394453966E+000 -2.086635477700E+001  1.079043480954E+002
  1.167186364011E-001  2.955086884033E+000 -2.061142435220E+001  1.065447108184E+002
  1.191258520249E-001  2.905778121957E+000 -2.035658642934E+001  1.051867659464E+002
  1.215629337189E-001  2.856478482318E+000 -2.010189379464E+001  1.038308122066E+002
  1.240301077413E-001  2.807198240401E+000 -1.984739888531E+001  1.024771458614E+002
  1.265276038575E-001  2.757947629139E+000 -1.959315377125E+001  1.011260605935E+002
  1.290556553882E-001  2.708736836092E+000 -1.933921013691E+001  9.977784739124E+001
  1.316144992580E-001  2.659576000426E+000 -1.908561926330E+001  9.843279443550E+001
  1.342043760450E-001  2.610475209920E+000 -1.883243201019E+001  9.709118698732E+001
  1.368255300316E-001  2.561444497995E+000 -1.857969879844E+001  9.575330727670E+001
  1.394782092560E-001  2.512493840754E+000 -1.832746959251E+001  9.441943439261E+001
  1.421626655646E-001  2.463633154057E+000 -1.807579388326E+001  9.308984417418E+001
  1.448791546661E-001  2.414872290613E+000 -1.782472067085E+001  9.176480910323E+001
  1.476279361856E-001  2.366221037100E+000 -1.757429844788E+001  9.044459819828E+001
  1.504092737207E-001  2.317689111312E+000 -1.732457518284E+001  8.912947690991E+001
  1.532234348983E-001  2.269286159338E+000 -1.707559830370E+001  8.781970701777E+001
  1.560706914324E-001  2.221021752763E+000 -1.682741468179E+001  8.651554652917E+001
  1.589513191834E-001  2.172905385915E+000 -1.658007061600E+001  8.521724957939E+001
  1.618655982178E-001  2.124946473125E+000 -1.633361181714E+001  8.392506633378E+001
  1.648138128702E-001  2.077154346045E+000 -1.608808339270E+001  8.263924289168E+001
  1.677962518056E-001  2.029538250982E+000 -1.584352983183E+001  8.136002119237E+001
  1.708132080832E-001  1.982107346281E+000 -1.559999499068E+001  8.008763892293E+001
  1.738649792215E-001  1.934870699742E+000 -1.535752207801E+001  7.882232942828E+001
  1.769518672648E-001  1.887837286080E+000 -1.511615364118E+001  7.756432162332E+001
  1.800741788507E-001  1.841015984426E+000 -1.487593155246E+001  7.631383990742E+001
  1.832322252791E-001  1.794415575870E+000 -1.463689699567E+001  7.507110408111E+001
  1.864263225826E-001  1.748044741047E+000 -1.439909045324E+001  7.383632926530E+001
  1.896567915983E-001  1.701912057773E+000 -1.416255169358E+001  7.260972582290E+001
  1.929239580409E-001  1.656025998725E+000 -1.392731975887E+001  7.139149928306E+001
  1.962281525771E-001  1.610394929168E+000 -1.369343295325E+001  7.018185026797E+001
  1.995697109023E-001  1.565027104735E+000 -1.346092883143E+001  6.898097442245E+001
  2.029489738173E-001  1.519930669254E+000 -1.322984418762E+001  6.778906234628E+001
  2.063662873085E-001  1.475113652631E+000 -1.300021504504E+001  6.660629952939E+001
  2.098220026275E-001  1.430583968780E+000 -1.277207664571E+001  6.543286629003E+001
  2.133164763746E-001  1.386349413614E+000 -1.254546344082E+001  6.426893771582E+001
  2.168500705817E-001  1.342417663085E+000 -1.232040908142E+001  6.311468360804E+001
  2.204231527988E-001  1.298796271285E+000 -1.209694640973E+001  6.197026842892E+001
  2.240360961807E-001  1.255492668599E+000 -1.187510745073E+001  6.083585125220E+001
  2.276892795770E-001  1.212514159920E+000 -1.165492340444E+001  5.971158571696E+001
  2.313830876220E-001  1.169867922925E+000 -1.143642463849E+001  5.859761998478E+001
  2.351179108282E-001  1.127561006401E+000 -1.121964068133E+001  5.749409670029E+001
  2.388941456809E-001  1.085600328642E+000 -1.100460021587E+001  5.640115295516E+001
  2.427121947345E-001  1.043992675903E+000 -1.079133107366E+001  5.531892025568E+001
  2.465724667110E-001  1.002744700915E+000 -1.057986022956E+001  5.424752449380E+001
  2.504753766009E-001  9.618629214601E-001 -1.037021379695E+001  5.318708592190E+001
  2.544213457654E-001  9.213537190191E-001 -1.016241702346E+001  5.213771913114E+001
  2.584108020414E-001  8.812233374706E-001 -9.956494287249E+000  5.109953303360E+001
  2.624441798480E-001  8.414778818617E-001 -9.752469093818E+000  5.007263084814E+001
  2.665219202956E-001  8.021233172395E-001 -9.550364073329E+000  4.905711009008E+001
  2.706444712976E-001  7.631654675488E-001 -9.350200978517E+000  4.805306256474E+001
  2.748122876832E-001  7.246100145925E-001 -9.152000683128E+000  4.706057436485E+001
  2.790258313137E-001  6.864624970583E-001 -8.955783180917E+000  4.607972587182E+001
  2.832855712010E-001  6.487283096090E-001 -8.761567585188E+000  4.511059176104E+001
  2.875919836279E-001  6.114127020381E-001 -8.569372128904E+000  4.415324101108E+001
  2.919455522717E-001  5.745207784893E-001 -8.379214165344E+000  4.320773691689E+001
  2.963467683296E-001  5.380574967409E-001 -8.191110169316E+000  4.227413710698E+001
  3.007961306479E-001  5.020276675536E-001 -8.005075738930E+000  4.135249356464E+001
  3.052941458522E-001  4.664359540824E-001 -7.821125597928E+000  4.044285265318E+001
  3.098413284823E-001  4.312868713513E-001 -7.639273598559E+000  3.954525514515E+001
  3.144382011281E-001  3.965847857908E-001 -7.459532725009E+000  3.865973625562E+001
  3.190852945695E-001  3.623339148371E-001 -7.281915097384E+000  3.778632567947E+001
  3.237831479192E-001  3.285383265925E-001 -7.106431976229E+000  3.692504763266E+001
  3.285323087679E-001  2.952019395466E-001 -6.933093767587E+000  3.607592089751E+001
  3.333333333333E-001  2.623285223566E-001 -6.761910028597E+000  3.523895887195E+001
  3.381867866117E-001  2.299216936860E-001 -6.592889473617E+000  3.441416962268E+001
  3.430932425333E-001  1.979849221010E-001 -6.426039980862E+000  3.360155594227E+001
  3.480532841203E-001  1.665215260228E-001 -6.261368599571E+000  3.280111541011E+001
  3.530675036492E-001  1.355346737352E-001 -6.098881557656E+000  3.201284045723E+001
  3.581365028158E-001  1.050273834455E-001 -5.938584269871E+000  3.123671843483E+001
  3.632608929041E-001  7.500252339755E-002 -5.780481346447E+000  3.047273168661E+001
  3.684412949588E-001  4.546281203602E-002 -5.624576602214E+000  2.972085762472E+001
  3.736783399619E-001  1.641081821884E-002 -5.470873066180E+000  2.898106880934E+001
  3.789726690123E-001 -1.215103852228E-002 -5.319372991563E+000  2.825333303179E+001
  3.843249335105E-001 -4.022048767602E-002 -5.170077866264E+000  2.753761340108E+001
  3.897357953460E-001 -6.779540740179E-002 -5.022988423756E+000  2.683386843384E+001
  3.952059270903E-001 -9.487382413811E-002 -4.878104654390E+000  2.614205214753E+001
  4.007360121927E-001 -1.214539121712E-001 -4.735425817089E+000  2.546211415688E+001
  4.063267451812E-001 -1.475339931654E-001 -4.594950451425E+000  2.479399977333E+001
  4.119788318683E-001 -1.731125356586E-001 -4.456676390048E+000  2.413765010754E+001
  4.176929895600E-001 -1.981881545228E-001 -4.320600771467E+000  2.349300217473E+001
  4.234699472710E-001 -2.227596103942E-001 -4.186720053150E+000  2.285998900277E+001
  4.293104459435E-001 -2.468258090743E-001 -4.055030024928E+000  2.223853974289E+001
  4.352152386716E-001 -2.703858009028E-001 -3.925525822687E+000  2.162857978292E+001
  4.411850909306E-001 -2.934387801077E-001 -3.798201942325E+000  2.103003086288E+001
  4.472207808110E-001 -3.159840841319E-001 -3.673052253951E+000  2.044281119272E+001
  4.533230992589E-001 -3.380211929404E-001 -3.550070016306E+000  1.986683557228E+001
  4.594928503202E-001 -3.595497283106E-001 -3.429247891385E+000  1.930201551305E+001
  4.657308513924E-001 -3.805694531067E-001 -3.310577959237E+000  1.874825936171E+001
  4.720379334802E-001 -4.010802705419E-001 -3.194051732917E+000  1.820547242535E+001
  4.784149414579E-001 -4.210822234308E-001 -3.079660173572E+000  1.767355709807E+001
  4.848627343381E-001 -4.405754934335E-001 -2.967393705625E+000  1.715241298884E+001
  4.913821855461E-001 -4.595604002939E-001 -2.857242232054E+000  1.664193705051E+001
  4.979741832006E-001 -4.780374010760E-001 -2.749195149718E+000  1.614202370967E+001
  5.046396304008E-001 -4.960070893981E-001 -2.643241364718E+000  1.565256499731E+001
  5.113794455212E-001 -5.134701946688E-001 -2.539369307769E+000  1.517345067997E+001
  5.181945625116E-001 -5.304275813272E-001 -2.437566949552E+000  1.470456839128E+001
  5.250859312060E-001 -5.468802480873E-001 -2.337821816022E+000  1.424580376370E+001
  5.320545176366E-001 -5.628293271916E-001 -2.240121003650E+000  1.379704056013E+001
  5.391013043575E-001 -5.782760836727E-001 -2.144451194570E+000  1.335816080546E+001
  5.462272907741E-001 -5.932219146276E-001 -2.050798671611E+000  1.292904491755E+001
  5.534334934816E-001 -6.076683485040E-001 -1.959149333181E+000  1.250957183769E+001
  5.607209466109E-001 -6.216170444018E-001 -1.869488707987E+000  1.209961916019E+001
  5.680907021827E-001 -6.350697913904E-001 -1.781801969564E+000  1.169906326104E+001
  5.755438304707E-001 -6.480285078430E-001 -1.696073950583E+000  1.130777942524E+001
  5.830814203728E-001 -6.604952407902E-001 -1.612289156930E+000  1.092564197283E+001
  5.907045797917E-001 -6.724721652919E-001 -1.530431781510E+000  1.055252438324E+001
  5.984144360243E-001 -6.839615838299E-001 -1.450485717780E+000  1.018829941791E+001
  6.062121361613E-001 -6.949659257213E-001 -1.372434572974E+000  9.832839240821E+000
  6.140988474955E-001 -7.054877465525E-001 -1.296261680995E+000  9.486015536948E+000
  6.220757579409E-001 -7.155297276348E-001 -1.221950114977E+000  9.147699628268E+000
  6.301440764614E-001 -7.250946754808E-001 -1.149482699468E+000  8.817762587250E+000
  6.383050335109E-001 -7.341855213020E-001 -1.078842022249E+000  8.496075347611E+000
  6.465598814833E-001 -7.428053205265E-001 -1.010010445740E+000  8.182508812161E+000
  6.549098951744E-001 -7.509572523360E-001 -9.429701180079E-001  7.876933957593E+000
  6.633563722545E-001 -7.586446192212E-001 -8.777029833419E-001  7.579221936029E+000
  6.719006337539E-001 -7.658708465549E-001 -8.141907923927E-001  7.289244173195E+000
  6.805440245593E-001 -7.726394821796E-001 -7.524151118644E-001  7.006872463054E+000
  6.892879139233E-001 -7.789541960095E-001 -6.923573337480E-001  6.731979058780E+000
  6.981336959871E-001 -7.848187796432E-001 -6.339986840903E-001  6.464436759929E+000
  7.070827903152E-001 -7.902371459860E-001 -5.773202312912E-001  6.204118995691E+000
  7.161366424455E-001 -7.952133288780E-001 -5.223028939259E-001  5.950899904114E+000
  7.252967244510E-001 -7.997514827252E-001 -4.689274480898E-001  5.704654407200E+000
  7.345645355186E-001 -8.038558821308E-001 -4.171745342648E-001  5.465258281771E+000
  7.439416025400E-001 -8.075309215223E-001 -3.670246637092E-001  5.232588226047E+000
  7.534294807203E-001 -8.107811147708E-001 -3.184582243739E-001  5.006521921852E+000
  7.630297542000E-001 -8.136110947986E-001 -2.714554863512E-001  4.786938092404E+000
  7.727440366954E-001 -8.160256131697E-001 -2.259966068623E-001  4.573716555631E+000
  7.825739721536E-001 -8.180295396595E-001 -1.820616347937E-001  4.366738273010E+000
  7.925212354258E-001 -8.196278617979E-001 -1.396305147940E-001  4.165885393886E+000
  8.025875329584E-001 -8.208256843800E-001 -9.868309094480E-002  3.971041295286E+000
  8.127746035011E-001 -8.216282289410E-001 -5.919911001983E-002  3.782090617231E+000
  8.230842188350E-001 -8.220408331861E-001 -2.115822435218E-002  3.598919293575E+000
  8.335181845190E-001 -8.220689503729E-001  1.546000567250E-002  3.421414578411E+000
  8.440783406568E-001 -8.217181486367E-001  5.067610947440E-002  3.249465068095E+000
  8.547665626839E-001 -8.209941102556E-001  8.451070446604E-002  3.082960718960E+000
  8.655847621758E-001 -8.199026308455E-001  1.169844945415E-001  2.921792860800E+000
  8.765348876780E-001 -8.184496184810E-001  1.481182688411E-001  2.765854206221E+000
  8.876189255584E-001 -8.166410927335E-001  1.779329007620E-001  2.615038855971E+000
  8.988389008829E-001 -8.144831836203E-001  2.064493471844E-001  2.469242300381E+000
  9.101968783143E-001 -8.119821304575E-001  2.336886478811E-001  2.328361417037E+000
  9.216949630368E-001 -8.091442806097E-001  2.596719250763E-001  2.192294464860E+000
  9.333353017046E-001 -8.059760881293E-001  2.844203831179E-001  2.060941074738E+000
  9.451200834176E-001 -8.024841122778E-001  3.079553082287E-001  1.934202236901E+000
  9.570515407237E-001 -7.986750159235E-001  3.302980682964E-001  1.811980285223E+000
  9.691319506484E-001 -7.945555638073E-001  3.514701126673E-001  1.694178878657E+000
  9.813636357544E-001 -7.901326206698E-001  3.714929719007E-001  1.580702980003E+000
  9.937489652293E-001 -7.854131492348E-001  3.903882574480E-001  1.471458832251E+000
  1.006290356005E+000 -7.804042080401E-001  4.081776612138E-001  1.366353932706E+000
  1.018990273907E+000 -7.751129491120E-001  4.248829549595E-001  1.265297005153E+000
  1.031851234841E+000 -7.695466154763E-001  4.405259895096E-001  1.168197970305E+000
  1.044875806003E+000 -7.637125385001E-001  4.551286937197E-001  1.074967914768E+000
  1.058066607138E+000 -7.576181350599E-001  4.687130731666E-001  9.855190588131E-001
  1.071426311823E+000 -7.512709045317E-001  4.813012085229E-001  8.997647231855E-001
  1.084957648792E+000 -7.446784255971E-001  4.929152535753E-001  8.176192952360E-001
  1.098663403298E+000 -7.378483528634E-001  5.035774328521E-001  7.389981946298E-001
  1.112546418516E+000 -7.307884132944E-001  5.133100388232E-001  6.638178389026E-001
  1.126609596985E+000 -7.235064024476E-001  5.221354286379E-001  5.919956091285E-001
  1.140855902095E+000 -7.160101805182E-001  5.300760203698E-001  5.234498159609E-001
  1.155288359613E+000 -7.083076681867E-001  5.371542887373E-001  4.580996663052E-001
  1.169910059257E+000 -7.004068422711E-001  5.433927602727E-001  3.958652308771E-001
  1.184724156317E+000 -6.923157311823E-001  5.488140079139E-001  3.366674128923E-001
  1.199733873325E+000 -6.840424101850E-001  5.534406449974E-001  2.804279181251E-001
  1.214942501771E+000 -6.755949964652E-001  5.572953186317E-001  2.270692265662E-001
  1.230353403874E+000 -6.669816440073E-001  5.604007024361E-001  1.765145658960E-001
  1.245970014403E+000 -6.582105382834E-001  5.627794886308E-001  1.286878869794E-001
  1.261795842559E+000 -6.492898907609E-001  5.644543794700E-001  8.351384157409E-002
  1.277834473907E+000 -6.402279332315E-001  5.654480780123E-001  4.091776242890E-002
  1.294089572372E+000 -6.310329119692E-001  5.657832782259E-001  8.256459326881E-004
  1.310564882294E+000 -6.217130817248E-001  5.654826544323E-001 -3.683586254214E-002
  1.327264230548E+000 -6.122766995628E-001  5.645688500942E-001 -7.213948047691E-002
  1.344191528724E+000 -6.027320185521E-001  5.630644659584E-001 -1.051572971189E-001
  1.361350775387E+000 -5.930872813182E-001  5.609920475700E-001 -1.359607793829E-001
  1.378746058390E+000 -5.833507134699E-001  5.583740721752E-001 -1.646207746781E-001
  1.396381557275E+000 -5.735305169091E-001  5.552329350390E-001 -1.912075106170E-001
  1.414261545744E+000 -5.636348630394E-001  5.515909352041E-001 -2.157905915861E-001
  1.432390394201E+000 -5.536718858840E-001  5.474702607250E-001 -2.384389921805E-001
  1.450772572390E+000 -5.436496751288E-001  5.428929734125E-001 -2.592210475270E-001
  1.469412652102E+000 -5.335762691039E-001  5.378809931314E-001 -2.782044405440E-001
  1.488315309978E+000 -5.234596477207E-001  5.324560816943E-001 -2.954561862090E-001
  1.507485330398E+000 -5.133077253785E-001  5.266398264019E-001 -3.110426129262E-001
  1.526927608467E+000 -5.031283438592E-001  5.204536232809E-001 -3.250293411116E-001
  1.546647153093E+000 -4.929292652253E-001  5.139186600765E-001 -3.374812591316E-001
  1.566649090169E+000 -4.827181647405E-001  5.070558990565E-001 -3.484624967549E-001
  1.586938665861E+000 -4.725026238289E-001  4.998860596913E-001 -3.580363962951E-001
  1.607521250000E+000 -4.622901230920E-001  4.924296012711E-001 -3.662654816426E-001
  1.628402339588E+000 -4.520880354015E-001  4.847067055288E-001 -3.732114254014E-001
  1.649587562420E+000 -4.419036190854E-001  4.767372593359E-001 -3.789350143621E-001
  1.671082680832E+000 -4.317440112264E-001  4.685408375407E-001 -3.834961135586E-001
  1.692893595565E+000 -4.216162210900E-001  4.601366860195E-001 -3.869536291686E-001
  1.715026349769E+000 -4.115271237009E-001  4.515437050112E-001 -3.893654705290E-001
  1.737487133138E+000 -4.014834535839E-001  4.427804328068E-001 -3.907885115477E-001
  1.760282286187E+000 -3.914917986873E-001  4.338650298636E-001 -3.912785517998E-001
  1.783418304674E+000 -3.815585945050E-001  4.248152634140E-001 -3.908902776018E-001
  1.806901844175E+000 -3.716901184127E-001  4.156484926368E-001 -3.896772233605E-001
  1.830739724818E+000 -3.618924842334E-001  4.063816544559E-001 -3.876917334936E-001
  1.854938936184E+000 -3.521716370467E-001  3.970312500326E-001 -3.849849252181E-001
  1.879506642368E+000 -3.425333482547E-001  3.876133320088E-001 -3.816066524971E-001
  1.904450187236E+000 -3.329832109169E-001  3.781434925616E-001 -3.776054714312E-001
  1.929777099847E+000 -3.235266353650E-001  3.686368523204E-001 -3.730286073701E-001
  1.955495100083E+000 -3.141688451078E-001  3.591080501960E-001 -3.679219240095E-001
  1.981612104475E+000 -3.049148730351E-001  3.495712341679E-001 -3.623298947268E-001
  2.008136232230E+000 -2.957695579274E-001  3.400400530659E-001 -3.562955763893E-001
  2.035075811486E+000 -2.867375412777E-001  3.305276493832E-001 -3.498605858565E-001
  2.062439385788E+000 -2.778232644311E-001  3.210466531470E-001 -3.430650793743E-001
  2.090235720801E+000 -2.690309660436E-001  3.116091768689E-001 -3.359477350396E-001
  2.118473811262E+000 -2.603646798647E-001  3.022268115929E-001 -3.285457384907E-001
  2.147162888201E+000 -2.518282328416E-001  2.929106240482E-001 -3.208947719544E-001
  2.176312426413E+000 -2.434252435470E-001  2.836711549116E-001 -3.130290067560E-001
  2.205932152222E+000 -2.351591209263E-001  2.745184181758E-001 -3.049810993704E-001
  2.236032051522E+000 -2.270330633629E-001  2.654619016139E-001 -2.967821910673E-001
  2.266622378129E+000 -2.190500580548E-001  2.565105683232E-001 -2.884619111752E-001
  2.297713662445E+000 -2.112128806997E-001  2.476728593280E-001 -2.800483839602E-001
  2.329316720450E+000 -2.035240954795E-001  2.389566972098E-001 -2.715682390903E-001
  2.361442663038E+000 -1.959860553384E-001  2.303694907345E-001 -2.630466256260E-001
  2.394102905709E+000 -1.886009025454E-001  2.219181404336E-001 -2.545072294529E-001
  2.427309178642E+000 -1.813705695324E-001  2.136090450975E-001 -2.459722940466E-001
  2.461073537146E+000 -1.742967799989E-001  2.054481091296E-001 -2.374626444353E-001
  2.495408372530E+000 -1.673810502724E-001  1.974407507102E-001 -2.289977142002E-001
  2.530326423398E+000 -1.606246909149E-001  1.895919107113E-001 -2.205955753382E-001
  2.565840787378E+000 -1.540288085656E-001  1.819060623043E-001 -2.122729707850E-001
  2.601964933334E+000 -1.475943080086E-001  1.743872211979E-001 -2.040453493855E-001
  2.638712714049E+000 -1.413218944563E-001  1.670389564427E-001 -1.959269030788E-001
  2.676098379430E+000 -1.352120760388E-001  1.598644017388E-001 -1.879306060570E-001
  2.714136590232E+000 -1.292651664899E-001  1.528662671801E-001 -1.800682556434E-001
  2.752842432351E+000 -1.234812880210E-001  1.460468513732E-001 -1.723505146317E-001
  2.792231431696E+000 -1.178603743762E-001  1.394080538657E-001 -1.647869548222E-001
  2.832319569669E+000 -1.124021740601E-001  1.329513878243E-001 -1.573861014896E-001
  2.873123299289E+000 -1.071062537343E-001  1.266779929028E-001 -1.501554785203E-001
  2.914659561979E+000 -1.019720017758E-001  1.205886482453E-001 -1.431016539591E-001
  2.956945805065E+000 -9.699863199607E-002  1.146837855717E-001 -1.362302857145E-001
  3.000000000000E+000 -9.218518751512E-002  1.089635022990E-001 -1.295461671809E-001
  3.043840661365E+000 -8.753054479240E-002  1.034275746537E-001 -1.230532725479E-001
  3.088486866678E+000 -8.303341781185E-002  9.807547073869E-002 -1.167548015828E-001
  3.133958277047E+000 -7.869236242323E-002  9.290636352170E-002 -1.106532236880E-001
  3.180275158719E+000 -7.450578084107E-002  8.791914371742E-002 -1.047503210535E-001
  3.227458405560E+000 -7.047192630413E-002  8.311243254272E-002 -9.904723074716E-002
  3.275529562509E+000 -6.658890789876E-002  7.848459432872E-002 -9.354448560344E-002
  3.324510850077E+000 -6.285469555035E-002  7.403374897992E-002 -8.824205379629E-002
  3.374425189910E+000 -5.926712518722E-002  6.975778427529E-002 -8.313937700351E-002
  3.425296231502E+000 -5.582390408169E-002  6.565436801205E-002 -7.823540709356E-002
  3.477148380094E+000 -5.252261637274E-002  6.172095999699E-002 -7.352864128852E-002
  3.530006825834E+000 -4.936072877459E-002  5.795482389480E-002 -6.901715577935E-002
  3.583897574256E+000 -4.633559647465E-002  5.435303894631E-002 -6.469863779127E-002
  3.638847478148E+000 -4.344446922352E-002  5.091251157252E-002 -6.057041611745E-002
  3.694884270887E+000 -4.068449761838E-002  4.762998688259E-002 -5.662949015755E-002
  3.752036601308E+000 -3.805273957961E-002  4.450206010530E-002 -5.287255751516E-002
  3.810334070199E+000 -3.554616701873E-002  4.152518796397E-002 -4.929604022228E-002
  3.869807268505E+000 -3.316167269340E-002  3.869570001463E-002 -4.589610967175E-002
  3.930487817331E+000 -3.089607724306E-002  3.600980996594E-002 -4.266871034806E-002
  3.992408409843E+000 -2.874613639610E-002  3.346362699712E-002 -3.960958245414E-002
  4.055602855172E+000 -2.670854833662E-002  3.105316708733E-002 -3.671428353579E-002
  4.120106124432E+000 -2.477996121571E-002  2.877436436611E-002 -3.397820920681E-002
  4.185954398964E+000 -2.295698078958E-002  2.662308248968E-002 -3.139661307663E-002
  4.253185120935E+000 -2.123617816300E-002  2.459512604320E-002 -2.896462597756E-002
  4.321837046422E+000 -1.961409761419E-002  2.268625196277E-002 -2.667727458252E-002
  4.391950301120E+000 -1.808726447358E-002  2.089218096513E-002 -2.452949949447E-002
  4.463566438835E+000 -1.665219302647E-002  1.920860896657E-002 -2.251617287771E-002
  4.536728502895E+000 -1.530539440659E-002  1.763121846577E-002 -2.063211568802E-002
  4.611481090679E+000 -1.404338444549E-002  1.615568985895E-002 -1.887211454406E-002
  4.687870421430E+000 -1.286269144050E-002  1.477771264952E-002 -1.723093826694E-002
  4.765944407533E+000 -1.175986380241E-002  1.349299650820E-002 -1.570335409852E-002
  4.845752729492E+000 -1.073147754325E-002  1.229728213482E-002 -1.428414359308E-002
  4.927346914797E+000 -9.774143563550E-003  1.118635186793E-002 -1.296811816053E-002
  5.010780420931E+000 -8.884514699162E-003  1.015603998528E-002 -1.175013422469E-002
  5.096108722763E+000 -8.059292487903E-003  9.202242635340E-003 -1.062510794595E-002
  5.183389404586E+000 -7.295233618087E-003  8.320927338915E-003 -9.588029445529E-003
  5.272682257105E+000 -6.589156022882E-003  7.508141999793E-003 -8.633976458513E-003
  5.364049379651E+000 -5.937944587247E-003  6.760023364731E-003 -7.758127334939E-003
  5.457555287978E+000 -5.338556437538E-003  6.072804875799E-003 -6.955773303394E-003
  5.553267027968E+000 -4.788025787871E-003  5.442823862254E-003 -6.222329909240E-003
  5.651254295630E+000 -4.283468321785E-003  4.866528024546E-003 -5.553347540525E-003
  5.751589563796E+000 -3.822085092723E-003  4.340481169847E-003 -4.944520958409E-003
  5.854348215936E+000 -3.401165932113E-003  3.861368166362E-003 -4.391697755778E-003
  5.959608687557E+000 -3.018092359388E-003  3.425999092575E-003 -3.890885677261E-003
  6.067452615683E+000 -2.670339993930E-003  3.031312567256E-003 -3.438258746009E-003
  6.177964996951E+000 -2.355480474538E-003  2.674378256301E-003 -3.030162156936E-003
  6.291234354880E+000 -2.071182897547E-003  2.352398563048E-003 -2.663115912270E-003
  6.407352916949E+000 -1.815214789850E-003  2.062709519316E-003 -2.333817192719E-003
  6.526416802128E+000 -1.585442637884E-003  1.802780904790E-003 -2.039141475918E-003
  6.648526219580E+000 -1.379831997776E-003  1.570215632261E-003 -1.776142432300E-003
  6.773785679311E+000 -1.196447215367E-003  1.362748445270E-003 -1.542050646882E-003
  6.902304215570E+000 -1.033450787530E-003  1.178243982753E-003 -1.334271232766E-003
  7.034195623922E+000 -8.891023980368E-004  1.014694272024E-003 -1.150380418181E-003
  7.169578712934E+000 -7.617576621485E-004  8.702157166638E-004 -9.881212029439E-004
  7.308577571516E+000 -6.498666140562E-004  7.430456495400E-004 -8.453981919385E-004
  7.451321853057E+000 -5.519719703418E-004  6.315385230499E-004 -7.202717222529E-004
  7.597947077547E+000 -4.667072007452E-004  5.341618087720E-004 -6.109514066649E-004
  7.748594953021E+000 -3.927944348389E-004  4.494916770455E-004 -5.157892191117E-004
  7.903413717736E+000 -3.290422298182E-004  3.762085236140E-004 -4.332722475366E-004
  8.062558504629E+000 -2.743432206558E-004  3.130924055332E-004 -3.620152361454E-004
  8.226191729726E+000 -2.276716695363E-004  2.590184422339E-004 -3.007530328019E-004
  8.394483506327E+000 -1.880809269596E-004  2.129522302019E-004 -2.483330483182E-004
  8.567612086926E+000 -1.547008124114E-004  1.739453114816E-004 -2.037078231258E-004
  8.745764335025E+000 -1.267349182621E-004  1.411307274506E-004 -1.659277836962E-004
  8.929136229160E+000 -1.034578368031E-004  1.137186804070E-004 -1.341342566402E-004
  9.117933401693E+000 -8.421230726871E-005  9.099231681900E-005 -1.075527932039E-004
  9.312371715124E+000 -6.840627752307E-005  7.230363795264E-005 -8.548684147957E-005
  9.512677878945E+000 -5.550987397086E-005  5.706953636817E-005 -6.731178864283E-005
  9.719090110332E+000 -4.505227329379E-005  4.476795073682E-005 -5.246938144944E-005
  9.931858842267E+000 -3.661847089132E-005  3.493412683400E-005 -4.046252059061E-005
  1.015124748302E+001 -2.984594341130E-005  2.715696958300E-005 -3.085041372307E-005
  1.037753323129E+001 -2.442120643531E-005  2.107546975805E-005 -2.324406340242E-005
  1.061100795175E+001 -2.007627309842E-005  1.637518942155E-005 -1.730205997455E-005
  1.085197911611E+001 -1.658502497424E-005  1.278479229094E-005 -1.272664582749E-005
  1.110077081537E+001 -1.375951267465E-005  1.007260884147E-005 -9.260016254804E-006
  1.135772484956E+001 -1.144620997883E-005  8.043230798163E-006 -6.680823388500E-006
  1.162320190175E+001 -9.522251551768E-006  6.534135426857E-006 -4.800852963032E-006
  1.189758280382E+001 -7.891690047248E-006  5.412346309696E-006 -3.461848705393E-006
  1.218126990242E+001 -6.481813218511E-006  4.571143654161E-006 -2.532465459052E-006
  1.247468853413E+001 -5.239565202916E-006  3.926843187460E-006 -1.905339228591E-006
  1.277828862002E+001 -4.128118070320E-006  3.415667889585E-006 -1.494269634873E-006
  1.309254639077E+001 -3.123639761958E-006  2.990740815662E-006 -1.231517256015E-006
  1.341796625462E+001 -2.212302521794E-006  2.619229713331E-006 -1.065224491934E-006
  1.375508282195E+001 -1.387571771277E-006  2.279674806589E-006 -9.569734927957E-007
  1.410446310162E+001 -6.478091612763E-007  1.959529858379E-006 -8.794979957394E-007
  1.446670888596E+001  5.784556367614E-009  1.652943431245E-006 -8.145674028957E-007
  1.484245934302E+001  5.708708398610E-007  1.358802262237E-006 -7.510610277475E-007
  1.523239383723E+001  1.045313611975E-006  1.079052108284E-006 -6.832482003700E-007
  1.563723500136E+001  1.428164556459E-006  8.173036706727E-007 -6.092860573354E-007
  1.605775208607E+001  1.720310868929E-006  5.777227345847E-007 -5.299416733693E-007
  1.649476461582E+001  1.924813535064E-006  3.641949856128E-007 -4.475391389633E-007
  1.694914638379E+001  2.046973598193E-006  1.797476371023E-007 -3.651257315478E-007
  1.742182982203E+001  2.094171437957E-006  2.620254951521E-008 -2.858449683453E-007
  1.791381078784E+001  2.075529353596E-006 -9.597058375597E-008 -2.124985458511E-007
  1.842615381215E+001  2.001450410007E-006 -1.876367962697E-007 -1.472743816218E-007
  1.895999786176E+001  1.883086408766E-006 -2.508523843044E-007 -9.161450089677E-008
  1.951656267356E+001  1.731785020060E-006 -2.886339952025E-007 -4.619455597101E-008
  2.009715572669E+001  1.558560771077E-006 -3.046771692687E-007 -1.098640032819E-008
  2.070317992707E+001  1.373627122206E-006 -3.030577339250E-007  1.462369952870E-008
  2.133614208874E+001  1.186017813190E-006 -2.879444433857E-007  3.168612492094E-008
  2.199766230782E+001  1.003315675214E-006 -2.633451704935E-007  4.152957341266E-008
  2.268948433818E+001  8.314968910402E-007 -2.329022731739E-007  4.561036737503E-008
  2.341348709294E+001  6.748889591469E-007 -1.997459802508E-007  4.538177806748E-008
  2.417169741362E+001  5.362320440895E-007 -1.664082528549E-007  4.219109562669E-008
  2.496630426925E+001  4.168265336251E-007 -1.347940011351E-007  3.720787322764E-008
  2.579967457140E+001  3.167448805815E-007 -1.062021018353E-007  3.138308317228E-008
  2.667437081864E+001  2.350834027852E-007 -8.138558473518E-008  2.543603314637E-008
  2.759317081651E+001  1.702296575691E-007 -6.063871970979E-008  1.986390345282E-008
  2.855908975674E+001  1.201230982688E-007 -4.389849467351E-008  1.496769310982E-008
  2.957540498378E+001  8.249056760860E-008 -3.084896013748E-008  1.088813544016E-008
  3.064568382919E+001  5.504324530811E-008 -2.101886099072E-008  7.645626041534E-009
  3.177381495601E+001  3.562731145696E-008 -1.386554459191E-008  5.179213595776E-009
  3.296404372807E+001  2.232616090304E-008 -8.840961143606E-009  3.381027255251E-009
  3.422101220608E+001  1.351691327234E-008 -5.438305433614E-009  2.123942588122E-009
  3.554980447538E+001  7.887744958647E-009 -3.220190009676E-009  1.281632696483E-009
  3.695599813319E+001  4.424945650540E-009 -1.830977627015E-009  7.412654903111E-010
  3.844572291106E+001  2.379507980812E-009 -9.969322383599E-010  4.099009729176E-010
  4.002572758518E+001  1.222637026306E-009 -5.181815889346E-010  2.160830695729E-010
  4.170345654134E+001  5.981259621303E-010 -2.562271591018E-010  1.082346231651E-010
  4.348713762001E+001  2.774943221386E-010 -1.200635521178E-010  5.132079008103E-011
  4.538588318162E+001  1.215542281084E-010 -5.308334742590E-011  2.293890686461E-011
  4.740980671574E+001  5.002769179981E-011 -2.203752386400E-011  9.619338511722E-012
  4.957015778746E+001  1.923968970955E-011 -8.544186097287E-012  3.764393271837E-012
  5.187947869225E+001  6.871869831903E-012 -3.074996619291E-012  1.366524943222E-012
  5.435178690397E+001  2.263931104159E-012 -1.020293322137E-012  4.570690641128E-013
  5.700278828629E+001  6.826833284202E-013 -3.097309130284E-013  1.397929361486E-013
  5.985012714155E+001  1.868013265678E-013 -8.528535334817E-014  3.876151427016E-014
  6.291368055481E+001  4.593025426811E-014 -2.109412064411E-014  9.649706172196E-015
  6.621590623276E+001  1.003625058341E-014 -4.635031369178E-015  2.133287104842E-015
  6.978225524452E+001  1.924625097230E-015 -8.935255716859E-016  4.135995440477E-016
  7.364166388185E+001  3.193136716813E-016 -1.489802064268E-016  6.933040940128E-017
  7.782714245929E+001  4.509200296099E-017 -2.113683494838E-017  9.885866878424E-018
  8.237648351994E+001  5.319516765833E-018 -2.504545531590E-018  1.176931976858E-018
  8.733311794502E+001  5.130933366854E-019 -2.425847375028E-019  1.145014546058E-019
  9.274715535088E+001  3.947196927797E-020 -1.873556153317E-020  8.880252374554E-021
  9.867665554529E+001  2.353134507285E-021 -1.121093512524E-021  5.334639988731E-022
  1.051891916055E+002  1.051259225209E-022 -5.026130740855E-023  2.400503102124E-023
  1.123637836013E+002  3.384083975549E-024 -1.623344065356E-024  7.780205499281E-025
  1.202933069206E+002  7.495590084154E-026 -3.606964411343E-026  1.734390185357E-026
  1.290875131414E+002  1.081724625634E-027 -5.220889975596E-028  2.518207779095E-028
  1.388768482001E+002  9.532505966574E-030 -4.613767354066E-030  2.231860671814E-030
  1.498173177370E+002  4.746532737587E-032 -2.303447513056E-032  1.117327898129E-032
  1.620967411853E+002  1.216285001046E-034 -5.917333732738E-035  2.877728252185E-035
  1.759428668168E+002  1.432010301402E-037 -6.983357820612E-038  3.404422272426E-038
  1.916340085825E+002  6.743998500124E-041 -3.296129929107E-041  1.610557099894E-041
  2.095131417987E+002  1.070897875028E-044 -5.245022595907E-045  2.568337428455E-045
  2.300068054477E+002  4.635836439877E-049 -2.275023510377E-049  1.116262860499E-049
  2.536507797910E+002  4.188618111557E-054 -2.059373681623E-054  1.012364850326E-054
  2.811254638474E+002  5.626512195922E-060 -2.771151878915E-060  1.364681372370E-060
  3.133053780630E+002  7.264558565541E-067 -3.583759104204E-067  1.767781501228E-067
  3.513296254502E+002  5.107205157518E-075 -2.523334800544E-075  1.246623203960E-075
  3.967041014107E+002  9.221810133712E-085 -4.562729488533E-085  2.257402794116E-085
  4.514529193350E+002  1.557251906705E-096 -7.715085464323E-097  3.822118349986E-097
  5.183481233601E+002  6.163283716124E-111 -3.057207852584E-111  1.516435357688E-111
  6.012676077950E+002  8.246187362045E-129 -4.095016912167E-129  2.033517870157E-129
  7.057700503752E+002  2.323043777201E-151 -1.154806964077E-151  5.740557248139E-152
  8.400513767914E+002  2.297740878370E-180 -1.143308150314E-180  5.688796632413E-181
  1.016602135495E+003  1.555998893801E-218 -7.748959390523E-219  3.858993106510E-219
  1.255220715579E+003  3.648056657835E-270 -1.818150782966E-270  9.061413533031E-271
  1.588815776243E+003  0.000000000000E+000  0.000000000000E+000  0.000000000000E+000
  2.075392011604E+003  0.000000000000E+000  0.000000000000E+000  0.000000000000E+000
  2.825079847528E+003  0.000000000000E+000  0.000000000000E+000  0.000000000000E+000
  4.068408296183E+003  0.000000000000E+000  0.000000000000E+000  0.000000000000E+000
  6.357262947672E+003  0.000000000000E+000  0.000000000000E+000  0.000000000000E+000
  1.130231930164E+004  0.000000000000E+000  0.000000000000E+000  0.000000000000E+000
  2.543105175136E+004  0.000000000000E+000  0.000000000000E+000  0.000000000000E+000
  1.017262069952E+005  0.000000000000E+000  0.000000000000E+000  0.000000000000E+000
