# 1st line: number of mesh points
# rho and r_seitz are calculated from total density
# zeta and r_seitz only correct of rho > 1d-12

# abcissa rho drho ddrho zeta r_seitz
500
  9.830308526563E-006  1.757407316745E+002 -1.065833559816E+003  6.714974316247E+003  0.000000000000E+000  2.574836211049E-001
  3.932200719722E-005  1.757093013524E+002 -1.065635542845E+003  6.713683907134E+003  0.000000000000E+000  2.574989728072E-001
  8.847741541467E-005  1.756569277124E+002 -1.065305581823E+003  6.711533679539E+003  0.000000000000E+000  2.575245621166E-001
  1.573003992805E-004  1.755836260961E+002 -1.064843777613E+003  6.708524314664E+003  0.000000000000E+000  2.575603937424E-001
  2.457963722418E-004  1.754894179739E+002 -1.064250271375E+003  6.704656765820E+003  0.000000000000E+000  2.576064742804E-001
  3.539722959954E-004  1.753743309375E+002 -1.063525244506E+003  6.699932258048E+003  0.000000000000E+000  2.576628122152E-001
  4.818366816529E-004  1.752383986899E+002 -1.062668918575E+003  6.694352287641E+003  0.000000000000E+000  2.577294179233E-001
  6.293995911626E-004  1.750816610332E+002 -1.061681555237E+003  6.687918621553E+003  0.000000000000E+000  2.578063036772E-001
  7.966726389935E-004  1.749041638545E+002 -1.060563456139E+003  6.680633296711E+003  0.000000000000E+000  2.578934836502E-001
  9.836689940782E-004  1.747059591094E+002 -1.059314962799E+003  6.672498619205E+003  0.000000000000E+000  2.579909739214E-001
  1.190403382016E-003  1.744871048033E+002 -1.057936456483E+003  6.663517163391E+003  0.000000000000E+000  2.580987924823E-001
  1.416892087541E-003  1.742476649704E+002 -1.056428358059E+003  6.653691770871E+003  0.000000000000E+000  2.582169592434E-001
  1.663152957245E-003  1.739877096509E+002 -1.054791127834E+003  6.643025549380E+003  0.000000000000E+000  2.583454960416E-001
  1.929205402573E-003  1.737073148659E+002 -1.053025265388E+003  6.631521871559E+003  0.000000000000E+000  2.584844266491E-001
  2.215070403073E-003  1.734065625898E+002 -1.051131309378E+003  6.619184373631E+003  0.000000000000E+000  2.586337767821E-001
  2.520770509919E-003  1.730855407208E+002 -1.049109837335E+003  6.606016953965E+003  0.000000000000E+000  2.587935741107E-001
  2.846329849692E-003  1.727443430497E+002 -1.046961465451E+003  6.592023771545E+003  0.000000000000E+000  2.589638482696E-001
  3.191774128432E-003  1.723830692255E+002 -1.044686848338E+003  6.577209244322E+003  0.000000000000E+000  2.591446308692E-001
  3.557130635959E-003  1.720018247198E+002 -1.042286678785E+003  6.561578047480E+003  0.000000000000E+000  2.593359555083E-001
  3.942428250463E-003  1.716007207888E+002 -1.039761687491E+003  6.545135111585E+003  0.000000000000E+000  2.595378577866E-001
  4.347697443358E-003  1.711798744331E+002 -1.037112642792E+003  6.527885620641E+003  0.000000000000E+000  2.597503753183E-001
  4.772970284417E-003  1.707394083554E+002 -1.034340350368E+003  6.509835010037E+003  0.000000000000E+000  2.599735477472E-001
  5.218280447175E-003  1.702794509161E+002 -1.031445652935E+003  6.490988964403E+003  0.000000000000E+000  2.602074167614E-001
  5.683663214611E-003  1.698001360872E+002 -1.028429429925E+003  6.471353415358E+003  0.000000000000E+000  2.604520261099E-001
  6.169155485101E-003  1.693016034033E+002 -1.025292597152E+003  6.450934539159E+003  0.000000000000E+000  2.607074216194E-001
  6.674795778653E-003  1.687839979116E+002 -1.022036106464E+003  6.429738754257E+003  0.000000000000E+000  2.609736512121E-001
  7.200624243425E-003  1.682474701188E+002 -1.018660945379E+003  6.407772718751E+003  0.000000000000E+000  2.612507649243E-001
  7.746682662519E-003  1.676921759369E+002 -1.015168136709E+003  6.385043327743E+003  0.000000000000E+000  2.615388149262E-001
  8.313014461060E-003  1.671182766265E+002 -1.011558738167E+003  6.361557710599E+003  0.000000000000E+000  2.618378555420E-001
  8.899664713569E-003  1.665259387381E+002 -1.007833841966E+003  6.337323228119E+003  0.000000000000E+000  2.621479432714E-001
  9.506680151615E-003  1.659153340512E+002 -1.003994574401E+003  6.312347469602E+003  0.000000000000E+000  2.624691368117E-001
  1.013410917176E-002  1.652866395126E+002 -1.000042095415E+003  6.286638249828E+003  0.000000000000E+000  2.628014970811E-001
  1.078200184380E-002  1.646400371709E+002 -9.959775981576E+002  6.260203605939E+003  0.000000000000E+000  2.631450872422E-001
  1.145040991929E-002  1.639757141109E+002 -9.918023085245E+002  6.233051794233E+003  0.000000000000E+000  2.634999727279E-001
  1.213938684040E-002  1.632938623844E+002 -9.875174846895E+002  6.205191286870E+003  0.000000000000E+000  2.638662212664E-001
  1.284898774901E-002  1.625946789410E+002 -9.831244166190E+002  6.176630768476E+003  0.000000000000E+000  2.642439029090E-001
  1.357926949620E-002  1.618783655550E+002 -9.786244255762E+002  6.147379132676E+003  0.000000000000E+000  2.646330900573E-001
  1.433029065191E-002  1.611451287521E+002 -9.740188636123E+002  6.117445478525E+003  0.000000000000E+000  2.650338574927E-001
  1.510211151509E-002  1.603951797333E+002 -9.693091130447E+002  6.086839106862E+003  0.000000000000E+000  2.654462824061E-001
  1.589479412397E-002  1.596287342974E+002 -9.644965859236E+002  6.055569516570E+003  0.000000000000E+000  2.658704444291E-001
  1.670840226680E-002  1.588460127616E+002 -9.595827234862E+002  6.023646400766E+003  0.000000000000E+000  2.663064256662E-001
  1.754300149280E-002  1.580472398803E+002 -9.545689955989E+002  5.991079642893E+003  0.000000000000E+000  2.667543107277E-001
  1.839865912351E-002  1.572326447626E+002 -9.494569001878E+002  5.957879312741E+003  0.000000000000E+000  2.672141867645E-001
  1.927544426443E-002  1.564024607869E+002 -9.442479626577E+002  5.924055662385E+003  0.000000000000E+000  2.676861435032E-001
  2.017342781695E-002  1.555569255155E+002 -9.389437352998E+002  5.889619122046E+003  0.000000000000E+000  2.681702732830E-001
  2.109268249069E-002  1.546962806059E+002 -9.335457966880E+002  5.854580295873E+003  0.000000000000E+000  2.686666710937E-001
  2.203328281612E-002  1.538207717221E+002 -9.280557510641E+002  5.818949957651E+003  0.000000000000E+000  2.691754346145E-001
  2.299530515754E-002  1.529306484422E+002 -9.224752277129E+002  5.782739046432E+003  0.000000000000E+000  2.696966642543E-001
  2.397882772639E-002  1.520261641670E+002 -9.168058803257E+002  5.745958662101E+003  0.000000000000E+000  2.702304631938E-001
  2.498393059493E-002  1.511075760245E+002 -9.110493863546E+002  5.708620060862E+003  0.000000000000E+000  2.707769374277E-001
  2.601069571024E-002  1.501751447747E+002 -9.052074463553E+002  5.670734650663E+003  0.000000000000E+000  2.713361958098E-001
  2.705920690860E-002  1.492291347123E+002 -8.992817833214E+002  5.632313986544E+003  0.000000000000E+000  2.719083500977E-001
  2.812954993023E-002  1.482698135675E+002 -8.932741420080E+002  5.593369765932E+003  0.000000000000E+000  2.724935150005E-001
  2.922181243436E-002  1.472974524062E+002 -8.871862882463E+002  5.553913823858E+003  0.000000000000E+000  2.730918082271E-001
  3.033608401473E-002  1.463123255280E+002 -8.810200082489E+002  5.513958128123E+003  0.000000000000E+000  2.737033505360E-001
  3.147245621542E-002  1.453147103638E+002 -8.747771079062E+002  5.473514774395E+003  0.000000000000E+000  2.743282657865E-001
  3.263102254705E-002  1.443048873708E+002 -8.684594120739E+002  5.432595981256E+003  0.000000000000E+000  2.749666809924E-001
  3.381187850339E-002  1.432831399273E+002 -8.620687638522E+002  5.391214085182E+003  0.000000000000E+000  2.756187263755E-001
  3.501512157837E-002  1.422497542261E+002 -8.556070238569E+002  5.349381535478E+003  0.000000000000E+000  2.762845354228E-001
  3.624085128345E-002  1.412050191658E+002 -8.490760694826E+002  5.307110889155E+003  0.000000000000E+000  2.769642449434E-001
  3.748916916538E-002  1.401492262421E+002 -8.424777941577E+002  5.264414805754E+003  0.000000000000E+000  2.776579951286E-001
  3.876017882444E-002  1.390826694372E+002 -8.358141065932E+002  5.221306042130E+003  0.000000000000E+000  2.783659296129E-001
  4.005398593302E-002  1.380056451083E+002 -8.290869300231E+002  5.177797447177E+003  0.000000000000E+000  2.790881955370E-001
  4.137069825459E-002  1.369184518750E+002 -8.222982014388E+002  5.133901956521E+003  0.000000000000E+000  2.798249436129E-001
  4.271042566323E-002  1.358213905061E+002 -8.154498708171E+002  5.089632587162E+003  0.000000000000E+000  2.805763281905E-001
  4.407328016341E-002  1.347147638043E+002 -8.085439003416E+002  5.045002432077E+003  0.000000000000E+000  2.813425073259E-001
  4.545937591035E-002  1.335988764916E+002 -8.015822636183E+002  5.000024654792E+003  0.000000000000E+000  2.821236428530E-001
  4.686882923075E-002  1.324740350919E+002 -7.945669448858E+002  4.954712483909E+003  0.000000000000E+000  2.829199004554E-001
  4.830175864396E-002  1.313405478149E+002 -7.874999382203E+002  4.909079207603E+003  0.000000000000E+000  2.837314497413E-001
  4.975828488365E-002  1.301987244369E+002 -7.803832467355E+002  4.863138168093E+003  0.000000000000E+000  2.845584643210E-001
  5.123853091993E-002  1.290488761828E+002 -7.732188817780E+002  4.816902756079E+003  0.000000000000E+000  2.854011218854E-001
  5.274262198188E-002  1.278913156063E+002 -7.660088621184E+002  4.770386405151E+003  0.000000000000E+000  2.862596042877E-001
  5.427068558066E-002  1.267263564695E+002 -7.587552131384E+002  4.723602586184E+003  0.000000000000E+000  2.871340976275E-001
  5.582285153302E-002  1.255543136223E+002 -7.514599660147E+002  4.676564801699E+003  0.000000000000E+000  2.880247923364E-001
  5.739925198530E-002  1.243755028809E+002 -7.441251568992E+002  4.629286580219E+003  0.000000000000E+000  2.889318832671E-001
  5.900002143803E-002  1.231902409058E+002 -7.367528260967E+002  4.581781470596E+003  0.000000000000E+000  2.898555697843E-001
  6.062529677088E-002  1.219988450797E+002 -7.293450172396E+002  4.534063036333E+003  0.000000000000E+000  2.907960558586E-001
  6.227521726827E-002  1.208016333843E+002 -7.219037764615E+002  4.486144849897E+003  0.000000000000E+000  2.917535501632E-001
  6.394992464542E-002  1.195989242773E+002 -7.144311515675E+002  4.438040487012E+003  0.000000000000E+000  2.927282661727E-001
  6.564956307496E-002  1.183910365686E+002 -7.069291912047E+002  4.389763520963E+003  0.000000000000E+000  2.937204222656E-001
  6.737427921404E-002  1.171782892970E+002 -6.993999440303E+002  4.341327516883E+003  0.000000000000E+000  2.947302418293E-001
  6.912422223211E-002  1.159610016059E+002 -6.918454578801E+002  4.292746026050E+003  0.000000000000E+000  2.957579533677E-001
  7.089954383907E-002  1.147394926188E+002 -6.842677789362E+002  4.244032580182E+003  0.000000000000E+000  2.968037906132E-001
  7.270039831418E-002  1.135140813158E+002 -6.766689508952E+002  4.195200685737E+003  0.000000000000E+000  2.978679926401E-001
  7.452694253540E-002  1.122850864085E+002 -6.690510141362E+002  4.146263818228E+003  0.000000000000E+000  2.989508039830E-001
  7.637933600943E-002  1.110528262163E+002 -6.614160048909E+002  4.097235416544E+003  0.000000000000E+000  3.000524747573E-001
  7.825774090225E-002  1.098176185416E+002 -6.537659544143E+002  4.048128877284E+003  0.000000000000E+000  3.011732607844E-001
  8.016232207035E-002  1.085797805460E+002 -6.461028881571E+002  3.998957549115E+003  0.000000000000E+000  3.023134237189E-001
  8.209324709253E-002  1.073396286265E+002 -6.384288249407E+002  3.949734727145E+003  0.000000000000E+000  3.034732311816E-001
  8.405068630235E-002  1.060974782913E+002 -6.307457761345E+002  3.900473647320E+003  0.000000000000E+000  3.046529568941E-001
  8.603481282122E-002  1.048536440366E+002 -6.230557448363E+002  3.851187480852E+003  0.000000000000E+000  3.058528808193E-001
  8.804580259214E-002  1.036084392238E+002 -6.153607250561E+002  3.801889328668E+003  0.000000000000E+000  3.070732893045E-001
  9.008383441408E-002  1.023621759565E+002 -6.076627009041E+002  3.752592215900E+003  0.000000000000E+000  3.083144752297E-001
  9.214908997710E-002  1.011151649584E+002 -5.999636457823E+002  3.703309086406E+003  0.000000000000E+000  3.095767381597E-001
  9.424175389809E-002  9.986771545169E+001 -5.922655215812E+002  3.654052797328E+003  0.000000000000E+000  3.108603845007E-001
  9.636201375725E-002  9.862013503623E+001 -5.845702778820E+002  3.604836113698E+003  0.000000000000E+000  3.121657276617E-001
  9.851006013526E-002  9.737272956883E+001 -5.768798511640E+002  3.555671703079E+003  0.000000000000E+000  3.134930882208E-001
  1.006860866512E-001  9.612580304385E+001 -5.691961640177E+002  3.506572130267E+003  0.000000000000E+000  3.148427940955E-001
  1.028902900012E-001  9.487965747424E+001 -5.615211243653E+002  3.457549852030E+003  0.000000000000E+000  3.162151807195E-001
  1.051228699979E-001  9.363459277358E+001 -5.538566246873E+002  3.408617211910E+003  0.000000000000E+000  3.176105912236E-001
  1.073840296104E-001  9.239090663897E+001 -5.462045412566E+002  3.359786435080E+003  0.000000000000E+000  3.190293766221E-001
  1.096739750056E-001  9.114889443493E+001 -5.385667333807E+002  3.311069623263E+003  0.000000000000E+000  3.204718960056E-001
  1.119929155896E-001  8.990884907833E+001 -5.309450426521E+002  3.262478749708E+003  0.000000000000E+000  3.219385167384E-001
  1.143410640503E-001  8.867106092444E+001 -5.233412922072E+002  3.214025654241E+003  0.000000000000E+000  3.234296146629E-001
  1.167186364011E-001  8.743581765411E+001 -5.157572859939E+002  3.165722038382E+003  0.000000000000E+000  3.249455743093E-001
  1.191258520249E-001  8.620340416224E+001 -5.081948080500E+002  3.117579460532E+003  0.000000000000E+000  3.264867891123E-001
  1.215629337189E-001  8.497410244751E+001 -5.006556217906E+002  3.069609331240E+003  0.000000000000E+000  3.280536616340E-001
  1.240301077413E-001  8.374819150351E+001 -4.931414693058E+002  3.021822908550E+003  0.000000000000E+000  3.296466037931E-001
  1.265276038575E-001  8.252594721125E+001 -4.856540706706E+002  2.974231293425E+003  0.000000000000E+000  3.312660371027E-001
  1.290556553882E-001  8.130764223319E+001 -4.781951232647E+002  2.926845425258E+003  0.000000000000E+000  3.329123929134E-001
  1.316144992580E-001  8.009354590886E+001 -4.707663011045E+002  2.879676077477E+003  0.000000000000E+000  3.345861126648E-001
  1.342043760450E-001  7.888392415204E+001 -4.633692541883E+002  2.832733853232E+003  0.000000000000E+000  3.362876481454E-001
  1.368255300316E-001  7.767903934966E+001 -4.560056078526E+002  2.786029181182E+003  0.000000000000E+000  3.380174617591E-001
  1.394782092560E-001  7.647915026243E+001 -4.486769621425E+002  2.739572311377E+003  0.000000000000E+000  3.397760268010E-001
  1.421626655646E-001  7.528451192732E+001 -4.413848911955E+002  2.693373311244E+003  0.000000000000E+000  3.415638277412E-001
  1.448791546661E-001  7.409537556187E+001 -4.341309426387E+002  2.647442061670E+003  0.000000000000E+000  3.433813605183E-001
  1.476279361856E-001  7.291198847048E+001 -4.269166370011E+002  2.601788253193E+003  0.000000000000E+000  3.452291328407E-001
  1.504092737207E-001  7.173459395265E+001 -4.197434671403E+002  2.556421382308E+003  0.000000000000E+000  3.471076644989E-001
  1.532234348983E-001  7.056343121332E+001 -4.126128976839E+002  2.511350747871E+003  0.000000000000E+000  3.490174876862E-001
  1.560706914324E-001  6.939873527531E+001 -4.055263644877E+002  2.466585447635E+003  0.000000000000E+000  3.509591473312E-001
  1.589513191834E-001  6.824073689400E+001 -3.984852741084E+002  2.422134374884E+003  0.000000000000E+000  3.529332014388E-001
  1.618655982178E-001  6.708966247413E+001 -3.914910032942E+002  2.378006215203E+003  0.000000000000E+000  3.549402214441E-001
  1.648138128702E-001  6.594573398906E+001 -3.845448984906E+002  2.334209443359E+003  0.000000000000E+000  3.569807925765E-001
  1.677962518056E-001  6.480916890224E+001 -3.776482753647E+002  2.290752320312E+003  0.000000000000E+000  3.590555142355E-001
  1.708132080832E-001  6.368018009119E+001 -3.708024183462E+002  2.247642890354E+003  0.000000000000E+000  3.611650003790E-001
  1.738649792215E-001  6.255897577394E+001 -3.640085801865E+002  2.204888978372E+003  0.000000000000E+000  3.633098799240E-001
  1.769518672648E-001  6.144575943794E+001 -3.572679815362E+002  2.162498187249E+003  0.000000000000E+000  3.654907971606E-001
  1.800741788507E-001  6.034072977165E+001 -3.505818105407E+002  2.120477895396E+003  0.000000000000E+000  3.677084121786E-001
  1.832322252791E-001  5.924408059867E+001 -3.439512224553E+002  2.078835254421E+003  0.000000000000E+000  3.699634013095E-001
  1.864263225826E-001  5.815600081460E+001 -3.373773392791E+002  2.037577186937E+003  0.000000000000E+000  3.722564575817E-001
  1.896567915983E-001  5.707667432666E+001 -3.308612494088E+002  1.996710384507E+003  0.000000000000E+000  3.745882911917E-001
  1.929239580409E-001  5.600627999604E+001 -3.244040073118E+002  1.956241305740E+003  0.000000000000E+000  3.769596299902E-001
  1.962281525771E-001  5.494499158311E+001 -3.180066332201E+002  1.916176174519E+003  0.000000000000E+000  3.793712199847E-001
  1.995697109023E-001  5.389297769554E+001 -3.116701128441E+002  1.876520978386E+003  0.000000000000E+000  3.818238258593E-001
  2.029489738173E-001  5.285040173929E+001 -3.053953971076E+002  1.837281467071E+003  0.000000000000E+000  3.843182315110E-001
  2.063662873085E-001  5.181742187261E+001 -2.991834019033E+002  1.798463151163E+003  0.000000000000E+000  3.868552406050E-001
  2.098220026275E-001  5.079419096303E+001 -2.930350078694E+002  1.760071300948E+003  0.000000000000E+000  3.894356771482E-001
  2.133164763746E-001  4.978085654737E+001 -2.869510601886E+002  1.722110945379E+003  0.000000000000E+000  3.920603860825E-001
  2.168500705817E-001  4.877756079492E+001 -2.809323684072E+002  1.684586871218E+003  0.000000000000E+000  3.947302338984E-001
  2.204231527988E-001  4.778444047364E+001 -2.749797062775E+002  1.647503622319E+003  0.000000000000E+000  3.974461092690E-001
  2.240360961807E-001  4.680162691958E+001 -2.690938116211E+002  1.610865499072E+003  0.000000000000E+000  4.002089237067E-001
  2.276892795770E-001  4.582924600947E+001 -2.632753862154E+002  1.574676558004E+003  0.000000000000E+000  4.030196122422E-001
  2.313830876220E-001  4.486741813653E+001 -2.575250957012E+002  1.538940611534E+003  0.000000000000E+000  4.058791341267E-001
  2.351179108282E-001  4.391625818949E+001 -2.518435695142E+002  1.503661227889E+003  0.000000000000E+000  4.087884735592E-001
  2.388941456809E-001  4.297587553494E+001 -2.462314008379E+002  1.468841731176E+003  0.000000000000E+000  4.117486404391E-001
  2.427121947345E-001  4.204637400292E+001 -2.406891465796E+002  1.434485201612E+003  0.000000000000E+000  4.147606711447E-001
  2.465724667110E-001  4.112785187584E+001 -2.352173273698E+002  1.400594475917E+003  0.000000000000E+000  4.178256293401E-001
  2.504753766009E-001  4.022040188076E+001 -2.298164275833E+002  1.367172147858E+003  0.000000000000E+000  4.209446068100E-001
  2.544213457654E-001  3.932411118492E+001 -2.244868953839E+002  1.334220568964E+003  0.000000000000E+000  4.241187243246E-001
  2.584108020414E-001  3.843906139478E+001 -2.192291427919E+002  1.301741849385E+003  0.000000000000E+000  4.273491325351E-001
  2.624441798480E-001  3.756532855826E+001 -2.140435457748E+002  1.269737858925E+003  0.000000000000E+000  4.306370129019E-001
  2.665219202956E-001  3.670298317051E+001 -2.089304443600E+002  1.238210228218E+003  0.000000000000E+000  4.339835786557E-001
  2.706444712976E-001  3.585209018293E+001 -2.038901427714E+002  1.207160350074E+003  0.000000000000E+000  4.373900757941E-001
  2.748122876832E-001  3.501270901566E+001 -1.989229095880E+002  1.176589380972E+003  0.000000000000E+000  4.408577841135E-001
  2.790258313137E-001  3.418489357345E+001 -1.940289779261E+002  1.146498242716E+003  0.000000000000E+000  4.443880182799E-001
  2.832855712010E-001  3.336869226482E+001 -1.892085456432E+002  1.116887624242E+003  0.000000000000E+000  4.479821289378E-001
  2.875919836279E-001  3.256414802472E+001 -1.844617755651E+002  1.087757983575E+003  0.000000000000E+000  4.516415038615E-001
  2.919455522717E-001  3.177129834043E+001 -1.797887957351E+002  1.059109549948E+003  0.000000000000E+000  4.553675691471E-001
  2.963467683296E-001  3.099017528093E+001 -1.751896996856E+002  1.030942326062E+003  0.000000000000E+000  4.591617904506E-001
  3.007961306479E-001  3.022080552946E+001 -1.706645467313E+002  1.003256090496E+003  0.000000000000E+000  4.630256742714E-001
  3.052941458522E-001  2.946321041954E+001 -1.662133622849E+002  9.760504002699E+002  0.000000000000E+000  4.669607692840E-001
  3.098413284823E-001  2.871740597419E+001 -1.618361381940E+002  9.493245935466E+002  0.000000000000E+000  4.709686677197E-001
  3.144382011281E-001  2.798340294845E+001 -1.575328330992E+002  9.230777924782E+002  0.000000000000E+000  4.750510068013E-001
  3.190852945695E-001  2.726120687512E+001 -1.533033728138E+002  8.973089061936E+002  0.000000000000E+000  4.792094702315E-001
  3.237831479192E-001  2.655081811372E+001 -1.491476507238E+002  8.720166339225E+002  0.000000000000E+000  4.834457897387E-001
  3.285323087679E-001  2.585223190268E+001 -1.450655282085E+002  8.471994682561E+002  0.000000000000E+000  4.877617466814E-001
  3.333333333333E-001  2.516543841450E+001 -1.410568350815E+002  8.228556985386E+002  0.000000000000E+000  4.921591737147E-001
  3.381867866117E-001  2.449042281421E+001 -1.371213700509E+002  7.989834143894E+002  0.000000000000E+000  4.966399565217E-001
  3.430932425333E-001  2.382716532075E+001 -1.332589011999E+002  7.755805093505E+002  0.000000000000E+000  5.012060356106E-001
  3.480532841203E-001  2.317564127135E+001 -1.294691664846E+002  7.526446846577E+002  0.000000000000E+000  5.058594081835E-001
  3.530675036492E-001  2.253582118894E+001 -1.257518742525E+002  7.301734531307E+002  0.000000000000E+000  5.106021300767E-001
  3.581365028158E-001  2.190767085237E+001 -1.221067037774E+002  7.081641431792E+002  0.000000000000E+000  5.154363177783E-001
  3.632608929041E-001  2.129115136952E+001 -1.185333058126E+002  6.866139029216E+002  0.000000000000E+000  5.203641505249E-001
  3.684412949588E-001  2.068621925320E+001 -1.150313031611E+002  6.655197044110E+002  0.000000000000E+000  5.253878724807E-001
  3.736783399619E-001  2.009282649970E+001 -1.116002912628E+002  6.448783479667E+002  0.000000000000E+000  5.305097950038E-001
  3.789726690123E-001  1.951092067003E+001 -1.082398387968E+002  6.246864666047E+002  0.000000000000E+000  5.357322990024E-001
  3.843249335105E-001  1.894044497377E+001 -1.049494883002E+002  6.049405305640E+002  0.000000000000E+000  5.410578373854E-001
  3.897357953460E-001  1.838133835535E+001 -1.017287568013E+002  5.856368519252E+002  0.000000000000E+000  5.464889376106E-001
  3.952059270903E-001  1.783353558281E+001 -9.857713646696E+001  5.667715893143E+002  0.000000000000E+000  5.520282043365E-001
  4.007360121927E-001  1.729696733890E+001 -9.549409526446E+001  5.483407526899E+002  0.000000000000E+000  5.576783221799E-001
  4.063267451812E-001  1.677156031444E+001 -9.247907763544E+001  5.303402082065E+002  0.000000000000E+000  5.634420585863E-001
  4.119788318683E-001  1.625723730386E+001 -8.953150518291E+001  5.127656831510E+002  0.000000000000E+000  5.693222668157E-001
  4.176929895600E-001  1.575391730286E+001 -8.665077736980E+001  4.956127709454E+002  0.000000000000E+000  5.753218890508E-001
  4.234699472710E-001  1.526151560802E+001 -8.383627222856E+001  4.788769362128E+002  0.000000000000E+000  5.814439596318E-001
  4.293104459435E-001  1.477994391840E+001 -8.108734708120E+001  4.625535198990E+002  0.000000000000E+000  5.876916084230E-001
  4.352152386716E-001  1.430911043891E+001 -7.840333926889E+001  4.466377444467E+002  0.000000000000E+000  5.940680643181E-001
  4.411850909306E-001  1.384891998538E+001 -7.578356689046E+001  4.311247190148E+002  0.000000000000E+000  6.005766588890E-001
  4.472207808110E-001  1.339927409132E+001 -7.322732954920E+001  4.160094447395E+002  0.000000000000E+000  6.072208301853E-001
  4.533230992589E-001  1.296007111612E+001 -7.073390910688E+001  4.012868200291E+002  0.000000000000E+000  6.140041266893E-001
  4.594928503202E-001  1.253120635471E+001 -6.830257044458E+001  3.869516458897E+002  0.000000000000E+000  6.209302114353E-001
  4.657308513924E-001  1.211257214853E+001 -6.593256222927E+001  3.729986312733E+002  0.000000000000E+000  6.280028662981E-001
  4.720379334802E-001  1.170405799770E+001 -6.362311768549E+001  3.594223984450E+002  0.000000000000E+000  6.352259964595E-001
  4.784149414579E-001  1.130555067424E+001 -6.137345537137E+001  3.462174883617E+002  0.000000000000E+000  6.426036350583E-001
  4.848627343381E-001  1.091693433631E+001 -5.918277995802E+001  3.333783660583E+002  0.000000000000E+000  6.501399480335E-001
  4.913821855461E-001  1.053809064333E+001 -5.705028301166E+001  3.208994260335E+002  0.000000000000E+000  6.578392391664E-001
  4.979741832006E-001  1.016889887181E+001 -5.497514377761E+001  3.087749976314E+002  0.000000000000E+000  6.657059553318E-001
  5.046396304008E-001  9.809236031842E+000 -5.295652996519E+001  2.969993504116E+002  0.000000000000E+000  6.737446919644E-001
  5.113794455212E-001  9.458976984134E+000 -5.099359853302E+001  2.855666995029E+002  0.000000000000E+000  6.819601987503E-001
  5.181945625116E-001  9.117994557406E+000 -4.908549647353E+001  2.744712109341E+002  0.000000000000E+000  6.903573855519E-001
  5.250859312060E-001  8.786159666111E+000 -4.723136159613E+001  2.637070069372E+002  0.000000000000E+000  6.989413285742E-001
  5.320545176366E-001  8.463341428317E+000 -4.543032330813E+001  2.532681712159E+002  0.000000000000E+000  7.077172767825E-001
  5.391013043575E-001  8.149407283640E+000 -4.368150339253E+001  2.431487541745E+002  0.000000000000E+000  7.166906585789E-001
  5.462272907741E-001  7.844223111115E+000 -4.198401678192E+001  2.333427781017E+002  0.000000000000E+000  7.258670887484E-001
  5.534334934816E-001  7.547653346884E+000 -4.033697232778E+001  2.238442423033E+002  0.000000000000E+000  7.352523756815E-001
  5.607209466109E-001  7.259561101581E+000 -3.873947356416E+001  2.146471281785E+002  0.000000000000E+000  7.448525288833E-001
  5.680907021827E-001  6.979808277304E+000 -3.719061946510E+001  2.057454042341E+002  0.000000000000E+000  7.546737667770E-001
  5.755438304707E-001  6.708255684047E+000 -3.568950519500E+001  1.971330310326E+002  0.000000000000E+000  7.647225248107E-001
  5.830814203728E-001  6.444763155488E+000 -3.423522285110E+001  1.888039660660E+002  0.000000000000E+000  7.750054638739E-001
  5.907045797917E-001  6.189189664003E+000 -3.282686219735E+001  1.807521685546E+002  0.000000000000E+000  7.855294790330E-001
  5.984144360243E-001  5.941393434805E+000 -3.146351138886E+001  1.729716041607E+002  0.000000000000E+000  7.963017085899E-001
  6.062121361613E-001  5.701232059097E+000 -3.014425768637E+001  1.654562496178E+002  0.000000000000E+000  8.073295434714E-001
  6.140988474955E-001  5.468562606107E+000 -2.886818815972E+001  1.582000972651E+002  0.000000000000E+000  8.186206369519E-001
  6.220757579409E-001  5.243241733927E+000 -2.763439037995E+001  1.511971594878E+002  0.000000000000E+000  8.301829147146E-001
  6.301440764614E-001  5.025125799023E+000 -2.644195309909E+001  1.444414730550E+002  0.000000000000E+000  8.420245852502E-001
  6.383050335109E-001  4.814070964321E+000 -2.528996691710E+001  1.379271033529E+002  0.000000000000E+000  8.541541505939E-001
  6.465598814833E-001  4.609933305773E+000 -2.417752493533E+001  1.316481485092E+002  0.000000000000E+000  8.665804173975E-001
  6.549098951744E-001  4.412568917285E+000 -2.310372339579E+001  1.255987434039E+002  0.000000000000E+000  8.793125083290E-001
  6.633563722545E-001  4.221834013926E+000 -2.206766230574E+001  1.197730635638E+002  0.000000000000E+000  8.923598737930E-001
  6.719006337539E-001  4.037585033315E+000 -2.106844604693E+001  1.141653289369E+002  0.000000000000E+000  9.057323039551E-001
  6.805440245593E-001  3.859678735096E+000 -2.010518396903E+001  1.087698075427E+002  0.000000000000E+000  9.194399410546E-001
  6.892879139233E-001  3.687972298409E+000 -1.917699096664E+001  1.035808189973E+002  0.000000000000E+000  9.334932919803E-001
  6.981336959871E-001  3.522323417279E+000 -1.828298803955E+001  9.859273790809E+001  0.000000000000E+000  9.479032410796E-001
  7.070827903152E-001  3.362590393830E+000 -1.742230283553E+001  9.379999713728E+001  0.000000000000E+000  9.626810631625E-001
  7.161366424455E-001  3.208632229258E+000 -1.659407017551E+001  8.919709093098E+001  0.000000000000E+000  9.778384366551E-001
  7.252967244510E-001  3.060308712475E+000 -1.579743256052E+001  8.477857791198E+001  0.000000000000E+000  9.933874568443E-001
  7.345645355186E-001  2.917480506370E+000 -1.503154066011E+001  8.053908393446E+001  0.000000000000E+000  1.009340649146E+000
  7.439416025400E-001  2.780009231597E+000 -1.429555378200E+001  7.647330479874E+001  0.000000000000E+000  1.025710982317E+000
  7.534294807203E-001  2.647757547852E+000 -1.358864032242E+001  7.257600882485E+001  0.000000000000E+000  1.042511881507E+000
  7.630297542000E-001  2.520589232563E+000 -1.290997819712E+001  6.884203928382E+001  0.000000000000E+000  1.059757241042E+000
  7.727440366954E-001  2.398369256945E+000 -1.225875525268E+001  6.526631668563E+001  0.000000000000E+000  1.077461436803E+000
  7.825739721536E-001  2.280963859372E+000 -1.163416965790E+001  6.184384092340E+001  0.000000000000E+000  1.095639338032E+000
  7.925212354258E-001  2.168240616017E+000 -1.103543027520E+001  5.856969327322E+001  0.000000000000E+000  1.114306318392E+000
  8.025875329584E-001  2.060068508718E+000 -1.046175701176E+001  5.543903824981E+001  0.000000000000E+000  1.133478266050E+000
  8.127746035011E-001  1.956317990044E+000 -9.912381150434E+000  5.244712531771E+001  0.000000000000E+000  1.153171592546E+000
  8.230842188350E-001  1.856861045510E+000 -9.386545660297E+000  4.958929045887E+001  0.000000000000E+000  1.173403240142E+000
  8.335181845190E-001  1.761571252940E+000 -8.883505486780E+000  4.686095759686E+001  0.000000000000E+000  1.194190687324E+000
  8.440783406568E-001  1.670323838926E+000 -8.402527821452E+000  4.425763987884E+001  0.000000000000E+000  1.215551952063E+000
  8.547665626839E-001  1.582995732393E+000 -7.942892351461E+000  4.177494081633E+001  0.000000000000E+000  1.237505592394E+000
  8.655847621758E-001  1.499465615242E+000 -7.503891488693E+000  3.940855528618E+001  0.000000000000E+000  1.260070703796E+000
  8.765348876780E-001  1.419613970063E+000 -7.084830578781E+000  3.715427039322E+001  0.000000000000E+000  1.283266912793E+000
  8.876189255584E-001  1.343323124916E+000 -6.685028090084E+000  3.500796619669E+001  0.000000000000E+000  1.307114366108E+000
  8.988389008829E-001  1.270477295194E+000 -6.303815782826E+000  3.296561630221E+001  0.000000000000E+000  1.331633714611E+000
  9.101968783143E-001  1.200962622546E+000 -5.940538858584E+000  3.102328832179E+001  0.000000000000E+000  1.356846091203E+000
  9.216949630368E-001  1.134667210898E+000 -5.594556090374E+000  2.917714420428E+001  0.000000000000E+000  1.382773081658E+000
  9.333353017046E-001  1.071481159573E+000 -5.265239933593E+000  2.742344043892E+001  0.000000000000E+000  1.409436687340E+000
  9.451200834176E-001  1.011296593526E+000 -4.951976618119E+000  2.575852813501E+001  0.000000000000E+000  1.436859278543E+000
  9.570515407237E-001  9.540076907290E-001 -4.654166221899E+000  2.417885298064E+001  0.000000000000E+000  1.465063537093E+000
  9.691319506484E-001  8.995107067204E-001 -4.371222726358E+000  2.268095508375E+001  0.000000000000E+000  1.494072386666E+000
  9.813636357544E-001  8.477039963627E-001 -4.102574054037E+000  2.126146869910E+001  0.000000000000E+000  1.523908909125E+000
  9.937489652293E-001  7.984880328323E-001 -3.847662088843E+000  1.991712184451E+001  0.000000000000E+000  1.554596244985E+000
  1.006290356005E+000  7.517654238880E-001 -3.605942679347E+000  1.864473581020E+001  0.000000000000E+000  1.586157475965E+000
  1.018990273907E+000  7.074409254584E-001 -3.376885625579E+000  1.744122456512E+001  0.000000000000E+000  1.618615487360E+000
  1.031851234841E+000  6.654214525941E-001 -3.159974649801E+000  1.630359406424E+001  0.000000000000E+000  1.651992807836E+000
  1.044875806003E+000  6.256160878342E-001 -2.954707351736E+000  1.522894146077E+001  0.000000000000E+000  1.686311424058E+000
  1.058066607138E+000  5.879360870405E-001 -2.760595148776E+000  1.421445422773E+001  0.000000000000E+000  1.721592567417E+000
  1.071426311823E+000  5.522948827533E-001 -2.577163201684E+000  1.325740919297E+001  0.000000000000E+000  1.757856470044E+000
  1.084957648792E+000  5.186080851285E-001 -2.403950326341E+000  1.235517149204E+001  0.000000000000E+000  1.795122087217E+000
  1.098663403298E+000  4.867934805162E-001 -2.240508892094E+000  1.150519344343E+001  0.000000000000E+000  1.833406783299E+000
  1.112546418516E+000  4.567710277427E-001 -2.086404707264E+000  1.070501335050E+001  0.000000000000E+000  1.872725978492E+000
  1.126609596985E+000  4.284628521637E-001 -1.941216892393E+000  9.952254234735E+000  0.000000000000E+000  1.913092753881E+000
  1.140855902095E+000  4.017932375535E-001 -1.804537741818E+000  9.244622504738E+000  0.000000000000E+000  1.954517412743E+000
  1.155288359613E+000  3.766886159010E-001 -1.675972574171E+000  8.579906565648E+000  0.000000000000E+000  1.997006996638E+000
  1.169910059257E+000  3.530775551816E-001 -1.555139572382E+000  7.955975373399E+000  0.000000000000E+000  2.040564755746E+000
  1.184724156317E+000  3.308907451780E-001 -1.441669613802E+000  7.370776938412E+000  0.000000000000E+000  2.085189574037E+000
  1.199733873325E+000  3.100609814228E-001 -1.335206091047E+000  6.822336783207E+000  0.000000000000E+000  2.130875351440E+000
  1.214942501771E+000  2.905231473363E-001 -1.235404724150E+000  6.308756358406E+000  0.000000000000E+000  2.177610347085E+000
  1.230353403874E+000  2.722141946352E-001 -1.141933364641E+000  5.828211421542E+000  0.000000000000E+000  2.225376490074E+000
  1.245970014403E+000  2.550731220867E-001 -1.054471792136E+000  5.378950383020E+000  0.000000000000E+000  2.274148667103E+000
  1.261795842559E+000  2.390409526846E-001 -9.727115040282E-001  4.959292623526E+000  0.000000000000E+000  2.323893999575E+000
  1.277834473907E+000  2.240607093224E-001 -8.963554988828E-001  4.567626787079E+000  0.000000000000E+000  2.374571126628E+000
  1.294089572372E+000  2.100773890403E-001 -8.251180540876E-001  4.202409053827E+000  0.000000000000E+000  2.426129514670E+000
  1.310564882294E+000  1.970379359217E-001 -7.587244983485E-001  3.862161396605E+000  0.000000000000E+000  2.478508818424E+000
  1.327264230548E+000  1.848912127135E-001 -6.969109795794E-001  3.545469825139E+000  0.000000000000E+000  2.531638322946E+000
  1.344191528724E+000  1.735879712476E-001 -6.394242287328E-001  3.250982621677E+000  0.000000000000E+000  2.585436500305E+000
  1.361350775387E+000  1.630808217361E-001 -5.860213201067E-001  2.977408571690E+000  0.000000000000E+000  2.639810718244E+000
  1.378746058390E+000  1.533242010144E-001 -5.364694286470E-001  2.723515193157E+000  0.000000000000E+000  2.694657140669E+000
  1.396381557275E+000  1.442743398066E-001 -4.905455847494E-001  2.488126967803E+000  0.000000000000E+000  2.749860860822E+000
  1.414261545744E+000  1.358892290826E-001 -4.480364270510E-001  2.270123577518E+000  0.000000000000E+000  2.805296306779E+000
  1.432390394201E+000  1.281285855802E-001 -4.087379536843E-001  2.068438149023E+000  0.000000000000E+000  2.860827955056E+000
  1.450772572390E+000  1.209538165610E-001 -3.724552724476E-001  1.882055509709E+000  0.000000000000E+000  2.916311381065E+000
  1.469412652102E+000  1.143279838684E-001 -3.390023503325E-001  1.710010457390E+000  0.000000000000E+000  2.971594664679E+000
  1.488315309978E+000  1.082157673561E-001 -3.082017628249E-001  1.551386046579E+000  0.000000000000E+000  3.026520155172E+000
  1.507485330398E+000  1.025834277526E-001 -2.798844433834E-001  1.405311893704E+000  0.000000000000E+000  3.080926582694E+000
  1.526927608467E+000  9.739876902619E-002 -2.538894334752E-001  1.270962503531E+000  0.000000000000E+000  3.134651483828E+000
  1.546647153093E+000  9.263110031433E-002 -2.300636335338E-001  1.147555618898E+000  0.000000000000E+000  3.187533887986E+000
  1.566649090169E+000  8.825119747942E-002 -2.082615551833E-001  1.034350595676E+000  0.000000000000E+000  3.239417190836E+000
  1.586938665861E+000  8.423126435118E-002 -1.883450750529E-001  9.306468047359E-001  0.000000000000E+000  3.290152122594E+000
  1.607521250000E+000  8.054489371526E-002 -1.701831904899E-001  8.357820625236E-001  0.000000000000E+000  3.339599704732E+000
  1.628402339588E+000  7.716702810577E-002 -1.536517774573E-001  7.491310916762E-001  0.000000000000E+000  3.387634080253E+000
  1.649587562420E+000  7.407392045825E-002 -1.386333508873E-001  6.701040129779E-001  0.000000000000E+000  3.434145101587E+000
  1.671082680832E+000  7.124309467840E-002 -1.250168277406E-001  5.981448697798E-001  0.000000000000E+000  3.479040567097E+000
  1.692893595565E+000  6.865330618026E-002 -1.126972930072E-001  5.327301858700E-001  0.000000000000E+000  3.522248012039E+000
  1.715026349769E+000  6.628450244653E-002 -1.015757688651E-001  4.733675576348E-001  0.000000000000E+000  3.563715981756E+000
  1.737487133138E+000  6.411778366246E-002 -9.155898719881E-002  4.195942812097E-001  0.000000000000E+000  3.603414741986E+000
  1.760282286187E+000  6.213536347330E-002 -8.255916566225E-002  3.709760151935E-001  0.000000000000E+000  3.641336411286E+000
  1.783418304674E+000  6.032052991449E-002 -7.449378745793E-002  3.271054793655E-001  0.000000000000E+000  3.677494530893E+000
  1.806901844175E+000  5.865760656222E-002 -6.728538498744E-002  2.876011897337E-001  0.000000000000E+000  3.711923115418E+000
  1.830739724818E+000  5.713191395130E-002 -6.086132751732E-002  2.521062301250E-001  0.000000000000E+000  3.744675251279E+000
  1.854938936184E+000  5.572973130576E-002 -5.515361298992E-002  2.202870604265E-001  0.000000000000E+000  3.775821327165E+000
  1.879506642368E+000  5.443825862682E-002 -5.009866409809E-002  1.918323614892E-001  0.000000000000E+000  3.805446991301E+000
  1.904450187236E+000  5.324557918177E-002 -4.563712873053E-002  1.664519166165E-001  0.000000000000E+000  3.833650933639E+000
  1.929777099847E+000  5.214062243599E-002 -4.171368488483E-002  1.438755294768E-001  0.000000000000E+000  3.860542588155E+000
  1.955495100083E+000  5.111312746951E-002 -3.827685013511E-002  1.238519782066E-001  0.000000000000E+000  3.886239842157E+000
  1.981612104475E+000  5.015360691829E-002 -3.527879573220E-002  1.061480054026E-001  0.000000000000E+000  3.910866827386E+000
  2.008136232230E+000  4.925331147926E-002 -3.267516540604E-002  9.054734364237E-002  0.000000000000E+000  3.934551853322E+000
  2.035075811486E+000  4.840419501694E-002 -3.042489893176E-002  7.684977612084E-002  0.000000000000E+000  3.957425527754E+000
  2.062439385788E+000  4.759888030830E-002 -2.849006051387E-002  6.487023194234E-002  0.000000000000E+000  3.979619094731E+000
  2.090235720801E+000  4.683062546104E-002 -2.683567203585E-002  5.443791557092E-002  0.000000000000E+000  4.001263006281E+000
  2.118473811262E+000  4.609329103927E-002 -2.542955121594E-002  4.539546990630E-002  0.000000000000E+000  4.022485732468E+000
  2.147162888201E+000  4.538130792887E-002 -2.424215470377E-002  3.759817242557E-002  0.000000000000E+000  4.043412804682E+000
  2.176312426413E+000  4.468964597338E-002 -2.324642614618E-002  3.091316380785E-002  0.000000000000E+000  4.064166079754E+000
  2.205932152222E+000  4.401378340941E-002 -2.241764924507E-002  2.521870844035E-002  0.000000000000E+000  4.084863207278E+000
  2.236032051522E+000  4.334967712879E-002 -2.173330582391E-002  2.040348619006E-002  0.000000000000E+000  4.105617279335E+000
  2.266622378129E+000  4.269373379277E-002 -2.117293891398E-002  1.636591481421E-002  0.000000000000E+000  4.126536640204E+000
  2.297713662445E+000  4.204278182137E-002 -2.071802086547E-002  1.301350237424E-002  0.000000000000E+000  4.147724833443E+000
  2.329316720450E+000  4.139404427880E-002 -2.035182648252E-002  1.026222901253E-002  0.000000000000E+000  4.169280664403E+000
  2.361442663038E+000  4.074511267352E-002 -2.005931117508E-002  8.035957446682E-003  0.000000000000E+000  4.191298357739E+000
  2.394102905709E+000  4.009392168895E-002 -1.982699411409E-002  6.265871533421E-003  0.000000000000E+000  4.213867791350E+000
  2.427309178642E+000  3.943872485838E-002 -1.964284636973E-002  4.889942252392E-003  0.000000000000E+000  4.237074790323E+000
  2.461073537146E+000  3.877807119459E-002 -1.949618400561E-002  3.852420458046E-003  0.000000000000E+000  4.261001466689E+000
  2.495408372530E+000  3.811078278211E-002 -1.937756609434E-002  3.103355746383E-003  0.000000000000E+000  4.285726592995E+000
  2.530326423398E+000  3.743593333698E-002 -1.927869761247E-002  2.598140781110E-003  0.000000000000E+000  4.311325999772E+000
  2.565840787378E+000  3.675282773590E-002 -1.919233716481E-002  2.297080421054E-003  0.000000000000E+000  4.337872988897E+000
  2.601964933334E+000  3.606098251336E-002 -1.911220948006E-002  2.164984987053E-003  0.000000000000E+000  4.365438756559E+000
  2.638712714049E+000  3.536010732263E-002 -1.903292261127E-002  2.170787001986E-003  0.000000000000E+000  4.394092821090E+000
  2.676098379430E+000  3.465008735288E-002 -1.894988976610E-002  2.287180731902E-003  0.000000000000E+000  4.423903452195E+000
  2.714136590232E+000  3.393096669181E-002 -1.885925568314E-002  2.490283849478E-003  0.000000000000E+000  4.454938099277E+000
  2.752842432351E+000  3.320293262010E-002 -1.875782746191E-002  2.759320533272E-003  0.000000000000E+000  4.487263817505E+000
  2.792231431696E+000  3.246630082072E-002 -1.864300974523E-002  3.076325307590E-003  0.000000000000E+000  4.520947691054E+000
  2.832319569669E+000  3.172150148343E-002 -1.851274414447E-002  3.425866918413E-003  0.000000000000E+000  4.556057253646E+000
  2.873123299289E+000  3.096906628173E-002 -1.836545278927E-002  3.794791531006E-003  0.000000000000E+000  4.592660907055E+000
  2.914659561979E+000  3.020961619698E-002 -1.819998587566E-002  4.171984524819E-003  0.000000000000E+000  4.630828338709E+000
  2.956945805065E+000  2.944385016180E-002 -1.801557307869E-002  4.548150151348E-003  0.000000000000E+000  4.670630939919E+000
  3.000000000000E+000  2.867253449247E-002 -1.781177868835E-002  4.915608311214E-003  0.000000000000E+000  4.712142226587E+000
  3.043840661365E+000  2.789649307819E-002 -1.758846032109E-002  5.268107698058E-003  0.000000000000E+000  4.755438264539E+000
  3.088486866678E+000  2.711659829271E-002 -1.734573105343E-002  5.600654549373E-003  0.000000000000E+000  4.800598101882E+000
  3.133958277047E+000  2.633376259278E-002 -1.708392481848E-002  5.909356238483E-003  0.000000000000E+000  4.847704211037E+000
  3.180275158719E+000  2.554893076622E-002 -1.680356490251E-002  6.191278937737E-003  0.000000000000E+000  4.896842943316E+000
  3.227458405560E+000  2.476307279134E-002 -1.650533537468E-002  6.444318581074E-003  0.000000000000E+000  4.948104999159E+000
  3.275529562509E+000  2.397717726903E-002 -1.619005528079E-002  6.667084354616E-003  0.000000000000E+000  5.001585917395E+000
  3.324510850077E+000  2.319224538807E-002 -1.585865543024E-002  6.858793947062E-003  0.000000000000E+000  5.057386587150E+000
  3.374425189910E+000  2.240928538447E-002 -1.551215760495E-002  7.019179797667E-003  0.000000000000E+000  5.115613786318E+000
  3.425296231502E+000  2.162930745567E-002 -1.515165601938E-002  7.148405588506E-003  0.000000000000E+000  5.176380750851E+000
  3.477148380094E+000  2.085331909095E-002 -1.477830086216E-002  7.246992239672E-003  0.000000000000E+000  5.239807779473E+000
  3.530006825834E+000  2.008232078073E-002 -1.439328375255E-002  7.315752681030E-003  0.000000000000E+000  5.306022878865E+000
  3.583897574256E+000  1.931730206789E-002 -1.399782494804E-002  7.355734692081E-003  0.000000000000E+000  5.375162454834E+000
  3.638847478148E+000  1.855923790650E-002 -1.359316214411E-002  7.368171122261E-003  0.000000000000E+000  5.447372055521E+000
  3.694884270887E+000  1.780908529452E-002 -1.318054071195E-002  7.354436827517E-003  0.000000000000E+000  5.522807173354E+000
  3.752036601308E+000  1.706778014942E-002 -1.276120522632E-002  7.316011684898E-003  0.000000000000E+000  5.601634113132E+000
  3.810334070199E+000  1.633623439770E-002 -1.233639214213E-002  7.254449075143E-003  0.000000000000E+000  5.684030934476E+000
  3.869807268505E+000  1.561533325202E-002 -1.190732348602E-002  7.171349253336E-003  0.000000000000E+000  5.770188477811E+000
  3.930487817331E+000  1.490593265197E-002 -1.147520143674E-002  7.068337059470E-003  0.000000000000E+000  5.860311484109E+000
  3.992408409843E+000  1.420885684782E-002 -1.104120367697E-002  6.947043453847E-003  0.000000000000E+000  5.954619819881E+000
  4.055602855172E+000  1.352489610902E-002 -1.060647940767E-002  6.809090396253E-003  0.000000000000E+000  6.053349820286E+000
  4.120106124432E+000  1.285480454285E-002 -1.017214592537E-002  6.656078622547E-003  0.000000000000E+000  6.156755764900E+000
  4.185954398964E+000  1.219929801123E-002 -9.739285671957E-003  6.489577907280E-003  0.000000000000E+000  6.265111502509E+000
  4.253185120935E+000  1.155905213740E-002 -9.308943675956E-003  6.311119435918E-003  0.000000000000E+000  6.378712243471E+000
  4.321837046422E+000  1.093470039694E-002 -8.882125313821E-003  6.122189944929E-003  0.000000000000E+000  6.497876540686E+000
  4.391950301120E+000  1.032683229107E-002 -8.459794329029E-003  5.924227322049E-003  0.000000000000E+000  6.622948483049E+000
  4.463566438835E+000  9.735991603083E-003 -8.042871056052E-003  5.718617392294E-003  0.000000000000E+000  6.754300128619E+000
  4.536728502895E+000  9.162674741829E-003 -7.632230805350E-003  5.506691647452E-003  0.000000000000E+000  6.892334208554E+000
  4.611481090679E+000  8.607329179053E-003 -7.228702374225E-003  5.289725707719E-003  0.000000000000E+000  7.037487137368E+000
  4.687870421430E+000  8.070351989965E-003 -6.833066656813E-003  5.068938333640E-003  0.000000000000E+000  7.190232370234E+000
  4.765944407533E+000  7.552088508954E-003 -6.446055334454E-003  4.845490834445E-003  0.000000000000E+000  7.351084154152E+000
  4.845752729492E+000  7.052831114537E-003 -6.068349635181E-003  4.620486745116E-003  0.000000000000E+000  7.520601726899E+000
  4.927346914797E+000  6.572818159527E-003 -5.700579158019E-003  4.394971669016E-003  0.000000000000E+000  7.699394025975E+000
  5.010780420931E+000  6.112233063994E-003 -5.343320764190E-003  4.169933205524E-003  0.000000000000E+000  7.888124979551E+000
  5.096108722763E+000  5.671203589821E-003 -4.997097543004E-003  3.946300902880E-003  0.000000000000E+000  8.087519462914E+000
  5.183389404586E+000  5.249801316441E-003 -4.662377865284E-003  3.724946195213E-003  0.000000000000E+000  8.298370017503E+000
  5.272682257105E+000  4.848041337776E-003 -4.339574541501E-003  3.506682299602E-003  0.000000000000E+000  8.521544445707E+000
  5.364049379651E+000  4.465882200293E-003 -4.029044105303E-003  3.292264063875E-003  0.000000000000E+000  8.757994413706E+000
  5.457555287978E+000  4.103226101578E-003 -3.731086245919E-003  3.082387768783E-003  0.000000000000E+000  9.008765217397E+000
  5.553267027968E+000  3.759919367783E-003 -3.445943414829E-003  2.877690899134E-003  0.000000000000E+000  9.275006893605E+000
  5.651254295630E+000  3.435753226745E-003 -3.173800633192E-003  2.678751907546E-003  0.000000000000E+000  9.557986891411E+000
  5.751589563796E+000  3.130464891523E-003 -2.914785526784E-003  2.486090001586E-003  0.000000000000E+000  9.859104557568E+000
  5.854348215936E+000  2.843738966524E-003 -2.668968614580E-003  2.300164990426E-003  0.000000000000E+000  1.017990773730E+001
  5.959608687557E+000  2.575209185302E-003 -2.436363875696E-003  2.121377230638E-003  0.000000000000E+000  1.052211184910E+001
  6.067452615683E+000  2.324460485558E-003 -2.216929617136E-003  1.950067712586E-003  0.000000000000E+000  1.088762186166E+001
  6.177964996951E+000  2.091031422851E-003 -2.010569661734E-003  1.786518329051E-003  0.000000000000E+000  1.127855768643E+001
  6.291234354880E+000  1.874416920107E-003 -1.817134871903E-003  1.630952366389E-003  0.000000000000E+000  1.169728360316E+001
  6.407352916949E+000  1.674071345210E-003 -1.636425020294E-003  1.483535255735E-003  0.000000000000E+000  1.214644246443E+001
  6.526416802128E+000  1.489411903899E-003 -1.468191013372E-003  1.344375617690E-003  0.000000000000E+000  1.262899558399E+001
  6.648526219580E+000  1.319822329861E-003 -1.312137468263E-003  1.213526628708E-003  0.000000000000E+000  1.314826941096E+001
  6.773785679311E+000  1.164656848512E-003 -1.167925637117E-003  1.090987731090E-003  0.000000000000E+000  1.370801033866E+001
  6.902304215570E+000  1.023244385463E-003 -1.035176666825E-003  9.767067014139E-004  0.000000000000E+000  1.431244930663E+001
  7.034195623922E+000  8.948929853208E-004 -9.134751752741E-004  8.705820843790E-004  0.000000000000E+000  1.496637824552E+001
  7.169578712934E+000  7.788944012773E-004 -8.023731186254E-004  7.724659907496E-004  0.000000000000E+000  1.567524091177E+001
  7.308577571516E+000  6.745288111228E-004 -7.013939174507E-004  6.821672494408E-004  0.000000000000E+000  1.644524129481E+001
  7.451321853057E+000  5.810696109493E-004 -6.100368031676E-004  5.994548950559E-004  0.000000000000E+000  1.728347359754E+001
  7.597947077547E+000  4.977882340606E-004 -5.277813402016E-004  5.240619635392E-004  0.000000000000E+000  1.819807885242E+001
  7.748594953021E+000  4.239589396162E-004 -4.540920738583E-004  4.556895602810E-004  0.000000000000E+000  1.919843462072E+001
  7.903413717736E+000  3.588635134243E-004 -3.884232491848E-004  3.940111572051E-004  0.000000000000E+000  2.029538604845E+001
  8.062558504629E+000  3.017958222147E-004 -3.302235422981E-004  3.386770683055E-004  0.000000000000E+000  2.150152897589E+001
  8.226191729726E+000  2.520661627612E-004 -2.789407429162E-004  2.893190469822E-004  0.000000000000E+000  2.283155904785E+001
  8.394483506327E+000  2.090053484912E-004 -2.340263253045E-004  2.455549435585E-004  0.000000000000E+000  2.430270517058E+001
  8.567612086926E+000  1.719684787798E-004 -1.949398446508E-004  2.069933577208E-004  0.000000000000E+000  2.593527168016E+001
  8.745764335025E+000  1.403383400200E-004 -1.611530971292E-004  1.732382184774E-004  0.000000000000E+000  2.775332191613E+001
  8.929136229160E+000  1.135283927902E-004 -1.321539846571E-004  1.438932237060E-004  0.000000000000E+000  2.978554756266E+001
  9.117933401693E+000  9.098530596708E-005 -1.074500296243E-004  1.185660725598E-004  0.000000000000E+000  3.206638468467E+001
  9.312371715124E+000  7.219100637114E-005 -8.657149066285E-005  9.687242697113E-005  0.000000000000E+000  3.463746124553E+001
  9.512677878945E+000  5.666422135293E-005 -6.907403775911E-005  7.843954324149E-005  0.000000000000E+000  3.754949579633E+001
  9.719090110332E+000  4.396150144921E-005 -5.454095356261E-005  6.290952118001E-005  0.000000000000E+000  4.086481896682E+001
  9.931858842267E+000  3.367772062812E-005 -4.258483744576E-005  4.994212633478E-005  0.000000000000E+000  4.466076812325E+001
  1.015124748302E+001  2.544606242923E-005 -3.284879947221E-005  3.921715037698E-005  0.000000000000E+000  4.903432735853E+001
  1.037753323129E+001  1.893751117392E-005 -2.500714265868E-005  3.043628540189E-005  0.000000000000E+000  5.410857761753E+001
  1.061100795175E+001  1.385987802993E-005 -1.876554342752E-005  2.332449950069E-005  0.000000000000E+000  6.004183390504E+001
  1.085197911611E+001  9.956401701614E-006 -1.386075157586E-005  1.763091307384E-005  0.000000000000E+000  6.704086586581E+001
  1.110077081537E+001  7.003972518021E-006 -1.005984203628E-005  1.312918759652E-005  0.000000000000E+000  7.538048726931E+001
  1.135772484956E+001  4.811036353547E-006 -7.159060770335E-006  9.617450475886E-006  0.000000000000E+000  8.543337016931E+001
  1.162320190175E+001  3.215240819017E-006 -4.982315926621E-006  6.917790809940E-006  0.000000000000E+000  9.771680290645E+001
  1.189758280382E+001  2.080890234329E-006 -3.379372547599E-006  4.875370829930E-006  0.000000000000E+000  1.129684996552E+002
  1.218126990242E+001  1.296277835030E-006 -2.223814312594E-006  3.357206172379E-006  0.000000000000E+000  1.322739694242E+002
  1.247468853413E+001  7.709633574545E-007 -1.410838821603E-006  2.250674528234E-006  0.000000000000E+000  1.572880901661E+002
  1.277828862002E+001  4.330615722981E-007 -8.549536084842E-007  1.461816378126E-006  0.000000000000E+000  1.906296872934E+002
  1.309254639077E+001  2.266025841328E-007 -4.876383832324E-007  9.134932655457E-007  0.000000000000E+000  2.365658940851E+002
  1.341796625462E+001  1.090179842650E-007 -2.550350175456E-007  5.434683208347E-007  0.000000000000E+000  3.019078247054E+002
  1.375508282195E+001  4.879854253850E-008 -1.157207013920E-007  3.024705912602E-007  0.000000000000E+000  3.946736521822E+002
  1.410446310162E+001  2.335945050289E-008 -3.861182069410E-008  1.522993481791E-007  0.000000000000E+000  5.045290888864E+002
  1.446670888596E+001  1.713865872472E-008 -1.036848613509E-009  6.401724705587E-008  0.000000000000E+000  5.593901410914E+002
  1.484245934302E+001  1.994310773867E-008  1.299360462345E-008  1.627243330004E-008  0.000000000000E+000  5.318340508793E+002
  1.523239383723E+001  2.554717348496E-008  1.430193591429E-008 -6.220076277901E-009  0.000000000000E+000  4.896955218399E+002
  1.563723500136E+001  3.053795190311E-008  9.836532967893E-009 -1.401759198013E-008  0.000000000000E+000  4.614172034075E+002
  1.605775208607E+001  3.339355451384E-008  3.744800743395E-009 -1.409942201572E-008  0.000000000000E+000  4.478709237599E+002
  1.649476461582E+001  3.377374732267E-008 -1.763211705707E-009 -1.082625359168E-008  0.000000000000E+000  4.461840092747E+002
  1.694914638379E+001  3.199729056891E-008 -5.743246233370E-009 -6.716663576154E-009  0.000000000000E+000  4.542929701897E+002
  1.742182982203E+001  2.867734091029E-008 -8.015035034019E-009 -3.054825886668E-009  0.000000000000E+000  4.711878954970E+002
  1.791381078784E+001  2.448523087112E-008 -8.804932153123E-009 -3.483596744998E-010  0.000000000000E+000  4.966750571935E+002
  1.842615381215E+001  2.001367564066E-008 -8.506492859231E-009  1.341722944238E-009  0.000000000000E+000  5.312082352952E+002
  1.895999786176E+001  1.571268954661E-008 -7.533070058896E-009  2.175802472317E-009  0.000000000000E+000  5.758246359014E+002
  1.951656267356E+001  1.187485183506E-008 -6.238464674536E-009  2.392412102470E-009  0.000000000000E+000  6.321658312457E+002
  2.009715572669E+001  8.650624203060E-009 -4.884678973226E-009  2.225942014160E-009  0.000000000000E+000  7.025726988003E+002
  2.070317992707E+001  6.078766604587E-009 -3.639470188356E-009  1.866940084609E-009  0.000000000000E+000  7.902574436674E+002
  2.133614208874E+001  4.121135710874E-009 -2.590283453395E-009  1.449903732317E-009  0.000000000000E+000  8.995696186237E+002
  2.199766230782E+001  2.694966172755E-009 -1.764899920180E-009  1.056881602484E-009  0.000000000000E+000  1.036388643579E+003
  2.268948433818E+001  1.698908073363E-009 -1.152485970613E-009  7.284830710120E-010  0.000000000000E+000  1.208696111261E+003
  2.341348709294E+001  1.031509872124E-009 -7.214859844185E-010  4.767815240738E-010  0.000000000000E+000  1.427411819811E+003
  2.417169741362E+001  6.024814748737E-010 -4.328780069731E-010  2.969412133500E-010  0.000000000000E+000  1.707625057592E+003
  2.496630426925E+001  3.380184615178E-010 -2.487147027589E-010  1.761381814866E-010  0.000000000000E+000  2.070428694432E+003
  2.579967457140E+001  1.818469051459E-010 -1.366795863462E-010  9.950573779716E-011  0.000000000000E+000  2.545687637418E+003
  2.667437081864E+001  9.361927286615E-011 -7.172550317539E-011  5.349667732475E-011  0.000000000000E+000  3.176279149338E+003
  2.759317081651E+001  4.601757575711E-011 -3.587207937763E-011  2.733448063770E-011  0.000000000000E+000  4.024690663600E+003
  2.855908975674E+001  2.154080755595E-011 -1.705868990615E-011  1.324961446362E-011  0.000000000000E+000  5.183460077339E+003
  2.957540498378E+001  9.574787308240E-012 -7.692749839671E-012  6.078652515594E-012  0.000000000000E+000  6.791995243432E+003
  3.064568382919E+001  4.028412030432E-012 -3.279806486017E-012  2.632297624086E-012  0.000000000000E+000  9.064192567575E+003
  3.177381495601E+001  1.598576570144E-012 -1.317543822002E-012  1.072526759896E-012  0.000000000000E+000  1.233471929185E+004
  3.296404372807E+001  5.959644701783E-013 -4.967945879518E-013  4.096889223197E-013  0.000000000000E+000  0.000000000000E+000
  3.422101220608E+001  2.078294184659E-013 -1.750813519150E-013  1.461158298223E-013  0.000000000000E+000  0.000000000000E+000
  3.554980447538E+001  6.746949450977E-014 -5.739915924860E-014  4.843335963408E-014  0.000000000000E+000  0.000000000000E+000
  3.695599813319E+001  2.028226358399E-014 -1.741407435504E-014  1.484463374353E-014  0.000000000000E+000  0.000000000000E+000
  3.844572291106E+001  5.612871746924E-015 -4.860747559669E-015  4.183018325267E-015  0.000000000000E+000  0.000000000000E+000
  4.002572758518E+001  1.420670022253E-015 -1.240271844786E-015  1.076817274042E-015  0.000000000000E+000  0.000000000000E+000
  4.170345654134E+001  3.265251213181E-016 -2.872356145930E-016  2.514496396927E-016  0.000000000000E+000  0.000000000000E+000
  4.348713762001E+001  6.760676257828E-017 -5.989907039550E-017  5.284378559136E-017  0.000000000000E+000  0.000000000000E+000
  4.538588318162E+001  1.249774159769E-017 -1.114786446659E-017  9.906414305483E-018  0.000000000000E+000  0.000000000000E+000
  4.740980671574E+001  2.042821798091E-018 -1.821623505200E-018  1.628845708601E-018  0.000000000000E+000  0.000000000000E+000
  4.957015778746E+001  2.904861239485E-019 -2.675767207846E-019  2.041271716536E-019  0.000000000000E+000  0.000000000000E+000
  5.187947869225E+001  3.212205060887E-020 -2.896625099376E-020  5.598743389006E-020  0.000000000000E+000  0.000000000000E+000
  5.435178690397E+001  6.707589532981E-021 -6.203230359755E-021  4.711278973448E-023  0.000000000000E+000  0.000000000000E+000
  5.700278828629E+001  5.944906148891E-024 -8.576032668150E-024  7.655637588406E-024  0.000000000000E+000  0.000000000000E+000
  5.985012714155E+001  7.447644188811E-025  0.000000000000E+000  0.000000000000E+000  0.000000000000E+000  0.000000000000E+000
  6.291368055481E+001  0.000000000000E+000  0.000000000000E+000  0.000000000000E+000  0.000000000000E+000  0.000000000000E+000
  6.621590623276E+001  0.000000000000E+000  0.000000000000E+000  0.000000000000E+000  0.000000000000E+000  0.000000000000E+000
  6.978225524452E+001  0.000000000000E+000  0.000000000000E+000  0.000000000000E+000  0.000000000000E+000  0.000000000000E+000
  7.364166388185E+001  0.000000000000E+000  0.000000000000E+000  0.000000000000E+000  0.000000000000E+000  0.000000000000E+000
  7.782714245929E+001  0.000000000000E+000  0.000000000000E+000  0.000000000000E+000  0.000000000000E+000  0.000000000000E+000
  8.237648351994E+001  0.000000000000E+000  0.000000000000E+000  0.000000000000E+000  0.000000000000E+000  0.000000000000E+000
  8.733311794502E+001  0.000000000000E+000  0.000000000000E+000  0.000000000000E+000  0.000000000000E+000  0.000000000000E+000
  9.274715535088E+001  0.000000000000E+000  0.000000000000E+000  0.000000000000E+000  0.000000000000E+000  0.000000000000E+000
  9.867665554529E+001  0.000000000000E+000  0.000000000000E+000  0.000000000000E+000  0.000000000000E+000  0.000000000000E+000
  1.051891916055E+002  0.000000000000E+000  0.000000000000E+000  0.000000000000E+000  0.000000000000E+000  0.000000000000E+000
  1.123637836013E+002  0.000000000000E+000  0.000000000000E+000  0.000000000000E+000  0.000000000000E+000  0.000000000000E+000
  1.202933069206E+002  0.000000000000E+000  0.000000000000E+000  0.000000000000E+000  0.000000000000E+000  0.000000000000E+000
  1.290875131414E+002  0.000000000000E+000  0.000000000000E+000  0.000000000000E+000  0.000000000000E+000  0.000000000000E+000
  1.388768482001E+002  0.000000000000E+000  0.000000000000E+000  0.000000000000E+000  0.000000000000E+000  0.000000000000E+000
  1.498173177370E+002  0.000000000000E+000  0.000000000000E+000  0.000000000000E+000  0.000000000000E+000  0.000000000000E+000
  1.620967411853E+002  0.000000000000E+000  0.000000000000E+000  0.000000000000E+000  0.000000000000E+000  0.000000000000E+000
  1.759428668168E+002  0.000000000000E+000  0.000000000000E+000  0.000000000000E+000  0.000000000000E+000  0.000000000000E+000
  1.916340085825E+002  0.000000000000E+000  0.000000000000E+000  0.000000000000E+000  0.000000000000E+000  0.000000000000E+000
  2.095131417987E+002  0.000000000000E+000  0.000000000000E+000  0.000000000000E+000  0.000000000000E+000  0.000000000000E+000
  2.300068054477E+002  0.000000000000E+000  0.000000000000E+000  0.000000000000E+000  0.000000000000E+000  0.000000000000E+000
  2.536507797910E+002  0.000000000000E+000  0.000000000000E+000  0.000000000000E+000  0.000000000000E+000  0.000000000000E+000
  2.811254638474E+002  0.000000000000E+000  0.000000000000E+000  0.000000000000E+000  0.000000000000E+000  0.000000000000E+000
  3.133053780630E+002  0.000000000000E+000  0.000000000000E+000  0.000000000000E+000  0.000000000000E+000  0.000000000000E+000
  3.513296254502E+002  0.000000000000E+000  0.000000000000E+000  0.000000000000E+000  0.000000000000E+000  0.000000000000E+000
  3.967041014107E+002  0.000000000000E+000  0.000000000000E+000  0.000000000000E+000  0.000000000000E+000  0.000000000000E+000
  4.514529193350E+002  0.000000000000E+000  0.000000000000E+000  0.000000000000E+000  0.000000000000E+000  0.000000000000E+000
  5.183481233601E+002  0.000000000000E+000  0.000000000000E+000  0.000000000000E+000  0.000000000000E+000  0.000000000000E+000
  6.012676077950E+002  0.000000000000E+000  0.000000000000E+000  0.000000000000E+000  0.000000000000E+000  0.000000000000E+000
  7.057700503752E+002  0.000000000000E+000  0.000000000000E+000  0.000000000000E+000  0.000000000000E+000  0.000000000000E+000
  8.400513767914E+002  0.000000000000E+000  0.000000000000E+000  0.000000000000E+000  0.000000000000E+000  0.000000000000E+000
  1.016602135495E+003  0.000000000000E+000  0.000000000000E+000  0.000000000000E+000  0.000000000000E+000  0.000000000000E+000
  1.255220715579E+003  0.000000000000E+000  0.000000000000E+000  0.000000000000E+000  0.000000000000E+000  0.000000000000E+000
  1.588815776243E+003  0.000000000000E+000  0.000000000000E+000  0.000000000000E+000  0.000000000000E+000  0.000000000000E+000
  2.075392011604E+003  0.000000000000E+000  0.000000000000E+000  0.000000000000E+000  0.000000000000E+000  0.000000000000E+000
  2.825079847528E+003  0.000000000000E+000  0.000000000000E+000  0.000000000000E+000  0.000000000000E+000  0.000000000000E+000
  4.068408296183E+003  0.000000000000E+000  0.000000000000E+000  0.000000000000E+000  0.000000000000E+000  0.000000000000E+000
  6.357262947672E+003  0.000000000000E+000  0.000000000000E+000  0.000000000000E+000  0.000000000000E+000  0.000000000000E+000
  1.130231930164E+004  0.000000000000E+000  0.000000000000E+000  0.000000000000E+000  0.000000000000E+000  0.000000000000E+000
  2.543105175136E+004  0.000000000000E+000  0.000000000000E+000  0.000000000000E+000  0.000000000000E+000  0.000000000000E+000
  1.017262069952E+005  0.000000000000E+000  0.000000000000E+000  0.000000000000E+000  0.000000000000E+000  0.000000000000E+000
