# 1st line: number of mesh points
# abcissa wavefunction wavefunction_1st wavefunction_2nd
500
# Principal QN=   2 , l=   0 , Occupation=   1.0000
  9.830308526563E-006  1.657057593101E+000 -5.274476747400E+000  1.705328828714E+001
  3.932200719722E-005  1.656902047238E+000 -5.273973844520E+000  1.705141933464E+001
  8.847741541467E-005  1.656642823500E+000 -5.273135751594E+000  1.704830473970E+001
  1.573003992805E-004  1.656279950935E+000 -5.271962586424E+000  1.704394499115E+001
  2.457963722418E-004  1.655813470209E+000 -5.270454513919E+000  1.703834077326E+001
  3.539722959954E-004  1.655243433602E+000 -5.268611746078E+000  1.703149296570E+001
  4.818366816529E-004  1.654569905002E+000 -5.266434541969E+000  1.702340264347E+001
  6.293995911626E-004  1.653792959905E+000 -5.263923207709E+000  1.701407107680E+001
  7.966726389935E-004  1.652912685407E+000 -5.261078096433E+000  1.700349973100E+001
  9.836689940782E-004  1.651929180196E+000 -5.257899608261E+000  1.699169026637E+001
  1.190403382016E-003  1.650842554551E+000 -5.254388190259E+000  1.697864453802E+001
  1.416892087541E-003  1.649652930327E+000 -5.250544336403E+000  1.696436459569E+001
  1.663152957245E-003  1.648360440952E+000 -5.246368587525E+000  1.694885268361E+001
  1.929205402573E-003  1.646965231416E+000 -5.241861531269E+000  1.693211124021E+001
  2.215070403073E-003  1.645467458258E+000 -5.237023802029E+000  1.691414289797E+001
  2.520770509919E-003  1.643867289558E+000 -5.231856080897E+000  1.689495048314E+001
  2.846329849692E-003  1.642164904924E+000 -5.226359095589E+000  1.687453701545E+001
  3.191774128432E-003  1.640360495480E+000 -5.220533620386E+000  1.685290570789E+001
  3.557130635959E-003  1.638454263848E+000 -5.214380476050E+000  1.683005996633E+001
  3.942428250463E-003  1.636446424141E+000 -5.207900529752E+000  1.680600338926E+001
  4.347697443358E-003  1.634337201940E+000 -5.201094694987E+000  1.678073976742E+001
  4.772970284417E-003  1.632126834282E+000 -5.193963931485E+000  1.675427308341E+001
  5.218280447175E-003  1.629815569639E+000 -5.186509245117E+000  1.672660751138E+001
  5.683663214611E-003  1.627403667905E+000 -5.178731687798E+000  1.669774741653E+001
  6.169155485101E-003  1.624891400371E+000 -5.170632357386E+000  1.666769735477E+001
  6.674795778653E-003  1.622279049709E+000 -5.162212397569E+000  1.663646207222E+001
  7.200624243425E-003  1.619566909948E+000 -5.153472997754E+000  1.660404650478E+001
  7.746682662519E-003  1.616755286456E+000 -5.144415392951E+000  1.657045577760E+001
  8.313014461060E-003  1.613844495910E+000 -5.135040863645E+000  1.653569520460E+001
  8.899664713569E-003  1.610834866279E+000 -5.125350735672E+000  1.649977028795E+001
  9.506680151615E-003  1.607726736795E+000 -5.115346380078E+000  1.646268671747E+001
  1.013410917176E-002  1.604520457927E+000 -5.105029212986E+000  1.642445037009E+001
  1.078200184380E-002  1.601216391356E+000 -5.094400695446E+000  1.638506730923E+001
  1.145040991929E-002  1.597814909945E+000 -5.083462333287E+000  1.634454378418E+001
  1.213938684040E-002  1.594316397710E+000 -5.072215676957E+000  1.630288622947E+001
  1.284898774901E-002  1.590721249788E+000 -5.060662321366E+000  1.626010126416E+001
  1.357926949620E-002  1.587029872409E+000 -5.048803905712E+000  1.621619569117E+001
  1.433029065191E-002  1.583242682863E+000 -5.036642113311E+000  1.617117649657E+001
  1.510211151509E-002  1.579360109461E+000 -5.024178671414E+000  1.612505084880E+001
  1.589479412397E-002  1.575382591508E+000 -5.011415351026E+000  1.607782609789E+001
  1.670840226680E-002  1.571310579261E+000 -4.998353966705E+000  1.602950977473E+001
  1.754300149280E-002  1.567144533894E+000 -4.984996376373E+000  1.598010959017E+001
  1.839865912351E-002  1.562884927460E+000 -4.971344481103E+000  1.592963343418E+001
  1.927544426443E-002  1.558532242848E+000 -4.957400224913E+000  1.587808937501E+001
  2.017342781695E-002  1.554086973750E+000 -4.943165594546E+000  1.582548565824E+001
  2.109268249069E-002  1.549549624609E+000 -4.928642619245E+000  1.577183070587E+001
  2.203328281612E-002  1.544920710582E+000 -4.913833370521E+000  1.571713311534E+001
  2.299530515754E-002  1.540200757494E+000 -4.898739961917E+000  1.566140165853E+001
  2.397882772639E-002  1.535390301791E+000 -4.883364548761E+000  1.560464528074E+001
  2.498393059493E-002  1.530489890492E+000 -4.867709327915E+000  1.554687309966E+001
  2.601069571024E-002  1.525500081143E+000 -4.851776537512E+000  1.548809440425E+001
  2.705920690860E-002  1.520421441765E+000 -4.835568456696E+000  1.542831865363E+001
  2.812954993023E-002  1.515254550802E+000 -4.819087405339E+000  1.536755547595E+001
  2.922181243436E-002  1.509999997069E+000 -4.802335743769E+000  1.530581466718E+001
  3.033608401473E-002  1.504658379698E+000 -4.785315872472E+000  1.524310618992E+001
  3.147245621542E-002  1.499230308081E+000 -4.768030231802E+000  1.517944017215E+001
  3.263102254705E-002  1.493716401814E+000 -4.750481301669E+000  1.511482690594E+001
  3.381187850339E-002  1.488117290636E+000 -4.732671601234E+000  1.504927684611E+001
  3.501512157837E-002  1.482433614371E+000 -4.714603688582E+000  1.498280060895E+001
  3.624085128345E-002  1.476666022866E+000 -4.696280160397E+000  1.491540897075E+001
  3.748916916538E-002  1.470815175926E+000 -4.677703651622E+000  1.484711286644E+001
  3.876017882444E-002  1.464881743250E+000 -4.658876835115E+000  1.477792338808E+001
  4.005398593302E-002  1.458866404363E+000 -4.639802421293E+000  1.470785178341E+001
  4.137069825459E-002  1.452769848551E+000 -4.620483157771E+000  1.463690945429E+001
  4.271042566323E-002  1.446592774787E+000 -4.600921828988E+000  1.456510795512E+001
  4.407328016341E-002  1.440335891663E+000 -4.581121255828E+000  1.449245899125E+001
  4.545937591035E-002  1.433999917312E+000 -4.561084295233E+000  1.441897441731E+001
  4.686882923075E-002  1.427585579339E+000 -4.540813839798E+000  1.434466623552E+001
  4.830175864396E-002  1.421093614741E+000 -4.520312817367E+000  1.426954659397E+001
  4.975828488365E-002  1.414524769827E+000 -4.499584190618E+000  1.419362778484E+001
  5.123853091993E-002  1.407879800140E+000 -4.478630956631E+000  1.411692224257E+001
  5.274262198188E-002  1.401159470377E+000 -4.457456146454E+000  1.403944254201E+001
  5.427068558066E-002  1.394364554299E+000 -4.436062824659E+000  1.396120139654E+001
  5.582285153302E-002  1.387495834650E+000 -4.414454088884E+000  1.388221165608E+001
  5.739925198530E-002  1.380554103070E+000 -4.392633069368E+000  1.380248630516E+001
  5.900002143803E-002  1.373540160003E+000 -4.370602928472E+000  1.372203846081E+001
  6.062529677088E-002  1.366454814605E+000 -4.348366860200E+000  1.364088137056E+001
  6.227521726827E-002  1.359298884655E+000 -4.325928089698E+000  1.355902841026E+001
  6.394992464542E-002  1.352073196454E+000 -4.303289872747E+000  1.347649308193E+001
  6.564956307496E-002  1.344778584736E+000 -4.280455495249E+000  1.339328901153E+001
  6.737427921404E-002  1.337415892559E+000 -4.257428272699E+000  1.330942994670E+001
  6.912422223211E-002  1.329985971213E+000 -4.234211549643E+000  1.322492975445E+001
  7.089954383907E-002  1.322489680112E+000 -4.210808699135E+000  1.313980241880E+001
  7.270039831418E-002  1.314927886691E+000 -4.187223122175E+000  1.305406203834E+001
  7.452694253540E-002  1.307301466296E+000 -4.163458247136E+000  1.296772282382E+001
  7.637933600943E-002  1.299611302080E+000 -4.139517529186E+000  1.288079909556E+001
  7.825774090225E-002  1.291858284888E+000 -4.115404449694E+000  1.279330528098E+001
  8.016232207035E-002  1.284043313147E+000 -4.091122515626E+000  1.270525591190E+001
  8.209324709253E-002  1.276167292749E+000 -4.066675258929E+000  1.261666562195E+001
  8.405068630235E-002  1.268231136931E+000 -4.042066235906E+000  1.252754914380E+001
  8.603481282122E-002  1.260235766163E+000 -4.017299026580E+000  1.243792130640E+001
  8.804580259214E-002  1.252182108021E+000 -3.992377234040E+000  1.234779703218E+001
  9.008383441408E-002  1.244071097066E+000 -3.967304483784E+000  1.225719133416E+001
  9.214908997710E-002  1.235903674717E+000 -3.942084423049E+000  1.216611931300E+001
  9.424175389809E-002  1.227680789124E+000 -3.916720720119E+000  1.207459615406E+001
  9.636201375725E-002  1.219403395042E+000 -3.891217063639E+000  1.198263712433E+001
  9.851006013526E-002  1.211072453692E+000 -3.865577161902E+000  1.189025756935E+001
  1.006860866512E-001  1.202688932634E+000 -3.839804742132E+000  1.179747291007E+001
  1.028902900012E-001  1.194253805630E+000 -3.813903549755E+000  1.170429863962E+001
  1.051228699979E-001  1.185768052501E+000 -3.787877347654E+000  1.161075032008E+001
  1.073840296104E-001  1.177232658995E+000 -3.761729915417E+000  1.151684357917E+001
  1.096739750056E-001  1.168648616639E+000 -3.735465048572E+000  1.142259410685E+001
  1.119929155896E-001  1.160016922596E+000 -3.709086557806E+000  1.132801765194E+001
  1.143410640503E-001  1.151338579522E+000 -3.682598268183E+000  1.123313001860E+001
  1.167186364011E-001  1.142614595415E+000 -3.656004018334E+000  1.113794706281E+001
  1.191258520249E-001  1.133845983465E+000 -3.629307659654E+000  1.104248468878E+001
  1.215629337189E-001  1.125033761904E+000 -3.602513055471E+000  1.094675884529E+001
  1.240301077413E-001  1.116178953851E+000 -3.575624080214E+000  1.085078552200E+001
  1.265276038575E-001  1.107282587154E+000 -3.548644618567E+000  1.075458074569E+001
  1.290556553882E-001  1.098345694236E+000 -3.521578564606E+000  1.065816057641E+001
  1.316144992580E-001  1.089369311932E+000 -3.494429820935E+000  1.056154110366E+001
  1.342043760450E-001  1.080354481328E+000 -3.467202297803E+000  1.046473844242E+001
  1.368255300316E-001  1.071302247600E+000 -3.439899912207E+000  1.036776872917E+001
  1.394782092560E-001  1.062213659845E+000 -3.412526587000E+000  1.027064811789E+001
  1.421626655646E-001  1.053089770917E+000 -3.385086249965E+000  1.017339277590E+001
  1.448791546661E-001  1.043931637257E+000 -3.357582832901E+000  1.007601887978E+001
  1.476279361856E-001  1.034740318723E+000 -3.330020270678E+000  9.978542611132E+000
  1.504092737207E-001  1.025516878416E+000 -3.302402500300E+000  9.880980152323E+000
  1.532234348983E-001  1.016262382510E+000 -3.274733459945E+000  9.783347682192E+000
  1.560706914324E-001  1.006977900073E+000 -3.247017087997E+000  9.685661371681E+000
  1.589513191834E-001  9.976645028934E-001 -3.219257322078E+000  9.587937379425E+000
  1.618655982178E-001  9.883232653006E-001 -3.191458098052E+000  9.490191847290E+000
  1.648138128702E-001  9.789552639847E-001 -3.163623349041E+000  9.392440895857E+000
  1.677962518056E-001  9.695615778166E-001 -3.135757004413E+000  9.294700619867E+000
  1.708132080832E-001  9.601432876657E-001 -3.107862988776E+000  9.196987083600E+000
  1.738649792215E-001  9.507014762166E-001 -3.079945220950E+000  9.099316316228E+000
  1.769518672648E-001  9.412372277849E-001 -3.052007612945E+000  9.001704307103E+000
  1.800741788507E-001  9.317516281313E-001 -3.024054068917E+000  8.904167001014E+000
  1.832322252791E-001  9.222457642755E-001 -2.996088484129E+000  8.806720293389E+000
  1.864263225826E-001  9.127207243087E-001 -2.968114743894E+000  8.709380025463E+000
  1.896567915983E-001  9.031775972055E-001 -2.940136722519E+000  8.612161979400E+000
  1.929239580409E-001  8.936174726354E-001 -2.912158282237E+000  8.515081873375E+000
  1.962281525771E-001  8.840414407726E-001 -2.884183272141E+000  8.418155356623E+000
  1.995697109023E-001  8.744505921066E-001 -2.856215527098E+000  8.321398004442E+000
  2.029489738173E-001  8.648460172514E-001 -2.828258866674E+000  8.224825313173E+000
  2.063662873085E-001  8.552288067547E-001 -2.800317094046E+000  8.128452695135E+000
  2.098220026275E-001  8.456000509072E-001 -2.772393994905E+000  8.032295473537E+000
  2.133164763746E-001  8.359608395507E-001 -2.744493336368E+000  7.936368877358E+000
  2.168500705817E-001  8.263122618874E-001 -2.716618865876E+000  7.840688036199E+000
  2.204231527988E-001  8.166554062888E-001 -2.688774310094E+000  7.745267975109E+000
  2.240360961807E-001  8.069913601044E-001 -2.660963373806E+000  7.650123609394E+000
  2.276892795770E-001  7.973212094712E-001 -2.633189738815E+000  7.555269739398E+000
  2.313830876220E-001  7.876460391241E-001 -2.605457062834E+000  7.460721045269E+000
  2.351179108282E-001  7.779669322052E-001 -2.577768978379E+000  7.366492081714E+000
  2.388941456809E-001  7.682849700761E-001 -2.550129091667E+000  7.272597272732E+000
  2.427121947345E-001  7.586012321290E-001 -2.522540981513E+000  7.179050906346E+000
  2.465724667110E-001  7.489167956003E-001 -2.495008198222E+000  7.085867129324E+000
  2.504753766009E-001  7.392327353840E-001 -2.467534262493E+000  6.993059941892E+000
  2.544213457654E-001  7.295501238478E-001 -2.440122664322E+000  6.900643192455E+000
  2.584108020414E-001  7.198700306491E-001 -2.412776861910E+000  6.808630572312E+000
  2.624441798480E-001  7.101935225538E-001 -2.385500280571E+000  6.717035610380E+000
  2.665219202956E-001  7.005216632560E-001 -2.358296311654E+000  6.625871667926E+000
  2.706444712976E-001  6.908555132001E-001 -2.331168311466E+000  6.535151933314E+000
  2.748122876832E-001  6.811961294047E-001 -2.304119600201E+000  6.444889416762E+000
  2.790258313137E-001  6.715445652885E-001 -2.277153460885E+000  6.355096945125E+000
  2.832855712010E-001  6.619018704988E-001 -2.250273138315E+000  6.265787156698E+000
  2.875919836279E-001  6.522690907427E-001 -2.223481838028E+000  6.176972496049E+000
  2.919455522717E-001  6.426472676202E-001 -2.196782725264E+000  6.088665208881E+000
  2.963467683296E-001  6.330374384614E-001 -2.170178923947E+000  6.000877336931E+000
  3.007961306479E-001  6.234406361653E-001 -2.143673515681E+000  5.913620712913E+000
  3.052941458522E-001  6.138578890430E-001 -2.117269538760E+000  5.826906955495E+000
  3.098413284823E-001  6.042902206635E-001 -2.090969987184E+000  5.740747464342E+000
  3.144382011281E-001  5.947386497033E-001 -2.064777809702E+000  5.655153415194E+000
  3.190852945695E-001  5.852041897999E-001 -2.038695908868E+000  5.570135755016E+000
  3.237831479192E-001  5.756878494088E-001 -2.012727140110E+000  5.485705197206E+000
  3.285323087679E-001  5.661906316650E-001 -1.986874310826E+000  5.401872216874E+000
  3.333333333333E-001  5.567135342483E-001 -1.961140179494E+000  5.318647046191E+000
  3.381867866117E-001  5.472575492534E-001 -1.935527454810E+000  5.236039669815E+000
  3.430932425333E-001  5.378236630643E-001 -1.910038794836E+000  5.154059820411E+000
  3.480532841203E-001  5.284128562337E-001 -1.884676806186E+000  5.072716974248E+000
  3.530675036492E-001  5.190261033672E-001 -1.859444043228E+000  4.992020346896E+000
  3.581365028158E-001  5.096643730129E-001 -1.834343007315E+000  4.911978889024E+000
  3.632608929041E-001  5.003286275553E-001 -1.809376146038E+000  4.832601282303E+000
  3.684412949588E-001  4.910198231163E-001 -1.784545852515E+000  4.753895935416E+000
  3.736783399619E-001  4.817389094602E-001 -1.759854464704E+000  4.675870980193E+000
  3.789726690123E-001  4.724868299055E-001 -1.735304264746E+000  4.598534267862E+000
  3.843249335105E-001  4.632645212419E-001 -1.710897478345E+000  4.521893365431E+000
  3.897357953460E-001  4.540729136542E-001 -1.686636274172E+000  4.445955552206E+000
  3.952059270903E-001  4.449129306515E-001 -1.662522763311E+000  4.370727816449E+000
  4.007360121927E-001  4.357854890033E-001 -1.638558998739E+000  4.296216852181E+000
  4.063267451812E-001  4.266914986821E-001 -1.614746974836E+000  4.222429056138E+000
  4.119788318683E-001  4.176318628122E-001 -1.591088626941E+000  4.149370524890E+000
  4.176929895600E-001  4.086074776257E-001 -1.567585830941E+000  4.077047052117E+000
  4.234699472710E-001  3.996192324251E-001 -1.544240402900E+000  4.005464126065E+000
  4.293104459435E-001  3.906680095528E-001 -1.521054098734E+000  3.934626927171E+000
  4.352152386716E-001  3.817546843673E-001 -1.498028613921E+000  3.864540325876E+000
  4.411850909306E-001  3.728801252278E-001 -1.475165583258E+000  3.795208880624E+000
  4.472207808110E-001  3.640451934839E-001 -1.452466580661E+000  3.726636836061E+000
  4.533230992589E-001  3.552507434747E-001 -1.429933119012E+000  3.658828121431E+000
  4.594928503202E-001  3.464976225335E-001 -1.407566650049E+000  3.591786349179E+000
  4.657308513924E-001  3.377866710007E-001 -1.385368564305E+000  3.525514813770E+000
  4.720379334802E-001  3.291187222439E-001 -1.363340191093E+000  3.460016490723E+000
  4.784149414579E-001  3.204946026850E-001 -1.341482798545E+000  3.395294035875E+000
  4.848627343381E-001  3.119151318351E-001 -1.319797593695E+000  3.331349784870E+000
  4.913821855461E-001  3.033811223362E-001 -1.298285722611E+000  3.268185752884E+000
  4.979741832006E-001  2.948933800108E-001 -1.276948270589E+000  3.205803634595E+000
  5.046396304008E-001  2.864527039178E-001 -1.255786262385E+000  3.144204804392E+000
  5.113794455212E-001  2.780598864166E-001 -1.234800662509E+000  3.083390316846E+000
  5.181945625116E-001  2.697157132370E-001 -1.213992375569E+000  3.023360907422E+000
  5.250859312060E-001  2.614209635570E-001 -1.193362246667E+000  2.964116993467E+000
  5.320545176366E-001  2.531764100870E-001 -1.172911061852E+000  2.905658675449E+000
  5.391013043575E-001  2.449828191603E-001 -1.152639548628E+000  2.847985738478E+000
  5.462272907741E-001  2.368409508303E-001 -1.132548376507E+000  2.791097654087E+000
  5.534334934816E-001  2.287515589742E-001 -1.112638157633E+000  2.734993582301E+000
  5.607209466109E-001  2.207153914015E-001 -1.092909447446E+000  2.679672373976E+000
  5.680907021827E-001  2.127331899697E-001 -1.073362745408E+000  2.625132573430E+000
  5.755438304707E-001  2.048056907046E-001 -1.053998495783E+000  2.571372421352E+000
  5.830814203728E-001  1.969336239253E-001 -1.034817088470E+000  2.518389858003E+000
  5.907045797917E-001  1.891177143749E-001 -1.015818859892E+000  2.466182526705E+000
  5.984144360243E-001  1.813586813551E-001 -9.970040939357E-001  2.414747777622E+000
  6.062121361613E-001  1.736572388648E-001 -9.783730229492E-001  2.364082671832E+000
  6.140988474955E-001  1.660140957421E-001 -9.599258287867E-001  2.314183985695E+000
  6.220757579409E-001  1.584299558101E-001 -9.416626439089E-001  2.265048215510E+000
  6.301440764614E-001  1.509055180245E-001 -9.235835525328E-001  2.216671582471E+000
  6.383050335109E-001  1.434414766241E-001 -9.056885918313E-001  2.169050037904E+000
  6.465598814833E-001  1.360385212821E-001 -8.879777531815E-001  2.122179268812E+000
  6.549098951744E-001  1.286973372595E-001 -8.704509834605E-001  2.076054703689E+000
  6.633563722545E-001  1.214186055574E-001 -8.531081863869E-001  2.030671518636E+000
  6.719006337539E-001  1.142030030709E-001 -8.359492239063E-001  1.986024643757E+000
  6.805440245593E-001  1.070512027405E-001 -8.189739176194E-001  1.942108769826E+000
  6.892879139233E-001  9.996387370271E-002 -8.021820502511E-001  1.898918355240E+000
  6.981336959871E-001  9.294168143870E-002 -7.855733671573E-001  1.856447633241E+000
  7.070827903152E-001  8.598528791896E-002 -7.691475778688E-001  1.814690619398E+000
  7.161366424455E-001  7.909535174481E-002 -7.529043576685E-001  1.773641119348E+000
  7.252967244510E-001  7.227252828509E-002 -7.368433492004E-001  1.733292736798E+000
  7.345645355186E-001  6.551746980728E-002 -7.209641641072E-001  1.693638881759E+000
  7.439416025400E-001  5.883082560235E-002 -7.052663846934E-001  1.654672779025E+000
  7.534294807203E-001  5.221324210234E-002 -6.897495656119E-001  1.616387476871E+000
  7.630297542000E-001  4.566536298974E-002 -6.744132355695E-001  1.578775855972E+000
  7.727440366954E-001  3.918782929780E-002 -6.592568990499E-001  1.541830638532E+000
  7.825739721536E-001  3.278127950074E-002 -6.442800380479E-001  1.505544397596E+000
  7.925212354258E-001  2.644634959293E-002 -6.294821138143E-001  1.469909566555E+000
  8.025875329584E-001  2.018367315604E-002 -6.148625686056E-001  1.434918448815E+000
  8.127746035011E-001  1.399388141307E-002 -6.004208274351E-001  1.400563227624E+000
  8.230842188350E-001  7.877603268300E-003 -5.861562998216E-001  1.366835976037E+000
  8.335181845190E-001  1.835465332187E-003 -5.720683815312E-001  1.333728667010E+000
  8.440783406568E-001 -4.131908070027E-003 -5.581564563082E-001  1.301233183603E+000
  8.547665626839E-001 -1.002389490686E-002 -5.444198975898E-001  1.269341329270E+000
  8.655847621758E-001 -1.583987546741E-002 -5.308580702011E-001  1.238044838237E+000
  8.765348876780E-001 -2.157923240758E-002 -5.174703320247E-001  1.207335385920E+000
  8.876189255584E-001 -2.724135081653E-002 -5.042560356412E-001  1.177204599395E+000
  8.988389008829E-001 -3.282561830467E-002 -4.912145299345E-001  1.147644067881E+000
  9.101968783143E-001 -3.833142511399E-002 -4.783451616573E-001  1.118645353217E+000
  9.216949630368E-001 -4.375816425182E-002 -4.656472769530E-001  1.090200000321E+000
  9.333353017046E-001 -4.910523164902E-002 -4.531202228268E-001  1.062299547603E+000
  9.451200834176E-001 -5.437202634344E-002 -4.407633485625E-001  1.034935537308E+000
  9.570515407237E-001 -5.955795068971E-002 -4.285760070793E-001  1.008099525774E+000
  9.691319506484E-001 -6.466241059611E-002 -4.165575562237E-001  9.817830935712E-001
  9.813636357544E-001 -6.968481578945E-002 -4.047073599904E-001  9.559778555136E-001
  9.937489652293E-001 -7.462458010859E-002 -3.930247896689E-001  9.306754705001E-001
  1.006290356005E+000 -7.948112182756E-002 -3.815092249092E-001  9.058676511787E-001
  1.018990273907E+000 -8.425386400869E-002 -3.701600547023E-001  8.815461733987E-001
  1.031851234841E+000 -8.894223488654E-002 -3.589766782707E-001  8.577028854306E-001
  1.044875806003E+000 -9.354566828299E-002 -3.479585058635E-001  8.343297169269E-001
  1.058066607138E+000 -9.806360405408E-002 -3.371049594528E-001  8.114186876014E-001
  1.071426311823E+000 -1.024954885688E-001 -3.264154733257E-001  7.889619156002E-001
  1.084957648792E+000 -1.068407752203E-001 -3.158894945682E-001  7.669516255418E-001
  1.098663403298E+000 -1.110989249693E-001 -3.055264834372E-001  7.453801562007E-001
  1.112546418516E+000 -1.152694069200E-001 -2.953259136164E-001  7.242399678125E-001
  1.126609596985E+000 -1.193516989288E-001 -2.852872723530E-001  7.035236489748E-001
  1.140855902095E+000 -1.233452882446E-001 -2.754100604717E-001  6.832239231238E-001
  1.155288359613E+000 -1.272496721814E-001 -2.656937922638E-001  6.633336545626E-001
  1.169910059257E+000 -1.310643588225E-001 -2.561379952483E-001  6.438458540214E-001
  1.184724156317E+000 -1.347888677547E-001 -2.467422098026E-001  6.247536837274E-001
  1.199733873325E+000 -1.384227308337E-001 -2.375059886628E-001  6.060504619681E-001
  1.214942501771E+000 -1.419654929781E-001 -2.284288962905E-001  5.877296671265E-001
  1.230353403874E+000 -1.454167129914E-001 -2.195105081065E-001  5.697849411743E-001
  1.245970014403E+000 -1.487759644117E-001 -2.107504095911E-001  5.522100926058E-001
  1.261795842559E+000 -1.520428363860E-001 -2.021481952509E-001  5.349990987995E-001
  1.277834473907E+000 -1.552169345695E-001 -1.937034674533E-001  5.181461077946E-001
  1.294089572372E+000 -1.582978820468E-001 -1.854158351308E-001  5.016454394735E-001
  1.310564882294E+000 -1.612853202733E-001 -1.772849123559E-001  4.854915861391E-001
  1.327264230548E+000 -1.641789100358E-001 -1.693103167906E-001  4.696792124831E-001
  1.344191528724E+000 -1.669783324283E-001 -1.614916680131E-001  4.542031549398E-001
  1.361350775387E+000 -1.696832898426E-001 -1.538285857264E-001  4.390584204226E-001
  1.378746058390E+000 -1.722935069693E-001 -1.463206878532E-001  4.242401844454E-001
  1.396381557275E+000 -1.748087318076E-001 -1.389675885225E-001  4.097437886297E-001
  1.414261545744E+000 -1.772287366811E-001 -1.317688959546E-001  3.955647376042E-001
  1.432390394201E+000 -1.795533192552E-001 -1.247242102510E-001  3.816986953042E-001
  1.450772572390E+000 -1.817823035546E-001 -1.178331210967E-001  3.681414806817E-001
  1.469412652102E+000 -1.839155409761E-001 -1.110952053840E-001  3.548890628399E-001
  1.488315309978E+000 -1.859529112948E-001 -1.045100247660E-001  3.419375556078E-001
  1.507485330398E+000 -1.878943236580E-001 -9.807712315013E-002  3.292832115760E-001
  1.526927608467E+000 -1.897397175650E-001 -9.179602414186E-002  3.169224156130E-001
  1.546647153093E+000 -1.914890638276E-001 -8.566622845022E-002  3.048516778907E-001
  1.566649090169E+000 -1.931423655090E-001 -7.968721126616E-002  2.930676264438E-001
  1.586938665861E+000 -1.946996588345E-001 -7.385841962675E-002  2.815669992967E-001
  1.607521250000E+000 -1.961610140734E-001 -6.817926977786E-002  2.703466361901E-001
  1.628402339588E+000 -1.975265363850E-001 -6.264914454889E-002  2.594034699454E-001
  1.649587562420E+000 -1.987963666265E-001 -5.726739075344E-002  2.487345175047E-001
  1.671082680832E+000 -1.999706821180E-001 -5.203331663036E-002  2.383368706901E-001
  1.692893595565E+000 -2.010496973612E-001 -4.694618933979E-002  2.282076867256E-001
  1.715026349769E+000 -2.020336647078E-001 -4.200523252931E-002  2.183441785695E-001
  1.737487133138E+000 -2.029228749726E-001 -3.720962398526E-002  2.087436051049E-001
  1.760282286187E+000 -2.037176579904E-001 -3.255849338470E-002  1.994032612413E-001
  1.783418304674E+000 -2.044183831100E-001 -2.805092016328E-002  1.903204679788E-001
  1.806901844175E+000 -2.050254596247E-001 -2.368593151441E-002  1.814925624891E-001
  1.830739724818E+000 -2.055393371348E-001 -1.946250053471E-002  1.729168882701E-001
  1.854938936184E+000 -2.059605058401E-001 -1.537954453090E-002  1.645907854285E-001
  1.879506642368E+000 -2.062894967590E-001 -1.143592350232E-002  1.565115811507E-001
  1.904450187236E+000 -2.065268818736E-001 -7.630438813282E-003  1.486765804154E-001
  1.929777099847E+000 -2.066732741973E-001 -3.961832068685E-003  1.410830570091E-001
  1.955495100083E+000 -2.067293277655E-001 -4.287842053759E-004  1.337282448990E-001
  1.981612104475E+000 -2.066957375470E-001  2.970085188746E-003  1.266093300195E-001
  2.008136232230E+000 -2.065732392760E-001  6.236218317128E-003  1.197234425287E-001
  2.035075811486E+000 -2.063626092055E-001  9.371119368733E-003  1.130676495863E-001
  2.062439385788E+000 -2.060646637822E-001  1.237635445545E-002  1.066389487046E-001
  2.090235720801E+000 -2.056802592443E-001  1.525355128562E-002  1.004342617210E-001
  2.118473811262E+000 -2.052102911434E-001  1.800439856797E-002  9.445042943777E-002
  2.147162888201E+000 -2.046556937940E-001  2.063064514185E-002  8.868420697029E-002
  2.176312426413E+000 -2.040174396524E-001  2.313409883140E-002  8.313225984284E-002
  2.205932152222E+000 -2.032965386299E-001  2.551662502291E-002  7.779116086515E-002
  2.236032051522E+000 -2.024940373434E-001  2.778014496677E-002  7.265738781906E-002
  2.266622378129E+000 -2.016110183089E-001  2.992663380704E-002  6.772732197937E-002
  2.297713662445E+000 -2.006485990836E-001  3.195811834404E-002  6.299724748737E-002
  2.329316720450E+000 -1.996079313624E-001  3.387667453714E-002  5.846335158982E-002
  2.361442663038E+000 -1.984902000359E-001  3.568442475717E-002  5.412172575000E-002
  2.394102905709E+000 -1.972966222172E-001  3.738353480005E-002  4.996836763115E-002
  2.427309178642E+000 -1.960284462452E-001  3.897621067533E-002  4.599918394586E-002
  2.461073537146E+000 -1.946869506731E-001  4.046469518537E-002  4.220999415845E-002
  2.495408372530E+000 -1.932734432514E-001  4.185126431304E-002  3.859653502020E-002
  2.530326423398E+000 -1.917892599135E-001  4.313822343799E-002  3.515446591070E-002
  2.565840787378E+000 -1.902357637754E-001  4.432790340308E-002  3.187937495144E-002
  2.601964933334E+000 -1.886143441572E-001  4.542265645480E-002  2.876678585086E-002
  2.638712714049E+000 -1.869264156389E-001  4.642485208302E-002  2.581216543390E-002
  2.676098379430E+000 -1.851734171592E-001  4.733687278684E-002  2.301093180180E-002
  2.714136590232E+000 -1.833568111676E-001  4.816110979494E-002  2.035846306271E-002
  2.752842432351E+000 -1.814780828413E-001  4.889995876976E-002  1.785010656703E-002
  2.792231431696E+000 -1.795387393750E-001  4.955581552585E-002  1.548118857671E-002
  2.832319569669E+000 -1.775403093544E-001  5.013107179342E-002  1.324702429270E-002
  2.873123299289E+000 -1.754843422231E-001  5.062811105854E-002  1.114292816047E-002
  2.914659561979E+000 -1.733724078494E-001  5.104930451154E-002  9.164224370276E-003
  2.956945805065E+000 -1.712060962038E-001  5.139700713500E-002  7.306257465819E-003
  3.000000000000E+000 -1.689870171515E-001  5.167355396223E-002  5.564402973235E-003
  3.043840661365E+000 -1.667168003678E-001  5.188125653632E-002  3.934077960973E-003
  3.088486866678E+000 -1.643970953810E-001  5.202239959868E-002  2.410751441112E-003
  3.133958277047E+000 -1.620295717461E-001  5.209923803456E-002  9.899545232748E-004
  3.180275158719E+000 -1.596159193521E-001  5.211399410116E-002 -3.327097660429E-004
  3.227458405560E+000 -1.571578488636E-001  5.206885496174E-002 -1.561557083235E-003
  3.275529562509E+000 -1.546570922960E-001  5.196597054689E-002 -2.700812867408E-003
  3.324510850077E+000 -1.521154037221E-001  5.180745176104E-002 -3.754604016668E-003
  3.374425189910E+000 -1.495345601056E-001  5.159536904946E-002 -4.726951211813E-003
  3.425296231502E+000 -1.469163622550E-001  5.133175133765E-002 -5.621761952055E-003
  3.477148380094E+000 -1.442626358907E-001  5.101858535125E-002 -6.442824360206E-003
  3.530006825834E+000 -1.415752328140E-001  5.065781532128E-002 -7.193801806871E-003
  3.583897574256E+000 -1.388560321670E-001  5.025134307500E-002 -7.878228394602E-003
  3.638847478148E+000 -1.361069417677E-001  4.980102850928E-002 -8.499505333826E-003
  3.694884270887E+000 -1.333298995049E-001  4.930869043875E-002 -9.060898232740E-003
  3.752036601308E+000 -1.305268747738E-001  4.877610780711E-002 -9.565535313446E-003
  3.810334070199E+000 -1.276998699323E-001  4.820502124585E-002 -1.001640655643E-002
  3.869807268505E+000 -1.248509217551E-001  4.759713496040E-002 -1.041636376526E-002
  3.930487817331E+000 -1.219821028604E-001  4.695411892002E-002 -1.076812153330E-002
  3.992408409843E+000 -1.190955230851E-001  4.627761132383E-002 -1.107425908420E-002
  4.055602855172E+000 -1.161933307784E-001  4.556922131196E-002 -1.133722294839E-002
  4.120106124432E+000 -1.132777139856E-001  4.483053188735E-002 -1.155933042883E-002
  4.185954398964E+000 -1.103509014913E-001  4.406310301112E-002 -1.174277380072E-002
  4.253185120935E+000 -1.074151636900E-001  4.326847483140E-002 -1.188962518222E-002
  4.321837046422E+000 -1.044728132511E-001  4.244817100386E-002 -1.200184200659E-002
  4.391950301120E+000 -1.015262055459E-001  4.160370205988E-002 -1.208127302016E-002
  4.463566438835E+000 -9.857773880085E-002  4.073656877746E-002 -1.212966472593E-002
  4.536728502895E+000 -9.562985394547E-002  3.984826550877E-002 -1.214866818903E-002
  4.611481090679E+000 -9.268503411857E-002  3.894028341828E-002 -1.213984611779E-002
  4.687870421430E+000 -8.974580380103E-002  3.801411358507E-002 -1.210468013288E-002
  4.765944407533E+000 -8.681472754142E-002  3.707124992414E-002 -1.204457813722E-002
  4.845752729492E+000 -8.389440824300E-002  3.611319188201E-002 -1.196088170013E-002
  4.927346914797E+000 -8.098748498160E-002  3.514144686401E-002 -1.185487337203E-002
  5.010780420931E+000 -7.809663032564E-002  3.415753235234E-002 -1.172778384871E-002
  5.096108722763E+000 -7.522454713171E-002  3.316297767652E-002 -1.158079890917E-002
  5.183389404586E+000 -7.237396479127E-002  3.215932540059E-002 -1.141506605589E-002
  5.272682257105E+000 -6.954763490709E-002  3.114813229458E-002 -1.123170079240E-002
  5.364049379651E+000 -6.674832638088E-002  3.013096986123E-002 -1.103179247987E-002
  5.457555287978E+000 -6.397881989743E-002  2.910942439259E-002 -1.081640972127E-002
  5.553267027968E+000 -6.124190179402E-002  2.808509653516E-002 -1.058660522927E-002
  5.651254295630E+000 -5.854035730875E-002  2.705960034628E-002 -1.034342014172E-002
  5.751589563796E+000 -5.587696320551E-002  2.603456182876E-002 -1.008788775617E-002
  5.854348215936E+000 -5.325447977915E-002  2.501161693541E-002 -9.821036662761E-003
  5.959608687557E+000 -5.067564224934E-002  2.399240903932E-002 -9.543893261933E-003
  6.067452615683E+000 -4.814315155822E-002  2.297858587071E-002 -9.257483661168E-003
  6.177964996951E+000 -4.565966459307E-002  2.197179592578E-002 -8.962834951267E-003
  6.291234354880E+000 -4.322778386229E-002  2.097368435772E-002 -8.660975869431E-003
  6.407352916949E+000 -4.085004666064E-002  1.998588836524E-002 -8.352936862225E-003
  6.526416802128E+000 -3.852891376710E-002  1.901003209853E-002 -8.039749566930E-003
  6.648526219580E+000 -3.626675772775E-002  1.804772110814E-002 -7.722445734772E-003
  6.773785679311E+000 -3.406585078416E-002  1.710053636703E-002 -7.402055623918E-003
  6.902304215570E+000 -3.192835251751E-002  1.617002790167E-002 -7.079605894161E-003
  7.034195623922E+000 -2.985629728790E-002  1.525770807331E-002 -6.756117038787E-003
  7.169578712934E+000 -2.785158155833E-002  1.436504455614E-002 -6.432600392356E-003
  7.308577571516E+000 -2.591595120271E-002  1.349345306483E-002 -6.110054756109E-003
  7.451321853057E+000 -2.405098890753E-002  1.264428988958E-002 -5.789462685412E-003
  7.597947077547E+000 -2.225810178676E-002  1.181884430287E-002 -5.471786486261E-003
  7.748594953021E+000 -2.053850933963E-002  1.101833090761E-002 -5.157963970302E-003
  7.903413717736E+000 -1.889323189027E-002  1.024388200285E-002 -4.848904020265E-003
  8.062558504629E+000 -1.732307965713E-002  9.496540048306E-003 -4.545482020041E-003
  8.226191729726E+000 -1.582864260808E-002  8.777250314989E-003 -4.248535206000E-003
  8.394483506327E+000 -1.441028126400E-002  8.086853814042E-003 -3.958857998426E-003
  8.567612086926E+000 -1.306811861892E-002  7.426080600828E-003 -3.677197374180E-003
  8.745764335025E+000 -1.180203334843E-002  6.795543555081E-003 -3.404248343768E-003
  8.929136229160E+000 -1.061165447926E-002  6.195732741165E-003 -3.140649597870E-003
  9.117933401693E+000 -9.496357691860E-003  5.627010454417E-003 -2.886979389909E-003
  9.312371715124E+000 -8.455263423269E-003  5.089607060238E-003 -2.643751722327E-003
  9.512677878945E+000 -7.487236930283E-003  4.583617731641E-003 -2.411412904711E-003
  9.719090110332E+000 -6.590890461031E-003  4.109000188179E-003 -2.190338551648E-003
  9.931858842267E+000 -5.764587667756E-003  3.665573534318E-003 -1.980831086982E-003
  1.015124748302E+001 -5.006450373272E-003  3.253018288039E-003 -1.783117818850E-003
  1.037753323129E+001 -4.314367778732E-003  2.870877680698E-003 -1.597349646323E-003
  1.061100795175E+001 -3.686008170458E-003  2.518560296573E-003 -1.423600453478E-003
  1.085197911611E+001 -3.118833148710E-003  2.195344105081E-003 -1.261867240192E-003
  1.110077081537E+001 -2.610114361489E-003  1.900381920182E-003 -1.112071030725E-003
  1.135772484956E+001 -2.156952681911E-003  1.632708300070E-003 -9.740585911751E-004
  1.162320190175E+001 -1.756299718951E-003  1.391247875929E-003 -8.476049751483E-004
  1.189758280382E+001 -1.404981498906E-003  1.174825071538E-003 -7.324169034752E-004
  1.218126990242E+001 -1.099724099840E-003  9.821751461881E-004 -6.281369686768E-004
  1.247468853413E+001 -8.371809645710E-004  8.119564621903E-004 -5.343486382490E-004
  1.277828862002E+001 -6.139615609566E-004  6.627638458790E-004 -4.505820130246E-004
  1.309254639077E+001 -4.266610030140E-004  5.331428781962E-004 -3.763202782001E-004
  1.341796625462E+001 -2.718901947156E-004  4.216049187102E-004 -3.110067655519E-004
  1.375508282195E+001 -1.463060123605E-004  3.266426363332E-004 -2.540525264647E-004
  1.410446310162E+001 -4.664100355830E-005  2.467457923363E-004 -2.048442972890E-004
  1.446670888596E+001  3.026794642678E-005  1.804169978629E-004 -1.627527219688E-004
  1.484245934302E+001  8.745254449339E-005  1.261871504236E-004 -1.271406825977E-004
  1.523239383723E+001  1.277881780955E-004  8.263024323314E-005 -9.737157741381E-005
  1.563723500136E+001  1.539717060630E-004  4.837723906678E-005 -7.281737852273E-005
  1.605775208607E+001  1.685024580469E-004  2.212870775499E-005 -5.286629913101E-005
  1.649476461582E+001  1.736668910057E-004  2.665944435901E-006 -3.692990294982E-005
  1.694914638379E+001  1.715272730118E-004 -1.113968518352E-005 -2.444949721343E-005
  1.742182982203E+001  1.639146669225E-004 -2.031938592915E-005 -1.490166576372E-005
  1.791381078784E+001  1.524263709936E-004 -2.580172282317E-005 -7.802819918396E-006
  1.842615381215E+001  1.384278434451E-004 -2.840966063024E-005 -2.712672082487E-006
  1.895999786176E+001  1.230589976978E-004 -2.885988580783E-005  7.634303734212E-007
  1.951656267356E+001  1.072446101244E-004 -2.776436915114E-005  2.973336603203E-006
  2.009715572669E+001  9.170843940044E-005 -2.563405091531E-005  4.218075092904E-006
  2.070317992707E+001  7.699052341412E-005 -2.288445512857E-005  4.752932997188E-006
  2.133614208874E+001  6.346700411046E-005 -1.984297028300E-005  4.789537500733E-006
  2.199766230782E+001  5.137174040398E-005 -1.675747385289E-005  4.498808263653E-006
  2.268948433818E+001  4.081891142826E-005 -1.380593222987E-005  4.014619134209E-006
  2.341348709294E+001  3.182579251491E-005 -1.110657924880E-005  3.437984132561E-006
  2.417169741362E+001  2.433490789139E-005 -8.728268190185E-006  2.841569013530E-006
  2.496630426925E+001  1.823482791346E-005 -6.700605419633E-006  2.274326744116E-006
  2.579967457140E+001  1.337898228547E-005 -5.023508562342E-006  1.766063495087E-006
  2.667437081864E+001  9.601998390990E-006 -3.675886491890E-006  1.331760897209E-006
  2.759317081651E+001  6.733236567326E-006 -2.623208880266E-006  9.755090838387E-007
  2.855908975674E+001  4.607370248640E-006 -1.823814485152E-006  6.939412805602E-007
  2.957540498378E+001  3.072034971135E-006 -1.233893430763E-006  4.791015181600E-007
  3.064568382919E+001  1.992732413659E-006 -8.111625510970E-007  3.207190600792E-007
  3.177381495601E+001  1.255311099291E-006 -5.173276047613E-007  2.079028295786E-007
  3.296404372807E+001  7.664438281304E-007 -3.194859346037E-007  1.303032295761E-007
  3.422101220608E+001  4.525769610260E-007 -1.906636666341E-007  7.881465525650E-008
  3.554980447538E+001  2.578367349297E-007 -1.097007563230E-007  4.590807687265E-008
  3.695599813319E+001  1.413463262497E-007 -6.069551015849E-008  2.568888143615E-008
  3.844572291106E+001  7.434242295210E-008 -3.220044300861E-008  1.377149875800E-008
  4.002572758518E+001  3.739300511426E-008 -1.632821236106E-008  7.051060917016E-009
  4.170345654134E+001  1.792182859599E-008 -7.885781223599E-009  3.436053495506E-009
  4.348713762001E+001  8.152270038423E-009 -3.612970043280E-009  1.587498542350E-009
  4.538588318162E+001  3.503908148384E-009 -1.563461451869E-009  6.923588644493E-010
  4.740980671574E+001  1.415993057300E-009 -6.358923213584E-010  2.836659446779E-010
  4.957015778746E+001  5.350740657351E-010 -2.417553551981E-010  1.085884582652E-010
  5.187947869225E+001  1.879062754121E-010 -8.538979900236E-011  3.860283927786E-011
  5.435178690397E+001  6.090520129709E-011 -2.782877873495E-011  1.265755973014E-011
  5.700278828629E+001  1.808003463818E-011 -8.304153501161E-012  3.798778290648E-012
  5.985012714155E+001  4.873074005312E-012 -2.249285421631E-012  1.034541074665E-012
  6.291368055481E+001  1.180892191526E-012 -5.476377618823E-013  2.531764645071E-013
  6.621590623276E+001  2.544532695119E-013 -1.185318832067E-013  5.506469723259E-014
  6.978225524452E+001  4.814339009408E-014 -2.252246738877E-014  1.051118508810E-014
  7.364166388185E+001  7.884668169726E-015 -3.703634813626E-015  1.736034423475E-015
  7.782714245929E+001  1.099651895980E-015 -5.185413142263E-016  2.440682824553E-016
  8.237648351994E+001  1.281815522419E-016 -6.066794236729E-017  2.866779390997E-017
  8.733311794502E+001  1.222219061089E-017 -5.805163520467E-018  2.753410758662E-018
  9.274715535088E+001  9.299009821075E-019 -4.431628643201E-019  2.109408726172E-019
  9.867665554529E+001  5.485047094908E-020 -2.622412835631E-020  1.252457176866E-020
  1.051891916055E+002  2.425573684493E-021 -1.163228294305E-021  5.573381444848E-022
  1.123637836013E+002  7.732098329284E-023 -3.718913416519E-023  1.787281539761E-023
  1.202933069206E+002  1.696639874120E-024 -8.183092891290E-025  3.944135524697E-025
  1.290875131414E+002  2.426609716276E-026 -1.173491700963E-026  5.671646194753E-027
  1.388768482001E+002  2.120105381760E-028 -1.027862607428E-028  4.980798301301E-029
  1.498173177370E+002  1.047027301911E-030 -5.088389170428E-031  2.471846396864E-031
  1.620967411853E+002  2.662002903915E-033 -1.296655073091E-033  6.313753941946E-034
  1.759428668168E+002  3.110771645613E-036 -1.518547047332E-036  7.410718250912E-037
  1.916340085825E+002  1.454595780814E-039 -7.115389498466E-040  3.479752260434E-040
  2.095131417987E+002  2.294176962922E-043 -1.124431332161E-043  5.509988148497E-044
  2.300068054477E+002  9.867550360785E-048 -4.845289737246E-048  2.378798426635E-048
  2.536507797910E+002  8.861356824153E-053 -4.358839536359E-053  2.143791253219E-053
  2.811254638474E+002  1.183478455877E-058 -5.831069667055E-059  2.872688103711E-059
  3.133053780630E+002  1.519718436533E-065 -7.499394147877E-066  3.700421610326E-066
  3.513296254502E+002  1.062940862420E-073 -5.252985429271E-074  2.595812369298E-074
  3.967041014107E+002  1.910077587235E-083 -9.452395002986E-084  4.677452306730E-084
  4.514529193350E+002  3.210983434498E-095 -1.591047571023E-095  7.883341903813E-096
  5.183481233601E+002  1.265521034941E-109 -6.278124278518E-110  3.114418403099E-110
  6.012676077950E+002  1.686632741267E-127 -8.376418120049E-128  4.159931709598E-128
  7.057700503752E+002  4.734406313202E-150 -2.353656371333E-150  1.170074171781E-150
  8.400513767914E+002  4.667446730321E-179 -2.322520585269E-179  1.155672345998E-179
  1.016602135495E+003  3.151272695970E-217 -1.569395145295E-217  7.815831514098E-218
  1.255220715579E+003  7.368240381606E-269 -3.672316446612E-269  1.830265805518E-269
  1.588815776243E+003  0.000000000000E+000  0.000000000000E+000  0.000000000000E+000
  2.075392011604E+003  0.000000000000E+000  0.000000000000E+000  0.000000000000E+000
  2.825079847528E+003  0.000000000000E+000  0.000000000000E+000  0.000000000000E+000
  4.068408296183E+003  0.000000000000E+000  0.000000000000E+000  0.000000000000E+000
  6.357262947672E+003  0.000000000000E+000  0.000000000000E+000  0.000000000000E+000
  1.130231930164E+004  0.000000000000E+000  0.000000000000E+000  0.000000000000E+000
  2.543105175136E+004  0.000000000000E+000  0.000000000000E+000  0.000000000000E+000
  1.017262069952E+005  0.000000000000E+000  0.000000000000E+000  0.000000000000E+000
