# 1st line: number of mesh points
# rho and r_seitz are calculated from total density
# zeta and r_seitz only correct of rho > 1d-12

# abcissa rho drho ddrho zeta r_seitz
500
  9.830308526563E-006  3.972554016066E+003 -6.432203327299E+004  1.061149957974E+006  0.000000000000E+000  9.106478806301E-002
  3.932200719722E-005  3.970657511440E+003 -6.429074591268E+004  1.060624125386E+006  0.000000000000E+000  9.107928417626E-002
  8.847741541467E-005  3.967498554596E+003 -6.423863203007E+004  1.059748282392E+006  0.000000000000E+000  9.110345046956E-002
  1.573003992805E-004  3.963079969096E+003 -6.416573915478E+004  1.058523245140E+006  0.000000000000E+000  9.113729610440E-002
  2.457963722418E-004  3.957405702457E+003 -6.407213373398E+004  1.056950154582E+006  0.000000000000E+000  9.118083391606E-002
  3.539722959954E-004  3.950480820689E+003 -6.395790103830E+004  1.055030474822E+006  0.000000000000E+000  9.123408042290E-002
  4.818366816529E-004  3.942311501296E+003 -6.382314504109E+004  1.052765990990E+006  0.000000000000E+000  9.129705583826E-002
  6.293995911626E-004  3.932905024743E+003 -6.366798827137E+004  1.050158806665E+006  0.000000000000E+000  9.136978408505E-002
  7.966726389935E-004  3.922269764406E+003 -6.349257164066E+004  1.047211340830E+006  0.000000000000E+000  9.145229281302E-002
  9.836689940782E-004  3.910415175026E+003 -6.329705424402E+004  1.043926324382E+006  0.000000000000E+000  9.154461341871E-002
  1.190403382016E-003  3.897351779693E+003 -6.308161313569E+004  1.040306796187E+006  0.000000000000E+000  9.164678106820E-002
  1.416892087541E-003  3.883091155361E+003 -6.284644307964E+004  1.036356098707E+006  0.000000000000E+000  9.175883472258E-002
  1.663152957245E-003  3.867645916948E+003 -6.259175627568E+004  1.032077873185E+006  0.000000000000E+000  9.188081716616E-002
  1.929205402573E-003  3.851029700033E+003 -6.231778206138E+004  1.027476054421E+006  0.000000000000E+000  9.201277503755E-002
  2.215070403073E-003  3.833257142179E+003 -6.202476659057E+004  1.022554865123E+006  0.000000000000E+000  9.215475886359E-002
  2.520770509919E-003  3.814343862927E+003 -6.171297248886E+004  1.017318809869E+006  0.000000000000E+000  9.230682309615E-002
  2.846329849692E-003  3.794306442483E+003 -6.138267848684E+004  1.011772668670E+006  0.000000000000E+000  9.246902615184E-002
  3.191774128432E-003  3.773162399143E+003 -6.103417903161E+004  1.005921490156E+006  0.000000000000E+000  9.264143045472E-002
  3.557130635959E-003  3.750930165501E+003 -6.066778387748E+004  9.997705844035E+005  0.000000000000E+000  9.282410248204E-002
  3.942428250463E-003  3.727629063463E+003 -6.028381765628E+004  9.933255153991E+005  0.000000000000E+000  9.301711281302E-002
  4.347697443358E-003  3.703279278138E+003 -5.988261942839E+004  9.865920931741E+005  0.000000000000E+000  9.322053618074E-002
  4.772970284417E-003  3.677901830622E+003 -5.946454221507E+004  9.795763656107E+005  0.000000000000E+000  9.343445152729E-002
  5.218280447175E-003  3.651518549753E+003 -5.902995251297E+004  9.722846099391E+005  0.000000000000E+000  9.365894206210E-002
  5.683663214611E-003  3.624152042853E+003 -5.857922979183E+004  9.647233239422E+005  0.000000000000E+000  9.389409532358E-002
  6.169155485101E-003  3.595825665547E+003 -5.811276597600E+004  9.568992168819E+005  0.000000000000E+000  9.414000324416E-002
  6.674795778653E-003  3.566563490668E+003 -5.763096491101E+004  9.488192001651E+005  0.000000000000E+000  9.439676221881E-002
  7.200624243425E-003  3.536390276344E+003 -5.713424181587E+004  9.404903777649E+005  0.000000000000E+000  9.466447317703E-002
  7.746682662519E-003  3.505331433285E+003 -5.662302272223E+004  9.319200364154E+005  0.000000000000E+000  9.494324165849E-002
  8.313014461060E-003  3.473412991358E+003 -5.609774390132E+004  9.231156355975E+005  0.000000000000E+000  9.523317789235E-002
  8.899664713569E-003  3.440661565482E+003 -5.555885127977E+004  9.140847973332E+005  0.000000000000E+000  9.553439688040E-002
  9.506680151615E-003  3.407104320918E+003 -5.500679984514E+004  9.048352958078E+005  0.000000000000E+000  9.584701848402E-002
  1.013410917176E-002  3.372768938005E+003 -5.444205304241E+004  8.953750468365E+005  0.000000000000E+000  9.617116751518E-002
  1.078200184380E-002  3.337683576404E+003 -5.386508216239E+004  8.857120971972E+005  0.000000000000E+000  9.650697383149E-002
  1.145040991929E-002  3.301876838912E+003 -5.327636572304E+004  8.758546138449E+005  0.000000000000E+000  9.685457243541E-002
  1.213938684040E-002  3.265377734903E+003 -5.267638884493E+004  8.658108730292E+005  0.000000000000E+000  9.721410357789E-002
  1.284898774901E-002  3.228215643463E+003 -5.206564262170E+004  8.555892493329E+005  0.000000000000E+000  9.758571286622E-002
  1.357926949620E-002  3.190420276275E+003 -5.144462348686E+004  8.451982046516E+005  0.000000000000E+000  9.796955137666E-002
  1.433029065191E-002  3.152021640315E+003 -5.081383257768E+004  8.346462771315E+005  0.000000000000E+000  9.836577577153E-002
  1.510211151509E-002  3.113050000432E+003 -5.017377509759E+004  8.239420700877E+005  0.000000000000E+000  9.877454842129E-002
  1.589479412397E-002  3.073535841853E+003 -4.952495967787E+004  8.130942409182E+005  0.000000000000E+000  9.919603753141E-002
  1.670840226680E-002  3.033509832700E+003 -4.886789773989E+004  8.021114900363E+005  0.000000000000E+000  9.963041727443E-002
  1.754300149280E-002  2.993002786547E+003 -4.820310285885E+004  7.910025498364E+005  0.000000000000E+000  1.000778679272E-001
  1.839865912351E-002  2.952045625118E+003 -4.753109013008E+004  7.797761737153E+005  0.000000000000E+000  1.005385760137E-001
  1.927544426443E-002  2.910669341146E+003 -4.685237553903E+004  7.684411251641E+005  0.000000000000E+000  1.010127344530E-001
  2.017342781695E-002  2.868904961476E+003 -4.616747533583E+004  7.570061669512E+005  0.000000000000E+000  1.015005427134E-001
  2.109268249069E-002  2.826783510467E+003 -4.547690541551E+004  7.454800504129E+005  0.000000000000E+000  1.020022069723E-001
  2.203328281612E-002  2.784335973743E+003 -4.478118070487E+004  7.338715048685E+005  0.000000000000E+000  1.025179402822E-001
  2.299530515754E-002  2.741593262349E+003 -4.408081455696E+004  7.221892271789E+005  0.000000000000E+000  1.030479627426E-001
  2.397882772639E-002  2.698586177381E+003 -4.337631815401E+004  7.104418714625E+005  0.000000000000E+000  1.035925016792E-001
  2.498393059493E-002  2.655345375124E+003 -4.266819991997E+004  6.986380389878E+005  0.000000000000E+000  1.041517918289E-001
  2.601069571024E-002  2.611901332764E+003 -4.195696494329E+004  6.867862682548E+005  0.000000000000E+000  1.047260755322E-001
  2.705920690860E-002  2.568284314716E+003 -4.124311441099E+004  6.748950252838E+005  0.000000000000E+000  1.053156029325E-001
  2.812954993023E-002  2.524524339631E+003 -4.052714505479E+004  6.629726941238E+005  0.000000000000E+000  1.059206321829E-001
  2.922181243436E-002  2.480651148108E+003 -3.980954861010E+004  6.510275675954E+005  0.000000000000E+000  1.065414296603E-001
  3.033608401473E-002  2.436694171177E+003 -3.909081128873E+004  6.390678382829E+005  0.000000000000E+000  1.071782701874E-001
  3.147245621542E-002  2.392682499585E+003 -3.837141326594E+004  6.271015897859E+005  0.000000000000E+000  1.078314372629E-001
  3.263102254705E-002  2.348644853933E+003 -3.765182818262E+004  6.151367882451E+005  0.000000000000E+000  1.085012232998E-001
  3.381187850339E-002  2.304609555702E+003 -3.693252266330E+004  6.031812741531E+005  0.000000000000E+000  1.091879298720E-001
  3.501512157837E-002  2.260604499202E+003 -3.621395585059E+004  5.912427544600E+005  0.000000000000E+000  1.098918679706E-001
  3.624085128345E-002  2.216657124492E+003 -3.549657895657E+004  5.793287949867E+005  0.000000000000E+000  1.106133582679E-001
  3.748916916538E-002  2.172794391288E+003 -3.478083483190E+004  5.674468131520E+005  0.000000000000E+000  1.113527313923E-001
  3.876017882444E-002  2.129042753907E+003 -3.406715755298E+004  5.556040710260E+005  0.000000000000E+000  1.121103282115E-001
  4.005398593302E-002  2.085428137263E+003 -3.335597202768E+004  5.438076687146E+005  0.000000000000E+000  1.128865001266E-001
  4.137069825459E-002  2.041975913954E+003 -3.264769362021E+004  5.320645380846E+005  0.000000000000E+000  1.136816093759E-001
  4.271042566323E-002  1.998710882456E+003 -3.194272779534E+004  5.203814368355E+005  0.000000000000E+000  1.144960293493E-001
  4.407328016341E-002  1.955657246448E+003 -3.124146978249E+004  5.087649429230E+005  0.000000000000E+000  1.153301449137E-001
  4.545937591035E-002  1.912838595292E+003 -3.054430425989E+004  4.972214493406E+005  0.000000000000E+000  1.161843527498E-001
  4.686882923075E-002  1.870277885684E+003 -2.985160505917E+004  4.857571592629E+005  0.000000000000E+000  1.170590616995E-001
  4.830175864396E-002  1.827997424485E+003 -2.916373489052E+004  4.743780815531E+005  0.000000000000E+000  1.179546931259E-001
  4.975828488365E-002  1.786018852758E+003 -2.848104508875E+004  4.630900266402E+005  0.000000000000E+000  1.188716812854E-001
  5.123853091993E-002  1.744363131011E+003 -2.780387538020E+004  4.518986027649E+005  0.000000000000E+000  1.198104737114E-001
  5.274262198188E-002  1.703050525650E+003 -2.713255367078E+004  4.408092125976E+005  0.000000000000E+000  1.207715316115E-001
  5.427068558066E-002  1.662100596669E+003 -2.646739585508E+004  4.298270502272E+005  0.000000000000E+000  1.217553302775E-001
  5.582285153302E-002  1.621532186548E+003 -2.580870564668E+004  4.189570985223E+005  0.000000000000E+000  1.227623595087E-001
  5.739925198530E-002  1.581363410396E+003 -2.515677442947E+004  4.082041268620E+005  0.000000000000E+000  1.237931240488E-001
  5.900002143803E-002  1.541611647301E+003 -2.451188113010E+004  3.975726892359E+005  0.000000000000E+000  1.248481440367E-001
  6.062529677088E-002  1.502293532917E+003 -2.387429211134E+004  3.870671227098E+005  0.000000000000E+000  1.259279554713E-001
  6.227521726827E-002  1.463424953254E+003 -2.324426108623E+004  3.766915462548E+005  0.000000000000E+000  1.270331106913E-001
  6.394992464542E-002  1.425021039683E+003 -2.262202905283E+004  3.664498599348E+005  0.000000000000E+000  1.281641788689E-001
  6.564956307496E-002  1.387096165134E+003 -2.200782424939E+004  3.563457444492E+005  0.000000000000E+000  1.293217465190E-001
  6.737427921404E-002  1.349663941474E+003 -2.140186212957E+004  3.463826610243E+005  0.000000000000E+000  1.305064180227E-001
  6.912422223211E-002  1.312737218061E+003 -2.080434535760E+004  3.365638516487E+005  0.000000000000E+000  1.317188161668E-001
  7.089954383907E-002  1.276328081443E+003 -2.021546382284E+004  3.268923396452E+005  0.000000000000E+000  1.329595826977E-001
  7.270039831418E-002  1.240447856195E+003 -1.963539467350E+004  3.173709305731E+005  0.000000000000E+000  1.342293788912E-001
  7.452694253540E-002  1.205107106865E+003 -1.906430236914E+004  3.080022134519E+005  0.000000000000E+000  1.355288861373E-001
  7.637933600943E-002  1.170315641009E+003 -1.850233875140E+004  2.987885623007E+005  0.000000000000E+000  1.368588065401E-001
  7.825774090225E-002  1.136082513297E+003 -1.794964313260E+004  2.897321379812E+005  0.000000000000E+000  1.382198635325E-001
  8.016232207035E-002  1.102416030648E+003 -1.740634240177E+004  2.808348903384E+005  0.000000000000E+000  1.396128025067E-001
  8.209324709253E-002  1.069323758387E+003 -1.687255114736E+004  2.720985606275E+005  0.000000000000E+000  1.410383914571E-001
  8.405068630235E-002  1.036812527375E+003 -1.634837179646E+004  2.635246842173E+005  0.000000000000E+000  1.424974216394E-001
  8.603481282122E-002  1.004888442099E+003 -1.583389476955E+004  2.551145935598E+005  0.000000000000E+000  1.439907082410E-001
  8.804580259214E-002  9.735568896752E+002 -1.532919865054E+004  2.468694214150E+005  0.000000000000E+000  1.455190910650E-001
  9.008383441408E-002  9.428225497391E+002 -1.483435037134E+004  2.387901043202E+005  0.000000000000E+000  1.470834352259E-001
  9.214908997710E-002  9.126894051907E+002 -1.434940541026E+004  2.308773862917E+005  0.000000000000E+000  1.486846318545E-001
  9.424175389809E-002  8.831607537521E+002 -1.387440800375E+004  2.231318227470E+005  0.000000000000E+000  1.503235988134E-001
  9.636201375725E-002  8.542392203064E+002 -1.340939137081E+004  2.155537846365E+005  0.000000000000E+000  1.520012814190E-001
  9.851006013526E-002  8.259267699782E+002 -1.295437794919E+004  2.081434627716E+005  0.000000000000E+000  1.537186531694E-001
  1.006860866512E-001  7.982247219176E+002 -1.250937964300E+004  2.009008723365E+005  0.000000000000E+000  1.554767164755E-001
  1.028902900012E-001  7.711337637492E+002 -1.207439808079E+004  1.938258575728E+005  0.000000000000E+000  1.572765033933E-001
  1.051228699979E-001  7.446539666468E+002 -1.164942488351E+004  1.869180966216E+005  0.000000000000E+000  1.591190763535E-001
  1.073840296104E-001  7.187848009919E+002 -1.123444194167E+004  1.801771065133E+005  0.000000000000E+000  1.610055288859E-001
  1.096739750056E-001  6.935251525786E+002 -1.082942170086E+004  1.736022482896E+005  0.000000000000E+000  1.629369863348E-001
  1.119929155896E-001  6.688733393213E+002 -1.043432745501E+004  1.671927322469E+005  0.000000000000E+000  1.649146065590E-001
  1.143410640503E-001  6.448271284252E+002 -1.004911364672E+004  1.609476232868E+005  0.000000000000E+000  1.669395806150E-001
  1.167186364011E-001  6.213837539797E+002 -9.673726173743E+003  1.548658463622E+005  0.000000000000E+000  1.690131334130E-001
  1.191258520249E-001  5.985399349314E+002 -9.308102701124E+003  1.489461920049E+005  0.000000000000E+000  1.711365243440E-001
  1.215629337189E-001  5.762918933972E+002 -8.952172978168E+003  1.431873219237E+005  0.000000000000E+000  1.733110478657E-001
  1.240301077413E-001  5.546353732763E+002 -8.605859159529E+003  1.375877746587E+005  0.000000000000E+000  1.755380340434E-001
  1.265276038575E-001  5.335656591203E+002 -8.269076129754E+003  1.321459712809E+005  0.000000000000E+000  1.778188490327E-001
  1.290556553882E-001  5.130775952212E+002 -7.941731830567E+003  1.268602211246E+005  0.000000000000E+000  1.801548954962E-001
  1.316144992580E-001  4.931656048769E+002 -7.623727590222E+003  1.217287275402E+005  0.000000000000E+000  1.825476129397E-001
  1.342043760450E-001  4.738237097966E+002 -7.314958454239E+003  1.167495936559E+005  0.000000000000E+000  1.849984779573E-001
  1.368255300316E-001  4.550455496055E+002 -7.015313516877E+003  1.119208281375E+005  0.000000000000E+000  1.875090043674E-001
  1.394782092560E-001  4.368244014108E+002 -6.724676252693E+003  1.072403509338E+005  0.000000000000E+000  1.900807432260E-001
  1.421626655646E-001  4.191531993939E+002 -6.442924847555E+003  1.027059989984E+005  0.000000000000E+000  1.927152826953E-001
  1.448791546661E-001  4.020245543894E+002 -6.169932528499E+003  9.831553197589E+004  0.000000000000E+000  1.954142477499E-001
  1.476279361856E-001  3.854307734172E+002 -5.905567891833E+003  9.406663784299E+004  0.000000000000E+000  1.981792996949E-001
  1.504092737207E-001  3.693638791326E+002 -5.649695228905E+003  8.995693849483E+004  0.000000000000E+000  2.010121354723E-001
  1.532234348983E-001  3.538156291604E+002 -5.402174848991E+003  8.598399526651E+004  0.000000000000E+000  2.039144867257E-001
  1.560706914324E-001  3.387775352809E+002 -5.162863398745E+003  8.214531438131E+004  0.000000000000E+000  2.068881185919E-001
  1.589513191834E-001  3.242408824357E+002 -4.931614177716E+003  7.843835231658E+004  0.000000000000E+000  2.099348281865E-001
  1.618655982178E-001  3.101967475246E+002 -4.708277449426E+003  7.486052107923E+004  0.000000000000E+000  2.130564427423E-001
  1.648138128702E-001  2.966360179620E+002 -4.492700747534E+003  7.140919338300E+004  0.000000000000E+000  2.162548173610E-001
  1.677962518056E-001  2.835494099675E+002 -4.284729176658E+003  6.808170772010E+004  0.000000000000E+000  2.195318323313E-001
  1.708132080832E-001  2.709274865627E+002 -4.084205707408E+003  6.487537332032E+004  0.000000000000E+000  2.228893899617E-001
  1.738649792215E-001  2.587606752496E+002 -3.890971465244E+003  6.178747499119E+004  0.000000000000E+000  2.263294108757E-001
  1.769518672648E-001  2.470392853469E+002 -3.704866012792E+003  5.881527783309E+004  0.000000000000E+000  2.298538297075E-001
  1.800741788507E-001  2.357535249607E+002 -3.525727625244E+003  5.595603182388E+004  0.000000000000E+000  2.334645901353E-001
  1.832322252791E-001  2.248935175707E+002 -3.353393558552E+003  5.320697626788E+004  0.000000000000E+000  2.371636391813E-001
  1.864263225826E-001  2.144493182100E+002 -3.187700310091E+003  5.056534410468E+004  0.000000000000E+000  2.409529207049E-001
  1.896567915983E-001  2.044109292218E+002 -3.028483871528E+003  4.802836607356E+004  0.000000000000E+000  2.448343680096E-001
  1.929239580409E-001  1.947683155756E+002 -2.875579973661E+003  4.559327472988E+004  0.000000000000E+000  2.488098954778E-001
  1.962281525771E-001  1.855114197280E+002 -2.728824322991E+003  4.325730831026E+004  0.000000000000E+000  2.528813891465E-001
  1.995697109023E-001  1.766301760138E+002 -2.588052829842E+003  4.101771444371E+004  0.000000000000E+000  2.570506961294E-001
  2.029489738173E-001  1.681145245553E+002 -2.453101827856E+003  3.887175370652E+004  0.000000000000E+000  2.613196127902E-001
  2.063662873085E-001  1.599544246790E+002 -2.323808284717E+003  3.681670301886E+004  0.000000000000E+000  2.656898715687E-001
  2.098220026275E-001  1.521398678295E+002 -2.200010003990E+003  3.484985888196E+004  0.000000000000E+000  2.701631263597E-001
  2.133164763746E-001  1.446608899726E+002 -2.081545817970E+003  3.296854045454E+004  0.000000000000E+000  2.747409363479E-001
  2.168500705817E-001  1.375075834816E+002 -1.968255771478E+003  3.117009246820E+004  0.000000000000E+000  2.794247482028E-001
  2.204231527988E-001  1.306701085001E+002 -1.859981296551E+003  2.945188798143E+004  0.000000000000E+000  2.842158765459E-001
  2.240360961807E-001  1.241387037781E+002 -1.756565377996E+003  2.781133097251E+004  0.000000000000E+000  2.891154826091E-001
  2.276892795770E-001  1.179036969783E+002 -1.657852709814E+003  2.624585877190E+004  0.000000000000E+000  2.941245510207E-001
  2.313830876220E-001  1.119555144513E+002 -1.563689842509E+003  2.475294433518E+004  0.000000000000E+000  2.992438646704E-001
  2.351179108282E-001  1.062846904783E+002 -1.473925321311E+003  2.333009835771E+004  0.000000000000E+000  3.044739776315E-001
  2.388941456809E-001  1.008818759844E+002 -1.388409815383E+003  2.197487123283E+004  0.000000000000E+000  3.098151861470E-001
  2.427121947345E-001  9.573784672235E+001 -1.306996238091E+003  2.068485485552E+004  0.000000000000E+000  3.152674977282E-001
  2.465724667110E-001  9.084351093099E+001 -1.229539858420E+003  1.945768427379E+004  0.000000000000E+000  3.208305984577E-001
  2.504753766009E-001  8.618991647293E+001 -1.155898403659E+003  1.829103919050E+004  0.000000000000E+000  3.265038186477E-001
  2.544213457654E-001  8.176825745595E+001 -1.085932153493E+003  1.718264531837E+004  0.000000000000E+000  3.322860970689E-001
  2.584108020414E-001  7.756988034495E+001 -1.019504025627E+003  1.613027559131E+004  0.000000000000E+000  3.381759440428E-001
  2.624441798480E-001  7.358628957159E+001 -9.564796531254E+002  1.513175123553E+004  0.000000000000E+000  3.441714037778E-001
  2.665219202956E-001  6.980915264961E+001 -8.967274536263E+002  1.418494270384E+004  0.000000000000E+000  3.502700164261E-001
  2.706444712976E-001  6.623030480483E+001 -8.401186906240E+002  1.328777047708E+004  0.000000000000E+000  3.564687804456E-001
  2.748122876832E-001  6.284175312959E+001 -7.865275270207E+002  1.243820573657E+004  0.000000000000E+000  3.627641159674E-001
  2.790258313137E-001  5.963568027203E+001 -7.358310711548E+002  1.163427091165E+004  0.000000000000E+000  3.691518299884E-001
  2.832855712010E-001  5.660444767138E+001 -6.879094155282E+002  1.087404010679E+004  0.000000000000E+000  3.756270843311E-001
  2.875919836279E-001  5.374059835098E+001 -6.426456684614E+002  1.015563941239E+004  0.000000000000E+000  3.821843674336E-001
  2.919455522717E-001  5.103685928141E+001 -5.999259789143E+002  9.477247104074E+003  0.000000000000E+000  3.888174711423E-001
  2.963467683296E-001  4.848614332650E+001 -5.596395547171E+002  8.837093734908E+003  0.000000000000E+000  3.955194737759E-001
  3.007961306479E-001  4.608155078568E+001 -5.216786744626E+002  8.233462125307E+003  0.000000000000E+000  4.022827308014E-001
  3.052941458522E-001  4.381637054619E+001 -4.859386933151E+002  7.664687255387E+003  0.000000000000E+000  4.090988744984E-001
  3.098413284823E-001  4.168408085938E+001 -4.523180429967E+002  7.129156064552E+003  0.000000000000E+000  4.159588239846E-001
  3.144382011281E-001  3.967834975553E+001 -4.207182262150E+002  6.625307163144E+003  0.000000000000E+000  4.228528069158E-001
  3.190852945695E-001  3.779303511168E+001 -3.910438057964E+002  6.151630461008E+003  0.000000000000E+000  4.297703940527E-001
  3.237831479192E-001  3.602218438744E+001 -3.632023887957E+002  5.706666717808E+003  0.000000000000E+000  4.367005476939E-001
  3.285323087679E-001  3.436003404388E+001 -3.371046058472E+002  5.289007019922E+003  0.000000000000E+000  4.436316847101E-001
  3.333333333333E-001  3.280100866042E+001 -3.126640860292E+002  4.897292188713E+003  0.000000000000E+000  4.505517545671E-001
  3.381867866117E-001  3.133971976518E+001 -2.897974275064E+002  4.530212124927E+003  0.000000000000E+000  4.574483323099E-001
  3.430932425333E-001  2.997096439378E+001 -2.684241642189E+002  4.186505093927E+003  0.000000000000E+000  4.643087259950E-001
  3.480532841203E-001  2.868972339205E+001 -2.484667288810E+002  3.864956956374E+003  0.000000000000E+000  4.711200975259E-001
  3.530675036492E-001  2.749115947754E+001 -2.298504125500E+002  3.564400348941E+003  0.000000000000E+000  4.778695952834E-001
  3.581365028158E-001  2.637061507513E+001 -2.125033210250E+002  3.283713819495E+003  0.000000000000E+000  4.845444963789E-001
  3.632608929041E-001  2.532360994151E+001 -1.963563283266E+002  3.021820921137E+003  0.000000000000E+000  4.911323558201E-001
  3.684412949588E-001  2.434583859328E+001 -1.813430275084E+002  2.777689269354E+003  0.000000000000E+000  4.976211594097E-001
  3.736783399619E-001  2.343316755332E+001 -1.673996790431E+002  2.550329566434E+003  0.000000000000E+000  5.039994768172E-001
  3.789726690123E-001  2.258163242969E+001 -1.544651570213E+002  2.338794597165E+003  0.000000000000E+000  5.102566110214E-001
  3.843249335105E-001  2.178743484101E+001 -1.424808933957E+002  2.142178199717E+003  0.000000000000E+000  5.163827402235E-001
  3.897357953460E-001  2.104693920224E+001 -1.313908204950E+002  1.959614215480E+003  0.000000000000E+000  5.223690484108E-001
  3.952059270903E-001  2.035666938420E+001 -1.211413120273E+002  1.790275421462E+003  0.000000000000E+000  5.282078410045E-001
  4.007360121927E-001  1.971330525999E+001 -1.116811227839E+002  1.633372448742E+003  0.000000000000E+000  5.338926424496E-001
  4.063267451812E-001  1.911367915090E+001 -1.029613272471E+002  1.488152690309E+003  0.000000000000E+000  5.394182731808E-001
  4.119788318683E-001  1.855477218446E+001 -9.493525729981E+001  1.353899201453E+003  0.000000000000E+000  5.447809041001E-001
  4.176929895600E-001  1.803371057625E+001 -8.755843922284E+001  1.229929595762E+003  0.000000000000E+000  5.499780874774E-001
  4.234699472710E-001  1.754776184733E+001 -8.078853016294E+001  1.115594939571E+003  0.000000000000E+000  5.550087640118E-001
  4.293104459435E-001  1.709433098817E+001 -7.458525424161E+001  1.010278647600E+003  0.000000000000E+000  5.598732465952E-001
  4.352152386716E-001  1.667095658005E+001 -6.891033846940E+001  9.133953823426E+002  0.000000000000E+000  5.645731820830E-001
  4.411850909306E-001  1.627530688387E+001 -6.372744862080E+001  8.243899595940E+002  0.000000000000E+000  5.691114930372E-001
  4.472207808110E-001  1.590517590645E+001 -5.900212521670E+001  7.427362623931E+002  0.000000000000E+000  5.734923019508E-001
  4.533230992589E-001  1.555847945353E+001 -5.470171975298E+001  6.679361654589E+002  0.000000000000E+000  5.777208408598E-001
  4.594928503202E-001  1.523325117840E+001 -5.079533130525E+001  5.995184720727E+002  0.000000000000E+000  5.818033494936E-001
  4.657308513924E-001  1.492763863460E+001 -4.725374363162E+001  5.370378652017E+002  0.000000000000E+000  5.857469652097E-001
  4.720379334802E-001  1.463989934066E+001 -4.404936288689E+001  4.800738745095E+002  0.000000000000E+000  5.895596079107E-001
  4.784149414579E-001  1.436839686437E+001 -4.115615605365E+001  4.282298607586E+002  0.000000000000E+000  5.932498629754E-001
  4.848627343381E-001  1.411159693373E+001 -3.854959018735E+001  3.811320189680E+002  0.000000000000E+000  5.968268649681E-001
  4.913821855461E-001  1.386806358108E+001 -3.620657256513E+001  3.384284015496E+002  0.000000000000E+000  6.003001845514E-001
  4.979741832006E-001  1.363645532666E+001 -3.410539181965E+001  2.997879625191E+002  0.000000000000E+000  6.036797206444E-001
  5.046396304008E-001  1.341552140729E+001 -3.222566013260E+001  2.648996237419E+002  0.000000000000E+000  6.069755994608E-001
  5.113794455212E-001  1.320409805550E+001 -3.054825655424E+001  2.334713640570E+002  0.000000000000E+000  6.101980816576E-001
  5.181945625116E-001  1.300110483392E+001 -2.905527150922E+001  2.052293319969E+002  0.000000000000E+000  6.133574784387E-001
  5.250859312060E-001  1.280554102952E+001 -2.772995254111E+001  1.799169827104E+002  0.000000000000E+000  6.164640771017E-001
  5.320545176366E-001  1.261648211159E+001 -2.655665134221E+001  1.572942395851E+002  0.000000000000E+000  6.195280762065E-001
  5.391013043575E-001  1.243307625735E+001 -2.552077210843E+001  1.371366809609E+002  0.000000000000E+000  6.225595302766E-001
  5.462272907741E-001  1.225454094832E+001 -2.460872125287E+001  1.192347522288E+002  0.000000000000E+000  6.255683037280E-001
  5.534334934816E-001  1.208015964040E+001 -2.380785850632E+001  1.033930035142E+002  0.000000000000E+000  6.285640335510E-001
  5.607209466109E-001  1.190927851041E+001 -2.310644942673E+001  8.942935305669E+001  0.000000000000E+000  6.315561001484E-001
  5.680907021827E-001  1.174130328112E+001 -2.249361933501E+001  7.717437631428E+001  0.000000000000E+000  6.345536056475E-001
  5.755438304707E-001  1.157569612682E+001 -2.195930868898E+001  6.647062074428E+001  0.000000000000E+000  6.375653589591E-001
  5.830814203728E-001  1.141197266111E+001 -2.149422990300E+001  5.717194613891E+001  0.000000000000E+000  6.405998668338E-001
  5.907045797917E-001  1.124969900799E+001 -2.108982561617E+001  4.914289032819E+001  0.000000000000E+000  6.436653301770E-001
  5.984144360243E-001  1.108848895769E+001 -2.073822840770E+001  4.225806000023E+001  0.000000000000E+000  6.467696449039E-001
  6.062121361613E-001  1.092800120755E+001 -2.043222195448E+001  3.640154633262E+001  0.000000000000E+000  6.499204066572E-001
  6.140988474955E-001  1.076793668893E+001 -2.016520362208E+001  3.146636507675E+001  0.000000000000E+000  6.531249187571E-001
  6.220757579409E-001  1.060803598017E+001 -1.993114847702E+001  2.735392069026E+001  0.000000000000E+000  6.563902028072E-001
  6.301440764614E-001  1.044807680572E+001 -1.972457470530E+001  2.397349407018E+001  0.000000000000E+000  6.597230114376E-001
  6.383050335109E-001  1.028787162148E+001 -1.954051041913E+001  2.124175340238E+001  0.000000000000E+000  6.631298427233E-001
  6.465598814833E-001  1.012726528580E+001 -1.937446183148E+001  1.908228760894E+001  0.000000000000E+000  6.666169558742E-001
  6.549098951744E-001  9.966132815843E+000 -1.922238277553E+001  1.742516184662E+001  0.000000000000E+000  6.701903878458E-001
  6.633563722545E-001  9.804377228530E+000 -1.908064554434E+001  1.620649448422E+001  0.000000000000E+000  6.738559705713E-001
  6.719006337539E-001  9.641927465344E+000 -1.894601302372E+001  1.536805496571E+001  0.000000000000E+000  6.776193485631E-001
  6.805440245593E-001  9.478736400011E+000 -1.881561209044E+001  1.485688194833E+001  0.000000000000E+000  6.814859966728E-001
  6.892879139233E-001  9.314778927991E+000 -1.868690824555E+001  1.462492109082E+001  0.000000000000E+000  6.854612378396E-001
  6.981336959871E-001  9.150050136632E+000 -1.855768145235E+001  1.462868185643E+001  0.000000000000E+000  6.895502606885E-001
  7.070827903152E-001  8.984563554669E+000 -1.842600314678E+001  1.482891268729E+001  0.000000000000E+000  6.937581368705E-001
  7.161366424455E-001  8.818349479729E+000 -1.829021438762E+001  1.519029390225E+001  0.000000000000E+000  6.980898380640E-001
  7.252967244510E-001  8.651453382384E+000 -1.814890511303E+001  1.568114766794E+001  0.000000000000E+000  7.025502525768E-001
  7.345645355186E-001  8.483934385225E+000 -1.800089446962E+001  1.627316439328E+001  0.000000000000E+000  7.071442015083E-001
  7.439416025400E-001  8.315863815397E+000 -1.784521217976E+001  1.694114490034E+001  0.000000000000E+000  7.118764544484E-001
  7.534294807203E-001  8.147323828952E+000 -1.768108091269E+001  1.766275772917E+001  0.000000000000E+000  7.167517447008E-001
  7.630297542000E-001  7.978406105358E+000 -1.750789962503E+001  1.841831094103E+001  0.000000000000E+000  7.217747840320E-001
  7.727440366954E-001  7.809210610451E+000 -1.732522783618E+001  1.919053779280E+001  0.000000000000E+000  7.269502769547E-001
  7.825739721536E-001  7.639844426094E+000 -1.713277080440E+001  1.996439566555E+001  0.000000000000E+000  7.322829345623E-001
  7.925212354258E-001  7.470420644805E+000 -1.693036556957E+001  2.072687764161E+001  0.000000000000E+000  7.377774879378E-001
  8.025875329584E-001  7.301057327554E+000 -1.671796782900E+001  2.146683613718E+001  0.000000000000E+000  7.434387011644E-001
  8.127746035011E-001  7.131876522982E+000 -1.649563961317E+001  2.217481801157E+001  0.000000000000E+000  7.492713839680E-001
  8.230842188350E-001  6.963003346225E+000 -1.626353772868E+001  2.284291058858E+001  0.000000000000E+000  7.552804040268E-001
  8.335181845190E-001  6.794565115592E+000 -1.602190293645E+001  2.346459804143E+001  0.000000000000E+000  7.614706989836E-001
  8.440783406568E-001  6.626690545286E+000 -1.577104983368E+001  2.403462760880E+001  0.000000000000E+000  7.678472881972E-001
  8.547665626839E-001  6.459508992424E+000 -1.551135740890E+001  2.454888512629E+001  0.000000000000E+000  7.744152842736E-001
  8.655847621758E-001  6.293149756571E+000 -1.524326024012E+001  2.500427937498E+001  0.000000000000E+000  7.811799044144E-001
  8.765348876780E-001  6.127741430061E+000 -1.496724030697E+001  2.539863476635E+001  0.000000000000E+000  7.881464816227E-001
  8.876189255584E-001  5.963411297358E+000 -1.468381938825E+001  2.573059190039E+001  0.000000000000E+000  7.953204758077E-001
  8.988389008829E-001  5.800284781756E+000 -1.439355201754E+001  2.599951555200E+001  0.000000000000E+000  8.027074848250E-001
  9.101968783143E-001  5.638484937715E+000 -1.409701896997E+001  2.620540965831E+001  0.000000000000E+000  8.103132554972E-001
  9.216949630368E-001  5.478131987170E+000 -1.379482125439E+001  2.634883889782E+001  0.000000000000E+000  8.181436946502E-001
  9.333353017046E-001  5.319342898153E+000 -1.348757458578E+001  2.643085646971E+001  0.000000000000E+000  8.262048802088E-001
  9.451200834176E-001  5.162231004105E+000 -1.317590431387E+001  2.645293769922E+001  0.000000000000E+000  8.345030723903E-001
  9.570515407237E-001  5.006905662274E+000 -1.286044078451E+001  2.641691911267E+001  0.000000000000E+000  8.430447250358E-001
  9.691319506484E-001  4.853471949610E+000 -1.254181511147E+001  2.632494264197E+001  0.000000000000E+000  8.518364971207E-001
  9.813636357544E-001  4.702030394610E+000 -1.222065533672E+001  2.617940463577E+001  0.000000000000E+000  8.608852644848E-001
  9.937489652293E-001  4.552676743570E+000 -1.189758295876E+001  2.598290937001E+001  0.000000000000E+000  8.701981318217E-001
  1.006290356005E+000  4.405501759726E+000 -1.157320980849E+001  2.573822676664E+001  0.000000000000E+000  8.797824449708E-001
  1.018990273907E+000  4.260591053817E+000 -1.124813525376E+001  2.544825404439E+001  0.000000000000E+000  8.896458035520E-001
  1.031851234841E+000  4.118024944576E+000 -1.092294371373E+001  2.511598104027E+001  0.000000000000E+000  8.997960739882E-001
  1.044875806003E+000  3.977878347730E+000 -1.059820246549E+001  2.474445895446E+001  0.000000000000E+000  9.102414029564E-001
  1.058066607138E+000  3.840220692066E+000 -1.027445972570E+001  2.433677228515E+001  0.000000000000E+000  9.209902313143E-001
  1.071426311823E+000  3.705115861186E+000 -9.952242990911E+000  2.389601373260E+001  0.000000000000E+000  9.320513085477E-001
  1.084957648792E+000  3.572622159542E+000 -9.632057620743E+000  2.342526186443E+001  0.000000000000E+000  9.434337077852E-001
  1.098663403298E+000  3.442792301428E+000 -9.314385648837E+000  2.292756134598E+001  0.000000000000E+000  9.551468414298E-001
  1.112546418516E+000  3.315673421563E+000 -8.999684806997E+000  2.240590555073E+001  0.000000000000E+000  9.672004774572E-001
  1.126609596985E+000  3.191307105968E+000 -8.688387748587E+000  2.186322137681E+001  0.000000000000E+000  9.796047564338E-001
  1.140855902095E+000  3.069729441832E+000 -8.380901457745E+000  2.130235610541E+001  0.000000000000E+000  9.923702093079E-001
  1.155288359613E+000  2.950971085100E+000 -8.077606831529E+000  2.072606614703E+001  0.000000000000E+000  1.005507776032E+000
  1.169910059257E+000  2.835057344533E+000 -7.778858422611E+000  2.013700753004E+001  0.000000000000E+000  1.019028825072E+000
  1.184724156317E+000  2.722008280995E+000 -7.484984330599E+000  1.953772799502E+001  0.000000000000E+000  1.032945173873E+000
  1.199733873325E+000  2.611838820787E+000 -7.196286230545E+000  1.893066056621E+001  0.000000000000E+000  1.047269110331E+000
  1.214942501771E+000  2.504558881816E+000 -6.913039527629E+000  1.831811847886E+001  0.000000000000E+000  1.062013415362E+000
  1.230353403874E+000  2.400173511456E+000 -6.635493627443E+000  1.770229134874E+001  0.000000000000E+000  1.077191386607E+000
  1.245970014403E+000  2.298683034966E+000 -6.363872311694E+000  1.708524247634E+001  0.000000000000E+000  1.092816863388E+000
  1.261795842559E+000  2.200083213348E+000 -6.098374209556E+000  1.646890718479E+001  0.000000000000E+000  1.108904252950E+000
  1.277834473907E+000  2.104365409568E+000 -5.839173355288E+000  1.585509209649E+001  0.000000000000E+000  1.125468558107E+000
  1.294089572372E+000  2.011516762090E+000 -5.586419823094E+000  1.524547525863E+001  0.000000000000E+000  1.142525406362E+000
  1.310564882294E+000  1.921520364700E+000 -5.340240430578E+000  1.464160703346E+001  0.000000000000E+000  1.160091080594E+000
  1.327264230548E+000  1.834355451617E+000 -5.100739502518E+000  1.404491167353E+001  0.000000000000E+000  1.178182551409E+000
  1.344191528724E+000  1.749997586952E+000 -4.867999687010E+000  1.345668950731E+001  0.000000000000E+000  1.196817511268E+000
  1.361350775387E+000  1.668418857574E+000 -4.642082816420E+000  1.287811966447E+001  0.000000000000E+000  1.216014410484E+000
  1.378746058390E+000  1.589588068494E+000 -4.423030805897E+000  1.231026327453E+001  0.000000000000E+000  1.235792495210E+000
  1.396381557275E+000  1.513470939929E+000 -4.210866582559E+000  1.175406707652E+001  0.000000000000E+000  1.256171847548E+000
  1.414261545744E+000  1.440030305211E+000 -4.005595038825E+000  1.121036738090E+001  0.000000000000E+000  1.277173427892E+000
  1.432390394201E+000  1.369226308784E+000 -3.807204003684E+000  1.067989432874E+001  0.000000000000E+000  1.298819119657E+000
  1.450772572390E+000  1.301016603542E+000 -3.615665226049E+000  1.016327639657E+001  0.000000000000E+000  1.321131776525E+000
  1.469412652102E+000  1.235356546818E+000 -3.430935364696E+000  9.661045098589E+000  0.000000000000E+000  1.344135272377E+000
  1.488315309978E+000  1.172199394383E+000 -3.252956979619E+000  9.173639841189E+000  0.000000000000E+000  1.367854554064E+000
  1.507485330398E+000  1.111496491827E+000 -3.081659519985E+000  8.701412887921E+000  0.000000000000E+000  1.392315697205E+000
  1.526927608467E+000  1.053197462780E+000 -2.916960304216E+000  8.244634395898E+000  0.000000000000E+000  1.417545965181E+000
  1.546647153093E+000  9.972503934382E-001 -2.758765488074E+000  7.803497487735E+000  0.000000000000E+000  1.443573871549E+000
  1.566649090169E+000  9.436020129255E-001 -2.606971016940E+000  7.378123325898E+000  0.000000000000E+000  1.470429246067E+000
  1.586938665861E+000  8.921978690601E-001 -2.461463558869E+000  6.968566159165E+000  0.000000000000E+000  1.498143304578E+000
  1.607521250000E+000  8.429824991336E-001 -2.322121415278E+000  6.574818313592E+000  0.000000000000E+000  1.526748722987E+000
  1.628402339588E+000  7.958995953635E-001 -2.188815406496E+000  6.196815103071E+000  0.000000000000E+000  1.556279715605E+000
  1.649587562420E+000  7.508921647143E-001 -2.061409729720E+000  5.834439637105E+000  0.000000000000E+000  1.586772118133E+000
  1.671082680832E+000  7.079026828285E-001 -1.939762787228E+000  5.487527505948E+000  0.000000000000E+000  1.618263475605E+000
  1.692893595565E+000  6.668732418495E-001 -1.823727983025E+000  5.155871325689E+000  0.000000000000E+000  1.650793135609E+000
  1.715026349769E+000  6.277456919556E-001 -1.713154486380E+000  4.839225128190E+000  0.000000000000E+000  1.684402347154E+000
  1.737487133138E+000  5.904617764640E-001 -1.607887961026E+000  4.537308583059E+000  0.000000000000E+000  1.719134365559E+000
  1.760282286187E+000  5.549632603996E-001 -1.507771259044E+000  4.249811040992E+000  0.000000000000E+000  1.755034563790E+000
  1.783418304674E+000  5.211920524590E-001 -1.412645078738E+000  3.976395389890E+000  0.000000000000E+000  1.792150550691E+000
  1.806901844175E+000  4.890903203301E-001 -1.322348586047E+000  3.716701717125E+000  0.000000000000E+000  1.830532296617E+000
  1.830739724818E+000  4.586005993601E-001 -1.236719999282E+000  3.470350773168E+000  0.000000000000E+000  1.870232266986E+000
  1.854938936184E+000  4.296658945948E-001 -1.155597137187E+000  3.236947233551E+000  0.000000000000E+000  1.911305564353E+000
  1.879506642368E+000  4.022297762339E-001 -1.078817930538E+000  3.016082757731E+000  0.000000000000E+000  1.953810079642E+000
  1.904450187236E+000  3.762364685755E-001 -1.006220897669E+000  2.807338844949E+000  0.000000000000E+000  1.997806653221E+000
  1.929777099847E+000  3.516309325423E-001 -9.376455844940E-001  2.610289488528E+000  0.000000000000E+000  2.043359246612E+000
  1.955495100083E+000  3.283589419022E-001 -8.729329697324E-001  2.424503631313E+000  0.000000000000E+000  2.090535125645E+000
  1.981612104475E+000  3.063671533131E-001 -8.119258362009E-001  2.249547426077E+000  0.000000000000E+000  2.139405056008E+000
  2.008136232230E+000  2.856031703375E-001 -7.544691091303E-001  2.084986305692E+000  0.000000000000E+000  2.190043512184E+000
  2.035075811486E+000  2.660156015843E-001 -7.004101625808E-001  1.930386868751E+000  0.000000000000E+000  2.242528900901E+000
  2.062439385788E+000  2.475541131475E-001 -6.495990951110E-001  1.785318587052E+000  0.000000000000E+000  2.296943800325E+000
  2.090235720801E+000  2.301694755192E-001 -6.018889759203E-001  1.649355341984E+000  0.000000000000E+000  2.353375216351E+000
  2.118473811262E+000  2.138136051628E-001 -5.571360627444E-001  1.522076797356E+000  0.000000000000E+000  2.411914857493E+000
  2.147162888201E+000  1.984396009362E-001 -5.151999928182E-001  1.403069616610E+000  0.000000000000E+000  2.472659430028E+000
  2.176312426413E+000  1.840017755606E-001 -4.759439482474E-001  1.291928532634E+000  0.000000000000E+000  2.535710955228E+000
  2.205932152222E+000  1.704556823317E-001 -4.392347971465E-001  1.188257278599E+000  0.000000000000E+000  2.601177110710E+000
  2.236032051522E+000  1.577581372714E-001 -4.049432118991E-001  1.091669388326E+000  0.000000000000E+000  2.669171598155E+000
  2.266622378129E+000  1.458672369192E-001 -3.729437658918E-001  1.001788874721E+000  0.000000000000E+000  2.739814539886E+000
  2.297713662445E+000  1.347423719606E-001 -3.431150100554E-001  9.182507947408E-001  0.000000000000E+000  2.813232907070E+000
  2.329316720450E+000  1.243442368891E-001 -3.153395305201E-001  8.407017092266E-001  0.000000000000E+000  2.889560982610E+000
  2.361442663038E+000  1.146348358957E-001 -2.895039886637E-001  7.688000457752E-001  0.000000000000E+000  2.968940862136E+000
  2.394102905709E+000  1.055774851765E-001 -2.654991447917E-001  7.022163725479E-001  0.000000000000E+000  3.051522996861E+000
  2.427309178642E+000  9.713681184753E-002 -2.432198666466E-001  6.406335906628E-001  0.000000000000E+000  3.137466782501E+000
  2.461073537146E+000  8.927874965071E-002 -2.225651239006E-001  5.837470524876E-001  0.000000000000E+000  3.226941198910E+000
  2.495408372530E+000  8.197053163254E-002 -2.034379697347E-001  5.312646128118E-001  0.000000000000E+000  3.320125505593E+000
  2.530326423398E+000  7.518067997299E-002 -1.857455105618E-001  4.829066195105E-001  0.000000000000E+000  3.417209998821E+000
  2.565840787378E+000  6.887899313891E-002 -1.693988648973E-001  4.384058499374E-001  0.000000000000E+000  3.518396836718E+000
  2.601964933334E+000  6.303653053269E-002 -1.543131123334E-001  3.975073989000E-001  0.000000000000E+000  3.623900939361E+000
  2.638712714049E+000  5.762559480378E-002 -1.404072335222E-001  3.599685236803E-001  0.000000000000E+000  3.733950971724E+000
  2.676098379430E+000  5.261971198776E-002 -1.276040420266E-001  3.255584511862E-001  0.000000000000E+000  3.848790418143E+000
  2.714136590232E+000  4.799360963473E-002 -1.158301088478E-001  2.940581519368E-001  0.000000000000E+000  3.968678757924E+000
  2.752842432351E+000  4.372319308655E-002 -1.050156803983E-001  2.652600852257E-001  0.000000000000E+000  4.093892752763E+000
  2.792231431696E+000  3.978552005993E-002 -9.509459064435E-002  2.389679194527E-001  0.000000000000E+000  4.224727857812E+000
  2.832319569669E+000  3.615877369049E-002 -8.600416810446E-002  2.149962312824E-001  0.000000000000E+000  4.361499769501E+000
  2.873123299289E+000  3.282223419087E-002 -7.768513835228E-002  1.931701869758E-001  0.000000000000E+000  4.504546124680E+000
  2.914659561979E+000  2.975624927443E-002 -7.008152264099E-002  1.733252089445E-001  0.000000000000E+000  4.654228367195E+000
  2.956945805065E+000  2.694220349406E-002 -6.314053323318E-002  1.553066303093E-001  0.000000000000E+000  4.810933799826E+000
  3.000000000000E+000  2.436248664419E-002 -5.681246599325E-002  1.389693399919E-001  0.000000000000E+000  4.975077841444E+000
  3.043840661365E+000  2.200046137208E-002 -5.105059077288E-002  1.241774206419E-001  0.000000000000E+000  5.147106511476E+000
  3.088486866678E+000  1.984043014250E-002 -4.581104009656E-002  1.108037814947E-001  0.000000000000E+000  5.327499166223E+000
  3.133958277047E+000  1.786760169788E-002 -4.105269663212E-002  9.872978806908E-002  0.000000000000E+000  5.516771514321E+000
  3.180275158719E+000  1.606805715303E-002 -3.673707991088E-002  8.784489044668E-002  0.000000000000E+000  5.715478941776E+000
  3.227458405560E+000  1.442871586108E-002 -3.282823274249E-002  7.804625172761E-002  0.000000000000E+000  5.924220180460E+000
  3.275529562509E+000  1.293730118312E-002 -2.929260775110E-002  6.923837812200E-002  0.000000000000E+000  6.143641357939E+000
  3.324510850077E+000  1.158230629079E-002 -2.609895444122E-002  6.133275202029E-002  0.000000000000E+000  6.374440470934E+000
  3.374425189910E+000  1.035296012562E-002 -2.321820718300E-002  5.424746927823E-002  0.000000000000E+000  6.617372329797E+000
  3.425296231502E+000  9.239193634261E-003 -2.062337448845E-002  4.790688185677E-002  0.000000000000E+000  6.873254027122E+000
  3.477148380094E+000  8.231606392424E-003 -1.828942993016E-002  4.224124686950E-002  0.000000000000E+000  7.142970990132E+000
  3.530006825834E+000  7.321433723933E-003 -1.619320503390E-002  3.718638300857E-002  0.000000000000E+000  7.427483683946E+000
  3.583897574256E+000  6.500514413851E-003 -1.431328445474E-002  3.268333524272E-002  0.000000000000E+000  7.727835041307E+000
  3.638847478148E+000  5.761259106906E-003 -1.262990372311E-002  2.867804860651E-002  0.000000000000E+000  8.045158704071E+000
  3.694884270887E+000  5.096619473865E-003 -1.112484982287E-002  2.512105182565E-002  0.000000000000E+000  8.380688172851E+000
  3.752036601308E+000  4.500058219644E-003 -9.781364837237E-003  2.196715144925E-002  0.000000000000E+000  8.735766973952E+000
  3.810334070199E+000  3.965519997523E-003 -8.584052870880E-003  1.917513708410E-002  0.000000000000E+000  9.111859967287E+000
  3.869807268505E+000  3.487403284291E-003 -7.518790428055E-003  1.670749824828E-002  0.000000000000E+000  9.510565935758E+000
  3.930487817331E+000  3.060533261263E-003 -6.572640396385E-003  1.453015328093E-002  0.000000000000E+000  9.933631615788E+000
  3.992408409843E+000  2.680135736367E-003 -5.733769755617E-003  1.261219066192E-002  0.000000000000E+000  1.038296735087E+001
  4.055602855172E+000  2.341812132737E-003 -4.991371099548E-003  1.092562300969E-002  0.000000000000E+000  1.086066457548E+001
  4.120106124432E+000  2.041515559804E-003 -4.335588028262E-003  9.445153938203E-003  0.000000000000E+000  1.136901536601E+001
  4.185954398964E+000  1.775527973812E-003 -3.757444437227E-003  8.147957865276E-003  0.000000000000E+000  1.191053432958E+001
  4.253185120935E+000  1.540438426150E-003 -3.248777700033E-003  7.013472776315E-003  0.000000000000E+000  1.248798314037E+001
  4.321837046422E+000  1.333122389993E-003 -2.802175713104E-003  6.023205859976E-003  0.000000000000E+000  1.310439807887E+001
  4.391950301120E+000  1.150722148653E-003 -2.410917744110E-003  5.160551847680E-003  0.000000000000E+000  1.376312098195E+001
  4.463566438835E+000  9.906282227297E-004 -2.068919001316E-003  4.410623808152E-003  0.000000000000E+000  1.446783407264E+001
  4.536728502895E+000  8.504618078336E-004 -1.770678819226E-003  3.760096072835E-003  0.000000000000E+000  1.522259920966E+001
  4.611481090679E+000  7.280581902443E-004 -1.511232336865E-003  3.197058899498E-003  0.000000000000E+000  1.603190217981E+001
  4.687870421430E+000  6.214511044515E-004 -1.286105529117E-003  2.710884420784E-003  0.000000000000E+000  1.690070275288E+001
  4.765944407533E+000  5.288579940880E-004 -1.091273438846E-003  2.292103372848E-003  0.000000000000E+000  1.783449133258E+001
  4.845752729492E+000  4.486661362381E-004 -9.231214481891E-004  1.932292057429E-003  0.000000000000E+000  1.883935317038E+001
  4.927346914797E+000  3.794195884572E-004 -7.784094212703E-004  1.623968959115E-003  0.000000000000E+000  1.992204126649E+001
  5.010780420931E+000  3.198069179763E-004 -6.542385476509E-004  1.360500418432E-003  0.000000000000E+000  2.109005926860E+001
  5.096108722763E+000  2.686496733808E-004 -5.480207157736E-004  1.136014750547E-003  0.000000000000E+000  2.235175590031E+001
  5.183389404586E+000  2.248915604439E-004 -4.574502482860E-004  9.453241984221E-004  0.000000000000E+000  2.371643271543E+001
  5.272682257105E+000  1.875882856263E-004 -3.804778360242E-004  7.838541174528E-004  0.000000000000E+000  2.519446729069E+001
  5.364049379651E+000  1.558980329025E-004 -3.152865142595E-004  6.475788049729E-004  0.000000000000E+000  2.679745435126E+001
  5.457555287978E+000  1.290725419116E-004 -2.602695331029E-004  5.329634114341E-004  0.000000000000E+000  2.853836778489E+001
  5.553267027968E+000  1.064487578387E-004 -2.140099833215E-004  4.369113991392E-004  0.000000000000E+000  3.043174706281E+001
  5.651254295630E+000  8.744102580007E-005 -1.752620488075E-004  3.567170478445E-004  0.000000000000E+000  3.249391227321E+001
  5.751589563796E+000  7.153380473604E-005 -1.429337671689E-004  2.900225428689E-004  0.000000000000E+000  3.474321281938E+001
  5.854348215936E+000  5.827487784142E-005 -1.160711900202E-004  2.347792192364E-004  0.000000000000E+000  3.720031588041E+001
  5.959608687557E+000  4.726903831091E-005 -9.384384423680E-005  1.892125735471E-004  0.000000000000E+000  3.988854203224E+001
  6.067452615683E+000  3.817223062746E-005 -7.553140445767E-005  1.517906926246E-004  0.000000000000E+000  4.283425704837E+001
  6.177964996951E+000  3.068612874474E-005 -6.051149529488E-005  1.211957835822E-004  0.000000000000E+000  4.606733093081E+001
  6.291234354880E+000  2.455313331931E-005 -4.824854892030E-005  9.629852306827E-005  0.000000000000E+000  4.962167777369E+001
  6.407352916949E+000  1.955177065080E-005 -3.828364990539E-005  7.613497358056E-005  0.000000000000E+000  5.353589327637E+001
  6.526416802128E+000  1.549247622183E-005 -3.022530439047E-005  5.988584158347E-005  0.000000000000E+000  5.785401077691E+001
  6.648526219580E+000  1.221374573823E-005 -2.374107491438E-005  4.685787562223E-005  0.000000000000E+000  6.262640179433E+001
  6.773785679311E+000  9.578636403443E-006 -1.855002563945E-005  3.646722277406E-005  0.000000000000E+000  6.791085352651E+001
  6.902304215570E+000  7.471600874722E-006 -1.441592538185E-005  2.822457882361E-005  0.000000000000E+000  7.377386389267E+001
  7.034195623922E+000  5.795635997159E-006 -1.114115794440E-005  2.172198181600E-005  0.000000000000E+000  8.029220495369E+001
  7.169578712934E+000  4.469728047080E-006 -8.561290893057E-006  1.662111051111E-005  0.000000000000E+000  8.755481839552E+001
  7.308577571516E+000  3.426575887526E-006 -6.540255260721E-006  1.264295915861E-005  0.000000000000E+000  9.566512282056E+001
  7.451321853057E+000  2.610573185834E-006 -4.966089835133E-006  9.558768352245E-006  0.000000000000E+000  1.047438325564E+002
  7.597947077547E+000  1.976030701008E-006 -3.747204803735E-006  7.182098901336E-006  0.000000000000E+000  1.149324123423E+002
  7.748594953021E+000  1.485619641605E-006 -2.809120682144E-006  5.361942027340E-006  0.000000000000E+000  1.263973224212E+002
  7.903413717736E+000  1.109017240308E-006 -2.091639715242E-006  3.976765047644E-006  0.000000000000E+000  1.393352450463E+002
  8.062558504629E+000  8.217359980749E-007 -1.546408360393E-006  2.929397279529E-006  0.000000000000E+000  1.539795268109E+002
  8.226191729726E+000  6.041185201732E-007 -1.134831069797E-006  2.142666353021E-006  0.000000000000E+000  1.706081216805E+002
  8.394483506327E+000  4.404804933117E-007 -8.262973941818E-007  1.555700573436E-006  0.000000000000E+000  1.895533764458E+002
  8.567612086926E+000  3.183851265015E-007 -5.966864283086E-007  1.120818483658E-006  0.000000000000E+000  2.112140614944E+002
  8.745764335025E+000  2.280332824359E-007 -4.271147932061E-007  8.009323630327E-007  0.000000000000E+000  2.360701115881E+002
  8.929136229160E+000  1.617545413629E-007 -3.028966745160E-007  5.673980537033E-007  0.000000000000E+000  2.647005989723E+002
  9.117933401693E+000  1.135855428678E-007 -2.126868777691E-007  3.982491943944E-007  0.000000000000E+000  2.978055123453E+002
  9.312371715124E+000  7.892311775688E-008 -1.477803823143E-007  2.767596204622E-007  0.000000000000E+000  3.362319715664E+002
  9.512677878945E+000  5.424092606060E-008 -1.015444356467E-007  1.902833042482E-007  0.000000000000E+000  3.810056240281E+002
  9.719090110332E+000  3.685953136405E-008 -6.896178745508E-008  1.293267052523E-007  0.000000000000E+000  4.333683080745E+002
  9.931858842267E+000  2.476104004741E-008 -4.626617636644E-008  8.681371907799E-008  0.000000000000E+000  4.948240399438E+002
  1.015124748302E+001  1.644059190912E-008 -3.065361204182E-008  5.750850321693E-008  0.000000000000E+000  5.671978837385E+002
  1.037753323129E+001  1.078808387715E-008 -2.005530365531E-008  3.756626577032E-008  0.000000000000E+000  6.527180862199E+002
  1.061100795175E+001  6.994522382169E-009 -1.296023969473E-008  2.418658420164E-008  0.000000000000E+000  7.541442026389E+002
  1.085197911611E+001  4.478318047819E-009 -8.277395827541E-009  1.534793559549E-008  0.000000000000E+000  8.749880202713E+002
  1.110077081537E+001  2.827649131711E-009 -5.229316515356E-009  9.605836108702E-009  0.000000000000E+000  1.019917973488E+003
  1.135772484956E+001  1.755723342141E-009 -3.270369272739E-009  5.940283639828E-009  0.000000000000E+000  1.195515076208E+003
  1.162320190175E+001  1.066362166642E-009 -2.024303631198E-009  3.641063976635E-009  0.000000000000E+000  1.411688387090E+003
  1.189758280382E+001  6.278233617842E-010 -1.236864282221E-009  2.221919227607E-009  0.000000000000E+000  1.684332883541E+003
  1.218126990242E+001  3.531754244409E-010 -7.401218532234E-010  1.356603621838E-009  0.000000000000E+000  2.040376249792E+003
  1.247468853413E+001  1.858552478218E-010 -4.259144591514E-010  8.314935450777E-010  0.000000000000E+000  2.527253512275E+003
  1.277828862002E+001  8.929091153235E-011 -2.263627368303E-010  5.107143369410E-010  0.000000000000E+000  3.226794683592E+003
  1.309254639077E+001  3.967007211632E-011 -9.985756853554E-011  3.107421165466E-010  0.000000000000E+000  4.228822159839E+003
  1.341796625462E+001  2.109416311008E-011 -2.125078740695E-011  1.821853603480E-010  0.000000000000E+000  5.219789446164E+003
  1.375508282195E+001  2.249102642208E-011  2.476905686628E-011  9.699940601123E-011  0.000000000000E+000  5.109408894113E+003
  1.410446310162E+001  3.577250704889E-011  4.793852288481E-011  3.978588224941E-011  0.000000000000E+000  4.377141896145E+003
  1.446670888596E+001  5.482485854607E-011  5.498433333943E-011  2.120775733590E-012  0.000000000000E+000  3.796481124400E+003
  1.484245934302E+001  7.501167719963E-011  5.102533262234E-011 -2.092593970830E-011  0.000000000000E+000  3.419774420836E+003
  1.523239383723E+001  9.295235849264E-011  4.022980377256E-011 -3.274361743260E-011  0.000000000000E+000  3.183857440738E+003
  1.563723500136E+001  1.064130190618E-010  2.604405894737E-011 -3.612851749155E-011  0.000000000000E+000  3.043515351218E+003
  1.605775208607E+001  1.142099362640E-010  1.121737590165E-011 -3.362333104814E-011  0.000000000000E+000  2.972618127416E+003
  1.649476461582E+001  1.160763062199E-010 -2.229909003277E-012 -2.753805283627E-011  0.000000000000E+000  2.956599903528E+003
  1.694914638379E+001  1.124805969513E-010 -1.301252219067E-011 -1.984814631883E-011  0.000000000000E+000  2.987774942966E+003
  1.742182982203E+001  1.044090515938E-010 -2.052692313505E-011 -1.208843703986E-011  0.000000000000E+000  3.062863915279E+003
  1.791381078784E+001  9.313715947243E-011 -2.473847330398E-011 -5.300848695343E-012  0.000000000000E+000  3.181750263330E+003
  1.842615381215E+001  8.001731195065E-011 -2.602845157822E-011 -5.126344284016E-014  0.000000000000E+000  3.346923343774E+003
  1.895999786176E+001  6.630519729325E-011 -2.502773486637E-011  3.495659071516E-012  0.000000000000E+000  3.563345180103E+003
  1.951656267356E+001  5.303879186358E-011 -2.246259548375E-011  5.467388570328E-012  0.000000000000E+000  3.838626677722E+003
  2.009715572669E+001  4.097389589217E-011 -1.903125233100E-011  6.165843293532E-012  0.000000000000E+000  4.183482902088E+003
  2.070317992707E+001  3.057129968774E-011 -1.532073088379E-011  5.962053574187E-012  0.000000000000E+000  4.612493679979E+003
  2.133614208874E+001  2.202433287999E-011 -1.176481774694E-011  5.216161203840E-012  0.000000000000E+000  5.145246241555E+003
  2.199766230782E+001  1.531237490024E-011 -8.637138351904E-012  4.227437336184E-012  0.000000000000E+000  5.807994998523E+003
  2.268948433818E+001  1.026577292650E-011 -6.069453954539E-012  3.212262028611E-012  0.000000000000E+000  6.636053322148E+003
  2.341348709294E+001  6.629857997807E-012 -4.084171706920E-012  2.303770447339E-012  0.000000000000E+000  7.677249875762E+003
  2.417169741362E+001  4.119393111215E-012 -2.631205005133E-012  1.565187243194E-012  0.000000000000E+000  8.996964470729E+003
  2.496630426925E+001  2.458844098293E-012 -1.621860434650E-012  1.009286089549E-012  0.000000000000E+000  1.068554687430E+004
  2.579967457140E+001  1.407497410261E-012 -9.554579862391E-013  6.181327284434E-013  0.000000000000E+000  1.286938766749E+004
  2.667437081864E+001  7.711300888608E-013 -5.371766750957E-013  3.594902102652E-013  0.000000000000E+000  0.000000000000E+000
  2.759317081651E+001  4.034642459767E-013 -2.877030239857E-013  1.983587204185E-013  0.000000000000E+000  0.000000000000E+000
  2.855908975674E+001  2.010927923123E-013 -1.464729685457E-013  1.036924504313E-013  0.000000000000E+000  0.000000000000E+000
  2.957540498378E+001  9.521233028513E-014 -7.070813954266E-014  5.125387857505E-014  0.000000000000E+000  0.000000000000E+000
  3.064568382919E+001  4.269238132333E-014 -3.227282808099E-014  2.389653439169E-014  0.000000000000E+000  0.000000000000E+000
  3.177381495601E+001  1.806658117563E-014 -1.388206145666E-014  1.047892178295E-014  0.000000000000E+000  0.000000000000E+000
  3.296404372807E+001  7.188139939906E-015 -5.607115543120E-015  4.307387797353E-015  0.000000000000E+000  0.000000000000E+000
  3.422101220608E+001  2.677570141593E-015 -2.117993782671E-015  1.653327599246E-015  0.000000000000E+000  0.000000000000E+000
  3.554980447538E+001  9.294408729293E-016 -7.447934643398E-016  5.900132848088E-016  0.000000000000E+000  0.000000000000E+000
  3.695599813319E+001  2.990986895093E-016 -2.425910015848E-016  1.948025978985E-016  0.000000000000E+000  0.000000000000E+000
  3.844572291106E+001  8.872216669534E-017 -7.277707622615E-017  5.917944190877E-017  0.000000000000E+000  0.000000000000E+000
  4.002572758518E+001  2.410555846245E-017 -1.998358726013E-017  1.644064531686E-017  0.000000000000E+000  0.000000000000E+000
  4.170345654134E+001  5.956746379569E-018 -4.987485277646E-018  4.148133818227E-018  0.000000000000E+000  0.000000000000E+000
  4.348713762001E+001  1.328331958155E-018 -1.122651933377E-018  9.432703413631E-019  0.000000000000E+000  0.000000000000E+000
  4.538588318162E+001  2.624951827457E-019 -2.234532365723E-019  1.891722074816E-019  0.000000000000E+000  0.000000000000E+000
  4.740980671574E+001  4.650280521909E-020 -4.486659181811E-020  3.895914341096E-020  0.000000000000E+000  0.000000000000E+000
  4.957015778746E+001  7.822438645665E-021 -5.676699786022E-021  2.528872487161E-021  0.000000000000E+000  0.000000000000E+000
  5.187947869225E+001  6.249902648398E-022 -5.161786954495E-022  1.542918310072E-021  0.000000000000E+000  0.000000000000E+000
  5.435178690397E+001  2.018651440796E-022 -1.695073640306E-022 -1.259508754356E-023  0.000000000000E+000  0.000000000000E+000
  5.700278828629E+001  4.447485091751E-025 -1.906155707298E-023  1.701583686399E-023  0.000000000000E+000  0.000000000000E+000
  5.985012714155E+001  1.655353941124E-024  0.000000000000E+000  0.000000000000E+000  0.000000000000E+000  0.000000000000E+000
  6.291368055481E+001  0.000000000000E+000  0.000000000000E+000  0.000000000000E+000  0.000000000000E+000  0.000000000000E+000
  6.621590623276E+001  0.000000000000E+000  0.000000000000E+000  0.000000000000E+000  0.000000000000E+000  0.000000000000E+000
  6.978225524452E+001  0.000000000000E+000  0.000000000000E+000  0.000000000000E+000  0.000000000000E+000  0.000000000000E+000
  7.364166388185E+001  0.000000000000E+000  0.000000000000E+000  0.000000000000E+000  0.000000000000E+000  0.000000000000E+000
  7.782714245929E+001  0.000000000000E+000  0.000000000000E+000  0.000000000000E+000  0.000000000000E+000  0.000000000000E+000
  8.237648351994E+001  0.000000000000E+000  0.000000000000E+000  0.000000000000E+000  0.000000000000E+000  0.000000000000E+000
  8.733311794502E+001  0.000000000000E+000  0.000000000000E+000  0.000000000000E+000  0.000000000000E+000  0.000000000000E+000
  9.274715535088E+001  0.000000000000E+000  0.000000000000E+000  0.000000000000E+000  0.000000000000E+000  0.000000000000E+000
  9.867665554529E+001  0.000000000000E+000  0.000000000000E+000  0.000000000000E+000  0.000000000000E+000  0.000000000000E+000
  1.051891916055E+002  0.000000000000E+000  0.000000000000E+000  0.000000000000E+000  0.000000000000E+000  0.000000000000E+000
  1.123637836013E+002  0.000000000000E+000  0.000000000000E+000  0.000000000000E+000  0.000000000000E+000  0.000000000000E+000
  1.202933069206E+002  0.000000000000E+000  0.000000000000E+000  0.000000000000E+000  0.000000000000E+000  0.000000000000E+000
  1.290875131414E+002  0.000000000000E+000  0.000000000000E+000  0.000000000000E+000  0.000000000000E+000  0.000000000000E+000
  1.388768482001E+002  0.000000000000E+000  0.000000000000E+000  0.000000000000E+000  0.000000000000E+000  0.000000000000E+000
  1.498173177370E+002  0.000000000000E+000  0.000000000000E+000  0.000000000000E+000  0.000000000000E+000  0.000000000000E+000
  1.620967411853E+002  0.000000000000E+000  0.000000000000E+000  0.000000000000E+000  0.000000000000E+000  0.000000000000E+000
  1.759428668168E+002  0.000000000000E+000  0.000000000000E+000  0.000000000000E+000  0.000000000000E+000  0.000000000000E+000
  1.916340085825E+002  0.000000000000E+000  0.000000000000E+000  0.000000000000E+000  0.000000000000E+000  0.000000000000E+000
  2.095131417987E+002  0.000000000000E+000  0.000000000000E+000  0.000000000000E+000  0.000000000000E+000  0.000000000000E+000
  2.300068054477E+002  0.000000000000E+000  0.000000000000E+000  0.000000000000E+000  0.000000000000E+000  0.000000000000E+000
  2.536507797910E+002  0.000000000000E+000  0.000000000000E+000  0.000000000000E+000  0.000000000000E+000  0.000000000000E+000
  2.811254638474E+002  0.000000000000E+000  0.000000000000E+000  0.000000000000E+000  0.000000000000E+000  0.000000000000E+000
  3.133053780630E+002  0.000000000000E+000  0.000000000000E+000  0.000000000000E+000  0.000000000000E+000  0.000000000000E+000
  3.513296254502E+002  0.000000000000E+000  0.000000000000E+000  0.000000000000E+000  0.000000000000E+000  0.000000000000E+000
  3.967041014107E+002  0.000000000000E+000  0.000000000000E+000  0.000000000000E+000  0.000000000000E+000  0.000000000000E+000
  4.514529193350E+002  0.000000000000E+000  0.000000000000E+000  0.000000000000E+000  0.000000000000E+000  0.000000000000E+000
  5.183481233601E+002  0.000000000000E+000  0.000000000000E+000  0.000000000000E+000  0.000000000000E+000  0.000000000000E+000
  6.012676077950E+002  0.000000000000E+000  0.000000000000E+000  0.000000000000E+000  0.000000000000E+000  0.000000000000E+000
  7.057700503752E+002  0.000000000000E+000  0.000000000000E+000  0.000000000000E+000  0.000000000000E+000  0.000000000000E+000
  8.400513767914E+002  0.000000000000E+000  0.000000000000E+000  0.000000000000E+000  0.000000000000E+000  0.000000000000E+000
  1.016602135495E+003  0.000000000000E+000  0.000000000000E+000  0.000000000000E+000  0.000000000000E+000  0.000000000000E+000
  1.255220715579E+003  0.000000000000E+000  0.000000000000E+000  0.000000000000E+000  0.000000000000E+000  0.000000000000E+000
  1.588815776243E+003  0.000000000000E+000  0.000000000000E+000  0.000000000000E+000  0.000000000000E+000  0.000000000000E+000
  2.075392011604E+003  0.000000000000E+000  0.000000000000E+000  0.000000000000E+000  0.000000000000E+000  0.000000000000E+000
  2.825079847528E+003  0.000000000000E+000  0.000000000000E+000  0.000000000000E+000  0.000000000000E+000  0.000000000000E+000
  4.068408296183E+003  0.000000000000E+000  0.000000000000E+000  0.000000000000E+000  0.000000000000E+000  0.000000000000E+000
  6.357262947672E+003  0.000000000000E+000  0.000000000000E+000  0.000000000000E+000  0.000000000000E+000  0.000000000000E+000
  1.130231930164E+004  0.000000000000E+000  0.000000000000E+000  0.000000000000E+000  0.000000000000E+000  0.000000000000E+000
  2.543105175136E+004  0.000000000000E+000  0.000000000000E+000  0.000000000000E+000  0.000000000000E+000  0.000000000000E+000
  1.017262069952E+005  0.000000000000E+000  0.000000000000E+000  0.000000000000E+000  0.000000000000E+000  0.000000000000E+000
