# 1st line: number of mesh points
# rho and r_seitz are calculated from total density
# zeta and r_seitz only correct of rho > 1d-12

# abcissa rho drho ddrho zeta r_seitz
500
  9.830308526563E-006  1.622158800267E+003 -1.970730614381E+004  2.452221092896E+005 -2.600621912361E-005  1.227465504347E-001
  3.932200719722E-005  1.621577704962E+003 -1.970007548783E+004  2.451298468824E+005 -2.600627233790E-005  1.227612108331E-001
  8.847741541467E-005  1.620609635795E+003 -1.968802980813E+004  2.449761472701E+005 -2.600636033144E-005  1.227856497202E-001
  1.573003992805E-004  1.619255226845E+003 -1.967117721932E+004  2.447611169745E+005 -2.600648205680E-005  1.228198744334E-001
  2.457963722418E-004  1.617515364945E+003 -1.964952907032E+004  2.444849049693E+005 -2.600663604892E-005  1.228638952514E-001
  3.539722959954E-004  1.615391188814E+003 -1.962309993277E+004  2.441477025248E+005 -2.600682041944E-005  1.229177253998E-001
  4.818366816529E-004  1.612884087933E+003 -1.959190758630E+004  2.437497430073E+005 -2.600703285924E-005  1.229813810594E-001
  6.293995911626E-004  1.609995701185E+003 -1.955597300039E+004  2.432913016345E+005 -2.600727063294E-005  1.230548813755E-001
  7.966726389935E-004  1.606727915237E+003 -1.951532031312E+004  2.427726951881E+005 -2.600753057878E-005  1.231382484690E-001
  9.836689940782E-004  1.603082862690E+003 -1.946997680667E+004  2.421942816825E+005 -2.600780910678E-005  1.232315074503E-001
  1.190403382016E-003  1.599062919989E+003 -1.941997287965E+004  2.415564599902E+005 -2.600810219249E-005  1.233346864331E-001
  1.416892087541E-003  1.594670705086E+003 -1.936534201628E+004  2.408596694259E+005 -2.600840537636E-005  1.234478165521E-001
  1.663152957245E-003  1.589909074876E+003 -1.930612075252E+004  2.401043892881E+005 -2.600871376021E-005  1.235709319808E-001
  1.929205402573E-003  1.584781122400E+003 -1.924234863907E+004  2.392911383592E+005 -2.600902199862E-005  1.237040699523E-001
  2.215070403073E-003  1.579290173820E+003 -1.917406820142E+004  2.384204743658E+005 -2.600932430141E-005  1.238472707810E-001
  2.520770509919E-003  1.573439785163E+003 -1.910132489692E+004  2.374929933984E+005 -2.600961442317E-005  1.240005778875E-001
  2.846329849692E-003  1.567233738855E+003 -1.902416706893E+004  2.365093292923E+005 -2.600988566074E-005  1.241640378234E-001
  3.191774128432E-003  1.560676040028E+003 -1.894264589815E+004  2.354701529698E+005 -2.601013084580E-005  1.243377003003E-001
  3.557130635959E-003  1.553770912623E+003 -1.885681535113E+004  2.343761717458E+005 -2.601034234184E-005  1.245216182188E-001
  3.942428250463E-003  1.546522795279E+003 -1.876673212608E+004  2.332281285955E+005 -2.601051203327E-005  1.247158477011E-001
  4.347697443358E-003  1.538936337026E+003 -1.867245559604E+004  2.320268013872E+005 -2.601063132218E-005  1.249204481239E-001
  4.772970284417E-003  1.531016392774E+003 -1.857404774939E+004  2.307730020808E+005 -2.601069112023E-005  1.251354821551E-001
  5.218280447175E-003  1.522768018615E+003 -1.847157312797E+004  2.294675758914E+005 -2.601068183978E-005  1.253610157912E-001
  5.683663214611E-003  1.514196466938E+003 -1.836509876264E+004  2.281114004220E+005 -2.601059338661E-005  1.255971183978E-001
  6.169155485101E-003  1.505307181363E+003 -1.825469410660E+004  2.267053847630E+005 -2.601041515204E-005  1.258438627513E-001
  6.674795778653E-003  1.496105791498E+003 -1.814043096635E+004  2.252504685629E+005 -2.601013600321E-005  1.261013250837E-001
  7.200624243425E-003  1.486598107538E+003 -1.802238343053E+004  2.237476210691E+005 -2.600974427186E-005  1.263695851291E-001
  7.746682662519E-003  1.476790114687E+003 -1.790062779662E+004  2.221978401407E+005 -2.600922775112E-005  1.266487261727E-001
  8.313014461060E-003  1.466687967443E+003 -1.777524249569E+004  2.206021512354E+005 -2.600857367514E-005  1.269388351019E-001
  8.899664713569E-003  1.456297983717E+003 -1.764630801518E+004  2.189616063703E+005 -2.600776871626E-005  1.272400024603E-001
  9.506680151615E-003  1.445626638831E+003 -1.751390681988E+004  2.172772830595E+005 -2.600679897110E-005  1.275523225033E-001
  1.013410917176E-002  1.434680559360E+003 -1.737812327125E+004  2.155502832282E+005 -2.600564994809E-005  1.278758932570E-001
  1.078200184380E-002  1.423466516871E+003 -1.723904354503E+004  2.137817321061E+005 -2.600430655540E-005  1.282108165794E-001
  1.145040991929E-002  1.411991421524E+003 -1.709675554741E+004  2.119727771010E+005 -2.600275309016E-005  1.285571982239E-001
  1.213938684040E-002  1.400262315572E+003 -1.695134882975E+004  2.101245866537E+005 -2.600097322288E-005  1.289151479058E-001
  1.284898774901E-002  1.388286366756E+003 -1.680291450199E+004  2.082383490758E+005 -2.599894998397E-005  1.292847793719E-001
  1.357926949620E-002  1.376070861601E+003 -1.665154514489E+004  2.063152713727E+005 -2.599666575001E-005  1.296662104716E-001
  1.433029065191E-002  1.363623198631E+003 -1.649733472113E+004  2.043565780516E+005 -2.599410222876E-005  1.300595632328E-001
  1.510211151509E-002  1.350950881496E+003 -1.634037848547E+004  2.023635099179E+005 -2.599124044343E-005  1.304649639390E-001
  1.589479412397E-002  1.338061512031E+003 -1.618077289400E+004  2.003373228598E+005 -2.598806071767E-005  1.308825432108E-001
  1.670840226680E-002  1.324962783258E+003 -1.601861551266E+004  1.982792866241E+005 -2.598454265584E-005  1.313124360894E-001
  1.754300149280E-002  1.311662472319E+003 -1.585400492503E+004  1.961906835834E+005 -2.598066512998E-005  1.317547821241E-001
  1.839865912351E-002  1.298168433377E+003 -1.568704063969E+004  1.940728074976E+005 -2.597640625841E-005  1.322097254631E-001
  1.927544426443E-002  1.284488590465E+003 -1.551782299705E+004  1.919269622695E+005 -2.597174338936E-005  1.326774149473E-001
  2.017342781695E-002  1.270630930315E+003 -1.534645307591E+004  1.897544606984E+005 -2.596665308113E-005  1.331580042075E-001
  2.109268249069E-002  1.256603495161E+003 -1.517303259981E+004  1.875566232305E+005 -2.596111108294E-005  1.336516517662E-001
  2.203328281612E-002  1.242414375525E+003 -1.499766384325E+004  1.853347767102E+005 -2.595509231198E-005  1.341585211415E-001
  2.299530515754E-002  1.228071703005E+003 -1.482044953798E+004  1.830902531315E+005 -2.594857083613E-005  1.346787809569E-001
  2.397882772639E-002  1.213583643059E+003 -1.464149277940E+004  1.808243883935E+005 -2.594151984852E-005  1.352126050527E-001
  2.498393059493E-002  1.198958387806E+003 -1.446089693313E+004  1.785385210592E+005 -2.593391164645E-005  1.357601726036E-001
  2.601069571024E-002  1.184204148840E+003 -1.427876554208E+004  1.762339911203E+005 -2.592571760982E-005  1.363216682391E-001
  2.705920690860E-002  1.169329150077E+003 -1.409520223379E+004  1.739121387697E+005 -2.591690817370E-005  1.368972821688E-001
  2.812954993023E-002  1.154341620639E+003 -1.391031062851E+004  1.715743031820E+005 -2.590745280696E-005  1.374872103121E-001
  2.922181243436E-002  1.139249787773E+003 -1.372419424782E+004  1.692218213054E+005 -2.589731998271E-005  1.380916544324E-001
  3.033608401473E-002  1.124061869832E+003 -1.353695642412E+004  1.668560266638E+005 -2.588647715673E-005  1.387108222760E-001
  3.147245621542E-002  1.108786069310E+003 -1.334870021094E+004  1.644782481733E+005 -2.587489073603E-005  1.393449277164E-001
  3.263102254705E-002  1.093430565942E+003 -1.315952829427E+004  1.620898089718E+005 -2.586252605236E-005  1.399941909030E-001
  3.381187850339E-002  1.078003509888E+003 -1.296954290496E+004  1.596920252660E+005 -2.584934733605E-005  1.406588384151E-001
  3.501512157837E-002  1.062513014988E+003 -1.277884573232E+004  1.572862051941E+005 -2.583531768043E-005  1.413391034221E-001
  3.624085128345E-002  1.046967152115E+003 -1.258753783897E+004  1.548736477078E+005 -2.582039901845E-005  1.420352258483E-001
  3.748916916538E-002  1.031373942620E+003 -1.239571957708E+004  1.524556414736E+005 -2.580455208592E-005  1.427474525441E-001
  3.876017882444E-002  1.015741351887E+003 -1.220349050613E+004  1.500334637952E+005 -2.578773639022E-005  1.434760374627E-001
  4.005398593302E-002  1.000077282988E+003 -1.201094931212E+004  1.476083795582E+005 -2.576991018033E-005  1.442212418436E-001
  4.137069825459E-002  9.843895704690E+002 -1.181819372851E+004  1.451816401979E+005 -2.575103040755E-005  1.449833344017E-001
  4.271042566323E-002  9.686859742473E+002 -1.162532045884E+004  1.427544826917E+005 -2.573105269662E-005  1.457625915239E-001
  4.407328016341E-002  9.529741736486E+002 -1.143242510123E+004  1.403281285767E+005 -2.570993130324E-005  1.465592974714E-001
  4.545937591035E-002  9.372617615751E+002 -1.123960207468E+004  1.379037829945E+005 -2.568761908403E-005  1.473737445903E-001
  4.686882923075E-002  9.215562388174E+002 -1.104694454736E+004  1.354826337629E+005 -2.566406745127E-005  1.482062335286E-001
  4.830175864396E-002  9.058650085149E+002 -1.085454436701E+004  1.330658504767E+005 -2.563922634367E-005  1.490570734610E-001
  4.975828488365E-002  8.901953707682E+002 -1.066249199336E+004  1.306545836373E+005 -2.561304417722E-005  1.499265823217E-001
  5.123853091993E-002  8.745545174118E+002 -1.047087643275E+004  1.282499638134E+005 -2.558546781067E-005  1.508150870450E-001
  5.274262198188E-002  8.589495269486E+002 -1.027978517499E+004  1.258531008322E+005 -2.555644250213E-005  1.517229238148E-001
  5.427068558066E-002  8.433873596541E+002 -1.008930413254E+004  1.234650830027E+005 -2.552591186748E-005  1.526504383218E-001
  5.582285153302E-002  8.278748528527E+002 -9.899517582008E+003  1.210869763716E+005 -2.549381783580E-005  1.535979860310E-001
  5.739925198530E-002  8.124187163710E+002 -9.710508108053E+003  1.187198240123E+005 -2.546010060689E-005  1.545659324570E-001
  5.900002143803E-002  7.970255281726E+002 -9.522356549765E+003  1.163646453482E+005 -2.542469860724E-005  1.555546534504E-001
  6.062529677088E-002  7.817017301765E+002 -9.335141949520E+003  1.140224355101E+005 -2.538754843964E-005  1.565645354928E-001
  6.227521726827E-002  7.664536242649E+002 -9.148941504387E+003  1.116941647282E+005 -2.534858484174E-005  1.575959760035E-001
  6.394992464542E-002  7.512873684813E+002 -8.963830520103E+003  1.093807777603E+005 -2.530774063647E-005  1.586493836552E-001
  6.564956307496E-002  7.362089734231E+002 -8.779882367659E+003  1.070831933554E+005 -2.526494668334E-005  1.597251787026E-001
  6.737427921404E-002  7.212242988305E+002 -8.597168442527E+003  1.048023037531E+005 -2.522013183159E-005  1.608237933206E-001
  6.912422223211E-002  7.063390503753E+002 -8.415758126551E+003  1.025389742196E+005 -2.517322287100E-005  1.619456719561E-001
  7.089954383907E-002  6.915587766495E+002 -8.235718752519E+003  1.002940426209E+005 -2.512414447995E-005  1.630912716908E-001
  7.270039831418E-002  6.768888663579E+002 -8.057115571444E+003  9.806831903221E+004 -2.507281917840E-005  1.642610626170E-001
  7.452694253540E-002  6.623345457137E+002 -7.880011722560E+003  9.586258538419E+004 -2.501916727576E-005  1.654555282269E-001
  7.637933600943E-002  6.479008760408E+002 -7.704468206046E+003  9.367759514676E+004 -2.496310681762E-005  1.666751658152E-001
  7.825774090225E-002  6.335927515810E+002 -7.530543858481E+003  9.151407304957E+004 -2.490455354261E-005  1.679204868958E-001
  8.016232207035E-002  6.194148975090E+002 -7.358295331034E+003  8.937271483947E+004 -2.484342082377E-005  1.691920176330E-001
  8.209324709253E-002  6.053718681542E+002 -7.187777070389E+003  8.725418707495E+004 -2.477961962466E-005  1.704902992881E-001
  8.405068630235E-002  5.914680454294E+002 -7.019041302395E+003  8.515912695725E+004 -2.471305844345E-005  1.718158886811E-001
  8.603481282122E-002  5.777076374665E+002 -6.852138018431E+003  8.308814219796E+004 -2.464364326772E-005  1.731693586690E-001
  8.804580259214E-002  5.640946774588E+002 -6.687114964474E+003  8.104181092298E+004 -2.457127752536E-005  1.745512986404E-001
  9.008383441408E-002  5.506330227080E+002 -6.524017632859E+003  7.902068161227E+004 -2.449586203943E-005  1.759623150273E-001
  9.214908997710E-002  5.373263538758E+002 -6.362889256694E+003  7.702527307539E+004 -2.441729497447E-005  1.774030318356E-001
  9.424175389809E-002  5.241781744390E+002 -6.203770806918E+003  7.505607446199E+004 -2.433547180505E-005  1.788740911924E-001
  9.636201375725E-002  5.111918103449E+002 -6.046700991977E+003  7.311354530721E+004 -2.425028526088E-005  1.803761539136E-001
  9.851006013526E-002  4.983704098660E+002 -5.891716260062E+003  7.119811561117E+004 -2.416162529842E-005  1.819099000911E-001
  1.006860866512E-001  4.857169436530E+002 -5.738850803911E+003  6.931018595210E+004 -2.406937905370E-005  1.834760296989E-001
  1.028902900012E-001  4.732342049805E+002 -5.588136568097E+003  6.745012763263E+004 -2.397343082004E-005  1.850752632219E-001
  1.051228699979E-001  4.609248101864E+002 -5.439603258791E+003  6.561828285831E+004 -2.387366201121E-005  1.867083423049E-001
  1.073840296104E-001  4.487911992991E+002 -5.293278355933E+003  6.381496494801E+004 -2.376995114218E-005  1.883760304243E-001
  1.096739750056E-001  4.368356368507E+002 -5.149187127777E+003  6.204045857515E+004 -2.366217380501E-005  1.900791135825E-001
  1.119929155896E-001  4.250602128727E+002 -5.007352647749E+003  6.029502003924E+004 -2.355020266078E-005  1.918184010257E-001
  1.143410640503E-001  4.134668440704E+002 -4.867795813566E+003  5.857887756675E+004 -2.343390743122E-005  1.935947259861E-001
  1.167186364011E-001  4.020572751715E+002 -4.730535368566E+003  5.689223164062E+004 -2.331315490097E-005  1.954089464484E-001
  1.191258520249E-001  3.908330804464E+002 -4.595587925174E+003  5.523525535730E+004 -2.318780892532E-005  1.972619459420E-001
  1.215629337189E-001  3.797956653938E+002 -4.462967990455E+003  5.360809481072E+004 -2.305773045674E-005  1.991546343596E-001
  1.240301077413E-001  3.689462685890E+002 -4.332687993687E+003  5.201086950190E+004 -2.292277756945E-005  2.010879488015E-001
  1.265276038575E-001  3.582859636891E+002 -4.204758315877E+003  5.044367277357E+004 -2.278280550893E-005  2.030628544477E-001
  1.290556553882E-001  3.478156615909E+002 -4.079187321160E+003  4.890657226845E+004 -2.263766674712E-005  2.050803454583E-001
  1.316144992580E-001  3.375361127358E+002 -3.955981390013E+003  4.739961041051E+004 -2.248721105878E-005  2.071414459006E-001
  1.342043760450E-001  3.274479095572E+002 -3.835144954196E+003  4.592280490787E+004 -2.233128560774E-005  2.092472107069E-001
  1.368255300316E-001  3.175514890648E+002 -3.716680533356E+003  4.447614927646E+004 -2.216973506778E-005  2.113987266598E-001
  1.394782092560E-001  3.078471355605E+002 -3.600588773220E+003  4.305961338320E+004 -2.200240174349E-005  2.135971134079E-001
  1.421626655646E-001  2.983349834797E+002 -3.486868485290E+003  4.167314400780E+004 -2.182912573643E-005  2.158435245109E-001
  1.448791546661E-001  2.890150203534E+002 -3.375516687961E+003  4.031666542179E+004 -2.164974512432E-005  2.181391485147E-001
  1.476279361856E-001  2.798870898843E+002 -3.266528648987E+003  3.899007998388E+004 -2.146409617608E-005  2.204852100561E-001
  1.504092737207E-001  2.709508951313E+002 -3.159897929219E+003  3.769326875036E+004 -2.127201359972E-005  2.228829709980E-001
  1.532234348983E-001  2.622060017971E+002 -3.055616427507E+003  3.642609209948E+004 -2.107333082633E-005  2.253337315933E-001
  1.560706914324E-001  2.536518416112E+002 -2.953674426718E+003  3.518839036857E+004 -2.086788033325E-005  2.278388316786E-001
  1.589513191834E-001  2.452877158045E+002 -2.854060640758E+003  3.397998450277E+004 -2.065549401362E-005  2.303996518960E-001
  1.618655982178E-001  2.371127986666E+002 -2.756762262527E+003  3.280067671425E+004 -2.043600359801E-005  2.330176149429E-001
  1.648138128702E-001  2.291261411825E+002 -2.661765012718E+003  3.165025115067E+004 -2.020924112698E-005  2.356941868478E-001
  1.677962518056E-001  2.213266747396E+002 -2.569053189381E+003  3.052847457178E+004 -1.997503948831E-005  2.384308782717E-001
  1.708132080832E-001  2.137132149010E+002 -2.478609718165E+003  2.943509703300E+004 -1.973323302113E-005  2.412292458321E-001
  1.738649792215E-001  2.062844652374E+002 -2.390416203142E+003  2.836985257476E+004 -1.948365818963E-005  2.440908934484E-001
  1.769518672648E-001  1.990390212122E+002 -2.304452978154E+003  2.733245991656E+004 -1.922615434524E-005  2.470174737056E-001
  1.800741788507E-001  1.919753741130E+002 -2.220699158576E+003  2.632262315456E+004 -1.896056457534E-005  2.500106892330E-001
  1.832322252791E-001  1.850919150233E+002 -2.139132693425E+003  2.534003246160E+004 -1.868673665740E-005  2.530722940945E-001
  1.864263225826E-001  1.783869388285E+002 -2.059730417731E+003  2.438436478848E+004 -1.840452410620E-005  2.562040951853E-001
  1.896567915983E-001  1.718586482497E+002 -1.982468105081E+003  2.345528456556E+004 -1.811378736784E-005  2.594079536311E-001
  1.929239580409E-001  1.655051578995E+002 -1.907320520274E+003  2.255244440346E+004 -1.781439512638E-005  2.626857861825E-001
  1.962281525771E-001  1.593244983535E+002 -1.834261471989E+003  2.167548579191E+004 -1.750622575596E-005  2.660395665985E-001
  1.995697109023E-001  1.533146202317E+002 -1.763263865395E+003  2.082403979567E+004 -1.718916895772E-005  2.694713270100E-001
  2.029489738173E-001  1.474733982833E+002 -1.694299754640E+003  1.999772774655E+004 -1.686312754166E-005  2.729831592556E-001
  2.063662873085E-001  1.417986354710E+002 -1.627340395120E+003  1.919616193059E+004 -1.652801942340E-005  2.765772161778E-001
  2.098220026275E-001  1.362880670460E+002 -1.562356295479E+003  1.841894626929E+004 -1.618377982834E-005  2.802557128679E-001
  2.133164763746E-001  1.309393646112E+002 -1.499317269252E+003  1.766567699423E+004 -1.583036373246E-005  2.840209278458E-001
  2.168500705817E-001  1.257501401650E+002 -1.438192486095E+003  1.693594331395E+004 -1.546774854858E-005  2.878752041591E-001
  2.204231527988E-001  1.207179501220E+002 -1.378950522526E+003  1.622932807232E+004 -1.509593710741E-005  2.918209503839E-001
  2.240360961807E-001  1.158402993034E+002 -1.321559412114E+003  1.554540839768E+004 -1.471496093616E-005  2.958606415063E-001
  2.276892795770E-001  1.111146448942E+002 -1.265986695057E+003  1.488375634173E+004 -1.432488387608E-005  2.999968196626E-001
  2.313830876220E-001  1.065384003612E+002 -1.212199467091E+003  1.424393950764E+004 -1.392580607147E-005  3.042320947124E-001
  2.351179108282E-001  1.021089393264E+002 -1.160164427654E+003  1.362552166646E+004 -1.351786835004E-005  3.085691446155E-001
  2.388941456809E-001  9.782359939273E+001 -1.109847927280E+003  1.302806336134E+004 -1.310125704815E-005  3.130107155796E-001
  2.427121947345E-001  9.367968591669E+001 -1.061216014139E+003  1.245112249871E+004 -1.267620930642E-005  3.175596219435E-001
  2.465724667110E-001  8.967447572376E+001 -1.014234479698E+003  1.189425492597E+004 -1.224301889118E-005  3.222187457534E-001
  2.504753766009E-001  8.580522076270E+001 -9.688689034328E+002  1.135701499502E+004 -1.180204256530E-005  3.269910359879E-001
  2.544213457654E-001  8.206915169484E+001 -9.250846965665E+002  1.083895611114E+004 -1.135370707811E-005  3.318795073797E-001
  2.584108020414E-001  7.846348141451E+001 -8.828471447768E+002  1.033963126670E+004 -1.089851681377E-005  3.368872387775E-001
  2.624441798480E-001  7.498540849731E+001 -8.421214498389E+002  9.858593559237E+003 -1.043706214951E-005  3.420173709845E-001
  2.665219202956E-001  7.163212057265E+001 -8.028727701678E+002  9.395396693574E+003 -9.970028579324E-006  3.472731040045E-001
  2.706444712976E-001  6.840079761775E+001 -7.650662602224E+002  8.949595467427E+003 -9.498206665676E-006  3.526576936154E-001
  2.748122876832E-001  6.528861516994E+001 -7.286671087436E+002  8.520746240339E+003 -9.022502881783E-006  3.581744471871E-001
  2.790258313137E-001  6.229274745464E+001 -6.936405757957E+002  8.108407385549E+003 -8.543951371036E-006  3.638267186464E-001
  2.832855712010E-001  5.941037042652E+001 -6.599520285864E+002  7.712139724560E+003 -8.063726751626E-006  3.696179024872E-001
  2.875919836279E-001  5.663866472149E+001 -6.275669760427E+002  7.331506944193E+003 -7.583157945011E-006  3.755514267101E-001
  2.919455522717E-001  5.397481851752E+001 -5.964511021218E+002  6.966075995946E+003 -7.103743146203E-006  3.816307445677E-001
  2.963467683296E-001  5.141603030220E+001 -5.665702978413E+002  6.615417477513E+003 -6.627165966793E-006  3.878593249804E-001
  3.007961306479E-001  4.895951154556E+001 -5.378906920126E+002  6.279105996364E+003 -6.155312787344E-006  3.942406414746E-001
  3.052941458522E-001  4.660248927651E+001 -5.103786806670E+002  5.956720515324E+003 -5.690291374305E-006  4.007781594863E-001
  3.098413284823E-001  4.434220856169E+001 -4.840009551651E+002  5.647844680111E+003 -5.234450789302E-006  4.074753218591E-001
  3.144382011281E-001  4.217593488558E+001 -4.587245289828E+002  5.352067128856E+003 -4.790402579324E-006  4.143355323555E-001
  3.190852945695E-001  4.010095643108E+001 -4.345167631713E+002  5.068981783631E+003 -4.361043259084E-006  4.213621369905E-001
  3.237831479192E-001  3.811458625970E+001 -4.113453904881E+002  4.798188124079E+003 -3.949578049720E-006  4.285584029837E-001
  3.285323087679E-001  3.621416439107E+001 -3.891785382022E+002  4.539291443234E+003 -3.559545788519E-006  4.359274951229E-001
  3.333333333333E-001  3.439705978127E+001 -3.679847495762E+002  4.291903085689E+003 -3.194844916813E-006  4.434724493221E-001
  3.381867866117E-001  3.266067219996E+001 -3.477330040321E+002  4.055640668282E+003 -2.859760397895E-006  4.511961431562E-001
  3.430932425333E-001  3.100243400632E+001 -3.283927360081E+002  3.830128283496E+003 -2.558991323492E-006  4.591012631562E-001
  3.480532841203E-001  2.941981182411E+001 -3.099338525190E+002  3.614996685800E+003 -2.297678957282E-006  4.671902686538E-001
  3.530675036492E-001  2.791030811611E+001 -2.923267494312E+002  3.409883461206E+003 -2.081434861493E-006  4.754653519799E-001
  3.581365028158E-001  2.647146265866E+001 -2.755423264687E+002  3.214433180307E+003 -1.916368593337E-006  4.839283948402E-001
  3.632608929041E-001  2.510085391700E+001 -2.595520009654E+002  3.028297535112E+003 -1.809114501056E-006  4.925809207234E-001
  3.684412949588E-001  2.379610032221E+001 -2.443277203843E+002  2.851135460010E+003 -1.766856865504E-006  5.014240432409E-001
  3.736783399619E-001  2.255486145099E+001 -2.298419736231E+002  2.682613237217E+003 -1.797352606261E-006  5.104584103535E-001
  3.789726690123E-001  2.137483910924E+001 -2.160678011287E+002  2.522404587070E+003 -1.908950588328E-006  5.196841445119E-001
  3.843249335105E-001  2.025377832097E+001 -2.029788038443E+002  2.370190743575E+003 -2.110606419934E-006  5.291007788331E-001
  3.897357953460E-001  1.918946822392E+001 -1.905491510156E+002  2.225660515607E+003 -2.411891405611E-006  5.387071895424E-001
  3.952059270903E-001  1.817974287344E+001 -1.787535868818E+002  2.088510334195E+003 -2.822994274249E-006  5.485015250505E-001
  4.007360121927E-001  1.722248195648E+001 -1.675674362795E+002  1.958444286321E+003 -3.354713981031E-006  5.584811321918E-001
  4.063267451812E-001  1.631561141734E+001 -1.569666091907E+002  1.835174135701E+003 -4.018441840626E-006  5.686424803360E-001
  4.119788318683E-001  1.545710399727E+001 -1.469276042628E+002  1.718419331004E+003 -4.826131078295E-006  5.789810842982E-001
  4.176929895600E-001  1.464497968987E+001 -1.374275113345E+002  1.607907001980E+003 -5.790251701817E-006  5.894914272063E-001
  4.234699472710E-001  1.387730611441E+001 -1.284440129982E+002  1.503371943988E+003 -6.923728740101E-006  6.001668847446E-001
  4.293104459435E-001  1.315219880935E+001 -1.199553852338E+002  1.404556591409E+003 -8.239861672411E-006  6.109996524669E-001
  4.352152386716E-001  1.246782144824E+001 -1.119404971460E+002  1.311210980439E+003 -9.752223212642E-006  6.219806781596E-001
  4.411850909306E-001  1.182238598050E+001 -1.043788098419E+002  1.223092701769E+003 -1.147453564981E-005  6.330996015175E-001
  4.472207808110E-001  1.121415269934E+001 -9.725037448165E+001  1.139966843643E+003 -1.342052343910E-005  6.443447036697E-001
  4.533230992589E-001  1.064143023945E+001 -9.053582953951E+001  1.061605925808E+003 -1.560374121455E-005  6.557028693331E-001
  4.594928503202E-001  1.010257550694E+001 -8.421639731008E+001  9.877898248601E+002 -1.803737703525E-005  6.671595645583E-001
  4.657308513924E-001  9.595993544008E+000 -7.827387969614E+001  9.183056914803E+002 -2.073403165944E-005  6.786988331545E-001
  4.720379334802E-001  9.120137331153E+000 -7.269065331411E+001  8.529478600773E+002 -2.370547556931E-005  6.903033148914E-001
  4.784149414579E-001  8.673507529347E+000 -6.744966395346E+001  7.915177513206E+002 -2.696238684243E-005  7.019542884726E-001
  4.848627343381E-001  8.254652165002E+000 -6.253442042619E+001  7.338237680656E+002 -3.051407412185E-005  7.136317420178E-001
  4.913821855461E-001  7.862166260319E+000 -5.792898784246E+001  6.796811851564E+002 -3.436819064979E-005  7.253144733606E-001
  4.979741832006E-001  7.494691411740E+000 -5.361798034811E+001  6.289120335868E+002 -3.853044645844E-005  7.369802218605E-001
  5.046396304008E-001  7.150915319192E+000 -4.958655335979E+001  5.813449794940E+002 -4.300432743804E-005  7.486058326201E-001
  5.113794455212E-001  6.829571268816E+000 -4.582039533286E+001  5.368151984500E+002 -4.779083103996E-005  7.601674530140E-001
  5.181945625116E-001  6.529437571859E+000 -4.230571909670E+001  4.951642455059E+002 -5.288822921262E-005  7.716407602871E-001
  5.250859312060E-001  6.249336962406E+000 -3.902925279198E+001  4.562399214356E+002 -5.829186963676E-005  7.830012177059E-001
  5.320545176366E-001  5.988135956603E+000 -3.597823044343E+001  4.198961356121E+002 -6.399402612347E-005  7.942243554112E-001
  5.391013043575E-001  5.744744175985E+000 -3.314038220127E+001  3.859927659413E+002 -6.998380828408E-005  8.052860707807E-001
  5.462272907741E-001  5.518113637531E+000 -3.050392428382E+001  3.543955162630E+002 -7.624713911819E-005  8.161629418640E-001
  5.534334934816E-001  5.307238012987E+000 -2.805754865295E+001  3.249757716176E+002 -8.276680700841E-005  8.268325463755E-001
  5.607209466109E-001  5.111151859991E+000 -2.579041245340E+001  2.976104517633E+002 -8.952259582821E-005  8.372737779205E-001
  5.680907021827E-001  4.928929827492E+000 -2.369212724601E+001  2.721818633154E+002 -9.649149375867E-005  8.474671506584E-001
  5.755438304707E-001  4.759685837879E+000 -2.175274806431E+001  2.485775508643E+002 -1.036479776480E-004  8.573950835405E-001
  5.830814203728E-001  4.602572248234E+000 -1.996276232265E+001  2.266901474152E+002 -1.109643664882E-004  8.670421556239E-001
  5.907045797917E-001  4.456778993007E+000 -1.831307860369E+001  2.064172244780E+002 -1.184112338654E-004  8.763953247712E-001
  5.984144360243E-001  4.321532710419E+000 -1.679501535134E+001  1.876611421199E+002 -1.259578665660E-004  8.854441032591E-001
  6.062121361613E-001  4.196095854792E+000 -1.540028949514E+001  1.703288992794E+002 -1.335727540681E-004  8.941806853741E-001
  6.140988474955E-001  4.079765796951E+000 -1.412100503031E+001  1.543319846250E+002 -1.412240924580E-004  9.026000238815E-001
  6.220757579409E-001  3.971873914805E+000 -1.294964157721E+001  1.395862282257E+002 -1.488802856248E-004  9.106998542022E-001
  6.301440764614E-001  3.871784676105E+000 -1.187904294261E+001  1.260116542873E+002 -1.565104273459E-004  9.184806670923E-001
  6.383050335109E-001  3.778894715335E+000 -1.090240570431E+001  1.135323351910E+002 -1.640847491647E-004  9.259456324794E-001
  6.465598814833E-001  3.692631906619E+000 -1.001326783950E+001  1.020762470580E+002 -1.715750211821E-004  9.331004787614E-001
  6.549098951744E-001  3.612454434434E+000 -9.205497416211E+000  9.157512704644E+001 -1.789548957506E-004  9.399533332194E-001
  6.633563722545E-001  3.537849863870E+000 -8.473281366298E+000  8.196433257561E+001 -1.862001870375E-004  9.465145301928E-001
  6.719006337539E-001  3.468334212087E+000 -7.811114357025E+000  7.318270265402E+001 -1.932890827591E-004  9.527963942778E-001
  6.805440245593E-001  3.403451022546E+000 -7.213787777662E+000  6.517242147684E+001 -2.002022874222E-004  9.588130060349E-001
  6.892879139233E-001  3.342770443509E+000 -6.676378856166E+000  5.787888444241E+001 -2.069230992045E-004  9.645799575695E-001
  6.981336959871E-001  3.285888312248E+000 -6.194239920142E+000  5.125056672457E+001 -2.134374250466E-004  9.701141049182E-001
  7.070827903152E-001  3.232425246286E+000 -5.762987815197E+000  4.523889452392E+001 -2.197337402405E-004  9.754333235027E-001
  7.161366424455E-001  3.182025742959E+000 -5.378493492838E+000  3.979811910837E+001 -2.258030002086E-004  9.805562720654E-001
  7.252967244510E-001  3.134357288474E+000 -5.036871779033E+000  3.488519374051E+001 -2.316385127540E-004  9.855021695544E-001
  7.345645355186E-001  3.089109477589E+000 -4.734471333619E+000  3.045965357724E+001 -2.372357794014E-004  9.902905884362E-001
  7.439416025400E-001  3.045993144951E+000 -4.467864809779E+000  2.648349861537E+001 -2.425923142154E-004  9.949412669422E-001
  7.534294807203E-001  3.004739509038E+000 -4.233839221872E+000  2.292107974529E+001 -2.477074479147E-004  9.994739418447E-001
  7.630297542000E-001  2.965099329625E+000 -4.029386529015E+000  1.973898796430E+001 -2.525821243666E-004  1.003908202538E+000
  7.727440366954E-001  2.926842079559E+000 -3.851694440908E+000  1.690594679020E+001 -2.572186956276E-004  1.008263366494E+000
  7.825739721536E-001  2.889755131599E+000 -3.698137451572E+000  1.439270790625E+001 -2.616207206119E-004  1.012558375578E+000
  7.925212354258E-001  2.853642960991E+000 -3.566268105798E+000  1.217195005874E+001 -2.657927715579E-004  1.016811712256E+000
  8.025875329584E-001  2.818326364385E+000 -3.453808502351E+000  1.021818121931E+001 -2.697402514083E-004  1.021041334375E+000
  8.127746035011E-001  2.783641695615E+000 -3.358642037157E+000  8.507644015857E+000 -2.734692243253E-004  1.025264626969E+000
  8.230842188350E-001  2.749440118835E+000 -3.278805388999E+000  7.018224427347E+000 -2.769862608513E-004  1.029498369414E+000
  8.335181845190E-001  2.715586879389E+000 -3.212480749482E+000  5.729363730393E+000 -2.802982984307E-004  1.033758716181E+000
  8.440783406568E-001  2.681960592791E+000 -3.157988298420E+000  4.621973678203E+000 -2.834125175026E-004  1.038061189448E+000
  8.547665626839E-001  2.648452552068E+000 -3.113778925058E+000  3.678354885672E+000 -2.863362329646E-004  1.042420681894E+000
  8.655847621758E-001  2.614966053723E+000 -3.078427194999E+000  2.882118388150E+000 -2.890768003576E-004  1.046851468088E+000
  8.765348876780E-001  2.581415742470E+000 -3.050624562068E+000  2.218110335477E+000 -2.916415360051E-004  1.051367222988E+000
  8.876189255584E-001  2.547726974880E+000 -3.029172823819E+000  1.672339777507E+000 -2.940376500219E-004  1.055981046224E+000
  8.988389008829E-001  2.513835201993E+000 -3.012977818836E+000  1.231909492249E+000 -2.962721911541E-004  1.060705490965E+000
  9.101968783143E-001  2.479685370938E+000 -3.001043363530E+000  8.849498032191E-001 -2.983520022542E-004  1.065552596306E+000
  9.216949630368E-001  2.445231345522E+000 -2.992465425626E+000  6.205553283516E-001 -3.002836852397E-004  1.070533922266E+000
  9.333353017046E-001  2.410435345750E+000 -2.986426531148E+000  4.287245990449E-001 -3.020735744392E-004  1.075660586616E+000
  9.451200834176E-001  2.375267406153E+000 -2.982190401285E+000  3.003024844807E-001 -3.037277171832E-004  1.080943302851E+000
  9.570515407237E-001  2.339704852807E+000 -2.979096815179E+000  2.269253533203E-001 -3.052518607153E-004  1.086392418789E+000
  9.691319506484E-001  2.303731798853E+000 -2.976556694335E+000  2.009689021734E-001 -3.066514444187E-004  1.092017955318E+000
  9.813636357544E-001  2.267338658344E+000 -2.974047404042E+000  2.154985779210E-001 -3.079315965848E-004  1.097829644943E+000
  9.937489652293E-001  2.230521678163E+000 -2.971108266957E+000  2.642225189506E-001 -3.090971349056E-004  1.103836969857E+000
  1.006290356005E+000  2.193282487783E+000 -2.967336283724E+000  3.414469386942E-001 -3.101525700547E-004  1.110049199308E+000
  1.018990273907E+000  2.155627666577E+000 -2.962382055330E+000  4.420338734940E-001 -3.111021117356E-004  1.116475426118E+000
  1.031851234841E+000  2.117568328395E+000 -2.955945901694E+000  5.613612157648E-001 -3.119496767168E-004  1.123124602245E+000
  1.044875806003E+000  2.079119723086E+000 -2.947774170858E+000  6.952849526440E-001 -3.126988983450E-004  1.130005573330E+000
  1.058066607138E+000  2.040300854652E+000 -2.937655733005E+000  8.401035298340E-001 -3.133531372068E-004  1.137127112187E+000
  1.071426311823E+000  2.001134115682E+000 -2.925418653453E+000  9.925242601245E-001 -3.139154925813E-004  1.144497951252E+000
  1.084957648792E+000  1.961644937736E+000 -2.910927038711E+000  1.149631696104E+000 -3.143888144048E-004  1.152126814007E+000
  1.098663403298E+000  1.921861457307E+000 -2.894078049614E+000  1.308857886867E+000 -3.147757155225E-004  1.160022445417E+000
  1.112546418516E+000  1.881814197018E+000 -2.874799075580E+000  1.467954439010E+000 -3.150785840343E-004  1.168193641447E+000
  1.126609596985E+000  1.841535761684E+000 -2.853045064002E+000  1.624966302989E+000 -3.152995955742E-004  1.176649277723E+000
  1.140855902095E+000  1.801060548878E+000 -2.828795998845E+000  1.778207206795E+000 -3.154407253888E-004  1.185398337413E+000
  1.155288359613E+000  1.760424473644E+000 -2.802054522556E+000  1.926236660115E+000 -3.155037601131E-004  1.194449938415E+000
  1.169910059257E+000  1.719664706991E+000 -2.772843695469E+000  2.067838453425E+000 -3.154903091799E-004  1.203813359946E+000
  1.184724156317E+000  1.678819427825E+000 -2.741204886989E+000  2.202000577996E+000 -3.154018157691E-004  1.213498068618E+000
  1.199733873325E+000  1.637927587953E+000 -2.707195792929E+000  2.327896494447E+000 -3.152395672790E-004  1.223513744106E+000
  1.214942501771E+000  1.597028689835E+000 -2.670888573515E+000  2.444867679300E+000 -3.150047052660E-004  1.233870304497E+000
  1.230353403874E+000  1.556162576736E+000 -2.632368106697E+000  2.552407380932E+000 -3.146982348410E-004  1.244577931425E+000
  1.245970014403E+000  1.515369234950E+000 -2.591730351575E+000  2.650145518408E+000 -3.143210335107E-004  1.255647095093E+000
  1.261795842559E+000  1.474688607790E+000 -2.549080816874E+000  2.737834658829E+000 -3.138738594434E-004  1.267088579281E+000
  1.277834473907E+000  1.434160421023E+000 -2.504533129622E+000  2.815337011131E+000 -3.133573591765E-004  1.278913506434E+000
  1.294089572372E+000  1.393824019447E+000 -2.458207699315E+000  2.882612376590E+000 -3.127720747688E-004  1.291133362943E+000
  1.310564882294E+000  1.353718214330E+000 -2.410230473056E+000  2.939706998721E+000 -3.121184503942E-004  1.303760024716E+000
  1.327264230548E+000  1.313881141428E+000 -2.360731777362E+000  2.986743257717E+000 -3.113968383983E-004  1.316805783139E+000
  1.344191528724E+000  1.274350129290E+000 -2.309845242470E+000  3.023910157054E+000 -3.106075048472E-004  1.330283371529E+000
  1.361350775387E+000  1.235161577611E+000 -2.257706805217E+000  3.051454552415E+000 -3.097506345525E-004  1.344205992193E+000
  1.378746058390E+000  1.196350845360E+000 -2.204453786719E+000  3.069673075606E+000 -3.088263356266E-004  1.358587344188E+000
  1.396381557275E+000  1.157952148428E+000 -2.150224041277E+000  3.078904708626E+000 -3.078346435697E-004  1.373441651898E+000
  1.414261545744E+000  1.119998466566E+000 -2.095155173107E+000  3.079523965544E+000 -3.067755249143E-004  1.388783694532E+000
  1.432390394201E+000  1.082521459365E+000 -2.039383817679E+000  3.071934642286E+000 -3.056488804412E-004  1.404628836663E+000
  1.450772572390E+000  1.045551391036E+000 -1.983044984610E+000  3.056564096813E+000 -3.044545480148E-004  1.420993059918E+000
  1.469412652102E+000  1.009117063772E+000 -1.926271459203E+000  3.033858024496E+000 -3.031923050328E-004  1.437892995947E+000
  1.488315309978E+000  9.732457594458E-001 -1.869193259913E+000  3.004275695767E+000 -3.018618705183E-004  1.455345960780E+000
  1.507485330398E+000  9.379631894242E-001 -1.811937149115E+000  2.968285625260E+000 -3.004629069084E-004  1.473369990732E+000
  1.526927608467E+000  9.032934522662E-001 -1.754626194716E+000  2.926361643765E+000 -2.989950215158E-004  1.491983879951E+000
  1.546647153093E+000  8.692589990672E-001 -1.697379380257E+000  2.878979346245E+000 -2.974577677354E-004  1.511207219785E+000
  1.566649090169E+000  8.358806062218E-001 -1.640311261266E+000  2.826612891069E+000 -2.958506459791E-004  1.531060440103E+000
  1.586938665861E+000  8.031773553638E-001 -1.583531665718E+000  2.769732127335E+000 -2.941731044008E-004  1.551564852718E+000
  1.607521250000E+000  7.711666202421E-001 -1.527145436539E+000  2.708800028799E+000 -2.924245394131E-004  1.572742697093E+000
  1.628402339588E+000  7.398640602857E-001 -1.471252214191E+000  2.644270414417E+000 -2.906042960274E-004  1.594617188491E+000
  1.649587562420E+000  7.092836206036E-001 -1.415946257409E+000  2.576585936939E+000 -2.887116680485E-004  1.617212568763E+000
  1.671082680832E+000  6.794375381617E-001 -1.361316300241E+000  2.506176322217E+000 -2.867458981622E-004  1.640554159958E+000
  1.692893595565E+000  6.503363538694E-001 -1.307445443575E+000  2.433456843067E+000 -2.847061778960E-004  1.664668420972E+000
  1.715026349769E+000  6.219889303047E-001 -1.254411079387E+000  2.358827012578E+000 -2.825916475559E-004  1.689583007450E+000
  1.737487133138E+000  5.944024747959E-001 -1.202284845959E+000  2.282669482659E+000 -2.804013960963E-004  1.715326835184E+000
  1.760282286187E+000  5.675825675748E-001 -1.151132612363E+000  2.205349134471E+000 -2.781344609935E-004  1.741930147237E+000
  1.783418304674E+000  5.415331947061E-001 -1.101014490494E+000  2.127212348114E+000 -2.757898281429E-004  1.769424585093E+000
  1.806901844175E+000  5.162567854944E-001 -1.051984872984E+000  2.048586439580E+000 -2.733664318028E-004  1.797843264083E+000
  1.830739724818E+000  4.917542540622E-001 -1.004092495315E+000  1.969779253552E+000 -2.708631546222E-004  1.827220853414E+000
  1.854938936184E+000  4.680250447878E-001 -9.573805204678E-001  1.891078901119E+000 -2.682788277773E-004  1.857593661122E+000
  1.879506642368E+000  4.450671812866E-001 -9.118866444452E-001  1.812753631902E+000 -2.656122312537E-004  1.888999724292E+000
  1.904450187236E+000  4.228773186190E-001 -8.676432210284E-001  1.735051830475E+000 -2.628620942959E-004  1.921478904933E+000
  1.929777099847E+000  4.014507984005E-001 -8.246774041146E-001  1.658202127284E+000 -2.600270960597E-004  1.955072991886E+000
  1.955495100083E+000  3.807817064924E-001 -7.830113060094E-001  1.582413614571E+000 -2.571058664968E-004  1.989825809227E+000
  1.981612104475E+000  3.608629329502E-001 -7.426621700546E-001  1.507876158082E+000 -2.540969874952E-004  2.025783331600E+000
  2.008136232230E+000  3.416862339061E-001 -7.036425559855E-001  1.434760795587E+000 -2.509989943051E-004  2.062993806986E+000
  2.035075811486E+000  3.232422950666E-001 -6.659605364373E-001  1.363220213476E+000 -2.478103772829E-004  2.101507887454E+000
  2.062439385788E+000  3.055207965089E-001 -6.296199030393E-001  1.293389292947E+000 -2.445295839559E-004  2.141378768446E+000
  2.090235720801E+000  2.885104784644E-001 -5.946203805696E-001  1.225385717510E+000 -2.411550214642E-004  2.182662337234E+000
  2.118473811262E+000  2.721992077849E-001 -5.609578476732E-001  1.159310633808E+000 -2.376850593580E-004  2.225417331207E+000
  2.147162888201E+000  2.565740447941E-001 -5.286245626896E-001  1.095249357977E+000 -2.341180328020E-004  2.269705506699E+000
  2.176312426413E+000  2.416213102353E-001 -4.976093931785E-001  1.033272120060E+000 -2.304522461752E-004  2.315591819150E+000
  2.205932152222E+000  2.273266520387E-001 -4.678980477852E-001  9.734348392379E-001 -2.266859770828E-004  2.363144615418E+000
  2.236032051522E+000  2.136751116400E-001 -4.394733091397E-001  9.157799229836E-001 -2.228174807877E-004  2.412435839153E+000
  2.266622378129E+000  2.006511895954E-001 -4.123152665468E-001  8.603370835074E-001 -2.188449950405E-004  2.463541250208E+000
  2.297713662445E+000  1.882389102543E-001 -3.864015472874E-001  8.071241652423E-001 -2.147667453389E-004  2.516540659146E+000
  2.329316720450E+000  1.764218852591E-001 -3.617075454218E-001  7.561479774352E-001 -2.105809505446E-004  2.571518177980E+000
  2.361442663038E+000  1.651833756639E-001 -3.382066470560E-001  7.074051262888E-001 -2.062858288959E-004  2.628562488397E+000
  2.394102905709E+000  1.545063524720E-001 -3.158704511121E-001  6.608828414742E-001 -2.018796043489E-004  2.687767128803E+000
  2.427309178642E+000  1.443735554160E-001 -2.946689847168E-001  6.165597922227E-001 -1.973605132147E-004  2.749230801664E+000
  2.461073537146E+000  1.347675498138E-001 -2.745709124083E-001  5.744068886044E-001 -1.927268110719E-004  2.813057702735E+000
  2.495408372530E+000  1.256707813553E-001 -2.555437384386E-001  5.343880640068E-001 -1.879767798712E-004  2.879357873914E+000
  2.530326423398E+000  1.170656286907E-001 -2.375540015334E-001  4.964610352350E-001 -1.831087351805E-004  2.948247581620E+000
  2.565840787378E+000  1.089344537068E-001 -2.205674615557E-001  4.605780370619E-001 -1.781210335190E-004  3.019849722779E+000
  2.601964933334E+000  1.012596493963E-001 -2.045492775971E-001  4.266865284674E-001 -1.730120796619E-004  3.094294260686E+000
  2.638712714049E+000  9.402368524136E-002 -1.894641771076E-001  3.947298682055E-001 -1.677803338638E-004  3.171718693239E+000
  2.676098379430E+000  8.720915004869E-002 -1.752766157491E-001  3.646479577306E-001 -1.624243188780E-004  3.252268556297E+000
  2.714136590232E+000  8.079879219009E-002 -1.619509277386E-001  3.363778499029E-001 -1.569426266791E-004  3.336097965178E+000
  2.752842432351E+000  7.477555721664E-002 -1.494514665197E-001  3.098543222575E-001 -1.513339247751E-004  3.423370197622E+000
  2.792231431696E+000  6.912262283054E-002 -1.377427356729E-001  2.850104139833E-001 -1.455969619874E-004  3.514258321920E+000
  2.832319569669E+000  6.382343121189E-002 -1.267895100432E-001  2.617779260916E-001 -1.397305735621E-004  3.608945874268E+000
  2.873123299289E+000  5.886171871095E-002 -1.165569471255E-001  2.400878845751E-001 -1.337336855242E-004  3.707627589875E+000
  2.914659561979E+000  5.422154292868E-002 -1.070106888084E-001  2.198709666569E-001 -1.276053180860E-004  3.810510192840E+000
  2.956945805065E+000  4.988730721967E-002 -9.811695363054E-002  2.010578905018E-001 -1.213445880369E-004  3.917813250391E+000
  3.000000000000E+000  4.584378266189E-002 -8.984261975343E-002  1.835797690169E-001 -1.149507099527E-004  4.029770097705E+000
  3.043840661365E+000  4.207612754696E-002 -8.215529889671E-002  1.673684285923E-001 -1.084229961130E-004  4.146628840257E+000
  3.088486866678E+000  3.856990445317E-002 -7.502340152281E-002  1.523566938365E-001 -1.017608550213E-004  4.268653441475E+000
  3.133958277047E+000  3.531109497054E-002 -6.841619358912E-002  1.384786395347E-001 -9.496378841906E-005  4.396124904379E+000
  3.180275158719E+000  3.228611215411E-002 -6.230384521477E-002  1.256698112065E-001 -8.803138672461E-005  4.529342556970E+000
  3.227458405560E+000  2.948181078646E-002 -5.665747163140E-002  1.138674157659E-001 -8.096332281921E-005  4.668625452302E+000
  3.275529562509E+000  2.688549553583E-002 -5.144916680502E-002  1.030104838785E-001 -7.375934415768E-005  4.814313895536E+000
  3.324510850077E+000  2.448492709931E-002 -4.665203012891E-002  9.304000568872E-002 -6.641926320320E-005  4.966771111817E+000
  3.374425189910E+000  2.226832642409E-002 -4.224018659603E-002  8.389904163385E-002 -5.894294621496E-005  5.126385070568E+000
  3.425296231502E+000  2.022437710182E-002 -3.818880086353E-002  7.553281009182E-002 -5.133030044320E-005  5.293570483779E+000
  3.477148380094E+000  1.834222603304E-002 -3.447408562264E-002  6.788875361246E-002 -4.358125989371E-005  5.468770998160E+000
  3.530006825834E+000  1.661148245969E-002 -3.107330468443E-002  6.091658547032E-002 -3.569576979017E-005  5.652461603569E+000
  3.583897574256E+000  1.502221546449E-002 -2.796477118624E-002  5.456831824641E-002 -2.767376998456E-005  5.845151283133E+000
  3.638847478148E+000  1.356495003637E-002 -2.512784131585E-002  4.879827610194E-002 -1.951517757188E-005  6.047385933767E+000
  3.694884270887E+000  1.223066180093E-002 -2.254290394024E-002  4.356309235020E-002 -1.121986907767E-005  6.259751589694E+000
  3.752036601308E+000  1.101077051487E-002 -2.019136651458E-002  3.882169386640E-002 -2.787662581487E-006  6.482877985903E+000
  3.810334070199E+000  9.897132422365E-003 -1.805563763412E-002  3.453527380108E-002  5.781699761198E-006  6.717442503488E+000
  3.869807268505E+000  8.882031571114E-003 -1.611910657889E-002  3.066725398342E-002  1.448856829022E-005  6.964174544549E+000
  3.930487817331E+000  7.958170184311E-003 -1.436612018662E-002  2.718323831857E-002  2.333340098661E-005  7.223860390851E+000
  3.992408409843E+000  7.118658184028E-003 -1.278195737563E-002  2.405095839889E-002  3.231677660470E-005  7.497348607918E+000
  4.055602855172E+000  6.357001959960E-003 -1.135280162541E-002  2.124021246619E-002  4.143940519831E-005  7.785556064840E+000
  4.120106124432E+000  5.667092476084E-003 -1.006571170819E-002  1.872279877974E-002  5.070213545619E-005  8.089474649858E+000
  4.185954398964E+000  5.043192806016E-003 -8.908590951697E-003  1.647244436655E-002  6.010595827407E-005  8.410178773067E+000
  4.253185120935E+000  4.479925185999E-003 -7.870155299108E-003  1.446473005408E-002  6.965200601009E-005  8.748833760501E+000
  4.321837046422E+000  3.972257672231E-003 -6.939900419272E-003  1.267701261498E-002  7.934154698167E-005  9.106705258693E+000
  4.391950301120E+000  3.515490486889E-003 -6.108068106990E-003  1.108834478537E-002  8.917597477483E-005  9.485169785814E+000
  4.463566438835E+000  3.105242134497E-003 -5.365612200074E-003  9.679393855190E-003  9.915679216909E-005  9.885726585118E+000
  4.536728502895E+000  2.737435367319E-003 -4.704164226933E-003  8.432359470091E-003  1.092855894820E-004  1.031001095889E+001
  4.611481090679E+000  2.408283075192E-003 -4.115998985364E-003  7.330891228053E-003  1.195640174127E-004  1.075980928704E+001
  4.687870421430E+000  2.114274171661E-003 -3.594000240059E-003  6.360006601762E-003  1.299937546165E-004  1.123707596433E+001
  4.765944407533E+000  1.852159544403E-003 -3.131626713041E-003  5.506009667554E-003  1.405764703989E-004  1.174395252472E+001
  4.845752729492E+000  1.618938133812E-003 -2.722878527720E-003  4.756411074072E-003  1.513137832123E-004  1.228278926077E+001
  4.927346914797E+000  1.411843199218E-003 -2.362264253578E-003  4.099849637926E-003  1.622072157606E-004  1.285616969240E+001
  5.010780420931E+000  1.228328827600E-003 -2.044768684629E-003  3.526015909226E-003  1.732581477958E-004  1.346693829187E+001
  5.096108722763E+000  1.066056734836E-003 -1.765821470858E-003  3.025578006910E-003  1.844677678619E-004  1.411823193350E+001
  5.183389404586E+000  9.228834045659E-004 -1.521266707789E-003  2.590109981996E-003  1.958370253683E-004  1.481351560781E+001
  5.272682257105E+000  7.968476046752E-004 -1.307333575431E-003  2.212022926403E-003  2.073665846211E-004  1.555662302220E+001
  5.364049379651E+000  6.861583162166E-004 -1.120608103961E-003  1.884499005882E-003  2.190567824161E-004  1.635180280594E+001
  5.457555287978E+000  5.891831044491E-004 -9.580061300078E-004  1.601428558001E-003  2.309075910188E-004  1.720377114875E+001
  5.553267027968E+000  5.044369564749E-004 -8.167474941121E-004  1.357350360314E-003  2.429185882232E-004  1.811777183116E+001
  5.651254295630E+000  4.305716048642E-004 -6.943315172064E-004  1.147395140004E-003  2.550889363581E-004  1.909964475543E+001
  5.751589563796E+000  3.663653516476E-004 -5.885137816779E-004  9.672323646173E-004  2.674173718741E-004  2.015590426010E+001
  5.854348215936E+000  3.107134021988E-004 -4.972842309310E-004  8.130203242341E-004  2.799022072788E-004  2.129382870458E+001
  5.959608687557E+000  2.626187138504E-004 -4.188465903555E-004  6.813594885669E-004  2.925413469818E-004  2.252156304566E+001
  6.067452615683E+000  2.211833596390E-004 -3.515991023062E-004  5.692490982501E-004  3.053323185452E-004  2.384823640130E+001
  6.177964996951E+000  1.856004033906E-004 -2.941165581320E-004  4.740469278214E-004  3.182723208335E-004  2.528409691386E+001
  6.291234354880E+000  1.551462784863E-004 -2.451336014965E-004  3.934321386736E-004  3.313582904345E-004  2.684066659103E+001
  6.407352916949E+000  1.291736591200E-004 -2.035292692398E-004  3.253711234055E-004  3.445869876193E-004  2.853091922453E+001
  6.526416802128E+000  1.071048097335E-004 -1.683127288724E-004  2.680862284402E-004  3.579551031526E-004  3.036948497173E+001
  6.648526219580E+000  8.842539560106E-005 -1.386101655057E-004  2.200272293695E-004  3.714593870497E-004  3.237288574015E+001
  6.773785679311E+000  7.267873529828E-005 -1.136527656491E-004  1.798454231251E-004  3.850968001738E-004  3.455980614668E+001
  6.902304215570E+000  5.946047403015E-005 -9.276574088543E-005  1.463701926749E-004  3.988646891819E-004  3.695140553895E+001
  7.034195623922E+000  4.841365554155E-005 -7.535833101522E-005  1.185878934530E-004  4.127609845526E-004  3.957167737123E+001
  7.169578712934E+000  3.922416959163E-005 -6.091472386970E-005  9.562290612142E-005  4.267844202018E-004  4.244786312575E+001
  7.308577571516E+000  3.161655172913E-005 -4.898582766102E-005  7.672069754662E-005  4.409347711445E-004  4.561092896508E+001
  7.451321853057E+000  2.535011233619E-005 -3.918183146034E-005  6.123273106608E-005  4.552131027835E-004  4.909611439278E+001
  7.597947077547E+000  2.021537256928E-005 -3.116549015305E-005  4.860306823783E-005  4.696220208355E-004  5.294356338735E+001
  7.748594953021E+000  1.603078585832E-005 -2.464607195648E-005  3.835650729967E-005  4.841659050265E-004  5.719904976014E+001
  7.903413717736E+000  1.263972495535E-005 -1.937390921039E-005  3.008810846532E-005  4.988511013503E-004  6.191480988019E+001
  8.062558504629E+000  9.907716066308E-006 -1.513549653782E-005  2.345396284287E-005  5.136860376198E-004  6.715049743834E+001
  8.226191729726E+000  7.719903259907E-006 -1.174908446815E-005  1.816306999889E-005  5.286812144040E-004  7.297427666453E+001
  8.394483506327E+000  5.978728031669E-006 -9.060721032296E-006  1.397019875905E-005  5.438490099976E-004  7.946407253185E+001
  8.567612086926E+000  4.601810516983E-006 -6.940698483480E-006  1.066961641859E-005  5.592032247723E-004  8.670899930758E+001
  8.745764335025E+000  3.520020312769E-006 -5.280366964950E-006  8.089582762011E-006  5.747582807559E-004  9.481099296855E+001
  8.929136229160E+000  2.675726117134E-006 -3.989281443740E-006  6.087516762198E-006  5.905279921204E-004  1.038866795976E+002
  9.117933401693E+000  2.021214383730E-006 -2.992652387124E-006  4.545755137581E-006  6.065238392674E-004  1.140695228337E+002
  9.312371715124E+000  1.517267889498E-006 -2.229074338209E-006  3.367832709369E-006  6.227527249129E-004  1.255123119244E+002
  9.512677878945E+000  1.131895532267E-006 -1.648509655297E-006  2.475224388093E-006  6.392142793318E-004  1.383900829593E+002
  9.719090110332E+000  8.392048330337E-007 -1.210507171234E-006  1.804497373500E-006  6.558979260425E-004  1.529036171801E+002
  9.931858842267E+000  6.184085617993E-007 -8.826374084906E-007  1.304829610995E-006  6.727801320139E-004  1.692837432366E+002
  1.015124748302E+001  4.529566963520E-007 -6.391273046438E-007  9.358566492497E-007  6.898225409408E-004  1.877968010058E+002
  1.037753323129E+001  3.297846304541E-007 -4.596782512933E-007  6.658138247130E-007  7.069720025891E-004  2.087518250402E+002
  1.061100795175E+001  2.386682439656E-007 -3.284517449389E-007  4.699442860017E-007  7.241638005531E-004  2.325103048971E+002
  1.085197911611E+001  1.716762002200E-007 -2.332072228820E-007  3.291459599341E-007  7.413295468325E-004  2.594998159351E+002
  1.110077081537E+001  1.227097021881E-007 -1.645768425042E-007  2.288323908482E-007  7.584111254675E-004  2.902334410183E+002
  1.135772484956E+001  8.711995945440E-008 -1.154621767070E-007  1.579837111294E-007  7.753816170781E-004  3.253378033523E+002
  1.162320190175E+001  6.139381486183E-008 -8.053813588895E-008  1.083650671460E-007  7.922732980836E-004  3.655938472408E+002
  1.189758280382E+001  4.289835551954E-008 -5.584994991705E-008  7.389083923625E-008  8.092117184612E-004  4.119965097217E+002
  1.218126990242E+001  2.967587250052E-008 -3.848977979921E-008  5.011411261585E-008  8.264538386156E-004  4.658426554654E+002
  1.247468853413E+001  2.028120744492E-008 -2.634047248780E-008  3.382217215418E-008  8.444276234711E-004  5.288621454684E+002
  1.277828862002E+001  1.365429334789E-008 -1.787508975712E-008  2.272034009548E-008  8.637703830113E-004  6.034167229160E+002
  1.309254639077E+001  9.021517955664E-009 -1.200207989720E-008  1.518822984849E-008  8.853623329968E-004  6.928095713721E+002
  1.341796625462E+001  5.820369570374E-009 -7.947255451014E-009  1.009438809231E-008  9.103457112790E-004  8.017830996233E+002
  1.375508282195E+001  3.642630528584E-009 -5.165027423576E-009  6.657255030353E-009  9.400932196064E-004  9.373505615199E+002
  1.410446310162E+001  2.192135630093E-009 -3.272570228884E-009  4.342295841089E-009  9.759910488545E-004  1.110242746717E+003
  1.446670888596E+001  1.253793851923E-009 -2.001709845592E-009  2.786961358992E-009  1.018538812862E-003  1.337514112043E+003
  1.484245934302E+001  6.711737306314E-010 -1.164314439525E-009  1.746759240740E-009  1.063854812383E-003  1.647259805967E+003
  1.523239383723E+001  3.304757101071E-010 -6.278126197741E-010  1.057120451335E-009  1.089821925199E-003  2.086062119018E+003
  1.563723500136E+001  1.491636550832E-010 -2.981736669096E-010  6.069184146600E-010  1.001660313590E-003  2.719481315785E+003
  1.605775208607E+001  6.791029887756E-011 -1.082698973653E-010  3.204502665495E-010  4.991311486045E-004  3.535047097596E+003
  1.649476461582E+001  4.483550757982E-011 -1.002178230775E-011  1.454472975649E-010 -4.626047416063E-004  4.059754027489E+003
  1.694914638379E+001  5.128835666725E-011  3.088033367085E-011  4.527824720745E-011 -7.549816969766E-004  3.881808948894E+003
  1.742182982203E+001  6.864863871666E-011  3.856251315692E-011 -6.021737734761E-012 -5.342385028631E-004  3.522327836840E+003
  1.791381078784E+001  8.580336567275E-011  2.948483427155E-011 -2.689296766070E-011 -2.979297164138E-004  3.269933925132E+003
  1.842615381215E+001  9.709118779324E-011  1.430516049486E-011 -3.026646747656E-011 -1.253794262366E-004  3.137958147173E+003
  1.895999786176E+001  1.006049427435E-010 -6.566226010024E-013 -2.492363299309E-011 -2.798300207620E-006  3.100991997568E+003
  1.951656267356E+001  9.680367421323E-011 -1.221599599570E-011 -1.649319049780E-011  8.692706433159E-005  3.141061727193E+003
  2.009715572669E+001  8.741617316549E-011 -1.932160252235E-011 -8.247858941621E-012  1.551835390863E-004  3.249699134802E+003
  2.070317992707E+001  7.462580727633E-011 -2.223515185223E-011 -1.774942446282E-012  2.090382060803E-004  3.425658534484E+003
  2.133614208874E+001  6.051944625178E-011 -2.189186703350E-011  2.457007289804E-012  2.529195497119E-004  3.673461024832E+003
  2.199766230782E+001  4.676980759297E-011 -1.943901767145E-011  4.637069254411E-012  2.896787099533E-004  4.002996623855E+003
  2.268948433818E+001  3.450737201464E-011 -1.594004287300E-011  5.262117188924E-012  3.212059955634E-004  4.429993846269E+003
  2.341348709294E+001  2.432984136232E-011 -1.221980046110E-011  4.897268045585E-012  3.487894618368E-004  4.977301999415E+003
  2.417169741362E+001  1.639606838635E-011 -8.817594025527E-012  4.035278093316E-012  3.733283486387E-004  5.677108283250E+003
  2.496630426925E+001  1.055728428810E-011 -6.011388387960E-012  3.034918213398E-012  3.954639177454E-004  6.574403363227E+003
  2.579967457140E+001  6.489366738843E-012 -3.879239173749E-012  2.114142969907E-012  4.156619082089E-004  7.732257563821E+003
  2.667437081864E+001  3.803008705049E-012 -2.370937721822E-012  1.374448102898E-012  4.342659889887E-004  9.239844130987E+003
  2.759317081651E+001  2.121247486024E-012 -1.371970989403E-012  8.371429927092E-013  4.515332784659E-004  1.122474899062E+004
  2.855908975674E+001  1.123810722275E-012 -7.508465741375E-013  4.784601828419E-013  4.676584117631E-004  1.387211544695E+004
  2.957540498378E+001  5.641159092003E-013 -3.879719603152E-013  2.566348727023E-013  0.000000000000E+000  0.000000000000E+000
  3.064568382919E+001  2.675390062558E-013 -1.888487643635E-013  1.290579580395E-013  0.000000000000E+000  0.000000000000E+000
  3.177381495601E+001  1.194946806655E-013 -8.635538865963E-014  6.073679456490E-014  0.000000000000E+000  0.000000000000E+000
  3.296404372807E+001  5.008070889196E-014 -3.697436518936E-014  2.668027070875E-014  0.000000000000E+000  0.000000000000E+000
  3.422101220608E+001  1.961452780966E-014 -1.476730478391E-014  1.090395797496E-014  0.000000000000E+000  0.000000000000E+000
  3.554980447538E+001  7.146386961680E-015 -5.477849987500E-015  4.129803442401E-015  0.000000000000E+000  0.000000000000E+000
  3.695599813319E+001  2.409814437525E-015 -1.878023615252E-015  1.442918903742E-015  0.000000000000E+000  0.000000000000E+000
  3.844572291106E+001  7.478351298329E-016 -5.918098394644E-016  4.626396280353E-016  0.000000000000E+000  0.000000000000E+000
  4.002572758518E+001  2.122324067393E-016 -1.703618128168E-016  1.353141391815E-016  0.000000000000E+000  0.000000000000E+000
  4.170345654134E+001  5.469541036109E-017 -4.449099487191E-017  3.586077934054E-017  0.000000000000E+000  0.000000000000E+000
  4.348713762001E+001  1.270070244445E-017 -1.045995009554E-017  8.546401525380E-018  0.000000000000E+000  0.000000000000E+000
  4.538588318162E+001  2.625596894762E-018 -2.186154153264E-018  1.807438769823E-018  0.000000000000E+000  0.000000000000E+000
  4.740980671574E+001  4.821635828572E-019 -4.208985655191E-019  3.543236632258E-019  0.000000000000E+000  0.000000000000E+000
  4.957015778746E+001  7.929996332000E-020 -6.458114755263E-020  4.748125705956E-020  0.000000000000E+000  0.000000000000E+000
  5.187947869225E+001  9.758470538366E-021 -8.284511178920E-021  1.123817247013E-020  0.000000000000E+000  0.000000000000E+000
  5.435178690397E+001  1.645496161006E-021 -1.260334779826E-021 -8.447061144502E-023  0.000000000000E+000  0.000000000000E+000
  5.700278828629E+001  2.097454767591E-023 -3.167233644035E-022  2.827320495943E-022  0.000000000000E+000  0.000000000000E+000
  5.985012714155E+001  2.750505992265E-023  0.000000000000E+000  0.000000000000E+000  0.000000000000E+000  0.000000000000E+000
  6.291368055481E+001  0.000000000000E+000  0.000000000000E+000  0.000000000000E+000  0.000000000000E+000  0.000000000000E+000
  6.621590623276E+001  0.000000000000E+000  0.000000000000E+000  0.000000000000E+000  0.000000000000E+000  0.000000000000E+000
  6.978225524452E+001  0.000000000000E+000  0.000000000000E+000  0.000000000000E+000  0.000000000000E+000  0.000000000000E+000
  7.364166388185E+001  0.000000000000E+000  0.000000000000E+000  0.000000000000E+000  0.000000000000E+000  0.000000000000E+000
  7.782714245929E+001  0.000000000000E+000  0.000000000000E+000  0.000000000000E+000  0.000000000000E+000  0.000000000000E+000
  8.237648351994E+001  0.000000000000E+000  0.000000000000E+000  0.000000000000E+000  0.000000000000E+000  0.000000000000E+000
  8.733311794502E+001  0.000000000000E+000  0.000000000000E+000  0.000000000000E+000  0.000000000000E+000  0.000000000000E+000
  9.274715535088E+001  0.000000000000E+000  0.000000000000E+000  0.000000000000E+000  0.000000000000E+000  0.000000000000E+000
  9.867665554529E+001  0.000000000000E+000  0.000000000000E+000  0.000000000000E+000  0.000000000000E+000  0.000000000000E+000
  1.051891916055E+002  0.000000000000E+000  0.000000000000E+000  0.000000000000E+000  0.000000000000E+000  0.000000000000E+000
  1.123637836013E+002  0.000000000000E+000  0.000000000000E+000  0.000000000000E+000  0.000000000000E+000  0.000000000000E+000
  1.202933069206E+002  0.000000000000E+000  0.000000000000E+000  0.000000000000E+000  0.000000000000E+000  0.000000000000E+000
  1.290875131414E+002  0.000000000000E+000  0.000000000000E+000  0.000000000000E+000  0.000000000000E+000  0.000000000000E+000
  1.388768482001E+002  0.000000000000E+000  0.000000000000E+000  0.000000000000E+000  0.000000000000E+000  0.000000000000E+000
  1.498173177370E+002  0.000000000000E+000  0.000000000000E+000  0.000000000000E+000  0.000000000000E+000  0.000000000000E+000
  1.620967411853E+002  0.000000000000E+000  0.000000000000E+000  0.000000000000E+000  0.000000000000E+000  0.000000000000E+000
  1.759428668168E+002  0.000000000000E+000  0.000000000000E+000  0.000000000000E+000  0.000000000000E+000  0.000000000000E+000
  1.916340085825E+002  0.000000000000E+000  0.000000000000E+000  0.000000000000E+000  0.000000000000E+000  0.000000000000E+000
  2.095131417987E+002  0.000000000000E+000  0.000000000000E+000  0.000000000000E+000  0.000000000000E+000  0.000000000000E+000
  2.300068054477E+002  0.000000000000E+000  0.000000000000E+000  0.000000000000E+000  0.000000000000E+000  0.000000000000E+000
  2.536507797910E+002  0.000000000000E+000  0.000000000000E+000  0.000000000000E+000  0.000000000000E+000  0.000000000000E+000
  2.811254638474E+002  0.000000000000E+000  0.000000000000E+000  0.000000000000E+000  0.000000000000E+000  0.000000000000E+000
  3.133053780630E+002  0.000000000000E+000  0.000000000000E+000  0.000000000000E+000  0.000000000000E+000  0.000000000000E+000
  3.513296254502E+002  0.000000000000E+000  0.000000000000E+000  0.000000000000E+000  0.000000000000E+000  0.000000000000E+000
  3.967041014107E+002  0.000000000000E+000  0.000000000000E+000  0.000000000000E+000  0.000000000000E+000  0.000000000000E+000
  4.514529193350E+002  0.000000000000E+000  0.000000000000E+000  0.000000000000E+000  0.000000000000E+000  0.000000000000E+000
  5.183481233601E+002  0.000000000000E+000  0.000000000000E+000  0.000000000000E+000  0.000000000000E+000  0.000000000000E+000
  6.012676077950E+002  0.000000000000E+000  0.000000000000E+000  0.000000000000E+000  0.000000000000E+000  0.000000000000E+000
  7.057700503752E+002  0.000000000000E+000  0.000000000000E+000  0.000000000000E+000  0.000000000000E+000  0.000000000000E+000
  8.400513767914E+002  0.000000000000E+000  0.000000000000E+000  0.000000000000E+000  0.000000000000E+000  0.000000000000E+000
  1.016602135495E+003  0.000000000000E+000  0.000000000000E+000  0.000000000000E+000  0.000000000000E+000  0.000000000000E+000
  1.255220715579E+003  0.000000000000E+000  0.000000000000E+000  0.000000000000E+000  0.000000000000E+000  0.000000000000E+000
  1.588815776243E+003  0.000000000000E+000  0.000000000000E+000  0.000000000000E+000  0.000000000000E+000  0.000000000000E+000
  2.075392011604E+003  0.000000000000E+000  0.000000000000E+000  0.000000000000E+000  0.000000000000E+000  0.000000000000E+000
  2.825079847528E+003  0.000000000000E+000  0.000000000000E+000  0.000000000000E+000  0.000000000000E+000  0.000000000000E+000
  4.068408296183E+003  0.000000000000E+000  0.000000000000E+000  0.000000000000E+000  0.000000000000E+000  0.000000000000E+000
  6.357262947672E+003  0.000000000000E+000  0.000000000000E+000  0.000000000000E+000  0.000000000000E+000  0.000000000000E+000
  1.130231930164E+004  0.000000000000E+000  0.000000000000E+000  0.000000000000E+000  0.000000000000E+000  0.000000000000E+000
  2.543105175136E+004  0.000000000000E+000  0.000000000000E+000  0.000000000000E+000  0.000000000000E+000  0.000000000000E+000
  1.017262069952E+005  0.000000000000E+000  0.000000000000E+000  0.000000000000E+000  0.000000000000E+000  0.000000000000E+000
