# 1st line: number of mesh points
# abcissa wavefunction wavefunction_1st wavefunction_2nd
500
# Principal QN=   1 , l=   0 , Occupation=   0.9990
  9.830308526563E-006  1.923285166979E+000 -1.975519203168E+000  2.048503230496E+000
  3.932200719722E-005  1.923226906452E+000 -1.975458790112E+000  2.048450041996E+000
  8.847741541467E-005  1.923129804444E+000 -1.975358099893E+000  2.048361389861E+000
  1.573003992805E-004  1.922993859256E+000 -1.975217129822E+000  2.048237267141E+000
  2.457963722418E-004  1.922819068515E+000 -1.975035876134E+000  2.048077664106E+000
  3.539722959954E-004  1.922605429167E+000 -1.974814333993E+000  2.047882568247E+000
  4.818366816529E-004  1.922352937486E+000 -1.974552497490E+000  2.047651964281E+000
  6.293995911626E-004  1.922061589067E+000 -1.974250359644E+000  2.047385834149E+000
  7.966726389935E-004  1.921731378834E+000 -1.973907912406E+000  2.047084157023E+000
  9.836689940782E-004  1.921362301038E+000 -1.973525146662E+000  2.046746909303E+000
  1.190403382016E-003  1.920954349260E+000 -1.973102052233E+000  2.046374064627E+000
  1.416892087541E-003  1.920507516413E+000 -1.972638617877E+000  2.045965593869E+000
  1.663152957245E-003  1.920021794746E+000 -1.972134831296E+000  2.045521465146E+000
  1.929205402573E-003  1.919497175840E+000 -1.971590679137E+000  2.045041643819E+000
  2.215070403073E-003  1.918933650622E+000 -1.971006146996E+000  2.044526092505E+000
  2.520770509919E-003  1.918331209357E+000 -1.970381219420E+000  2.043974771074E+000
  2.846329849692E-003  1.917689841657E+000 -1.969715879917E+000  2.043387636658E+000
  3.191774128432E-003  1.917009536484E+000 -1.969010110953E+000  2.042764643660E+000
  3.557130635959E-003  1.916290282151E+000 -1.968263893964E+000  2.042105743754E+000
  3.942428250463E-003  1.915532066331E+000 -1.967477209356E+000  2.041410885898E+000
  4.347697443358E-003  1.914734876054E+000 -1.966650036514E+000  2.040680016337E+000
  4.772970284417E-003  1.913898697718E+000 -1.965782353805E+000  2.039913078614E+000
  5.218280447175E-003  1.913023517090E+000 -1.964874138587E+000  2.039110013573E+000
  5.683663214611E-003  1.912109319312E+000 -1.963925367213E+000  2.038270759376E+000
  6.169155485101E-003  1.911156088905E+000 -1.962936015041E+000  2.037395251502E+000
  6.674795778653E-003  1.910163809776E+000 -1.961906056437E+000  2.036483422764E+000
  7.200624243425E-003  1.909132465221E+000 -1.960835464786E+000  2.035535203316E+000
  7.746682662519E-003  1.908062037936E+000 -1.959724212499E+000  2.034550520664E+000
  8.313014461060E-003  1.906952510016E+000 -1.958572271019E+000  2.033529299676E+000
  8.899664713569E-003  1.905803862966E+000 -1.957379610834E+000  2.032471462592E+000
  9.506680151615E-003  1.904616077707E+000 -1.956146201479E+000  2.031376929042E+000
  1.013410917176E-002  1.903389134582E+000 -1.954872011554E+000  2.030245616051E+000
  1.078200184380E-002  1.902123013362E+000 -1.953557008726E+000  2.029077438054E+000
  1.145040991929E-002  1.900817693257E+000 -1.952201159742E+000  2.027872306913E+000
  1.213938684040E-002  1.899473152918E+000 -1.950804430441E+000  2.026630131925E+000
  1.284898774901E-002  1.898089370453E+000 -1.949366785762E+000  2.025350819841E+000
  1.357926949620E-002  1.896666323425E+000 -1.947888189754E+000  2.024034274879E+000
  1.433029065191E-002  1.895203988869E+000 -1.946368605592E+000  2.022680398741E+000
  1.510211151509E-002  1.893702343296E+000 -1.944807995585E+000  2.021289090626E+000
  1.589479412397E-002  1.892161362705E+000 -1.943206321190E+000  2.019860247248E+000
  1.670840226680E-002  1.890581022589E+000 -1.941563543023E+000  2.018393762856E+000
  1.754300149280E-002  1.888961297946E+000 -1.939879620873E+000  2.016889529248E+000
  1.839865912351E-002  1.887302163290E+000 -1.938154513716E+000  2.015347435790E+000
  1.927544426443E-002  1.885603592661E+000 -1.936388179728E+000  2.013767369439E+000
  2.017342781695E-002  1.883865559632E+000 -1.934580576298E+000  2.012149214755E+000
  2.109268249069E-002  1.882088037325E+000 -1.932731660047E+000  2.010492853931E+000
  2.203328281612E-002  1.880270998417E+000 -1.930841386837E+000  2.008798166804E+000
  2.299530515754E-002  1.878414415156E+000 -1.928909711791E+000  2.007065030886E+000
  2.397882772639E-002  1.876518259369E+000 -1.926936589308E+000  2.005293321377E+000
  2.498393059493E-002  1.874582502477E+000 -1.924921973077E+000  2.003482911198E+000
  2.601069571024E-002  1.872607115502E+000 -1.922865816099E+000  2.001633671005E+000
  2.705920690860E-002  1.870592069089E+000 -1.920768070699E+000  1.999745469221E+000
  2.812954993023E-002  1.868537333509E+000 -1.918628688545E+000  1.997818172057E+000
  2.922181243436E-002  1.866442878678E+000 -1.916447620671E+000  1.995851643540E+000
  3.033608401473E-002  1.864308674170E+000 -1.914224817488E+000  1.993845745538E+000
  3.147245621542E-002  1.862134689229E+000 -1.911960228809E+000  1.991800337790E+000
  3.263102254705E-002  1.859920892787E+000 -1.909653803868E+000  1.989715277931E+000
  3.381187850339E-002  1.857667253474E+000 -1.907305491337E+000  1.987590421524E+000
  3.501512157837E-002  1.855373739638E+000 -1.904915239352E+000  1.985425622089E+000
  3.624085128345E-002  1.853040319357E+000 -1.902482995528E+000  1.983220731134E+000
  3.748916916538E-002  1.850666960454E+000 -1.900008706987E+000  1.980975598188E+000
  3.876017882444E-002  1.848253630519E+000 -1.897492320376E+000  1.978690070828E+000
  4.005398593302E-002  1.845800296918E+000 -1.894933781893E+000  1.976363994721E+000
  4.137069825459E-002  1.843306926817E+000 -1.892333037307E+000  1.973997213653E+000
  4.271042566323E-002  1.840773487194E+000 -1.889690031987E+000  1.971589569566E+000
  4.407328016341E-002  1.838199944860E+000 -1.887004710921E+000  1.969140902592E+000
  4.545937591035E-002  1.835586266476E+000 -1.884277018744E+000  1.966651051094E+000
  4.686882923075E-002  1.832932418571E+000 -1.881506899767E+000  1.964119851705E+000
  4.830175864396E-002  1.830238367563E+000 -1.878694297997E+000  1.961547139361E+000
  4.975828488365E-002  1.827504079778E+000 -1.875839157169E+000  1.958932747348E+000
  5.123853091993E-002  1.824729521467E+000 -1.872941420770E+000  1.956276507341E+000
  5.274262198188E-002  1.821914658832E+000 -1.870001032072E+000  1.953578249448E+000
  5.427068558066E-002  1.819059458040E+000 -1.867017934157E+000  1.950837802249E+000
  5.582285153302E-002  1.816163885250E+000 -1.863992069946E+000  1.948054992849E+000
  5.739925198530E-002  1.813227906634E+000 -1.860923382235E+000  1.945229646915E+000
  5.900002143803E-002  1.810251488394E+000 -1.857811813719E+000  1.942361588731E+000
  6.062529677088E-002  1.807234596792E+000 -1.854657307027E+000  1.939450641241E+000
  6.227521726827E-002  1.804177198167E+000 -1.851459804756E+000  1.936496626102E+000
  6.394992464542E-002  1.801079258965E+000 -1.848219249500E+000  1.933499363731E+000
  6.564956307496E-002  1.797940745757E+000 -1.844935583887E+000  1.930458673363E+000
  6.737427921404E-002  1.794761625266E+000 -1.841608750612E+000  1.927374373097E+000
  6.912422223211E-002  1.791541864394E+000 -1.838238692473E+000  1.924246279959E+000
  7.089954383907E-002  1.788281430246E+000 -1.834825352406E+000  1.921074209950E+000
  7.270039831418E-002  1.784980290156E+000 -1.831368673524E+000  1.917857978110E+000
  7.452694253540E-002  1.781638411715E+000 -1.827868599151E+000  1.914597398573E+000
  7.637933600943E-002  1.778255762798E+000 -1.824325072863E+000  1.911292284627E+000
  7.825774090225E-002  1.774832311592E+000 -1.820738038526E+000  1.907942448780E+000
  8.016232207035E-002  1.771368026622E+000 -1.817107440339E+000  1.904547702816E+000
  8.209324709253E-002  1.767862876785E+000 -1.813433222869E+000  1.901107857869E+000
  8.405068630235E-002  1.764316831377E+000 -1.809715331097E+000  1.897622724479E+000
  8.603481282122E-002  1.760729860121E+000 -1.805953710459E+000  1.894092112668E+000
  8.804580259214E-002  1.757101933201E+000 -1.802148306890E+000  1.890515832005E+000
  9.008383441408E-002  1.753433021295E+000 -1.798299066868E+000  1.886893691677E+000
  9.214908997710E-002  1.749723095600E+000 -1.794405937458E+000  1.883225500563E+000
  9.424175389809E-002  1.745972127874E+000 -1.790468866360E+000  1.879511067308E+000
  9.636201375725E-002  1.742180090462E+000 -1.786487801954E+000  1.875750200398E+000
  9.851006013526E-002  1.738346956334E+000 -1.782462693349E+000  1.871942708238E+000
  1.006860866512E-001  1.734472699117E+000 -1.778393490430E+000  1.868088399230E+000
  1.028902900012E-001  1.730557293133E+000 -1.774280143912E+000  1.864187081857E+000
  1.051228699979E-001  1.726600713434E+000 -1.770122605384E+000  1.860238564762E+000
  1.073840296104E-001  1.722602935838E+000 -1.765920827367E+000  1.856242656837E+000
  1.096739750056E-001  1.718563936965E+000 -1.761674763365E+000  1.852199167304E+000
  1.119929155896E-001  1.714483694280E+000 -1.757384367914E+000  1.848107905810E+000
  1.143410640503E-001  1.710362186127E+000 -1.753049596643E+000  1.843968682511E+000
  1.167186364011E-001  1.706199391770E+000 -1.748670406327E+000  1.839781308167E+000
  1.191258520249E-001  1.701995291434E+000 -1.744246754943E+000  1.835545594237E+000
  1.215629337189E-001  1.697749866345E+000 -1.739778601728E+000  1.831261352973E+000
  1.240301077413E-001  1.693463098773E+000 -1.735265907240E+000  1.826928397520E+000
  1.265276038575E-001  1.689134972074E+000 -1.730708633414E+000  1.822546542013E+000
  1.290556553882E-001  1.684765470731E+000 -1.726106743627E+000  1.818115601685E+000
  1.316144992580E-001  1.680354580402E+000 -1.721460202758E+000  1.813635392964E+000
  1.342043760450E-001  1.675902287963E+000 -1.716768977251E+000  1.809105733583E+000
  1.368255300316E-001  1.671408581553E+000 -1.712033035181E+000  1.804526442692E+000
  1.394782092560E-001  1.666873450621E+000 -1.707252346316E+000  1.799897340961E+000
  1.421626655646E-001  1.662296885973E+000 -1.702426882189E+000  1.795218250699E+000
  1.448791546661E-001  1.657678879822E+000 -1.697556616160E+000  1.790488995966E+000
  1.476279361856E-001  1.653019425835E+000 -1.692641523490E+000  1.785709402692E+000
  1.504092737207E-001  1.648318519182E+000 -1.687681581406E+000  1.780879298794E+000
  1.532234348983E-001  1.643576156591E+000 -1.682676769179E+000  1.775998514302E+000
  1.560706914324E-001  1.638792336394E+000 -1.677627068189E+000  1.771066881478E+000
  1.589513191834E-001  1.633967058583E+000 -1.672532462006E+000  1.766084234947E+000
  1.618655982178E-001  1.629100324863E+000 -1.667392936457E+000  1.761050411823E+000
  1.648138128702E-001  1.624192138705E+000 -1.662208479710E+000  1.755965251841E+000
  1.677962518056E-001  1.619242505403E+000 -1.656979082347E+000  1.750828597492E+000
  1.708132080832E-001  1.614251432128E+000 -1.651704737445E+000  1.745640294154E+000
  1.738649792215E-001  1.609218927987E+000 -1.646385440652E+000  1.740400190238E+000
  1.769518672648E-001  1.604145004078E+000 -1.641021190273E+000  1.735108137322E+000
  1.800741788507E-001  1.599029673553E+000 -1.635611987351E+000  1.729763990298E+000
  1.832322252791E-001  1.593872951675E+000 -1.630157835748E+000  1.724367607517E+000
  1.864263225826E-001  1.588674855880E+000 -1.624658742235E+000  1.718918850936E+000
  1.896567915983E-001  1.583435405837E+000 -1.619114716575E+000  1.713417586271E+000
  1.929239580409E-001  1.578154623516E+000 -1.613525771609E+000  1.707863683148E+000
  1.962281525771E-001  1.572832533244E+000 -1.607891923352E+000  1.702257015261E+000
  1.995697109023E-001  1.567469161775E+000 -1.602213191075E+000  1.696597460529E+000
  2.029489738173E-001  1.562064538356E+000 -1.596489597404E+000  1.690884901255E+000
  2.063662873085E-001  1.556618694793E+000 -1.590721168405E+000  1.685119224295E+000
  2.098220026275E-001  1.551131665516E+000 -1.584907933688E+000  1.679300321217E+000
  2.133164763746E-001  1.545603487652E+000 -1.579049926494E+000  1.673428088476E+000
  2.168500705817E-001  1.540034201093E+000 -1.573147183796E+000  1.667502427580E+000
  2.204231527988E-001  1.534423848569E+000 -1.567199746399E+000  1.661523245267E+000
  2.240360961807E-001  1.528772475715E+000 -1.561207659034E+000  1.655490453680E+000
  2.276892795770E-001  1.523080131152E+000 -1.555170970465E+000  1.649403970545E+000
  2.313830876220E-001  1.517346866552E+000 -1.549089733588E+000  1.643263719354E+000
  2.351179108282E-001  1.511572736722E+000 -1.542964005536E+000  1.637069629549E+000
  2.388941456809E-001  1.505757799675E+000 -1.536793847783E+000  1.630821636704E+000
  2.427121947345E-001  1.499902116709E+000 -1.530579326250E+000  1.624519682722E+000
  2.465724667110E-001  1.494005752484E+000 -1.524320511414E+000  1.618163716017E+000
  2.504753766009E-001  1.488068775107E+000 -1.518017478416E+000  1.611753691717E+000
  2.544213457654E-001  1.482091256204E+000 -1.511670307172E+000  1.605289571853E+000
  2.584108020414E-001  1.476073271011E+000 -1.505279082484E+000  1.598771325562E+000
  2.624441798480E-001  1.470014898450E+000 -1.498843894153E+000  1.592198929287E+000
  2.665219202956E-001  1.463916221217E+000 -1.492364837091E+000  1.585572366980E+000
  2.706444712976E-001  1.457777325865E+000 -1.485842011441E+000  1.578891630310E+000
  2.748122876832E-001  1.451598302892E+000 -1.479275522689E+000  1.572156718866E+000
  2.790258313137E-001  1.445379246828E+000 -1.472665481784E+000  1.565367640377E+000
  2.832855712010E-001  1.439120256322E+000 -1.466012005258E+000  1.558524410913E+000
  2.875919836279E-001  1.432821434234E+000 -1.459315215342E+000  1.551627055110E+000
  2.919455522717E-001  1.426482887723E+000 -1.452575240094E+000  1.544675606381E+000
  2.963467683296E-001  1.420104728342E+000 -1.445792213515E+000  1.537670107137E+000
  3.007961306479E-001  1.413687072129E+000 -1.438966275676E+000  1.530610609010E+000
  3.052941458522E-001  1.407230039700E+000 -1.432097572843E+000  1.523497173071E+000
  3.098413284823E-001  1.400733756349E+000 -1.425186257603E+000  1.516329870060E+000
  3.144382011281E-001  1.394198352136E+000 -1.418232488988E+000  1.509108780610E+000
  3.190852945695E-001  1.387623961994E+000 -1.411236432607E+000  1.501833995479E+000
  3.237831479192E-001  1.381010725819E+000 -1.404198260772E+000  1.494505615774E+000
  3.285323087679E-001  1.374358788576E+000 -1.397118152629E+000  1.487123753187E+000
  3.333333333333E-001  1.367668300395E+000 -1.389996294289E+000  1.479688530230E+000
  3.381867866117E-001  1.360939416674E+000 -1.382832878957E+000  1.472200080464E+000
  3.430932425333E-001  1.354172298183E+000 -1.375628107071E+000  1.464658548739E+000
  3.480532841203E-001  1.347367111168E+000 -1.368382186428E+000  1.457064091430E+000
  3.530675036492E-001  1.340524027451E+000 -1.361095332321E+000  1.449416876675E+000
  3.581365028158E-001  1.333643224542E+000 -1.353767767675E+000  1.441717084613E+000
  3.632608929041E-001  1.326724885743E+000 -1.346399723181E+000  1.433964907626E+000
  3.684412949588E-001  1.319769200253E+000 -1.338991437433E+000  1.426160550578E+000
  3.736783399619E-001  1.312776363283E+000 -1.331543157062E+000  1.418304231056E+000
  3.789726690123E-001  1.305746576158E+000 -1.324055136875E+000  1.410396179611E+000
  3.843249335105E-001  1.298680046433E+000 -1.316527639993E+000  1.402436640003E+000
  3.897357953460E-001  1.291576988005E+000 -1.308960937988E+000  1.394425869437E+000
  3.952059270903E-001  1.284437621219E+000 -1.301355311019E+000  1.386364138811E+000
  4.007360121927E-001  1.277262172987E+000 -1.293711047974E+000  1.378251732952E+000
  4.063267451812E-001  1.270050876902E+000 -1.286028446607E+000  1.370088950862E+000
  4.119788318683E-001  1.262803973347E+000 -1.278307813674E+000  1.361876105954E+000
  4.176929895600E-001  1.255521709617E+000 -1.270549465076E+000  1.353613526294E+000
  4.234699472710E-001  1.248204340031E+000 -1.262753725993E+000  1.345301554841E+000
  4.293104459435E-001  1.240852126052E+000 -1.254920931025E+000  1.336940549681E+000
  4.352152386716E-001  1.233465336402E+000 -1.247051424329E+000  1.328530884266E+000
  4.411850909306E-001  1.226044247181E+000 -1.239145559758E+000  1.320072947647E+000
  4.472207808110E-001  1.218589141986E+000 -1.231203700995E+000  1.311567144705E+000
  4.533230992589E-001  1.211100312030E+000 -1.223226221693E+000  1.303013896388E+000
  4.594928503202E-001  1.203578056263E+000 -1.215213505609E+000  1.294413639929E+000
  4.657308513924E-001  1.196022681492E+000 -1.207165946740E+000  1.285766829081E+000
  4.720379334802E-001  1.188434502499E+000 -1.199083949456E+000  1.277073934333E+000
  4.784149414579E-001  1.180813842166E+000 -1.190967928636E+000  1.268335443132E+000
  4.848627343381E-001  1.173161031593E+000 -1.182818309798E+000  1.259551860100E+000
  4.913821855461E-001  1.165476410222E+000 -1.174635529231E+000  1.250723707244E+000
  4.979741832006E-001  1.157760325959E+000 -1.166420034124E+000  1.241851524168E+000
  5.046396304008E-001  1.150013135293E+000 -1.158172282697E+000  1.232935868270E+000
  5.113794455212E-001  1.142235203421E+000 -1.149892744323E+000  1.223977314951E+000
  5.181945625116E-001  1.134426904369E+000 -1.141581899658E+000  1.214976457800E+000
  5.250859312060E-001  1.126588621113E+000 -1.133240240759E+000  1.205933908789E+000
  5.320545176366E-001  1.118720745705E+000 -1.124868271210E+000  1.196850298455E+000
  5.391013043575E-001  1.110823679388E+000 -1.116466506239E+000  1.187726276077E+000
  5.462272907741E-001  1.102897832722E+000 -1.108035472833E+000  1.178562509848E+000
  5.534334934816E-001  1.094943625706E+000 -1.099575709855E+000  1.169359687039E+000
  5.607209466109E-001  1.086961487894E+000 -1.091087768154E+000  1.160118514155E+000
  5.680907021827E-001  1.078951858521E+000 -1.082572210674E+000  1.150839717090E+000
  5.755438304707E-001  1.070915186617E+000 -1.074029612560E+000  1.141524041263E+000
  5.830814203728E-001  1.062851931129E+000 -1.065460561262E+000  1.132172251756E+000
  5.907045797917E-001  1.054762561039E+000 -1.056865656633E+000  1.122785133438E+000
  5.984144360243E-001  1.046647555481E+000 -1.048245511026E+000  1.113363491083E+000
  6.062121361613E-001  1.038507403856E+000 -1.039600749386E+000  1.103908149474E+000
  6.140988474955E-001  1.030342605949E+000 -1.030932009338E+000  1.094419953504E+000
  6.220757579409E-001  1.022153672041E+000 -1.022239941275E+000  1.084899768260E+000
  6.301440764614E-001  1.013941123024E+000 -1.013525208434E+000  1.075348479101E+000
  6.383050335109E-001  1.005705490512E+000 -1.004788486977E+000  1.065766991720E+000
  6.465598814833E-001  9.974473169483E-001 -9.960304660563E-001  1.056156232203E+000
  6.549098951744E-001  9.891671557162E-001 -9.872518478883E-001  1.046517147065E+000
  6.633563722545E-001  9.808655712447E-001 -9.784533478110E-001  1.036850703284E+000
  6.719006337539E-001  9.725431391127E-001 -9.696356943421E-001  1.027157888314E+000
  6.805440245593E-001  9.642004461519E-001 -9.607996292304E-001  1.017439710087E+000
  6.892879139233E-001  9.558380905469E-001 -9.519459075014E-001  1.007697197006E+000
  6.981336959871E-001  9.474566819335E-001 -9.430752974978E-001  9.979313979188E-001
  7.070827903152E-001  9.390568414939E-001 -9.341885809128E-001  9.881433820745E-001
  7.161366424455E-001  9.306392020500E-001 -9.252865528187E-001  9.783342390734E-001
  7.252967244510E-001  9.222044081536E-001 -9.163700216882E-001  9.685050787940E-001
  7.345645355186E-001  9.137531161740E-001 -9.074398094087E-001  9.586570313073E-001
  7.439416025400E-001  9.052859943818E-001 -8.984967512910E-001  9.487912467736E-001
  7.534294807203E-001  8.968037230307E-001 -8.895416960697E-001  9.389088953228E-001
  7.630297542000E-001  8.883069944344E-001 -8.805755058969E-001  9.290111669173E-001
  7.727440366954E-001  8.797965130415E-001 -8.715990563285E-001  9.190992711969E-001
  7.825739721536E-001  8.712729955055E-001 -8.626132363024E-001  9.091744373065E-001
  7.925212354258E-001  8.627371707514E-001 -8.536189481091E-001  8.992379137035E-001
  8.025875329584E-001  8.541897800378E-001 -8.446171073538E-001  8.892909679483E-001
  8.127746035011E-001  8.456315770153E-001 -8.356086429103E-001  8.793348864739E-001
  8.230842188350E-001  8.370633277801E-001 -8.265944968666E-001  8.693709743368E-001
  8.335181845190E-001  8.284858109223E-001 -8.175756244610E-001  8.594005549471E-001
  8.440783406568E-001  8.198998175704E-001 -8.085529940099E-001  8.494249697791E-001
  8.547665626839E-001  8.113061514298E-001 -7.995275868257E-001  8.394455780601E-001
  8.655847621758E-001  8.027056288161E-001 -7.905003971260E-001  8.294637564396E-001
  8.765348876780E-001  7.940990786836E-001 -7.814724319321E-001  8.194808986361E-001
  8.876189255584E-001  7.854873426465E-001 -7.724447109590E-001  8.094984150625E-001
  8.988389008829E-001  7.768712749958E-001 -7.634182664940E-001  7.995177324307E-001
  9.101968783143E-001  7.682517427085E-001 -7.543941432659E-001  7.895402933331E-001
  9.216949630368E-001  7.596296254510E-001 -7.453733983036E-001  7.795675558029E-001
  9.333353017046E-001  7.510058155758E-001 -7.363571007835E-001  7.696009928511E-001
  9.451200834176E-001  7.423812181109E-001 -7.273463318670E-001  7.596420919824E-001
  9.570515407237E-001  7.337567507418E-001 -7.183421845262E-001  7.496923546876E-001
  9.691319506484E-001  7.251333437864E-001 -7.093457633589E-001  7.397532959137E-001
  9.813636357544E-001  7.165119401617E-001 -7.003581843918E-001  7.298264435121E-001
  9.937489652293E-001  7.078934953427E-001 -6.913805748728E-001  7.199133376633E-001
  1.006290356005E+000  6.992789773124E-001 -6.824140730510E-001  7.100155302797E-001
  1.018990273907E+000  6.906693665041E-001 -6.734598279450E-001  7.001345843864E-001
  1.031851234841E+000  6.820656557334E-001 -6.645189991000E-001  6.902720734788E-001
  1.044875806003E+000  6.734688501220E-001 -6.555927563312E-001  6.804295808594E-001
  1.058066607138E+000  6.648799670117E-001 -6.466822794569E-001  6.706086989516E-001
  1.071426311823E+000  6.563000358680E-001 -6.377887580175E-001  6.608110285931E-001
  1.084957648792E+000  6.477300981739E-001 -6.289133909829E-001  6.510381783071E-001
  1.098663403298E+000  6.391712073133E-001 -6.200573864475E-001  6.412917635539E-001
  1.112546418516E+000  6.306244284430E-001 -6.112219613117E-001  6.315734059609E-001
  1.126609596985E+000  6.220908383538E-001 -6.024083409512E-001  6.218847325336E-001
  1.140855902095E+000  6.135715253201E-001 -5.936177588733E-001  6.122273748467E-001
  1.155288359613E+000  6.050675889375E-001 -5.848514563600E-001  6.026029682169E-001
  1.169910059257E+000  5.965801399475E-001 -5.761106820985E-001  5.930131508572E-001
  1.184724156317E+000  5.881103000508E-001 -5.673966917979E-001  5.834595630137E-001
  1.199733873325E+000  5.796592017062E-001 -5.587107477936E-001  5.739438460862E-001
  1.214942501771E+000  5.712279879172E-001 -5.500541186374E-001  5.644676417321E-001
  1.230353403874E+000  5.628178120036E-001 -5.414280786754E-001  5.550325909560E-001
  1.245970014403E+000  5.544298373604E-001 -5.328339076115E-001  5.456403331846E-001
  1.261795842559E+000  5.460652372005E-001 -5.242728900587E-001  5.362925053284E-001
  1.277834473907E+000  5.377251942835E-001 -5.157463150756E-001  5.269907408317E-001
  1.294089572372E+000  5.294109006286E-001 -5.072554756909E-001  5.177366687106E-001
  1.310564882294E+000  5.211235572114E-001 -4.988016684130E-001  5.085319125813E-001
  1.327264230548E+000  5.128643736453E-001 -4.903861927272E-001  4.993780896799E-001
  1.344191528724E+000  5.046345678450E-001 -4.820103505789E-001  4.902768098731E-001
  1.361350775387E+000  4.964353656735E-001 -4.736754458431E-001  4.812296746640E-001
  1.378746058390E+000  4.882680005717E-001 -4.653827837804E-001  4.722382761909E-001
  1.396381557275E+000  4.801337131692E-001 -4.571336704799E-001  4.633041962233E-001
  1.414261545744E+000  4.720337508773E-001 -4.489294122871E-001  4.544290051541E-001
  1.432390394201E+000  4.639693674624E-001 -4.407713152199E-001  4.456142609915E-001
  1.450772572390E+000  4.559418226005E-001 -4.326606843693E-001  4.368615083493E-001
  1.469412652102E+000  4.479523814115E-001 -4.245988232872E-001  4.281722774399E-001
  1.488315309978E+000  4.400023139732E-001 -4.165870333600E-001  4.195480830684E-001
  1.507485330398E+000  4.320928948145E-001 -4.086266131685E-001  4.109904236323E-001
  1.526927608467E+000  4.242254023871E-001 -4.007188578339E-001  4.025007801246E-001
  1.546647153093E+000  4.164011185158E-001 -3.928650583492E-001  3.940806151448E-001
  1.566649090169E+000  4.086213278265E-001 -3.850665008974E-001  3.857313719174E-001
  1.586938665861E+000  4.008873171510E-001 -3.773244661543E-001  3.774544733191E-001
  1.607521250000E+000  3.932003749096E-001 -3.696402285786E-001  3.692513209169E-001
  1.628402339588E+000  3.855617904695E-001 -3.620150556856E-001  3.611232940174E-001
  1.649587562420E+000  3.779728534793E-001 -3.544502073076E-001  3.530717487290E-001
  1.671082680832E+000  3.704348531794E-001 -3.469469348397E-001  3.450980170373E-001
  1.692893595565E+000  3.629490776875E-001 -3.395064804692E-001  3.372034058959E-001
  1.715026349769E+000  3.555168132585E-001 -3.321300763919E-001  3.293891963318E-001
  1.737487133138E+000  3.481393435197E-001 -3.248189440115E-001  3.216566425684E-001
  1.760282286187E+000  3.408179486796E-001 -3.175742931244E-001  3.140069711642E-001
  1.783418304674E+000  3.335539047106E-001 -3.103973210887E-001  3.064413801701E-001
  1.806901844175E+000  3.263484825057E-001 -3.032892119766E-001  2.989610383046E-001
  1.830739724818E+000  3.192029470078E-001 -2.962511357122E-001  2.915670841471E-001
  1.854938936184E+000  3.121185563131E-001 -2.892842471910E-001  2.842606253501E-001
  1.879506642368E+000  3.050965607468E-001 -2.823896853846E-001  2.770427378706E-001
  1.904450187236E+000  2.981382019120E-001 -2.755685724276E-001  2.699144652186E-001
  1.929777099847E+000  2.912447117121E-001 -2.688220126874E-001  2.628768177261E-001
  1.955495100083E+000  2.844173113446E-001 -2.621510918179E-001  2.559307718324E-001
  1.981612104475E+000  2.776572102703E-001 -2.555568757944E-001  2.490772693873E-001
  2.008136232230E+000  2.709656051532E-001 -2.490404099322E-001  2.423172169717E-001
  2.035075811486E+000  2.643436787758E-001 -2.426027178867E-001  2.356514852329E-001
  2.062439385788E+000  2.577925989277E-001 -2.362448006365E-001  2.290809082358E-001
  2.090235720801E+000  2.513135172681E-001 -2.299676354483E-001  2.226062828270E-001
  2.118473811262E+000  2.449075681636E-001 -2.237721748245E-001  2.162283680115E-001
  2.147162888201E+000  2.385758675016E-001 -2.176593454332E-001  2.099478843402E-001
  2.176312426413E+000  2.323195114800E-001 -2.116300470209E-001  2.037655133069E-001
  2.205932152222E+000  2.261395753739E-001 -2.056851513080E-001  1.976818967524E-001
  2.236032051522E+000  2.200371122812E-001 -1.998255008685E-001  1.916976362747E-001
  2.266622378129E+000  2.140131518471E-001 -1.940519079931E-001  1.858132926429E-001
  2.297713662445E+000  2.080686989705E-001 -1.883651535372E-001  1.800293852135E-001
  2.329316720450E+000  2.022047324917E-001 -1.827659857550E-001  1.743463913462E-001
  2.361442663038E+000  1.964222038656E-001 -1.772551191198E-001  1.687647458184E-001
  2.394102905709E+000  1.907220358197E-001 -1.718332331326E-001  1.632848402352E-001
  2.427309178642E+000  1.851051210013E-001 -1.665009711206E-001  1.579070224344E-001
  2.461073537146E+000  1.795723206145E-001 -1.612589390260E-001  1.526315958846E-001
  2.495408372530E+000  1.741244630506E-001 -1.561077041893E-001  1.474588190729E-001
  2.530326423398E+000  1.687623425138E-001 -1.510477941268E-001  1.423889048847E-001
  2.565840787378E+000  1.634867176450E-001 -1.460796953076E-001  1.374220199699E-001
  2.601964933334E+000  1.582983101482E-001 -1.412038519303E-001  1.325582840993E-001
  2.638712714049E+000  1.531978034209E-001 -1.364206647044E-001  1.277977695068E-001
  2.676098379430E+000  1.481858411929E-001 -1.317304896399E-001  1.231405002202E-001
  2.714136590232E+000  1.432630261777E-001 -1.271336368476E-001  1.185864513796E-001
  2.752842432351E+000  1.384299187396E-001 -1.226303693559E-001  1.141355485449E-001
  2.792231431696E+000  1.336870355813E-001 -1.182209019479E-001  1.097876669938E-001
  2.832319569669E+000  1.290348484552E-001 -1.139054000246E-001  1.055426310125E-001
  2.873123299289E+000  1.244737829046E-001 -1.096839784980E-001  1.014002131820E-001
  2.914659561979E+000  1.200042170380E-001 -1.055567007222E-001  9.736013366341E-002
  2.956945805065E+000  1.156264803418E-001 -1.015235774665E-001  9.342205948728E-002
  3.000000000000E+000  1.113408525363E-001 -9.758456593886E-002  8.958560385083E-002
  3.043840661365E+000  1.071475624806E-001 -9.373956886444E-002  8.585032543056E-002
  3.088486866678E+000  1.030467871297E-001 -8.998843362893E-002  8.221572771604E-002
  3.133958277047E+000  9.903865055150E-002 -8.633095149198E-002  7.868125837318E-002
  3.180275158719E+000  9.512322300640E-002 -8.276685687949E-002  7.524630864533E-002
  3.227458405560E+000  9.130052009599E-002 -7.929582676242E-002  7.191021280180E-002
  3.275529562509E+000  8.757050198554E-002 -7.591748013000E-002  6.867224764411E-002
  3.324510850077E+000  8.393307270495E-002 -7.263137756559E-002  6.553163208101E-002
  3.374425189910E+000  8.038807953299E-002 -6.943702093309E-002  6.248752678420E-002
  3.425296231502E+000  7.693531246945E-002 -6.633385318199E-002  5.953903393709E-002
  3.477148380094E+000  7.357450379922E-002 -6.332125827883E-002  5.668519708989E-002
  3.530006825834E+000  7.030532775226E-002 -6.039856127251E-002  5.392500113421E-002
  3.583897574256E+000  6.712740026306E-002 -5.756502850065E-002  5.125737241123E-002
  3.638847478148E+000  6.404027883252E-002 -5.481986794356E-002  4.868117896716E-002
  3.694884270887E+000  6.104346249496E-002 -5.216222973183E-002  4.619523096998E-002
  3.752036601308E+000  5.813639189220E-002 -4.959120681277E-002  4.379828130107E-002
  3.810334070199E+000  5.531844945633E-002 -4.710583577999E-002  4.148902633484E-002
  3.869807268505E+000  5.258895970181E-002 -4.470509786955E-002  3.926610691885E-002
  3.930487817331E+000  4.994718962725E-002 -4.238792012475E-002  3.712810956592E-002
  3.992408409843E+000  4.739234922630E-002 -4.015317673063E-002  3.507356786840E-002
  4.055602855172E+000  4.492359210637E-002 -3.799969051753E-002  3.310096414342E-002
  4.120106124432E+000  4.254001621328E-002 -3.592623463184E-002  3.120873131597E-002
  4.185954398964E+000  4.024066465927E-002 -3.393153437039E-002  2.939525504469E-002
  4.253185120935E+000  3.802452665086E-002 -3.201426917314E-002  2.765887609283E-002
  4.321837046422E+000  3.589053851268E-002 -3.017307476715E-002  2.599789294411E-002
  4.391950301120E+000  3.383758480270E-002 -2.840654545313E-002  2.441056466058E-002
  4.463566438835E+000  3.186449951352E-002 -2.671323652391E-002  2.289511397619E-002
  4.536728502895E+000  2.997006735445E-002 -2.509166680246E-002  2.144973061652E-002
  4.611481090679E+000  2.815302510822E-002 -2.354032128536E-002  2.007257483185E-002
  4.687870421430E+000  2.641206305634E-002 -2.205765387616E-002  1.876178112693E-002
  4.765944407533E+000  2.474582646699E-002 -2.064209019112E-002  1.751546216746E-002
  4.845752729492E+000  2.315291713932E-002 -1.929203041915E-002  1.633171283939E-002
  4.927346914797E+000  2.163189499856E-002 -1.800585221621E-002  1.520861443419E-002
  5.010780420931E+000  2.018127973668E-002 -1.678191361371E-002  1.414423892933E-002
  5.096108722763E+000  1.879955249413E-002 -1.561855592018E-002  1.313665333079E-002
  5.183389404586E+000  1.748515757919E-002 -1.451410659512E-002  1.218392404132E-002
  5.272682257105E+000  1.623650422241E-002 -1.346688207424E-002  1.128412121628E-002
  5.364049379651E+000  1.505196836533E-002 -1.247519052617E-002  1.043532306707E-002
  5.457555287978E+000  1.392989448385E-002 -1.153733452167E-002  9.635620071286E-003
  5.553267027968E+000  1.286859744872E-002 -1.065161359818E-002  8.883119048259E-003
  5.651254295630E+000  1.186636442719E-002 -9.816326704647E-003  8.175947059490E-003
  5.751589563796E+000  1.092145683210E-002 -9.029774514142E-003  7.512255094491E-003
  5.854348215936E+000  1.003211232671E-002 -8.290261594898E-003  6.890221505123E-003
  5.959608687557E+000  9.196546895271E-003 -7.596098433946E-003  6.308055154570E-003
  6.067452615683E+000  8.412956991892E-003 -6.945603311337E-003  5.763998251319E-003
  6.177964996951E+000  7.679521781420E-003 -6.337104027146E-003  5.256328843544E-003
  6.291234354880E+000  6.994405487990E-003 -5.768939487847E-003  4.783362955200E-003
  6.407352916949E+000  6.355759867885E-003 -5.239461163104E-003  4.343456351820E-003
  6.526416802128E+000  5.761726824074E-003 -4.747034428457E-003  3.935005931326E-003
  6.648526219580E+000  5.210441179943E-003 -4.290039813654E-003  3.556450742987E-003
  6.773785679311E+000  4.700033629179E-003 -3.866874180265E-003  3.206272645753E-003
  6.902304215570E+000  4.228633877439E-003 -3.475951855643E-003  2.882996625441E-003
  7.034195623922E+000  3.794373989250E-003 -3.115705752975E-003  2.585190798275E-003
  7.169578712934E+000  3.395391950482E-003 -2.784588509047E-003  2.311466135939E-003
  7.308577571516E+000  3.029835452586E-003 -2.481073672151E-003  2.060475954219E-003
  7.451321853057E+000  2.695865899720E-003 -2.203656972230E-003  1.830915213308E-003
  7.597947077547E+000  2.391662633699E-003 -1.950857703687E-003  1.621519682512E-003
  7.748594953021E+000  2.115427364686E-003 -1.721220248244E-003  1.431065025308E-003
  7.903413717736E+000  1.865388787579E-003 -1.513315760761E-003  1.258365862132E-003
  8.062558504629E+000  1.639807355425E-003 -1.325744034940E-003  1.102274867773E-003
  8.226191729726E+000  1.436980172056E-003 -1.157135558564E-003  9.616819576943E-004
  8.394483506327E+000  1.255245956713E-003 -1.006153759272E-003  8.355136129025E-004
  8.567612086926E+000  1.092990024113E-003 -8.714974322488E-004  7.227323861807E-004
  8.745764335025E+000  9.486492144182E-004 -7.519033306810E-004  6.223366237163E-004
  8.929136229160E+000  8.207166994333E-004 -6.461488889020E-004  5.333604255428E-004
  9.117933401693E+000  7.077465844154E-004 -5.530550371042E-004  4.548738561414E-004
  9.312371715124E+000  6.083582195898E-004 -4.714890558287E-004  3.859834033623E-004
  9.512677878945E+000  5.212401322943E-004 -4.003674086645E-004  3.258326700445E-004
  9.719090110332E+000  4.451534900041E-004 -3.386584831978E-004  2.736032688818E-004
  9.931858842267E+000  3.789350067055E-004 -2.853851637843E-004  2.285158778231E-004
  1.015124748302E+001  3.214992104850E-004 -2.396271556751E-004  1.898314012593E-004
  1.037753323129E+001  2.718399989714E-004 -2.005229788506E-004  1.568521720713E-004
  1.061100795175E+001  2.290314214876E-004 -1.672715519767E-004  1.289231219298E-004
  1.085197911611E+001  1.922276423491E-004 -1.391332924418E-004  1.054328425687E-004
  1.110077081537E+001  1.606620584406E-004 -1.154306675570E-004  8.581445956065E-005
  1.135772484956E+001  1.336455655705E-004 -9.554814465670E-005  6.954624267945E-005
  1.162320190175E+001  1.105639915255E-004 -7.893150374242E-005  5.615188337370E-005
  1.189758280382E+001  9.087473840619E-005 -6.508649504426E-005  4.520038010770E-005
  1.218126990242E+001  7.410270176108E-005 -5.357684474822E-005  3.630548605241E-005
  1.247468853413E+001  5.983555812432E-005 -4.402163433966E-005  2.912469031322E-005
  1.277828862002E+001  4.771853463115E-005 -3.609210153142E-005  2.335772283128E-005
  1.309254639077E+001  3.744879319233E-005 -2.950793247538E-005  1.874459337832E-005
  1.341796625462E+001  2.876957609203E-005 -2.403313472599E-005  1.506319562375E-005
  1.375508282195E+001  2.146426877043E-005 -1.947159707304E-005  1.212652694600E-005
  1.410446310162E+001  1.535053811751E-005 -1.566245481449E-005  9.779592325794E-006
  1.446670888596E+001  1.027470027756E-005 -1.247538639120E-005  7.896075197823E-006
  1.484245934302E+001  6.106460545368E-006 -9.805968893990E-006  6.374868590370E-006
  1.523239383723E+001  2.734149644039E-006 -7.571215434583E-006  5.136565512432E-006
  1.563723500136E+001  6.055617681073E-008 -5.705406773742E-006  4.120007905829E-006
  1.605775208607E+001 -2.000574538406E-006 -4.156313349141E-006  3.278988460730E-006
  1.649476461582E+001 -3.527338178545E-006 -2.881882774884E-006  2.579189461811E-006
  1.694914638379E+001 -4.591763402995E-006 -1.847443196869E-006  1.995428225659E-006
  1.742182982203E+001 -5.261230220580E-006 -1.023446092389E-006  1.509260583691E-006
  1.791381078784E+001 -5.599278563602E-006 -3.837449129369E-007  1.106973509488E-006
  1.842615381215E+001 -5.665897861846E-006  9.561981994095E-008  7.779768170010E-007
  1.895999786176E+001 -5.517408753251E-006  4.371810164191E-007  5.135833638189E-007
  1.951656267356E+001 -5.206060365238E-006  6.624211875564E-007  3.061488160872E-007
  2.009715572669E+001 -4.779470013315E-006  7.918465721936E-007  1.485270112008E-007
  2.070317992707E+001 -4.280026549287E-006  8.448472477682E-007  3.378622791471E-008
  2.133614208874E+001 -3.744364555197E-006  8.394303618744E-007 -4.487421591014E-008
  2.199766230782E+001 -3.202995453276E-006  7.919065357786E-007 -9.406856903336E-008
  2.268948433818E+001 -2.680155350715E-006  7.165971733388E-007 -1.200883444898E-007
  2.341348709294E+001 -2.193900488986E-006  6.256142661283E-007 -1.287355052186E-007
  2.417169741362E+001 -1.756452184097E-006  5.287460260201E-007 -1.251652469471E-007
  2.496630426925E+001 -1.374766758822E-006  4.334631300873E-007 -1.137666502286E-007
  2.579967457140E+001 -1.051284504585E-006  3.450432865982E-007 -9.809737555844E-008
  2.667437081864E+001 -7.847969315168E-007  2.667977215525E-007 -8.087740978646E-008
  2.759317081651E+001 -5.713644727333E-007  2.003731210377E-007 -6.403760770332E-008
  2.855908975674E+001 -4.052175344023E-007  1.460971004385E-007 -4.881206135736E-008
  2.957540498378E+001 -2.795815796247E-007  1.033343986618E-007 -3.585945629452E-008
  3.064568382919E+001 -1.873802824355E-007  7.082417504440E-008 -2.539745708283E-008
  3.177381495601E+001 -1.217876068087E-007  4.697505022052E-008 -1.733540438632E-008
  3.296404372807E+001 -7.661759893735E-008  3.010263828539E-008 -1.139357128710E-008
  3.422101220608E+001 -4.655742741740E-008  1.860293885304E-008 -7.201166570628E-009
  3.554980447538E+001 -2.726283428092E-008  1.106287280417E-008 -4.369435378299E-009
  3.695599813319E+001 -1.534436514600E-008  6.315504631667E-009 -2.539947704025E-009
  3.844572291106E+001 -8.276998837319E-009  3.451531121263E-009 -1.411024193145E-009
  4.002572758518E+001 -4.265354669588E-009  1.800290103941E-009 -7.469964368983E-010
  4.170345654134E+001 -2.092444957526E-009  8.931051813841E-010 -3.756320650112E-010
  4.348713762001E+001 -9.733198014536E-010  4.197748011692E-010 -1.787559332390E-010
  4.538588318162E+001 -4.274171137255E-010  1.861269677739E-010 -8.016704275083E-011
  4.740980671574E+001 -1.763261409252E-010  7.747903812661E-011 -3.372260534347E-011
  4.957015778746E+001 -6.796356296672E-011  3.011570057011E-011 -1.323519383869E-011
  5.187947869225E+001 -2.432626479816E-011  1.086434155491E-011 -4.817564486667E-012
  5.435178690397E+001 -8.030445633241E-012  3.612939295500E-012 -1.615434106212E-012
  5.700278828629E+001 -2.426207072351E-012  1.099111188308E-012 -4.952443385498E-013
  5.985012714155E+001 -6.650883293732E-013  3.032504322805E-013 -1.376249553059E-013
  6.291368055481E+001 -1.638136162863E-013  7.514675387010E-014 -3.433311438242E-014
  6.621590623276E+001 -3.585399207367E-014  1.654163317482E-014 -7.604947078021E-015
  6.978225524452E+001 -6.886397742432E-015  3.194240128971E-015 -1.477147875340E-015
  7.364166388185E+001 -1.144221991467E-015  5.334387886472E-016 -2.480376935907E-016
  7.782714245929E+001 -1.618108692948E-016  7.579741394522E-017 -3.542541641286E-017
  8.237648351994E+001 -1.911462867352E-017  8.994290859715E-018 -4.223934170640E-018
  8.733311794502E+001 -1.846065730351E-018  8.723528503904E-019 -4.115326974190E-019
  9.274715535088E+001 -1.421901820220E-019  6.746136485009E-020 -3.196028589113E-020
  9.867665554529E+001 -8.486561790382E-021  4.041667776220E-021 -1.922423764369E-021
  1.051891916055E+002 -3.795547178994E-022  1.814074533726E-022 -8.661111319212E-023
  1.123637836013E+002 -1.223099177966E-023  5.865541701870E-024 -2.810349067544E-024
  1.202933069206E+002 -2.711813152835E-025  1.304639578507E-025 -6.271710980820E-026
  1.290875131414E+002 -3.917260022159E-027  1.890255545094E-027 -9.115374813207E-028
  1.388768482001E+002 -3.455124841169E-029  1.671999776721E-029 -8.086654607831E-030
  1.498173177370E+002 -1.721885016791E-031  8.354907951211E-032 -4.052076943331E-032
  1.620967411853E+002 -4.415855070553E-034  2.148085019850E-034 -1.044526825339E-034
  1.759428668168E+002 -5.203060566970E-037  2.537066524239E-037 -1.236700794573E-037
  1.916340085825E+002 -2.452142020158E-040  1.198381096537E-040 -5.855019541580E-041
  2.095131417987E+002 -3.896497195038E-044  1.908282708548E-044 -9.343633978654E-045
  2.300068054477E+002 -1.687857884329E-048  8.282630957156E-049 -4.063713332837E-049
  2.536507797910E+002 -1.525962374574E-053  7.502182657385E-054 -3.687810500940E-054
  2.811254638474E+002 -2.050982348732E-059  1.010104784262E-059 -4.974169149695E-060
  3.133053780630E+002 -2.649514178682E-066  1.307021237462E-066 -6.447020578451E-067
  3.513296254502E+002 -1.863630720734E-074  9.207485847311E-075 -4.548737647668E-075
  3.967041014107E+002 -3.366648957204E-084  1.665705895407E-084 -8.240897590001E-085
  4.514529193350E+002 -5.687632782950E-096  2.817781119966E-096 -1.395932514235E-096
  5.183481233601E+002 -2.251967413892E-110  1.117043980544E-110 -5.540698715988E-111
  6.012676077950E+002 -3.014164491732E-128  1.496807784095E-128 -7.432841728166E-129
  7.057700503752E+002 -8.494186145562E-151  4.222516077449E-151 -2.099005096830E-151
  8.400513767914E+002 -8.404330625257E-180  4.181803786058E-180 -2.080745795279E-180
  1.016602135495E+003 -5.692936724644E-218  2.835105902434E-218 -1.411883060421E-218
  1.255220715579E+003 -1.335061100121E-269  6.653784029290E-270 -3.316148625577E-270
  1.588815776243E+003  0.000000000000E+000  0.000000000000E+000  0.000000000000E+000
  2.075392011604E+003  0.000000000000E+000  0.000000000000E+000  0.000000000000E+000
  2.825079847528E+003  0.000000000000E+000  0.000000000000E+000  0.000000000000E+000
  4.068408296183E+003  0.000000000000E+000  0.000000000000E+000  0.000000000000E+000
  6.357262947672E+003  0.000000000000E+000  0.000000000000E+000  0.000000000000E+000
  1.130231930164E+004  0.000000000000E+000  0.000000000000E+000  0.000000000000E+000
  2.543105175136E+004  0.000000000000E+000  0.000000000000E+000  0.000000000000E+000
  1.017262069952E+005  0.000000000000E+000  0.000000000000E+000  0.000000000000E+000
