# 1st line: number of mesh points
# rho and r_seitz are calculated from total density
# zeta and r_seitz only correct of rho > 1d-12

# abcissa rho drho ddrho zeta r_seitz
500
  9.830308526563E-006  1.622123100430E+003 -1.970687891874E+004  2.452173590224E+005  0.000000000000E+000  1.227474509006E-001
  3.932200719722E-005  1.621542017722E+003 -1.969964840283E+004  2.451250981748E+005  0.000000000000E+000  1.227621114114E-001
  8.847741541467E-005  1.620573969543E+003 -1.968760295649E+004  2.449714011608E+005  0.000000000000E+000  1.227865504858E-001
  1.573003992805E-004  1.619219589959E+003 -1.967075069420E+004  2.447563745006E+005  0.000000000000E+000  1.228207754613E-001
  2.457963722418E-004  1.617479765786E+003 -1.964910296468E+004  2.444801671658E+005  0.000000000000E+000  1.228647966165E-001
  3.539722959954E-004  1.615355635721E+003 -1.962267433934E+004  2.441429704239E+005  0.000000000000E+000  1.229186271771E-001
  4.818366816529E-004  1.612848589220E+003 -1.959148259751E+004  2.437450176374E+005  0.000000000000E+000  1.229822833241E-001
  6.293995911626E-004  1.609960265133E+003 -1.955554870831E+004  2.432865840202E+005  0.000000000000E+000  1.230557842025E-001
  7.966726389935E-004  1.606692550092E+003 -1.951489680944E+004  2.427679863494E+005  0.000000000000E+000  1.231391519338E-001
  9.836689940782E-004  1.603047576657E+003 -1.946955418261E+004  2.421895826337E+005  0.000000000000E+000  1.232324116279E-001
  1.190403382016E-003  1.599027721226E+003 -1.941955122592E+004  2.415517717401E+005  0.000000000000E+000  1.233355913990E-001
  1.416892087541E-003  1.594635601703E+003 -1.936492142306E+004  2.408549929766E+005  0.000000000000E+000  1.234487223817E-001
  1.663152957245E-003  1.589874074926E+003 -1.930570130934E+004  2.400997256346E+005  0.000000000000E+000  1.235718387496E-001
  1.929205402573E-003  1.584746233880E+003 -1.924193043484E+004  2.392864884888E+005  0.000000000000E+000  1.237049777359E-001
  2.215070403073E-003  1.579255404659E+003 -1.917365132431E+004  2.384158392575E+005  0.000000000000E+000  1.238481796554E-001
  2.520770509919E-003  1.573405143226E+003 -1.910090943436E+004  2.374883740224E+005  0.000000000000E+000  1.240014879283E-001
  2.846329849692E-003  1.567199231930E+003 -1.902375310753E+004  2.365047266092E+005  0.000000000000E+000  1.241649491067E-001
  3.191774128432E-003  1.560641675830E+003 -1.894223352367E+004  2.354655679306E+005  0.000000000000E+000  1.243386129022E-001
  3.557130635959E-003  1.553736698783E+003 -1.885640464843E+004  2.343716052906E+005  0.000000000000E+000  1.245225322157E-001
  3.942428250463E-003  1.546488739344E+003 -1.876632317906E+004  2.332235816535E+005  0.000000000000E+000  1.247167631692E-001
  4.347697443358E-003  1.538902446452E+003 -1.867204848761E+004  2.320222748760E+005  0.000000000000E+000  1.249213651399E-001
  4.772970284417E-003  1.530982674923E+003 -1.857364256143E+004  2.307684969058E+005  0.000000000000E+000  1.251364007957E-001
  5.218280447175E-003  1.522734480753E+003 -1.847116994125E+004  2.294630929456E+005  0.000000000000E+000  1.253619361333E-001
  5.683663214611E-003  1.514163116227E+003 -1.836469765683E+004  2.281069405850E+005  0.000000000000E+000  1.255980405183E-001
  6.169155485101E-003  1.505274024861E+003 -1.825429516018E+004  2.267009489011E+005  0.000000000000E+000  1.258447867274E-001
  6.674795778653E-003  1.496072836154E+003 -1.814003425659E+004  2.252460575283E+005  0.000000000000E+000  1.261022509927E-001
  7.200624243425E-003  1.486565360186E+003 -1.802198903346E+004  2.237432356993E+005  0.000000000000E+000  1.263705130486E-001
  7.746682662519E-003  1.476757582047E+003 -1.790023578699E+004  2.221934812584E+005  0.000000000000E+000  1.266496561803E-001
  8.313014461060E-003  1.466655656112E+003 -1.777485294689E+004  2.205978196479E+005  0.000000000000E+000  1.269397672754E-001
  8.899664713569E-003  1.456265900172E+003 -1.764592099926E+004  2.189573028693E+005  0.000000000000E+000  1.272409368777E-001
  9.506680151615E-003  1.445594789419E+003 -1.751352240748E+004  2.172730084201E+005  0.000000000000E+000  1.275532592427E-001
  1.013410917176E-002  1.434648950300E+003 -1.737774153158E+004  2.155460382092E+005  0.000000000000E+000  1.278768323967E-001
  1.078200184380E-002  1.423435154249E+003 -1.723866454583E+004  2.137775174494E+005  0.000000000000E+000  1.282117581977E-001
  1.145040991929E-002  1.411960311289E+003 -1.709637935492E+004  2.119685935311E+005  0.000000000000E+000  1.285581423995E-001
  1.213938684040E-002  1.400231463534E+003 -1.695097550867E+004  2.101204348774E+005  0.000000000000E+000  1.289160947174E-001
  1.284898774901E-002  1.388255778584E+003 -1.680254411548E+004  2.082342297821E+005  0.000000000000E+000  1.292857288981E-001
  1.357926949620E-002  1.376040542821E+003 -1.665117775450E+004  2.063111852322E+005  0.000000000000E+000  1.296671627915E-001
  1.433029065191E-002  1.363593154619E+003 -1.649697038680E+004  2.043525257164E+005  0.000000000000E+000  1.300605184254E-001
  1.510211151509E-002  1.350921117481E+003 -1.634001726551E+004  2.023594920212E+005  0.000000000000E+000  1.304659220835E-001
  1.589479412397E-002  1.338032033091E+003 -1.618041484505E+004  2.003333400158E+005  0.000000000000E+000  1.308835043862E-001
  1.670840226680E-002  1.324933594315E+003 -1.601826068965E+004  1.982753394276E+005  0.000000000000E+000  1.313134003749E-001
  1.754300149280E-002  1.311633578141E+003 -1.585365338121E+004  1.961867726097E+005  0.000000000000E+000  1.317557495991E-001
  1.839865912351E-002  1.298139838572E+003 -1.568669242657E+004  1.940689333021E+005  0.000000000000E+000  1.322106962069E-001
  1.927544426443E-002  1.284460299484E+003 -1.551747816438E+004  1.919231253879E+005  0.000000000000E+000  1.326783890391E-001
  2.017342781695E-002  1.270602947446E+003 -1.534611167168E+004  1.897506616461E+005  0.000000000000E+000  1.331589817266E-001
  2.109268249069E-002  1.256575824530E+003 -1.517269467023E+004  1.875528625026E+005  0.000000000000E+000  1.336526327916E-001
  2.203328281612E-002  1.242387021092E+003 -1.499732943273E+004  1.853310547814E+005  0.000000000000E+000  1.341595057524E-001
  2.299530515754E-002  1.228044668567E+003 -1.482011868913E+004  1.830865704560E+005  0.000000000000E+000  1.346797692321E-001
  2.397882772639E-002  1.213556932244E+003 -1.464116553298E+004  1.808207454048E+005  0.000000000000E+000  1.352135970711E-001
  2.498393059493E-002  1.198932004073E+003 -1.446057332811E+004  1.785349181700E+005  0.000000000000E+000  1.357611684437E-001
  2.601069571024E-002  1.184178095481E+003 -1.427844561555E+004  1.762304287227E+005  0.000000000000E+000  1.363226679793E-001
  2.705920690860E-002  1.169303430215E+003 -1.409488602101E+004  1.739086172346E+005  0.000000000000E+000  1.368982858870E-001
  2.812954993023E-002  1.154316237223E+003 -1.390999816288E+004  1.715708228597E+005  0.000000000000E+000  1.374882180861E-001
  2.922181243436E-002  1.139224743584E+003 -1.372388556088E+004  1.692183825252E+005  0.000000000000E+000  1.380926663393E-001
  3.033608401473E-002  1.124037167478E+003 -1.353665154555E+004  1.668526297340E+005  0.000000000000E+000  1.387118383927E-001
  3.147245621542E-002  1.108761711227E+003 -1.334839916855E+004  1.644748933813E+005  0.000000000000E+000  1.393459481192E-001
  3.263102254705E-002  1.093406554395E+003 -1.315923111401E+004  1.620864965842E+005  0.000000000000E+000  1.399952156674E-001
  3.381187850339E-002  1.077979846969E+003 -1.296924961092E+004  1.596887555284E+005  0.000000000000E+000  1.406598676163E-001
  3.501512157837E-002  1.062489702616E+003 -1.277855634671E+004  1.572829783315E+005  0.000000000000E+000  1.413401371343E-001
  3.624085128345E-002  1.046944192038E+003 -1.258725238216E+004  1.548704639244E+005  0.000000000000E+000  1.420362641449E-001
  3.748916916538E-002  1.031351336415E+003 -1.239543806758E+004  1.524525009530E+005  0.000000000000E+000  1.427484954977E-001
  3.876017882444E-002  1.015719100958E+003 -1.220321296060E+004  1.500303667005E+005  0.000000000000E+000  1.434770851447E-001
  4.005398593302E-002  1.000055388570E+003 -1.201067574538E+004  1.476053260321E+005  0.000000000000E+000  1.442222943244E-001
  4.137069825459E-002  9.843680336250E+002 -1.181792415354E+004  1.451786303630E+005  0.000000000000E+000  1.449843917504E-001
  4.271042566323E-002  9.686647958723E+002 -1.162505488683E+004  1.427515166502E+005  0.000000000000E+000  1.457636538082E-001
  4.407328016341E-002  9.529533544687E+002 -1.143216354153E+004  1.403252064113E+005  0.000000000000E+000  1.465603647577E-001
  4.545937591035E-002  9.372413021490E+002 -1.123934453484E+004  1.379009047678E+005  0.000000000000E+000  1.473748169432E-001
  4.686882923075E-002  9.215361395374E+002 -1.104669103317E+004  1.354797995181E+005  0.000000000000E+000  1.482073110110E-001
  4.830175864396E-002  9.058452696082E+002 -1.085429488248E+004  1.330630602375E+005  0.000000000000E+000  1.490581561339E-001
  4.975828488365E-002  8.901759922982E+002 -1.066224654075E+004  1.306518374085E+005  0.000000000000E+000  1.499276702439E-001
  5.123853091993E-002  8.745354992795E+002 -1.047063501258E+004  1.282472615808E+005  0.000000000000E+000  1.508161802732E-001
  5.274262198188E-002  8.589308688942E+002 -1.027954778607E+004  1.258504425630E+005  0.000000000000E+000  1.517240224030E-001
  5.427068558066E-002  8.433690612587E+002 -1.008907077198E+004  1.234624686456E+005  0.000000000000E+000  1.526515423217E-001
  5.582285153302E-002  8.278569135401E+002 -9.899288245238E+003  1.210844058572E+005  0.000000000000E+000  1.535990954910E-001
  5.739925198530E-002  8.124011354093E+002 -9.710282788854E+003  1.187172972535E+005  0.000000000000E+000  1.545670474227E-001
  5.900002143803E-002  7.970083046763E+002 -9.522135240283E+003  1.163621622402E+005  0.000000000000E+000  1.555557739639E-001
  6.062529677088E-002  7.816848631087E+002 -9.334924640293E+003  1.140199959308E+005  0.000000000000E+000  1.565656615927E-001
  6.227521726827E-002  7.664371124393E+002 -9.148728184367E+003  1.116917685386E+005  0.000000000000E+000  1.575971077243E-001
  6.394992464542E-002  7.512712105644E+002 -8.963621176685E+003  1.093784248049E+005  0.000000000000E+000  1.586505210275E-001
  6.564956307496E-002  7.361931679365E+002 -8.779676986704E+003  1.070808834622E+005  0.000000000000E+000  1.597263217522E-001
  6.737427921404E-002  7.212088441536E+002 -8.596967008391E+003  1.048000367340E+005  0.000000000000E+000  1.608249420688E-001
  6.912422223211E-002  7.063239447474E+002 -8.415560622113E+003  1.025367498713E+005  0.000000000000E+000  1.619468264187E-001
  7.089954383907E-002  6.915440181726E+002 -8.235525159208E+003  1.002918607245E+005  0.000000000000E+000  1.630924318781E-001
  7.270039831418E-002  6.768744529993E+002 -8.056925869270E+003  9.806617935397E+004  0.000000000000E+000  1.642622285333E-001
  7.452694253540E-002  6.623204753087E+002 -7.879825890145E+003  9.586048767581E+004  0.000000000000E+000  1.654566998701E-001
  7.637933600943E-002  6.478871462955E+002 -7.704286220651E+003  9.367553914575E+004  0.000000000000E+000  1.666763431764E-001
  7.825774090225E-002  6.335793600752E+002 -7.530365696041E+003  9.151205847964E+004  0.000000000000E+000  1.679216699585E-001
  8.016232207035E-002  6.194018416992E+002 -7.358120966191E+003  8.937074141089E+004  0.000000000000E+000  1.691932063731E-001
  8.209324709253E-002  6.053591453764E+002 -7.187606476521E+003  8.725225448497E+004  0.000000000000E+000  1.704914936728E-001
  8.405068630235E-002  5.914556529023E+002 -7.018874451651E+003  8.515723489044E+004  0.000000000000E+000  1.718170886686E-001
  8.603481282122E-002  5.776955722947E+002 -6.851974881765E+003  8.308629032667E+004  0.000000000000E+000  1.731705642080E-001
  8.804580259214E-002  5.640829366356E+002 -6.686955511680E+003  8.103999890768E+004  0.000000000000E+000  1.745525096690E-001
  9.008383441408E-002  5.506216031189E+002 -6.523861832604E+003  7.901890910201E+004  0.000000000000E+000  1.759635314728E-001
  9.214908997710E-002  5.373152523020E+002 -6.362737076553E+003  7.702353970813E+004  0.000000000000E+000  1.774042536132E-001
  9.424175389809E-002  5.241673875601E+002 -6.203622213411E+003  7.505437986509E+004  0.000000000000E+000  1.788753182049E-001
  9.636201375725E-002  5.111813347427E+002 -6.046555950602E+003  7.311188909779E+004  0.000000000000E+000  1.803773860504E-001
  9.851006013526E-002  4.983602420279E+002 -5.891574735336E+003  7.119649739652E+004  0.000000000000E+000  1.819111372268E-001
  1.006860866512E-001  4.857070799750E+002 -5.738712759400E+003  6.930860533014E+004  0.000000000000E+000  1.834772716931E-001
  1.028902900012E-001  4.732246417713E+002 -5.588001966456E+003  6.744858419225E+004  0.000000000000E+000  1.850765099177E-001
  1.051228699979E-001  4.609155436703E+002 -5.439472061801E+003  6.561677617984E+004  0.000000000000E+000  1.867095935278E-001
  1.073840296104E-001  4.487822256198E+002 -5.293150524537E+003  6.381349460361E+004  0.000000000000E+000  1.883772859812E-001
  1.096739750056E-001  4.368269520747E+002 -5.149062622117E+003  6.203902412923E+004  0.000000000000E+000  1.900803732603E-001
  1.119929155896E-001  4.250518129931E+002 -5.007231427201E+003  6.029362104886E+004  0.000000000000E+000  1.918196645900E-001
  1.143410640503E-001  4.134587250101E+002 -4.867677836782E+003  5.857751358206E+004  0.000000000000E+000  1.935959931799E-001
  1.167186364011E-001  4.020494327871E+002 -4.730420593506E+003  5.689090220522E+004  0.000000000000E+000  1.954102169904E-001
  1.191258520249E-001  3.908255105316E+002 -4.595476309147E+003  5.523396000870E+004  0.000000000000E+000  1.972632195253E-001
  1.215629337189E-001  3.797883636831E+002 -4.462859490153E+003  5.360683308070E+004  0.000000000000E+000  1.991559106496E-001
  1.240301077413E-001  3.689392307612E+002 -4.332582565224E+003  5.200964091695E+004  0.000000000000E+000  2.010892274342E-001
  1.265276038575E-001  3.582791853711E+002 -4.204655914825E+003  5.044247685525E+004  0.000000000000E+000  2.030641350282E-001
  1.290556553882E-001  3.478091383610E+002 -4.079087902586E+003  4.890540853382E+004  0.000000000000E+000  2.050816275579E-001
  1.316144992580E-001  3.375298401274E+002 -3.955884908515E+003  4.739847837250E+004  0.000000000000E+000  2.071427290554E-001
  1.342043760450E-001  3.274418830626E+002 -3.835051363939E+003  4.592170407569E+004  0.000000000000E+000  2.092484944151E-001
  1.368255300316E-001  3.175457041385E+002 -3.716589788111E+003  4.447507915594E+004  0.000000000000E+000  2.114000103791E-001
  1.394782092560E-001  3.078415876228E+002 -3.600500826398E+003  4.305857347722E+004  0.000000000000E+000  2.135983965531E-001
  1.421626655646E-001  2.983296679205E+002 -3.486783289975E+003  4.167213381665E+004  0.000000000000E+000  2.158448064509E-001
  1.448791546661E-001  2.890099325352E+002 -3.375434196948E+003  4.031568444351E+004  0.000000000000E+000  2.181404285697E-001
  1.476279361856E-001  2.798822251462E+002 -3.266448814819E+003  3.898912771465E+004  0.000000000000E+000  2.204864874941E-001
  1.504092737207E-001  2.709462487924E+002 -3.159820704216E+003  3.769234468487E+004  0.000000000000E+000  2.228842450317E-001
  1.532234348983E-001  2.622015691595E+002 -3.055541763806E+003  3.642519573126E+004  0.000000000000E+000  2.253350013761E-001
  1.560706914324E-001  2.536476179640E+002 -2.953602276304E+003  3.518752119034E+004  0.000000000000E+000  2.278400963012E-001
  1.589513191834E-001  2.452836964267E+002 -2.853990955496E+003  3.397914200679E+004  0.000000000000E+000  2.304009103818E-001
  1.618655982178E-001  2.371089788308E+002 -2.756694994196E+003  3.279986039264E+004  0.000000000000E+000  2.330188662441E-001
  1.648138128702E-001  2.291225161580E+002 -2.661700113045E+003  3.164946049576E+004  0.000000000000E+000  2.356954298403E-001
  1.677962518056E-001  2.213232397956E+002 -2.568990610072E+003  3.052770907641E+004  0.000000000000E+000  2.384321117504E-001
  1.708132080832E-001  2.137099653099E+002 -2.478549410935E+003  2.943435619083E+004  0.000000000000E+000  2.412304685054E-001
  1.738649792215E-001  2.062813962780E+002 -2.390358119747E+003  2.836913588060E+004  0.000000000000E+000  2.440921039329E-001
  1.769518672648E-001  1.990361281730E+002 -2.304397070421E+003  2.733176686666E+004  0.000000000000E+000  2.470186705197E-001
  1.800741788507E-001  1.919726522949E+002 -2.220645378433E+003  2.632195324690E+004  0.000000000000E+000  2.500118707909E-001
  1.832322252791E-001  1.850893597427E+002 -2.139080992930E+003  2.533938519616E+004  0.000000000000E+000  2.530734586990E-001
  1.864263225826E-001  1.783845454205E+002 -2.059680749100E+003  2.438373966754E+004  0.000000000000E+000  2.562052410210E-001
  1.896567915983E-001  1.718564120708E+002 -1.982420420716E+003  2.345468109396E+004  0.000000000000E+000  2.594090787565E-001
  1.929239580409E-001  1.655030743305E+002 -1.907274772791E+003  2.255186208886E+004  0.000000000000E+000  2.626868885219E-001
  1.962281525771E-001  1.593225628023E+002 -1.834217614243E+003  2.167492414504E+004  0.000000000000E+000  2.660406439331E-001
  1.995697109023E-001  1.533128281358E+002 -1.763221850508E+003  2.082349833058E+004  0.000000000000E+000  2.694723769690E-001
  2.029489738173E-001  1.474717451131E+002 -1.694259536023E+003  1.999720598087E+004  0.000000000000E+000  2.729841793063E-001
  2.063662873085E-001  1.417971167315E+002 -1.627301926502E+003  1.919565938571E+004  0.000000000000E+000  2.765782036150E-001
  2.098220026275E-001  1.362866782801E+002 -1.562319530925E+003  1.841846247063E+004  0.000000000000E+000  2.802566648031E-001
  2.133164763746E-001  1.309381014017E+002 -1.499282163192E+003  1.766521147142E+004  0.000000000000E+000  2.840218411954E-001
  2.168500705817E-001  1.257489981372E+002 -1.438158993343E+003  1.693549560103E+004  0.000000000000E+000  2.878760756320E-001
  2.204231527988E-001  1.207169249458E+002 -1.378918598301E+003  1.622889770799E+004  0.000000000000E+000  2.918217764682E-001
  2.240360961807E-001  1.158393866958E+002 -1.321529012062E+003  1.554499492542E+004  0.000000000000E+000  2.958614184555E-001
  2.276892795770E-001  1.111138406215E+002 -1.265957775274E+003  1.488335931004E+004  0.000000000000E+000  2.999975434808E-001
  2.313830876220E-001  1.065377002408E+002 -1.212171984135E+003  1.424355847016E+004  0.000000000000E+000  3.042327611389E-001
  2.351179108282E-001  1.021083392289E+002 -1.160138338572E+003  1.362515618217E+004  0.000000000000E+000  3.085697491081E-001
  2.388941456809E-001  9.782309524415E+001 -1.109823189620E+003  1.302771299470E+004  0.000000000000E+000  3.130112532973E-001
  2.427121947345E-001  9.367927370001E+001 -1.061192585970E+003  1.245078681981E+004  0.000000000000E+000  3.175600877284E-001
  2.465724667110E-001  8.967415148087E+001 -1.014212319624E+003  1.189393351067E+004  0.000000000000E+000  3.222191341113E-001
  2.504753766009E-001  8.580498059609E+001 -9.688479706105E+002  1.135670742509E+004  0.000000000000E+000  3.269913410683E-001
  2.544213457654E-001  8.206899176918E+001 -9.250649507193E+002  1.083866197435E+004  0.000000000000E+000  3.318797229545E-001
  2.584108020414E-001  7.846339795827E+001 -8.828285462085E+002  1.033935015698E+004  0.000000000000E+000  3.368873582189E-001
  2.624441798480E-001  7.498539780415E+001 -8.421039594473E+002  9.858325076776E+003  0.000000000000E+000  3.420173872421E-001
  2.665219202956E-001  7.163217900287E+001 -8.028563494568E+002  9.395140444883E+003  0.000000000000E+000  3.472730095811E-001
  2.706444712976E-001  6.840092159959E+001 -7.650508713141E+002  8.949351065464E+003  0.000000000000E+000  3.526574805424E-001
  2.748122876832E-001  6.528880120077E+001 -7.286527143887E+002  8.520513304585E+003  0.000000000000E+000  3.581741069983E-001
  2.790258313137E-001  6.229299210213E+001 -6.936271393843E+002  8.108185542084E+003  0.000000000000E+000  3.638262423520E-001
  2.832855712010E-001  5.941067032971E+001 -6.599395141569E+002  7.711928606130E+003  0.000000000000E+000  3.696172805463E-001
  2.875919836279E-001  5.663901659176E+001 -6.275553482905E+002  7.331306190276E+003  0.000000000000E+000  3.755506490032E-001
  2.919455522717E-001  5.397521913949E+001 -5.964403264077E+002  6.965885252804E+003  0.000000000000E+000  3.816298003687E-001
  2.963467683296E-001  5.141647653456E+001 -5.665603401980E+002  6.615236398239E+003  0.000000000000E+000  3.878582029284E-001
  3.007961306479E-001  4.896000032181E+001 -5.378815191517E+002  6.278934240923E+003  0.000000000000E+000  3.942393295458E-001
  3.052941458522E-001  4.660301760562E+001 -5.103702599843E+002  5.956557750586E+003  0.000000000000E+000  4.007766449666E-001
  3.098413284823E-001  4.434277352867E+001 -4.839932547458E+002  5.647690579879E+003  0.000000000000E+000  4.074735913172E-001
  3.144382011281E-001  4.217653365199E+001 -4.587175176059E+002  5.351921373882E+003  0.000000000000E+000  4.143335716177E-001
  3.190852945695E-001  4.010158623546E+001 -4.345104103131E+002  5.068844061636E+003  0.000000000000E+000  4.213599311168E-001
  3.237831479192E-001  3.811524441791E+001 -4.113396663248E+002  4.798058129755E+003  0.000000000000E+000  4.285559362467E-001
  3.285323087679E-001  3.621484829655E+001 -3.891734136127E+002  4.539168878244E+003  0.000000000000E+000  4.359247509899E-001
  3.333333333333E-001  3.439776690526E+001 -3.679801961433E+002  4.291787658667E+003  0.000000000000E+000  4.434694104412E-001
  3.381867866117E-001  3.266140009157E+001 -3.477289940433E+002  4.055532094820E+003  0.000000000000E+000  4.511927913472E-001
  3.430932425333E-001  3.100318029264E+001 -3.283892424563E+002  3.830026286123E+003  0.000000000000E+000  4.590975794078E-001
  3.480532841203E-001  2.942057421012E+001 -3.099308491018E+002  3.614900993964E+003  0.000000000000E+000  4.671862331286E-001
  3.530675036492E-001  2.791108438461E+001 -2.923242105502E+002  3.409793811246E+003  0.000000000000E+000  4.754609440275E-001
  3.581365028158E-001  2.647225067010E+001 -2.755402272274E+002  3.214349315417E+003  0.000000000000E+000  4.839235930209E-001
  3.632608929041E-001  2.510165160920E+001 -2.595503171675E+002  3.028219205305E+003  0.000000000000E+000  4.925757028446E-001
  3.684412949588E-001  2.379690571012E+001 -2.443264285309E+002  2.851062422074E+003  0.000000000000E+000  5.014183864072E-001
  3.736783399619E-001  2.255567262624E+001 -2.298410509093E+002  2.682545254665E+003  0.000000000000E+000  5.104522910326E-001
  3.789726690123E-001  2.137565423973E+001 -2.160672254397E+002  2.522341430090E+003  0.000000000000E+000  5.196775386201E-001
  3.843249335105E-001  2.025459565038E+001 -2.029785537512E+002  2.370132188973E+003  0.000000000000E+000  5.290936618401E-001
  3.897357953460E-001  1.919028607110E+001 -1.905492057703E+002  2.225606346743E+003  0.000000000000E+000  5.386995366007E-001
  3.952059270903E-001  1.818055963182E+001 -1.787539264117E+002  2.088460340919E+003  0.000000000000E+000  5.484933111500E-001
  4.007360121927E-001  1.722329609334E+001 -1.675680411818E+002  1.958398264902E+003  0.000000000000E+000  5.584723323423E-001
  4.063267451812E-001  1.631642147309E+001 -1.569674607257E+002  1.835131888757E+003  0.000000000000E+000  5.686330697812E-001
  4.119788318683E-001  1.545790858464E+001 -1.469286843475E+002  1.718380667422E+003  0.000000000000E+000  5.789710387617E-001
  4.176929895600E-001  1.464577749305E+001 -1.374288025351E+002  1.607871736836E+003  0.000000000000E+000  5.894807231729E-001
  4.234699472710E-001  1.387809588812E+001 -1.284454985227E+002  1.503339898465E+003  0.000000000000E+000  6.001554997768E-001
  4.293104459435E-001  1.315297937791E+001 -1.199570489237E+002  1.404527592709E+003  0.000000000000E+000  6.109875655589E-001
  4.352152386716E-001  1.246859170454E+001 -1.119423234683E+002  1.311184861696E+003  0.000000000000E+000  6.219678701267E-001
  4.411850909306E-001  1.182314488493E+001 -1.043807838800E+002  1.223069301954E+003  0.000000000000E+000  6.330860554214E-001
  4.472207808110E-001  1.121489927870E+001 -9.725248192625E+001  1.139946007470E+003  0.000000000000E+000  6.443304052761E-001
  4.533230992589E-001  1.064216358581E+001 -9.053805667940E+001  1.061587503638E+003  0.000000000000E+000  6.556878075975E-001
  4.594928503202E-001  1.010329477644E+001 -8.421873102229E+001  9.877736726013E+002  0.000000000000E+000  6.671437321351E-001
  4.657308513924E-001  9.596697955630E+000 -7.827630743587E+001  9.182916704871E+002  0.000000000000E+000  6.786822269203E-001
  4.720379334802E-001  9.120826165448E+000 -7.269316310448E+001  8.529358370470E+002  0.000000000000E+000  6.902859364741E-001
  4.784149414579E-001  8.674180127145E+000 -6.745224437497E+001  7.915075981889E+002  0.000000000000E+000  7.019361447746E-001
  4.848627343381E-001  8.255307926071E+000 -6.253706060589E+001  7.338153619001E+002  0.000000000000E+000  7.136128457186E-001
  4.913821855461E-001  7.862804641997E+000 -5.793167744297E+001  6.796744080494E+002  0.000000000000E+000  7.252948433845E-001
  4.979741832006E-001  7.495311927541E+000 -5.362070955637E+001  6.289067725462E+002  0.000000000000E+000  7.369598837924E-001
  5.046396304008E-001  7.151517537381E+000 -4.958931287572E+001  5.813411263339E+002  0.000000000000E+000  7.485848190519E-001
  5.113794455212E-001  6.830154810957E+000 -4.582317635774E+001  5.368126496797E+002  0.000000000000E+000  7.601458038035E-001
  5.181945625116E-001  6.530002111345E+000 -4.230851332149E+001  4.951629022189E+002  0.000000000000E+000  7.716185227122E-001
  5.250859312060E-001  6.249882222964E+000 -3.903205238547E+001  4.562396891973E+002  0.000000000000E+000  7.829784464983E-001
  5.320545176366E-001  5.988661710777E+000 -3.598102804025E+001  4.198969243478E+002  0.000000000000E+000  7.942011126563E-001
  5.391013043575E-001  5.745250243609E+000 -3.314317088984E+001  3.859944898235E+002  0.000000000000E+000  8.052624256735E-001
  5.462272907741E-001  5.518599884180E+000 -3.050669759420E+001  3.543980935987E+002  0.000000000000E+000  8.161389703157E-001
  5.534334934816E-001  5.307704348416E+000 -2.806030054463E+001  3.249791247355E+002  0.000000000000E+000  8.268083304699E-001
  5.607209466109E-001  5.111598236566E+000 -2.579313730301E+001  2.976145069015E+002  0.000000000000E+000  8.372494052250E-001
  5.680907021827E-001  4.929356238607E+000 -2.369481983501E+001  2.721865505086E+002  0.000000000000E+000  8.474427134015E-001
  5.755438304707E-001  4.760092316371E+000 -2.175540356666E+001  2.485828038324E+002  0.000000000000E+000  8.573706776707E-001
  5.830814203728E-001  4.602958864784E+000 -1.996537629247E+001  2.266959034517E+002  0.000000000000E+000  8.670178797727E-001
  5.907045797917E-001  4.457145854548E+000 -1.831564696291E+001  2.064234243391E+002  0.000000000000E+000  8.763712791471E-001
  5.984144360243E-001  4.321879958534E+000 -1.679753437739E+001  1.876677299147E+002  0.000000000000E+000  8.854203884997E-001
  6.062121361613E-001  4.196423664117E+000 -1.540275580866E+001  1.703358223607E+002  0.000000000000E+000  8.941574013889E-001
  6.140988474955E-001  4.080074373577E+000 -1.412341558291E+001  1.543391934809E+002  0.000000000000E+000  9.025772687168E-001
  6.220757579409E-001  3.972163494688E+000 -1.295199363928E+001  1.395936763726E+002  0.000000000000E+000  9.106777229576E-001
  6.301440764614E-001  3.872055523475E+000 -1.188133409123E+001  1.260192981638E+002  0.000000000000E+000  9.184592509158E-001
  6.383050335109E-001  3.779147121120E+000 -1.090463381119E+001  1.135401340534E+002  0.000000000000E+000  9.259250176660E-001
  6.465598814833E-001  3.692866186875E+000 -1.001543105905E+001  1.020841628762E+002  0.000000000000E+000  9.330807459730E-001
  6.549098951744E-001  3.612670928782E+000 -9.207594173746E+000  9.158312440265E+001  0.000000000000E+000  9.399345568391E-001
  6.633563722545E-001  3.538048933956E+000 -8.475310346272E+000  8.197237856316E+001  0.000000000000E+000  9.464967778226E-001
  6.719006337539E-001  3.468516240045E+000 -7.813074491470E+000  7.319076677857E+001  0.000000000000E+000  9.527797263807E-001
  6.805440245593E-001  3.403616409483E+000 -7.215678234726E+000  6.518047555887E+001  0.000000000000E+000  9.587974757190E-001
  6.892879139233E-001  3.342919608008E+000 -6.678199028806E+000  5.788690252145E+001  0.000000000000E+000  9.645656105073E-001
  6.981336959871E-001  3.286021688887E+000 -6.195989414963E+000  5.125852496512E+001  0.000000000000E+000  9.701009793901E-001
  7.070827903152E-001  3.232543284181E+000 -5.764666441466E+000  4.524677112317E+001  0.000000000000E+000  9.754214505503E-001
  7.161366424455E-001  3.182128904325E+000 -5.380101251653E+000  3.980589420571E+001  0.000000000000E+000  9.805456757402E-001
  7.252967244510E-001  3.134446047214E+000 -5.038408852682E+000  3.489284932893E+001  0.000000000000E+000  9.854928672455E-001
  7.345645355186E-001  3.089184317906E+000 -4.735938075115E+000  3.046717341662E+001  0.000000000000E+000  9.902825912594E-001
  7.439416025400E-001  3.046054559983E+000 -4.469261732596E+000  2.649086814765E+001  0.000000000000E+000  9.949345801764E-001
  7.534294807203E-001  3.004787999528E+000 -4.235166989873E+000  2.292828601168E+001  0.000000000000E+000  9.994685653987E-001
  7.630297542000E-001  2.965135402612E+000 -4.030645946584E+000  1.974601952438E+001  0.000000000000E+000  1.003904131435E+000
  7.727440366954E-001  2.926866247106E+000 -3.852886443300E+000  1.691279364308E+001  0.000000000000E+000  1.008260591362E+000
  7.825739721536E-001  2.889767909546E+000 -3.699263095468E+000  1.439936141376E+001  0.000000000000E+000  1.012556883135E+000
  7.925212354258E-001  2.853644867747E+000 -3.567328560088E+000  1.217840287056E+001  0.000000000000E+000  1.016811485784E+000
  8.025875329584E-001  2.818317919745E+000 -3.454805039138E+000  1.022442720025E+001  0.000000000000E+000  1.021042354170E+000
  8.127746035011E-001  2.783623419622E+000 -3.359576022995E+000  8.513678175118E+000  0.000000000000E+000  1.025266870770E+000
  8.230842188350E-001  2.749412530669E+000 -3.279678276357E+000  7.024042849812E+000  0.000000000000E+000  1.029501812802E+000
  8.335181845190E-001  2.715550496298E+000 -3.213294068453E+000  5.734963510012E+000  0.000000000000E+000  1.033763332946E+000
  8.440783406568E-001  2.681915929054E+000 -3.158743648661E+000  4.627352853391E+000  0.000000000000E+000  1.038066951925E+000
  8.547665626839E-001  2.648400118003E+000 -3.114477967982E+000  3.683512376749E+000  0.000000000000E+000  1.042427561267E+000
  8.655847621758E-001  2.614906354729E+000 -3.079071646207E+000  2.887053936802E+000  0.000000000000E+000  1.046859434658E+000
  8.765348876780E-001  2.581349278110E+000 -3.051216184030E+000  2.222824446238E+000  0.000000000000E+000  1.051376246415E+000
  8.876189255584E-001  2.547654238007E+000 -3.029713418805E+000  1.676833661236E+000  0.000000000000E+000  1.055991095734E+000
  8.988389008829E-001  2.513756677914E+000 -3.013469222102E+000  1.236185011603E+000  0.000000000000E+000  1.060716535531E+000
  9.101968783143E-001  2.479601536619E+000 -3.001487436752E+000  8.890094200824E-001  0.000000000000E+000  1.065564604804E+000
  9.216949630368E-001  2.445142668841E+000 -2.992864050592E+000  6.244020532225E-001  0.000000000000E+000  1.070546863604E+000
  9.333353017046E-001  2.410342284786E+000 -2.986781603704E+000  4.323619423498E-001  0.000000000000E+000  1.075674429840E+000
  9.451200834176E-001  2.375170408523E+000 -2.982503825539E+000  3.037344097960E-001  0.000000000000E+000  1.080958017235E+000
  9.570515407237E-001  2.339604355040E+000 -2.979370497963E+000  2.301562324777E-001  0.000000000000E+000  1.086407973905E+000
  9.691319506484E-001  2.303628225818E+000 -2.976792539916E+000  2.040034722267E-001  0.000000000000E+000  1.092034321083E+000
  9.813636357544E-001  2.267232422710E+000 -2.974247309101E+000  2.183418999481E-001  0.000000000000E+000  1.097846791664E+000
  9.937489652293E-001  2.230413179915E+000 -2.971274115818E+000  2.668799386652E-001  0.000000000000E+000  1.103854868251E+000
  1.006290356005E+000  2.193172113768E+000 -2.967469943838E+000  3.439240488415E-001  0.000000000000E+000  1.110067820515E+000
  1.018990273907E+000  2.155515790109E+000 -2.962485373017E+000  4.443364780022E-001  0.000000000000E+000  1.116494741706E+000
  1.031851234841E+000  2.117455308890E+000 -2.956020698143E+000  5.634952956258E-001  0.000000000000E+000  1.123144584206E+000
  1.044875806003E+000  2.079005905752E+000 -2.947822238369E+000  6.972566334949E-001  0.000000000000E+000  1.130026194063E+000
  1.058066607138E+000  2.040186570213E+000 -2.937678831491E+000  8.419190512119E-001  0.000000000000E+000  1.137148344478E+000
  1.071426311823E+000  2.001019680155E+000 -2.925418507191E+000  9.941899463646E-001  0.000000000000E+000  1.144519768251E+000
  1.084957648792E+000  1.961530652238E+000 -2.910905333333E+000  1.151153928853E+000  0.000000000000E+000  1.152149189191E+000
  1.098663403298E+000  1.921747607917E+000 -2.894036429351E+000  1.310243079182E+000  0.000000000000E+000  1.160045352559E+000
  1.112546418516E+000  1.881701054672E+000 -2.874739140741E+000  1.469209011016E+000  0.000000000000E+000  1.168217054575E+000
  1.126609596985E+000  1.841423582112E+000 -2.852968368696E+000  1.626096659058E+000  0.000000000000E+000  1.176673171073E+000
  1.140855902095E+000  1.800949572585E+000 -2.828704048939E+000  1.779219714227E+000  0.000000000000E+000  1.185422685386E+000
  1.155288359613E+000  1.760314925925E+000 -2.801948773857E+000  1.927137629281E+000  0.000000000000E+000  1.194474715525E+000
  1.169910059257E+000  1.719556797989E+000 -2.772725552145E+000  2.068634119351E+000  0.000000000000E+000  1.203838540772E+000
  1.184724156317E+000  1.678713352622E+000 -2.741075700203E+000  2.202697083342E+000  0.000000000000E+000  1.213523627745E+000
  1.199733873325E+000  1.637823526701E+000 -2.707056859697E+000  2.328499873867E+000  0.000000000000E+000  1.223539656071E+000
  1.214942501771E+000  1.596926807920E+000 -2.670741135777E+000  2.445383845138E+000  0.000000000000E+000  1.233896543728E+000
  1.230353403874E+000  1.556063024971E+000 -2.632213350595E+000  2.552842110226E+000  0.000000000000E+000  1.244604472185E+000
  1.245970014403E+000  1.515272149814E+000 -2.591569406932E+000  2.650504441168E+000  0.000000000000E+000  1.255673911413E+000
  1.261795842559E+000  1.474594111682E+000 -2.548914756874E+000  2.738123247560E+000  0.000000000000E+000  1.267115644895E+000
  1.277834473907E+000  1.434068622555E+000 -2.504362970676E+000  2.815560571552E+000  0.000000000000E+000  1.278940794713E+000
  1.294089572372E+000  1.393735013762E+000 -2.458034401110E+000  2.882776039529E+000  0.000000000000E+000  1.291160846829E+000
  1.310564882294E+000  1.353632083450E+000 -2.410054938785E+000  2.939815713145E+000  0.000000000000E+000  1.303787676646E+000
  1.327264230548E+000  1.313797954619E+000 -2.360554854116E+000  2.986801784852E+000  0.000000000000E+000  1.316833574972E+000
  1.344191528724E+000  1.274269943459E+000 -2.309667721799E+000  3.023923065563E+000  0.000000000000E+000  1.330311274471E+000
  1.361350775387E+000  1.235084437718E+000 -2.257529423838E+000  3.051426214599E+000  0.000000000000E+000  1.344233976716E+000
  1.378746058390E+000  1.196276784851E+000 -2.204277227373E+000  3.069607664576E+000  0.000000000000E+000  1.358615379950E+000
  1.396381557275E+000  1.157881189687E+000 -2.150048933723E+000  3.078806196413E+000  0.000000000000E+000  1.373469707655E+000
  1.414261545744E+000  1.119930621382E+000 -2.094982095240E+000  3.079396122104E+000  0.000000000000E+000  1.388811738050E+000
  1.432390394201E+000  1.082456729412E+000 -2.039213296774E+000  3.071781035356E+000  0.000000000000E+000  1.404656834625E+000
  1.450772572390E+000  1.045489768365E+000 -1.982877498670E+000  3.056388092569E+000  0.000000000000E+000  1.421020977829E+000
  1.469412652102E+000  1.009058531313E+000 -1.926107438413E+000  3.033662788975E+000  0.000000000000E+000  1.437920798029E+000
  1.488315309978E+000  9.731902915208E-001 -1.869033088183E+000  3.004064197000E+000  0.000000000000E+000  1.455373609874E+000
  1.507485330398E+000  9.379107522624E-001 -1.811781165705E+000  2.968060636083E+000  0.000000000000E+000  1.473397448178E+000
  1.526927608467E+000  9.032440045250E-001 -1.754474695937E+000  2.926125745235E+000  0.000000000000E+000  1.492011105479E+000
  1.546647153093E+000  8.692124923558E-001 -1.697232621235E+000  2.878734931646E+000  0.000000000000E+000  1.511234171394E+000
  1.566649090169E+000  8.358369856253E-001 -1.640169457760E+000  2.826362170433E+000  0.000000000000E+000  1.531087073928E+000
  1.586938665861E+000  8.031365599657E-001 -1.583394995979E+000  2.769477132445E+000  0.000000000000E+000  1.551591122902E+000
  1.607521250000E+000  7.711285836445E-001 -1.527014043214E+000  2.708542618620E+000  0.000000000000E+000  1.572768555641E+000
  1.628402339588E+000  7.398287111238E-001 -1.471126206243E+000  2.644012280909E+000  0.000000000000E+000  1.594642585128E+000
  1.649587562420E+000  7.092508830546E-001 -1.415825712064E+000  2.576328611205E+000  0.000000000000E+000  1.617237450772E+000
  1.671082680832E+000  6.794073324453E-001 -1.361201264940E+000  2.505921180934E+000  0.000000000000E+000  1.640578472020E+000
  1.692893595565E+000  6.503085967393E-001 -1.307335937927E+000  2.433205115166E+000  0.000000000000E+000  1.664692104989E+000
  1.715026349769E+000  6.219635355286E-001 -1.254307097114E+000  2.358579786112E+000  0.000000000000E+000  1.689606002367E+000
  1.737487133138E+000  5.943793536235E-001 -1.202186356833E+000  2.282427711824E+000  0.000000000000E+000  1.715349076789E+000
  1.760282286187E+000  5.675616291922E-001 -1.151039564107E+000  2.205113646740E+000  0.000000000000E+000  1.741951567966E+000
  1.783418304674E+000  5.415143466756E-001 -1.100926810667E+000  2.126983851435E+000  0.000000000000E+000  1.769445113809E+000
  1.806901844175E+000  5.162399341787E-001 -1.051902470825E+000  2.048365529600E+000  0.000000000000E+000  1.797862825849E+000
  1.830739724818E+000  4.917393050313E-001 -1.004015263543E+000  1.969566420836E+000  0.000000000000E+000  1.827239369258E+000
  1.854938936184E+000  4.680119032084E-001 -9.573083370370E-001  1.890874538320E+000  0.000000000000E+000  1.857611047778E+000
  1.879506642368E+000  4.450557522939E-001 -9.118193742462E-001  1.812558040853E+000  0.000000000000E+000  1.889015893936E+000
  1.904450187236E+000  4.228675076682E-001 -8.675807175316E-001  1.734865229167E+000  0.000000000000E+000  1.921493764898E+000
  1.929777099847E+000  4.014425115993E-001 -8.246195109523E-001  1.658024656710E+000  0.000000000000E+000  1.955086444364E+000
  1.955495100083E+000  3.807748509138E-001 -7.829578584922E-001  1.582245345398E+000  0.000000000000E+000  1.989837750952E+000
  1.981612104475E+000  3.608574169241E-001 -7.426129966189E-001  1.507717097140E+000  0.000000000000E+000  2.025793653513E+000
  2.008136232230E+000  3.416819672906E-001 -7.035974795700E-001  1.434610892135E+000  0.000000000000E+000  2.063002393884E+000
  2.035075811486E+000  3.232391894986E-001 -6.659193757857E-001  1.363079365250E+000  0.000000000000E+000  2.101514617614E+000
  2.062439385788E+000  3.055187656335E-001 -6.295824739283E-001  1.293257351950E+000  0.000000000000E+000  2.141383513232E+000
  2.090235720801E+000  2.885094381437E-001 -5.945864969599E-001  1.225262495548E+000  0.000000000000E+000  2.182664960680E+000
  2.118473811262E+000  2.721990762862E-001 -5.609273227840E-001  1.159195907751E+000  0.000000000000E+000  2.225417689571E+000
  2.147162888201E+000  2.565747429572E-001 -5.285972099954E-001  1.095142874740E+000  0.000000000000E+000  2.269703448006E+000
  2.176312426413E+000  2.416227616202E-001 -4.975850273290E-001  1.033173601294E+000  0.000000000000E+000  2.315587182692E+000
  2.205932152222E+000  2.273287830534E-001 -4.678764854485E-001  9.733439857341E-001  0.000000000000E+000  2.363137231236E+000
  2.236032051522E+000  2.136778516484E-001 -4.394543697701E-001  9.156964187786E-001  0.000000000000E+000  2.412425527489E+000
  2.266622378129E+000  2.006544710075E-001 -4.122987730780E-001  8.602605996982E-001  0.000000000000E+000  2.463527820923E+000
  2.297713662445E+000  1.882426685970E-001 -3.863873267534E-001  8.070543635084E-001  0.000000000000E+000  2.516523911110E+000
  2.329316720450E+000  1.764260592306E-001 -3.616954295066E-001  7.560845132727E-001  0.000000000000E+000  2.571497898421E+000
  2.361442663038E+000  1.651879071701E-001 -3.381964725755E-001  7.073476519629E-001  0.000000000000E+000  2.628538452222E+000
  2.394102905709E+000  1.545111866482E-001 -3.158620604294E-001  6.608310086948E-001  0.000000000000E+000  2.687739097876E+000
  2.427309178642E+000  1.443786406317E-001 -2.946622260943E-001  6.165132545534E-001  0.000000000000E+000  2.749198524046E+000
  2.461073537146E+000  1.347728376639E-001 -2.745656402995E-001  5.743653036125E-001  0.000000000000E+000  2.813020911884E+000
  2.495408372530E+000  1.256762266377E-001 -2.555398137215E-001  5.343510951660E-001  0.000000000000E+000  2.879316287838E+000
  2.530326423398E+000  1.170711893706E-001 -2.375512916905E-001  4.964283535903E-001  0.000000000000E+000  2.948200901987E+000
  2.565840787378E+000  1.089400908690E-001 -2.205658408016E-001  4.605493226701E-001  0.000000000000E+000  3.019797633979E+000
  2.601964933334E+000  1.012653271868E-001 -2.045486269592E-001  4.266614716246E-001  0.000000000000E+000  3.094236428839E+000
  2.638712714049E+000  9.402937079874E-002 -1.894643844608E-001  3.947081704738E-001  0.000000000000E+000  3.171654765156E+000
  2.676098379430E+000  8.721481342596E-002 -1.752775758098E-001  3.646293327779E-001  0.000000000000E+000  3.252198158384E+000
  2.714136590232E+000  8.080440626821E-002 -1.619525420203E-001  3.363620241685E-001  0.000000000000E+000  3.336020702277E+000
  2.752842432351E+000  7.478109761062E-002 -1.494536432534E-001  3.098410354560E-001  0.000000000000E+000  3.423285651800E+000
  2.792231431696E+000  6.912806778886E-002 -1.377453896961E-001  2.849994194603E-001  0.000000000000E+000  3.514166051186E+000
  2.832319569669E+000  6.382876151017E-002 -1.267925626603E-001  2.617689910436E-001  0.000000000000E+000  3.608845411232E+000
  2.873123299289E+000  5.886691754067E-002 -1.165603259424E-001  2.400807901463E-001  0.000000000000E+000  3.707518440329E+000
  2.914659561979E+000  5.422659578183E-002 -1.070143275446E-001  2.198655079243E-001  0.000000000000E+000  3.810391834273E+000
  2.956945805065E+000  4.989220177012E-002 -9.812079191231E-002  2.010538763613E-001  0.000000000000E+000  3.917685130424E+000
  3.000000000000E+000  4.584850864425E-002 -8.984660288901E-002  1.835770219806E-001  0.000000000000E+000  4.029631632446E+000
  3.043840661365E+000  4.208067663372E-002 -8.215937763823E-002  1.673667845084E-001  0.000000000000E+000  4.146479412574E+000
  3.088486866678E+000  3.857427013075E-002 -7.502753181621E-002  1.523560015412E-001  0.000000000000E+000  4.268492399174E+000
  3.133958277047E+000  3.531527241514E-002 -6.842033631492E-002  1.384787604464E-001  0.000000000000E+000  4.395951558296E+000
  3.180275158719E+000  3.229009810776E-002 -6.230796592197E-002  1.256706188710E-001  0.000000000000E+000  4.529156178962E+000
  3.227458405560E+000  2.948560343419E-002 -5.666154026657E-002  1.138687953607E-001  0.000000000000E+000  4.668425273131E+000
  3.275529562509E+000  2.688909438426E-002 -5.145315743873E-002  1.030123316850E-001  0.000000000000E+000  4.814099102644E+000
  3.324510850077E+000  2.448833285748E-002 -4.665592068136E-002  9.304222853800E-002  0.000000000000E+000  4.966540846985E+000
  3.374425189910E+000  2.227154088690E-002 -4.224395856362E-002  8.390155633476E-002  0.000000000000E+000  5.126138427448E+000
  3.425296231502E+000  2.022740303657E-002 -3.819243904805E-002  7.553554284571E-002  0.000000000000E+000  5.293306505293E+000
  3.477148380094E+000  1.834506706958E-002 -3.447757786458E-002  6.789163942128E-002  0.000000000000E+000  5.468488673756E+000
  3.530006825834E+000  1.661414298449E-002 -3.107664160175E-002  6.091956754291E-002  0.000000000000E+000  5.652159866327E+000
  3.583897574256E+000  1.502470051906E-002 -2.796794591995E-002  5.457134740763E-002  0.000000000000E+000  5.844829006698E+000
  3.638847478148E+000  1.356726522030E-002 -2.513084928341E-002  4.880131020880E-002  0.000000000000E+000  6.047041929110E+000
  3.694884270887E+000  1.223281317988E-002 -2.254574259787E-002  4.356609571878E-002  0.000000000000E+000  6.259384601682E+000
  3.752036601308E+000  1.101276453360E-002 -2.019403512926E-002  3.882463671290E-002  0.000000000000E+000  6.482486689652E+000
  3.810334070199E+000  9.898975823164E-003 -1.805813706618E-002  3.453813169983E-002  0.000000000000E+000  6.717025500496E+000
  3.869807268505E+000  8.883731317621E-003 -1.612143907565E-002  3.067000734451E-002  0.000000000000E+000  6.963730358581E+000
  3.930487817331E+000  7.959733390919E-003 -1.436828918772E-002  2.718587188712E-002  0.000000000000E+000  7.223387463553E+000
  3.992408409843E+000  7.120092050861E-003 -1.278396733042E-002  2.405346077794E-002  0.000000000000E+000  7.496845294143E+000
  4.055602855172E+000  6.358313713465E-003 -1.135465782260E-002  2.124257566454E-002  0.000000000000E+000  7.785020627652E+000
  4.120106124432E+000  5.668289315192E-003 -1.006742011812E-002  1.872501778611E-002  0.000000000000E+000  8.088905255190E+000
  4.185954398964E+000  5.044281853812E-003 -8.910158081046E-003  1.647451675067E-002  0.000000000000E+000  8.409573484006E+000
  4.253185120935E+000  4.480913446783E-003 -7.871588058232E-003  1.446665559554E-002  0.000000000000E+000  8.748190531160E+000
  4.321837046422E+000  3.973151993833E-003 -6.941206001885E-003  1.267879295998E-002  0.000000000000E+000  9.106021927641E+000
  4.391950301120E+000  3.516297528071E-003 -6.109253882031E-003  1.108998313139E-002  0.000000000000E+000  9.484444069034E+000
  4.463566438835E+000  3.105968337223E-003 -5.366685615419E-003  9.680894663548E-003  0.000000000000E+000  9.884956068444E+000
  4.536728502895E+000  2.738086933675E-003 -4.705132724570E-003  8.433728205693E-003  0.000000000000E+000  1.030919308990E+001
  4.611481090679E+000  2.408865948702E-003 -4.116869927556E-003  7.332134125881E-003  0.000000000000E+000  1.075894136635E+001
  4.687870421430E+000  2.114794022730E-003 -3.594780845976E-003  6.361130459134E-003  0.000000000000E+000  1.123615513633E+001
  4.765944407533E+000  1.852621759591E-003 -3.132324005276E-003  5.507021661151E-003  0.000000000000E+000  1.174297576756E+001
  4.845752729492E+000  1.619347808663E-003 -2.723499288059E-003  4.757318600560E-003  0.000000000000E+000  1.228175337578E+001
  4.927346914797E+000  1.412205134318E-003 -2.362814987366E-003  4.100660176829E-003  0.000000000000E+000  1.285507129281E+001
  5.010780420931E+000  1.228647527572E-003 -2.045255593053E-003  3.526736906645E-003  0.000000000000E+000  1.346577379082E+001
  5.096108722763E+000  1.066336409959E-003 -1.766250430431E-003  3.026216778577E-003  0.000000000000E+000  1.411699753146E+001
  5.183389404586E+000  9.231279747185E-004 -1.521643256354E-003  2.590673634085E-003  0.000000000000E+000  1.481220727936E+001
  5.272682257105E+000  7.970607053008E-004 -1.307662903952E-003  2.212518292518E-003  0.000000000000E+000  1.555523650230E+001
  5.364049379651E+000  6.863433060318E-004 -1.120895053445E-003  1.884932598596E-003  0.000000000000E+000  1.635033357582E+001
  5.457555287978E+000  5.893430746171E-004 -9.582551928637E-004  1.601806533365E-003  0.000000000000E+000  1.720221442154E+001
  5.553267027968E+000  5.045747409865E-004 -8.169628193235E-004  1.357678493770E-003  0.000000000000E+000  1.811612253761E+001
  5.651254295630E+000  4.306897918820E-004 -6.945169187013E-004  1.147678812194E-003  0.000000000000E+000  1.909789752992E+001
  5.751589563796E+000  3.664662955910E-004 -5.886727493330E-004  9.674765556664E-004  0.000000000000E+000  2.015405342750E+001
  5.854348215936E+000  3.107992363608E-004 -4.974199436825E-004  8.132296151358E-004  0.000000000000E+000  2.129186826838E+001
  5.959608687557E+000  2.626913633614E-004 -4.189619309376E-004  6.815380684399E-004  0.000000000000E+000  2.251948667820E+001
  6.067452615683E+000  2.212445546083E-004 -3.516966731842E-004  5.694007763032E-004  0.000000000000E+000  2.384603743694E+001
  6.177964996951E+000  1.856516920781E-004 -2.941986982447E-004  4.741751489946E-004  0.000000000000E+000  2.528176834619E+001
  6.291234354880E+000  1.551890403729E-004 -2.452024034699E-004  3.935400020272E-004  0.000000000000E+000  2.683820107547E+001
  6.407352916949E+000  1.292091177663E-004 -2.035865967792E-004  3.254614024470E-004  0.000000000000E+000  2.852830908796E+001
  6.526416802128E+000  1.071340453290E-004 -1.683602340858E-004  2.681613926867E-004  0.000000000000E+000  3.036672223106E+001
  6.648526219580E+000  8.844935712484E-005 -1.386493059500E-004  2.200894665515E-004  0.000000000000E+000  3.236996213220E+001
  6.773785679311E+000  7.269825222538E-005 -1.136848209303E-004  1.798966615360E-004  0.000000000000E+000  3.455671317188E+001
  6.902304215570E+000  5.947626752937E-005 -9.279182867750E-005  1.464121232659E-004  0.000000000000E+000  3.694813452188E+001
  7.034195623922E+000  4.842634912401E-005 -7.537942239344E-005  1.186219913542E-004  0.000000000000E+000  3.956821954125E+001
  7.169578712934E+000  3.923429917819E-005 -6.093165788030E-005  9.565045134675E-005  0.000000000000E+000  4.244420972110E+001
  7.308577571516E+000  3.162457511437E-005 -4.899932507242E-005  7.674279470359E-005  0.000000000000E+000  4.560707136377E+001
  7.451321853057E+000  2.535641803439E-005 -3.919250766044E-005  6.125032794827E-005  0.000000000000E+000  4.909204427338E+001
  7.597947077547E+000  2.022028803486E-005 -3.117386717317E-005  4.861697322281E-005  0.000000000000E+000  5.293927292169E+001
  7.748594953021E+000  1.603458507937E-005 -2.465258961563E-005  3.836740551296E-005  0.000000000000E+000  5.719453183844E+001
  7.903413717736E+000  1.264263542437E-005 -1.937893538419E-005  3.009657670025E-005  0.000000000000E+000  6.191005836649E+001
  8.062558504629E+000  9.909925137336E-006 -1.513933656473E-005  2.346048324856E-005  0.000000000000E+000  6.714550744968E+001
  8.226191729726E+000  7.721563905563E-006 -1.175198971271E-005  1.816804256465E-005  0.000000000000E+000  7.296904486151E+001
  8.394483506327E+000  5.979964018209E-006 -9.062896630244E-006  1.397395263560E-005  0.000000000000E+000  7.945859739904E+001
  8.567612086926E+000  4.602721019077E-006 -6.942310298629E-006  1.067242012354E-005  0.000000000000E+000  8.670328139046E+001
  8.745764335025E+000  3.520683993561E-006 -5.281547791207E-006  8.091653322665E-006  0.000000000000E+000  9.480503501744E+001
  8.929136229160E+000  2.676204702422E-006 -3.990136489491E-006  6.089027851391E-006  0.000000000000E+000  1.038804865486E+002
  9.117933401693E+000  2.021555762115E-006 -2.993264082233E-006  4.546844260570E-006  0.000000000000E+000  1.140631015315E+002
  9.312371715124E+000  1.517508772898E-006 -2.229506506828E-006  3.368607501059E-006  0.000000000000E+000  1.255056704620E+002
  9.512677878945E+000  1.132063713215E-006 -1.648811100308E-006  2.475768081200E-006  0.000000000000E+000  1.383832294793E+002
  9.719090110332E+000  8.393210765978E-007 -1.210714718306E-006  1.804873499439E-006  0.000000000000E+000  1.528965579499E+002
  9.931858842267E+000  6.184881706915E-007 -8.827784594237E-007  1.305085996513E-006  0.000000000000E+000  1.692764797889E+002
  1.015124748302E+001  4.530107877671E-007 -6.392219506518E-007  9.360287728708E-007  0.000000000000E+000  1.877893261293E+002
  1.037753323129E+001  3.298211624314E-007 -4.597409970632E-007  6.659275978262E-007  0.000000000000E+000  2.087441174303E+002
  1.061100795175E+001  2.386928275545E-007 -3.284928935980E-007  4.700183235323E-007  0.000000000000E+000  2.325023223447E+002
  1.085197911611E+001  1.716927315735E-007 -2.332339703594E-007  3.291934048578E-007  0.000000000000E+000  2.594914870620E+002
  1.110077081537E+001  1.227208459749E-007 -1.645941272156E-007  2.288623550910E-007  0.000000000000E+000  2.902246557749E+002
  1.135772484956E+001  8.712751182691E-008 -1.154733271168E-007  1.580023925768E-007  0.000000000000E+000  3.253284027882E+002
  1.162320190175E+001  6.139897078534E-008 -8.054535445414E-008  1.083765985649E-007  0.000000000000E+000  3.655836134825E+002
  1.189758280382E+001  4.290190172973E-008 -5.585466740139E-008  7.389792002128E-008  0.000000000000E+000  4.119851577270E+002
  1.218126990242E+001  2.967832386989E-008 -3.849290918453E-008  5.011846861581E-008  0.000000000000E+000  4.658298292260E+002
  1.247468853413E+001  2.028290124090E-008 -2.634258693412E-008  3.382488270864E-008  0.000000000000E+000  5.288474235522E+002
  1.277828862002E+001  1.365545287141E-008 -1.787654449407E-008  2.272206512964E-008  0.000000000000E+000  6.033996431533E+002
  1.309254639077E+001  9.022294432215E-009 -1.200309374191E-008  1.518936375547E-008  0.000000000000E+000  6.927896959467E+002
  1.341796625462E+001  5.820868965905E-009 -7.947963971676E-009  1.009516145233E-008  0.000000000000E+000  8.017601695791E+002
  1.375508282195E+001  3.642930180103E-009 -5.165516677230E-009  6.657800187080E-009  0.000000000000E+000  9.373248600279E+002
  1.410446310162E+001  2.192294189870E-009 -3.272897510592E-009  4.342688108313E-009  0.000000000000E+000  1.110215979615E+003
  1.446670888596E+001  1.253856993677E-009 -2.001915963269E-009  2.787244210650E-009  0.000000000000E+000  1.337491660146E+003
  1.484245934302E+001  6.711772964280E-010 -1.164430604854E-009  1.746959214399E-009  0.000000000000E+000  1.647256888803E+003
  1.523239383723E+001  3.304474242571E-010 -6.278640316531E-010  1.057255581038E-009  0.000000000000E+000  2.086121638680E+003
  1.563723500136E+001  1.491241387583E-010 -2.981811641898E-010  6.070026783607E-010  0.000000000000E+000  2.719721505865E+003
  1.605775208607E+001  6.787383944894E-011 -1.082505833438E-010  3.204956488353E-010  0.000000000000E+000  3.535679951764E+003
  1.649476461582E+001  4.481083545801E-011 -9.989200940536E-012  1.454644990748E-010  0.000000000000E+000  4.060498969107E+003
  1.694914638379E+001  5.127953753425E-011  3.091611463477E-011  4.527670860545E-011  0.000000000000E+000  3.882031469277E+003
  1.742182982203E+001  6.865608781428E-011  3.859471892291E-011 -6.034068536865E-012  0.000000000000E+000  3.522200442879E+003
  1.791381078784E+001  8.582492656811E-011  2.950962480335E-011 -2.690986385996E-011  0.000000000000E+000  3.269660078475E+003
  1.842615381215E+001  9.712318649806E-011  1.432110588447E-011 -3.028351064287E-011  0.000000000000E+000  3.137613493374E+003
  1.895999786176E+001  1.006431246254E-010 -6.491729570722E-013 -2.493811597461E-011  0.000000000000E+000  3.100599797613E+003
  1.951656267356E+001  9.684394946769E-011 -1.221556744485E-011 -1.650385803902E-011  0.000000000000E+000  3.140626234141E+003
  2.009715572669E+001  8.745512857752E-011 -1.932619137560E-011 -8.254545906481E-012  0.000000000000E+000  3.249216555252E+003
  2.070317992707E+001  7.466097865337E-011 -2.224270248390E-011 -1.778181955857E-012  0.000000000000E+000  3.425120528980E+003
  2.133614208874E+001  6.054937901017E-011 -2.190059775749E-011  2.456341358525E-012  0.000000000000E+000  3.672855596407E+003
  2.199766230782E+001  4.679395645538E-011 -1.944759347669E-011  4.638041563313E-012  0.000000000000E+000  4.002307899243E+003
  2.268948433818E+001  3.452590161019E-011 -1.594761752627E-011  5.263913289801E-012  0.000000000000E+000  4.429201198048E+003
  2.341348709294E+001  2.434338791354E-011 -1.222596518993E-011  4.899283608546E-012  0.000000000000E+000  4.976378575671E+003
  2.417169741362E+001  1.640551141897E-011 -8.822274141752E-012  4.037134348696E-012  0.000000000000E+000  5.676018824013E+003
  2.496630426925E+001  1.056356068599E-011 -6.014724565429E-012  3.036429862560E-012  0.000000000000E+000  6.573101032582E+003
  2.579967457140E+001  6.493341966446E-012 -3.881479980610E-012  2.115264136352E-012  0.000000000000E+000  7.730679344239E+003
  2.667437081864E+001  3.805405246076E-012 -2.372358128365E-012  1.375216184570E-012  0.000000000000E+000  9.237904055906E+003
  2.759317081651E+001  2.122620596638E-012 -1.372820971134E-012  8.376325126060E-013  0.000000000000E+000  1.122232806078E+004
  2.855908975674E+001  1.124556951130E-012 -7.513264441932E-013  4.787514378484E-013  0.000000000000E+000  1.386904636764E+004
  2.957540498378E+001  5.644996696877E-013 -3.882272068462E-013  2.567968558480E-013  0.000000000000E+000  0.000000000000E+000
  3.064568382919E+001  2.677252467130E-013 -1.889764221590E-013  1.291421491444E-013  0.000000000000E+000  0.000000000000E+000
  3.177381495601E+001  1.195797045421E-013 -8.641526643521E-014  6.077763501776E-014  0.000000000000E+000  0.000000000000E+000
  3.296404372807E+001  5.011709235605E-014 -3.700062289536E-014  2.669872023086E-014  0.000000000000E+000  0.000000000000E+000
  3.422101220608E+001  1.962906266040E-014 -1.477803052402E-014  1.091169647459E-014  0.000000000000E+000  0.000000000000E+000
  3.554980447538E+001  7.151783261030E-015 -5.481913873092E-015  4.132806050760E-015  0.000000000000E+000  0.000000000000E+000
  3.695599813319E+001  2.411666970085E-015 -1.879445000068E-015  1.443991915557E-015  0.000000000000E+000  0.000000000000E+000
  3.844572291106E+001  7.484198843027E-016 -5.922662747449E-016  4.629909925469E-016  0.000000000000E+000  0.000000000000E+000
  4.002572758518E+001  2.124010593370E-016 -1.704955622456E-016  1.354189539155E-016  0.000000000000E+000  0.000000000000E+000
  4.170345654134E+001  5.473954592843E-017 -4.452651518238E-017  3.588907495678E-017  0.000000000000E+000  0.000000000000E+000
  4.348713762001E+001  1.271110113714E-017 -1.046843417963E-017  8.553262687059E-018  0.000000000000E+000  0.000000000000E+000
  4.538588318162E+001  2.627786043697E-018 -2.187963557461E-018  1.808923029520E-018  0.000000000000E+000  0.000000000000E+000
  4.740980671574E+001  4.825703697740E-019 -4.212345454359E-019  3.546021987335E-019  0.000000000000E+000  0.000000000000E+000
  4.957015778746E+001  7.936554302530E-020 -6.463743162145E-020  4.752880624536E-020  0.000000000000E+000  0.000000000000E+000
  5.187947869225E+001  9.767819644103E-021 -8.292506528976E-021  1.124668903935E-020  0.000000000000E+000  0.000000000000E+000
  5.435178690397E+001  1.646800476206E-021 -1.261251961964E-021 -8.471684704559E-023  0.000000000000E+000  0.000000000000E+000
  5.700278828629E+001  2.097801496485E-023 -3.170411389851E-022  2.830157200426E-022  0.000000000000E+000  0.000000000000E+000
  5.985012714155E+001  2.753265627294E-023  0.000000000000E+000  0.000000000000E+000  0.000000000000E+000  0.000000000000E+000
  6.291368055481E+001  0.000000000000E+000  0.000000000000E+000  0.000000000000E+000  0.000000000000E+000  0.000000000000E+000
  6.621590623276E+001  0.000000000000E+000  0.000000000000E+000  0.000000000000E+000  0.000000000000E+000  0.000000000000E+000
  6.978225524452E+001  0.000000000000E+000  0.000000000000E+000  0.000000000000E+000  0.000000000000E+000  0.000000000000E+000
  7.364166388185E+001  0.000000000000E+000  0.000000000000E+000  0.000000000000E+000  0.000000000000E+000  0.000000000000E+000
  7.782714245929E+001  0.000000000000E+000  0.000000000000E+000  0.000000000000E+000  0.000000000000E+000  0.000000000000E+000
  8.237648351994E+001  0.000000000000E+000  0.000000000000E+000  0.000000000000E+000  0.000000000000E+000  0.000000000000E+000
  8.733311794502E+001  0.000000000000E+000  0.000000000000E+000  0.000000000000E+000  0.000000000000E+000  0.000000000000E+000
  9.274715535088E+001  0.000000000000E+000  0.000000000000E+000  0.000000000000E+000  0.000000000000E+000  0.000000000000E+000
  9.867665554529E+001  0.000000000000E+000  0.000000000000E+000  0.000000000000E+000  0.000000000000E+000  0.000000000000E+000
  1.051891916055E+002  0.000000000000E+000  0.000000000000E+000  0.000000000000E+000  0.000000000000E+000  0.000000000000E+000
  1.123637836013E+002  0.000000000000E+000  0.000000000000E+000  0.000000000000E+000  0.000000000000E+000  0.000000000000E+000
  1.202933069206E+002  0.000000000000E+000  0.000000000000E+000  0.000000000000E+000  0.000000000000E+000  0.000000000000E+000
  1.290875131414E+002  0.000000000000E+000  0.000000000000E+000  0.000000000000E+000  0.000000000000E+000  0.000000000000E+000
  1.388768482001E+002  0.000000000000E+000  0.000000000000E+000  0.000000000000E+000  0.000000000000E+000  0.000000000000E+000
  1.498173177370E+002  0.000000000000E+000  0.000000000000E+000  0.000000000000E+000  0.000000000000E+000  0.000000000000E+000
  1.620967411853E+002  0.000000000000E+000  0.000000000000E+000  0.000000000000E+000  0.000000000000E+000  0.000000000000E+000
  1.759428668168E+002  0.000000000000E+000  0.000000000000E+000  0.000000000000E+000  0.000000000000E+000  0.000000000000E+000
  1.916340085825E+002  0.000000000000E+000  0.000000000000E+000  0.000000000000E+000  0.000000000000E+000  0.000000000000E+000
  2.095131417987E+002  0.000000000000E+000  0.000000000000E+000  0.000000000000E+000  0.000000000000E+000  0.000000000000E+000
  2.300068054477E+002  0.000000000000E+000  0.000000000000E+000  0.000000000000E+000  0.000000000000E+000  0.000000000000E+000
  2.536507797910E+002  0.000000000000E+000  0.000000000000E+000  0.000000000000E+000  0.000000000000E+000  0.000000000000E+000
  2.811254638474E+002  0.000000000000E+000  0.000000000000E+000  0.000000000000E+000  0.000000000000E+000  0.000000000000E+000
  3.133053780630E+002  0.000000000000E+000  0.000000000000E+000  0.000000000000E+000  0.000000000000E+000  0.000000000000E+000
  3.513296254502E+002  0.000000000000E+000  0.000000000000E+000  0.000000000000E+000  0.000000000000E+000  0.000000000000E+000
  3.967041014107E+002  0.000000000000E+000  0.000000000000E+000  0.000000000000E+000  0.000000000000E+000  0.000000000000E+000
  4.514529193350E+002  0.000000000000E+000  0.000000000000E+000  0.000000000000E+000  0.000000000000E+000  0.000000000000E+000
  5.183481233601E+002  0.000000000000E+000  0.000000000000E+000  0.000000000000E+000  0.000000000000E+000  0.000000000000E+000
  6.012676077950E+002  0.000000000000E+000  0.000000000000E+000  0.000000000000E+000  0.000000000000E+000  0.000000000000E+000
  7.057700503752E+002  0.000000000000E+000  0.000000000000E+000  0.000000000000E+000  0.000000000000E+000  0.000000000000E+000
  8.400513767914E+002  0.000000000000E+000  0.000000000000E+000  0.000000000000E+000  0.000000000000E+000  0.000000000000E+000
  1.016602135495E+003  0.000000000000E+000  0.000000000000E+000  0.000000000000E+000  0.000000000000E+000  0.000000000000E+000
  1.255220715579E+003  0.000000000000E+000  0.000000000000E+000  0.000000000000E+000  0.000000000000E+000  0.000000000000E+000
  1.588815776243E+003  0.000000000000E+000  0.000000000000E+000  0.000000000000E+000  0.000000000000E+000  0.000000000000E+000
  2.075392011604E+003  0.000000000000E+000  0.000000000000E+000  0.000000000000E+000  0.000000000000E+000  0.000000000000E+000
  2.825079847528E+003  0.000000000000E+000  0.000000000000E+000  0.000000000000E+000  0.000000000000E+000  0.000000000000E+000
  4.068408296183E+003  0.000000000000E+000  0.000000000000E+000  0.000000000000E+000  0.000000000000E+000  0.000000000000E+000
  6.357262947672E+003  0.000000000000E+000  0.000000000000E+000  0.000000000000E+000  0.000000000000E+000  0.000000000000E+000
  1.130231930164E+004  0.000000000000E+000  0.000000000000E+000  0.000000000000E+000  0.000000000000E+000  0.000000000000E+000
  2.543105175136E+004  0.000000000000E+000  0.000000000000E+000  0.000000000000E+000  0.000000000000E+000  0.000000000000E+000
  1.017262069952E+005  0.000000000000E+000  0.000000000000E+000  0.000000000000E+000  0.000000000000E+000  0.000000000000E+000
