# 1st line: number of mesh points
# rho and r_seitz are calculated from total density
# zeta and r_seitz only correct of rho > 1d-12

# abcissa rho drho ddrho zeta r_seitz
500
  9.830308526563E-006  3.972554012410E+003 -6.432203314476E+004  1.061149954147E+006  2.732944768140E-005  9.106478809095E-002
  3.932200719722E-005  3.970657507787E+003 -6.429074578457E+004  1.060624121562E+006  2.732945730824E-005  9.107928420418E-002
  8.847741541467E-005  3.967498550950E+003 -6.423863190214E+004  1.059748278573E+006  2.732947204955E-005  9.110345049747E-002
  1.573003992805E-004  3.963079965459E+003 -6.416573902711E+004  1.058523241328E+006  2.732948994806E-005  9.113729613228E-002
  2.457963722418E-004  3.957405698831E+003 -6.407213360666E+004  1.056950150780E+006  2.732950826061E-005  9.118083394391E-002
  3.539722959954E-004  3.950480817077E+003 -6.395790091139E+004  1.055030471030E+006  2.732952345629E-005  9.123408045071E-002
  4.818366816529E-004  3.942311497700E+003 -6.382314491466E+004  1.052765987211E+006  2.732953121051E-005  9.129705586602E-002
  6.293995911626E-004  3.932905021166E+003 -6.366798814549E+004  1.050158802901E+006  2.732952640279E-005  9.136978411276E-002
  7.966726389935E-004  3.922269760849E+003 -6.349257151541E+004  1.047211337084E+006  2.732950310804E-005  9.145229284066E-002
  9.836689940782E-004  3.910415171493E+003 -6.329705411947E+004  1.043926320655E+006  2.732945459455E-005  9.154461344628E-002
  1.190403382016E-003  3.897351776186E+003 -6.308161301191E+004  1.040306792481E+006  2.732937331346E-005  9.164678109570E-002
  1.416892087541E-003  3.883091151881E+003 -6.284644295670E+004  1.036356095023E+006  2.732925089089E-005  9.175883474999E-002
  1.663152957245E-003  3.867645913499E+003 -6.259175615364E+004  1.032077869526E+006  2.732907812047E-005  9.188081719347E-002
  1.929205402573E-003  3.851029696616E+003 -6.231778194031E+004  1.027476050788E+006  2.732884495236E-005  9.201277506476E-002
  2.215070403073E-003  3.833257138797E+003 -6.202476647054E+004  1.022554861518E+006  2.732854048317E-005  9.215475889069E-002
  2.520770509919E-003  3.814343859582E+003 -6.171297236993E+004  1.017318806294E+006  2.732815294365E-005  9.230682312314E-002
  2.846329849692E-003  3.794306439176E+003 -6.138267836906E+004  1.011772665126E+006  2.732766968562E-005  9.246902617870E-002
  3.191774128432E-003  3.773162395876E+003 -6.103417891506E+004  1.005921486646E+006  2.732707717019E-005  9.264143048146E-002
  3.557130635959E-003  3.750930162276E+003 -6.066778376220E+004  9.997705809281E+005  2.732636095172E-005  9.282410250864E-002
  3.942428250463E-003  3.727629060283E+003 -6.028381754233E+004  9.933255119600E+005  2.732550566248E-005  9.301711283947E-002
  4.347697443358E-003  3.703279275003E+003 -5.988261931583E+004  9.865920897729E+005  2.732449499566E-005  9.322053620704E-002
  4.772970284417E-003  3.677901827535E+003 -5.946454210394E+004  9.795763622487E+005  2.732331169083E-005  9.343445155343E-002
  5.218280447175E-003  3.651518546715E+003 -5.902995240333E+004  9.722846066177E+005  2.732193751096E-005  9.365894208807E-002
  5.683663214611E-003  3.624152039866E+003 -5.857922968372E+004  9.647233206628E+005  2.732035322547E-005  9.389409534937E-002
  6.169155485101E-003  3.595825662612E+003 -5.811276586948E+004  9.568992136458E+005  2.731853859140E-005  9.414000326977E-002
  6.674795778653E-003  3.566563487787E+003 -5.763096480612E+004  9.488191969735E+005  2.731647232654E-005  9.439676224423E-002
  7.200624243425E-003  3.536390273517E+003 -5.713424171264E+004  9.404903746189E+005  2.731413209157E-005  9.466447320225E-002
  7.746682662519E-003  3.505331430514E+003 -5.662302262070E+004  9.319200333162E+005  2.731149446373E-005  9.494324168351E-002
  8.313014461060E-003  3.473412988644E+003 -5.609774380154E+004  9.231156325461E+005  2.730853491197E-005  9.523317791716E-002
  8.899664713569E-003  3.440661562826E+003 -5.555885118177E+004  9.140847943307E+005  2.730522777093E-005  9.553439690498E-002
  9.506680151615E-003  3.407104318321E+003 -5.500679974894E+004  9.048352928549E+005  2.730154621475E-005  9.584701850838E-002
  1.013410917176E-002  3.372768935468E+003 -5.444205294805E+004  8.953750439342E+005  2.729746222575E-005  9.617116753930E-002
  1.078200184380E-002  3.337683573928E+003 -5.386508206989E+004  8.857120943463E+005  2.729294656634E-005  9.650697385536E-002
  1.145040991929E-002  3.301876836496E+003 -5.327636563243E+004  8.758546110461E+005  2.728796874774E-005  9.685457245903E-002
  1.213938684040E-002  3.265377732549E+003 -5.267638875623E+004  8.658108702832E+005  2.728249699677E-005  9.721410360124E-002
  1.284898774901E-002  3.228215641172E+003 -5.206564253493E+004  8.555892466403E+005  2.727649822375E-005  9.758571288931E-002
  1.357926949620E-002  3.190420274046E+003 -5.144462340203E+004  8.451982020129E+005  2.726993798399E-005  9.796955139947E-002
  1.433029065191E-002  3.152021638149E+003 -5.081383249481E+004  8.346462745473E+005  2.726278044510E-005  9.836577579406E-002
  1.510211151509E-002  3.113049998329E+003 -5.017377501670E+004  8.239420675582E+005  2.725498834675E-005  9.877454844353E-002
  1.589479412397E-002  3.073535839814E+003 -4.952495959896E+004  8.130942384440E+005  2.724652296059E-005  9.919603755335E-002
  1.670840226680E-002  3.033509830724E+003 -4.886789766298E+004  8.021114876175E+005  2.723734405339E-005  9.963041729606E-002
  1.754300149280E-002  2.993002784634E+003 -4.820310278393E+004  7.910025474733E+005  2.722740983792E-005  1.000778679485E-001
  1.839865912351E-002  2.952045623269E+003 -4.753109005716E+004  7.797761714080E+005  2.721667693681E-005  1.005385760347E-001
  1.927544426443E-002  2.910669339359E+003 -4.685237546811E+004  7.684411229128E+005  2.720510033108E-005  1.010127344736E-001
  2.017342781695E-002  2.868904959752E+003 -4.616747526690E+004  7.570061647559E+005  2.719263331656E-005  1.015005427337E-001
  2.109268249069E-002  2.826783508806E+003 -4.547690534857E+004  7.454800482736E+005  2.717922745308E-005  1.020022069923E-001
  2.203328281612E-002  2.784335972144E+003 -4.478118063992E+004  7.338715027851E+005  2.716483251560E-005  1.025179403018E-001
  2.299530515754E-002  2.741593260812E+003 -4.408081449399E+004  7.221892251512E+005  2.714939644308E-005  1.030479627618E-001
  2.397882772639E-002  2.698586175905E+003 -4.337631809301E+004  7.104418694904E+005  2.713286528309E-005  1.035925016981E-001
  2.498393059493E-002  2.655345373708E+003 -4.266819986092E+004  6.986380370710E+005  2.711518313641E-005  1.041517918474E-001
  2.601069571024E-002  2.611901331407E+003 -4.195696488618E+004  6.867862663931E+005  2.709629210394E-005  1.047260755503E-001
  2.705920690860E-002  2.568284313418E+003 -4.124311435580E+004  6.748950234768E+005  2.707613222345E-005  1.053156029502E-001
  2.812954993023E-002  2.524524338391E+003 -4.052714500150E+004  6.629726923710E+005  2.705464140999E-005  1.059206322002E-001
  2.922181243436E-002  2.480651146925E+003 -3.980954855870E+004  6.510275658965E+005  2.703175539851E-005  1.065414296772E-001
  3.033608401473E-002  2.436694170050E+003 -3.909081123920E+004  6.390678366374E+005  2.700740767348E-005  1.071782702039E-001
  3.147245621542E-002  2.392682498513E+003 -3.837141321824E+004  6.271015881932E+005  2.698152940886E-005  1.078314372790E-001
  3.263102254705E-002  2.348644852916E+003 -3.765182813674E+004  6.151367867046E+005  2.695404939796E-005  1.085012233155E-001
  3.381187850339E-002  2.304609554738E+003 -3.693252261921E+004  6.031812726642E+005  2.692489398534E-005  1.091879298873E-001
  3.501512157837E-002  2.260604498290E+003 -3.621395580826E+004  5.912427530221E+005  2.689398699482E-005  1.098918679854E-001
  3.624085128345E-002  2.216657123631E+003 -3.549657891597E+004  5.793287935990E+005  2.686124966400E-005  1.106133582822E-001
  3.748916916538E-002  2.172794390477E+003 -3.478083479300E+004  5.674468118139E+005  2.682660056324E-005  1.113527314062E-001
  3.876017882444E-002  2.129042753144E+003 -3.406715751575E+004  5.556040697366E+005  2.678995551924E-005  1.121103282249E-001
  4.005398593302E-002  2.085428136547E+003 -3.335597199209E+004  5.438076674731E+005  2.675122754957E-005  1.128865001396E-001
  4.137069825459E-002  2.041975913284E+003 -3.264769358622E+004  5.320645368902E+005  2.671032677447E-005  1.136816093883E-001
  4.271042566323E-002  1.998710881830E+003 -3.194272776292E+004  5.203814356873E+005  2.666716034136E-005  1.144960293612E-001
  4.407328016341E-002  1.955657245866E+003 -3.124146975161E+004  5.087649418202E+005  2.662163234566E-005  1.153301449252E-001
  4.545937591035E-002  1.912838594752E+003 -3.054430423050E+004  4.972214482824E+005  2.657364374876E-005  1.161843527607E-001
  4.686882923075E-002  1.870277885183E+003 -2.985160503124E+004  4.857571582481E+005  2.652309229700E-005  1.170590617099E-001
  4.830175864396E-002  1.827997424023E+003 -2.916373486401E+004  4.743780805809E+005  2.646987243951E-005  1.179546931359E-001
  4.975828488365E-002  1.786018852334E+003 -2.848104506363E+004  4.630900257096E+005  2.641387524327E-005  1.188716812948E-001
  5.123853091993E-002  1.744363130623E+003 -2.780387535643E+004  4.518986018751E+005  2.635498831501E-005  1.198104737202E-001
  5.274262198188E-002  1.703050525297E+003 -2.713255364831E+004  4.408092117474E+005  2.629309571429E-005  1.207715316198E-001
  5.427068558066E-002  1.662100596349E+003 -2.646739583389E+004  4.298270494157E+005  2.622807787460E-005  1.217553302853E-001
  5.582285153302E-002  1.621532186261E+003 -2.580870562672E+004  4.189570977484E+005  2.615981152162E-005  1.227623595160E-001
  5.739925198530E-002  1.581363410139E+003 -2.515677441069E+004  4.082041261247E+005  2.608816959301E-005  1.237931240555E-001
  5.900002143803E-002  1.541611647073E+003 -2.451188111248E+004  3.975726885341E+005  2.601302116207E-005  1.248481440428E-001
  6.062529677088E-002  1.502293532716E+003 -2.387429209483E+004  3.870671220427E+005  2.593423136224E-005  1.259279554769E-001
  6.227521726827E-002  1.463424953080E+003 -2.324426107079E+004  3.766915456212E+005  2.585166131545E-005  1.270331106963E-001
  6.394992464542E-002  1.425021039535E+003 -2.262202903843E+004  3.664498593337E+005  2.576516806058E-005  1.281641788734E-001
  6.564956307496E-002  1.387096165009E+003 -2.200782423598E+004  3.563457438795E+005  2.567460449579E-005  1.293217465229E-001
  6.737427921404E-002  1.349663941371E+003 -2.140186211712E+004  3.463826604850E+005  2.557981931302E-005  1.305064180260E-001
  6.912422223211E-002  1.312737217979E+003 -2.080434534607E+004  3.365638511388E+005  2.548065695495E-005  1.317188161695E-001
  7.089954383907E-002  1.276328081381E+003 -2.021546381218E+004  3.268923391638E+005  2.537695755867E-005  1.329595826998E-001
  7.270039831418E-002  1.240447856151E+003 -1.963539466369E+004  3.173709301190E+005  2.526855693003E-005  1.342293788928E-001
  7.452694253540E-002  1.205107106838E+003 -1.906430236013E+004  3.080022130243E+005  2.515528651302E-005  1.355288861383E-001
  7.637933600943E-002  1.170315640999E+003 -1.850233874316E+004  2.987885618984E+005  2.503697337558E-005  1.368588065405E-001
  7.825774090225E-002  1.136082513301E+003 -1.794964312510E+004  2.897321376033E+005  2.491344020901E-005  1.382198635324E-001
  8.016232207035E-002  1.102416030666E+003 -1.740634239496E+004  2.808348899839E+005  2.478450534049E-005  1.396128025059E-001
  8.209324709253E-002  1.069323758417E+003 -1.687255114122E+004  2.720985602956E+005  2.464998276748E-005  1.410383914558E-001
  8.405068630235E-002  1.036812527417E+003 -1.634837179094E+004  2.635246839069E+005  2.450968220273E-005  1.424974216375E-001
  8.603481282122E-002  1.004888442151E+003 -1.583389476462E+004  2.551145932700E+005  2.436340915110E-005  1.439907082385E-001
  8.804580259214E-002  9.735568897366E+002 -1.532919864618E+004  2.468694211449E+005  2.421096500211E-005  1.455190910620E-001
  9.008383441408E-002  9.428225498088E+002 -1.483435036751E+004  2.387901040690E+005  2.405214715720E-005  1.470834352223E-001
  9.214908997710E-002  9.126894052678E+002 -1.434940540693E+004  2.308773860584E+005  2.388674918687E-005  1.486846318503E-001
  9.424175389809E-002  8.831607538357E+002 -1.387440800090E+004  2.231318225308E+005  2.371456101516E-005  1.503235988086E-001
  9.636201375725E-002  8.542392203956E+002 -1.340939136839E+004  2.155537844367E+005  2.353536915699E-005  1.520012814137E-001
  9.851006013526E-002  8.259267700721E+002 -1.295437794719E+004  2.081434625872E+005  2.334895698898E-005  1.537186531636E-001
  1.006860866512E-001  7.982247220154E+002 -1.250937964138E+004  2.009008721668E+005  2.315510506954E-005  1.554767164692E-001
  1.028902900012E-001  7.711337638503E+002 -1.207439807953E+004  1.938258574170E+005  2.295359152058E-005  1.572765033864E-001
  1.051228699979E-001  7.446539667502E+002 -1.164942488258E+004  1.869180964790E+005  2.274419246348E-005  1.591190763461E-001
  1.073840296104E-001  7.187848010971E+002 -1.123444194105E+004  1.801771063832E+005  2.252668252781E-005  1.610055288781E-001
  1.096739750056E-001  6.935251526849E+002 -1.082942170052E+004  1.736022481713E+005  2.230083542754E-005  1.629369863264E-001
  1.119929155896E-001  6.688733394280E+002 -1.043432745494E+004  1.671927321396E+005  2.206642462978E-005  1.649146065502E-001
  1.143410640503E-001  6.448271285319E+002 -1.004911364689E+004  1.609476231899E+005  2.182322411365E-005  1.669395806057E-001
  1.167186364011E-001  6.213837540857E+002 -9.673726174127E+003  1.548658462751E+005  2.157100922825E-005  1.690131334034E-001
  1.191258520249E-001  5.985399350362E+002 -9.308102701706E+003  1.489461919270E+005  2.130955766680E-005  1.711365243340E-001
  1.215629337189E-001  5.762918935004E+002 -8.952172978929E+003  1.431873218544E+005  2.103865057077E-005  1.733110478553E-001
  1.240301077413E-001  5.546353733774E+002 -8.605859160451E+003  1.375877745974E+005  2.075807376452E-005  1.755380340327E-001
  1.265276038575E-001  5.335656592190E+002 -8.269076130819E+003  1.321459712271E+005  2.046761915390E-005  1.778188490218E-001
  1.290556553882E-001  5.130775953169E+002 -7.941731831760E+003  1.268602210778E+005  2.016708628487E-005  1.801548954850E-001
  1.316144992580E-001  4.931656049694E+002 -7.623727591526E+003  1.217287274999E+005  1.985628409825E-005  1.825476129283E-001
  1.342043760450E-001  4.738237098857E+002 -7.314958455639E+003  1.167495936216E+005  1.953503288110E-005  1.849984779457E-001
  1.368255300316E-001  4.550455496908E+002 -7.015313518360E+003  1.119208281087E+005  1.920316645376E-005  1.875090043557E-001
  1.394782092560E-001  4.368244014921E+002 -6.724676254245E+003  1.072403509102E+005  1.886053459655E-005  1.900807432142E-001
  1.421626655646E-001  4.191531994709E+002 -6.442924849164E+003  1.027059989795E+005  1.850700575736E-005  1.927152826835E-001
  1.448791546661E-001  4.020245544620E+002 -6.169932530154E+003  9.831553196129E+004  1.814247005424E-005  1.954142477381E-001
  1.476279361856E-001  3.854307734852E+002 -5.905567893522E+003  9.406663783234E+004  1.776684260374E-005  1.981792996832E-001
  1.504092737207E-001  3.693638791959E+002 -5.649695230619E+003  8.995693848778E+004  1.738006721067E-005  2.010121354609E-001
  1.532234348983E-001  3.538156292188E+002 -5.402174850720E+003  8.598399526274E+004  1.698212044792E-005  2.039144867145E-001
  1.560706914324E-001  3.387775353343E+002 -5.162863400480E+003  8.214531438050E+004  1.657301615668E-005  2.068881185811E-001
  1.589513191834E-001  3.242408824842E+002 -4.931614179450E+003  7.843835231843E+004  1.615281041440E-005  2.099348281760E-001
  1.618655982178E-001  3.101967475680E+002 -4.708277451151E+003  7.486052108347E+004  1.572160699950E-005  2.130564427323E-001
  1.648138128702E-001  2.966360180004E+002 -4.492700749244E+003  7.140919338937E+004  1.527956340317E-005  2.162548173517E-001
  1.677962518056E-001  2.835494100008E+002 -4.284729178346E+003  6.808170772835E+004  1.482689741734E-005  2.195318323227E-001
  1.708132080832E-001  2.709274865909E+002 -4.084205709068E+003  6.487537333023E+004  1.436389436764E-005  2.228893899539E-001
  1.738649792215E-001  2.587606752729E+002 -3.890971466872E+003  6.178747500255E+004  1.389091500567E-005  2.263294108689E-001
  1.769518672648E-001  2.470392853651E+002 -3.704866014382E+003  5.881527784570E+004  1.340840413445E-005  2.298538297019E-001
  1.800741788507E-001  2.357535249740E+002 -3.525727626793E+003  5.595603183755E+004  1.291690000525E-005  2.334645901309E-001
  1.832322252791E-001  2.248935175792E+002 -3.353393560057E+003  5.320697628245E+004  1.241704451657E-005  2.371636391783E-001
  1.864263225826E-001  2.144493182138E+002 -3.187700311548E+003  5.056534411998E+004  1.190959428590E-005  2.409529207035E-001
  1.896567915983E-001  2.044109292210E+002 -3.028483872934E+003  4.802836608945E+004  1.139543261067E-005  2.448343680099E-001
  1.929239580409E-001  1.947683155703E+002 -2.875579975015E+003  4.559327474623E+004  1.087558236994E-005  2.488098954801E-001
  1.962281525771E-001  1.855114197183E+002 -2.728824324290E+003  4.325730832695E+004  1.035121988475E-005  2.528813891509E-001
  1.995697109023E-001  1.766301759998E+002 -2.588052831085E+003  4.101771446064E+004  9.823689766150E-006  2.570506961361E-001
  2.029489738173E-001  1.681145245372E+002 -2.453101829042E+003  3.887175372357E+004  9.294520738747E-006  2.613196127996E-001
  2.063662873085E-001  1.599544246570E+002 -2.323808285844E+003  3.681670303594E+004  8.765442456595E-006  2.656898715809E-001
  2.098220026275E-001  1.521398678037E+002 -2.200010005058E+003  3.484985889899E+004  8.238403256327E-006  2.701631263750E-001
  2.133164763746E-001  1.446608899432E+002 -2.081545818979E+003  3.296854047144E+004  7.715588806171E-006  2.747409363665E-001
  2.168500705817E-001  1.375075834487E+002 -1.968255772428E+003  3.117009248491E+004  7.199441559840E-006  2.794247482251E-001
  2.204231527988E-001  1.306701084639E+002 -1.859981297442E+003  2.945188799789E+004  6.692680902592E-006  2.842158765721E-001
  2.240360961807E-001  1.241387037388E+002 -1.756565378827E+003  2.781133098867E+004  6.198323805335E-006  2.891154826396E-001
  2.276892795770E-001  1.179036969361E+002 -1.657852710587E+003  2.624585878771E+004  5.719705791999E-006  2.941245510558E-001
  2.313830876220E-001  1.119555144063E+002 -1.563689843225E+003  2.475294435060E+004  5.260501937846E-006  2.992438647105E-001
  2.351179108282E-001  1.062846904308E+002 -1.473925321969E+003  2.333009837271E+004  4.824747548152E-006  3.044739776769E-001
  2.388941456809E-001  1.008818759345E+002 -1.388409815986E+003  2.197487124738E+004  4.416858115925E-006  3.098151861981E-001
  2.427121947345E-001  9.573784667022E+001 -1.306996238639E+003  2.068485486959E+004  4.041648048032E-006  3.152674977854E-001
  2.465724667110E-001  9.084351087685E+001 -1.229539858914E+003  1.945768428736E+004  3.704347561741E-006  3.208305985214E-001
  2.504753766009E-001  8.618991641697E+001 -1.155898404102E+003  1.829103920356E+004  3.410617073036E-006  3.265038187184E-001
  2.544213457654E-001  8.176825739834E+001 -1.085932153885E+003  1.718264533090E+004  3.166558265513E-006  3.322860971469E-001
  2.584108020414E-001  7.756988028587E+001 -1.019504025970E+003  1.613027560330E+004  2.978720948930E-006  3.381759441286E-001
  2.624441798480E-001  7.358628951123E+001 -9.564796534215E+002  1.513175124698E+004  2.854104694576E-006  3.441714038719E-001
  2.665219202956E-001  6.980915258813E+001 -8.967274538769E+002  1.418494271474E+004  2.800154148575E-006  3.502700165290E-001
  2.706444712976E-001  6.623030474241E+001 -8.401186908307E+002  1.328777048744E+004  2.824746831727E-006  3.564687805576E-001
  2.748122876832E-001  6.284175306639E+001 -7.865275271854E+002  1.243820574638E+004  2.936172187060E-006  3.627641160890E-001
  2.790258313137E-001  5.963568020823E+001 -7.358310712793E+002  1.163427092092E+004  3.143100581430E-006  3.691518301200E-001
  2.832855712010E-001  5.660444760713E+001 -6.879094156143E+002  1.087404011552E+004  3.454540992694E-006  3.756270844732E-001
  2.875919836279E-001  5.374059828644E+001 -6.426456685111E+002  1.015563942059E+004  3.879786193722E-006  3.821843675866E-001
  2.919455522717E-001  5.103685921673E+001 -5.999259789294E+002  9.477247111759E+003  4.428344313829E-006  3.888174713065E-001
  2.963467683296E-001  4.848614326183E+001 -5.596395546995E+002  8.837093742083E+003  5.109855928378E-006  3.955194739517E-001
  3.007961306479E-001  4.608155072116E+001 -5.216786744142E+002  8.233462131982E+003  5.933996080835E-006  4.022827309891E-001
  3.052941458522E-001  4.381637048194E+001 -4.859386932377E+002  7.664687261574E+003  6.910361021029E-006  4.090988746983E-001
  3.098413284823E-001  4.168408079555E+001 -4.523180428923E+002  7.129156070264E+003  8.048339959857E-006  4.159588241969E-001
  3.144382011281E-001  3.967834969224E+001 -4.207182260854E+002  6.625307168393E+003  9.356972672944E-006  4.228528071407E-001
  3.190852945695E-001  3.779303504904E+001 -3.910438056435E+002  6.151630465808E+003  1.084479451515E-005  4.297703942901E-001
  3.237831479192E-001  3.602218432558E+001 -3.632023886212E+002  5.706666722174E+003  1.251967107109E-005  4.367005479439E-001
  3.285323087679E-001  3.436003398289E+001 -3.371046056531E+002  5.289007023868E+003  1.438862552923E-005  4.436316849725E-001
  3.333333333333E-001  3.280100860041E+001 -3.126640858171E+002  4.897292192254E+003  1.645766256631E-005  4.505517548418E-001
  3.381867866117E-001  3.133971970624E+001 -2.897974272780E+002  4.530212128080E+003  1.873159335185E-005  4.574483325967E-001
  3.430932425333E-001  2.997096433600E+001 -2.684241639760E+002  4.186505096706E+003  2.121386685192E-005  4.643087262935E-001
  3.480532841203E-001  2.868972333550E+001 -2.484667286252E+002  3.864956958795E+003  2.390641316073E-005  4.711200978354E-001
  3.530675036492E-001  2.749115942230E+001 -2.298504122829E+002  3.564400351019E+003  2.680950480823E-005  4.778695956035E-001
  3.581365028158E-001  2.637061502128E+001 -2.125033207482E+002  3.283713821246E+003  2.992164204882E-005  4.845444967088E-001
  3.632608929041E-001  2.532360988909E+001 -1.963563280416E+002  3.021820922577E+003  3.323946776185E-005  4.911323561590E-001
  3.684412949588E-001  2.434583854235E+001 -1.813430272168E+002  2.777689270499E+003  3.675771702398E-005  4.976211597566E-001
  3.736783399619E-001  2.343316750394E+001 -1.673996787462E+002  2.550329567299E+003  4.046920538720E-005  5.039994771712E-001
  3.789726690123E-001  2.258163238189E+001 -1.544651567206E+002  2.338794597765E+003  4.436485865144E-005  5.102566113814E-001
  3.843249335105E-001  2.178743479483E+001 -1.424808930925E+002  2.142178200068E+003  4.843378537779E-005  5.163827405883E-001
  3.897357953460E-001  2.104693915770E+001 -1.313908201905E+002  1.959614215597E+003  5.266339167733E-005  5.223690487792E-001
  3.952059270903E-001  2.035666934133E+001 -1.211413117228E+002  1.790275421360E+003  5.703953609433E-005  5.282078413753E-001
  4.007360121927E-001  1.971330521880E+001 -1.116811224804E+002  1.633372448436E+003  6.154672060897E-005  5.338926428214E-001
  4.063267451812E-001  1.911367911140E+001 -1.029613269460E+002  1.488152689813E+003  6.616831229601E-005  5.394182735524E-001
  4.119788318683E-001  1.855477214666E+001 -9.493525700194E+001  1.353899200782E+003  7.088678883210E-005  5.447809044701E-001
  4.176929895600E-001  1.803371054014E+001 -8.755843892926E+001  1.229929594930E+003  7.568400013803E-005  5.499780878446E-001
  4.234699472710E-001  1.754776181289E+001 -8.078852987461E+001  1.115594938591E+003  8.054143790854E-005  5.550087643749E-001
  4.293104459435E-001  1.709433095541E+001 -7.458525395940E+001  1.010278646486E+003  8.544050467817E-005  5.598732469530E-001
  4.352152386716E-001  1.667095654893E+001 -6.891033819414E+001  9.133953811077E+002  9.036277444172E-005  5.645731824343E-001
  4.411850909306E-001  1.627530685437E+001 -6.372744835323E+001  8.243899582511E+002  9.529023756533E-005  5.691114933810E-001
  4.472207808110E-001  1.590517587854E+001 -5.900212495753E+001  7.427362609549E+002  1.002055237539E-004  5.734923022862E-001
  4.533230992589E-001  1.555847942717E+001 -5.470171950285E+001  6.679361639375E+002  1.050920981533E-004  5.777208411860E-001
  4.594928503202E-001  1.523325115356E+001 -5.079533106473E+001  5.995184704801E+002  1.099344270288E-004  5.818033498099E-001
  4.657308513924E-001  1.492763861123E+001 -4.725374340123E+001  5.370378635494E+002  1.147181109543E-004  5.857469655155E-001
  4.720379334802E-001  1.463989931871E+001 -4.404936266709E+001  4.800738728086E+002  1.194299847898E-004  5.895596082054E-001
  4.784149414579E-001  1.436839684378E+001 -4.115615584481E+001  4.282298590199E+002  1.240581850338E-004  5.932498632588E-001
  4.848627343381E-001  1.411159691445E+001 -3.854958998982E+001  3.811320172018E+002  1.285921861736E-004  5.968268652399E-001
  4.913821855461E-001  1.386806356305E+001 -3.620657237917E+001  3.384283997659E+002  1.330228085827E-004  6.003001848115E-001
  4.979741832006E-001  1.363645530982E+001 -3.410539164549E+001  2.997879607273E+002  1.373422010799E-004  6.036797208929E-001
  5.046396304008E-001  1.341552139157E+001 -3.222565997038E+001  2.648996219511E+002  1.415438017318E-004  6.069755996978E-001
  5.113794455212E-001  1.320409804084E+001 -3.054825640407E+001  2.334713622758E+002  1.456222806558E-004  6.101980818835E-001
  5.181945625116E-001  1.300110482024E+001 -2.905527137113E+001  2.052293302333E+002  1.495734685755E-004  6.133574786539E-001
  5.250859312060E-001  1.280554101674E+001 -2.772995241509E+001  1.799169809722E+002  1.533942747764E-004  6.164640773067E-001
  5.320545176366E-001  1.261648209965E+001 -2.655665122820E+001  1.572942378794E+002  1.570825978244E-004  6.195280764019E-001
  5.391013043575E-001  1.243307624618E+001 -2.552077200629E+001  1.371366792944E+002  1.606372320876E-004  6.225595304631E-001
  5.462272907741E-001  1.225454093783E+001 -2.460872116245E+001  1.192347506076E+002  1.640577727115E-004  6.255683039065E-001
  5.534334934816E-001  1.208015963052E+001 -2.380785842740E+001  1.033930019441E+002  1.673445212843E-004  6.285640337224E-001
  5.607209466109E-001  1.190927850107E+001 -2.310644935906E+001  8.942935154269E+001  1.704983940188E-004  6.315561003136E-001
  5.680907021827E-001  1.174130327223E+001 -2.249361927827E+001  7.717437486107E+001  1.735208338946E-004  6.345536058076E-001
  5.755438304707E-001  1.157569611832E+001 -2.195930864283E+001  6.647061935598E+001  1.764137278342E-004  6.375653591152E-001
  5.830814203728E-001  1.141197265291E+001 -2.149422986706E+001  5.717194481912E+001  1.791793296580E-004  6.405998669871E-001
  5.907045797917E-001  1.124969900003E+001 -2.108982559002E+001  4.914288908001E+001  1.818201892978E-004  6.436653303288E-001
  5.984144360243E-001  1.108848894989E+001 -2.073822839089E+001  4.225805882623E+001  1.843390884959E-004  6.467696450554E-001
  6.062121361613E-001  1.092800119985E+001 -2.043222194653E+001  3.640154523488E+001  1.867389830324E-004  6.499204068098E-001
  6.140988474955E-001  1.076793668126E+001 -2.016520362248E+001  3.146636405687E+001  1.890229513565E-004  6.531249189121E-001
  6.220757579409E-001  1.060803597246E+001 -1.993114848524E+001  2.735391974932E+001  1.911941493968E-004  6.563902029661E-001
  6.301440764614E-001  1.044807679792E+001 -1.972457472079E+001  2.397349320883E+001  1.932557712151E-004  6.597230116018E-001
  6.383050335109E-001  1.028787161352E+001 -1.954051044132E+001  2.124175262079E+001  1.952110151335E-004  6.631298428942E-001
  6.465598814833E-001  1.012726527764E+001 -1.937446185979E+001  1.908228690685E+001  1.970630549071E-004  6.666169560533E-001
  6.549098951744E-001  9.966132807420E+000 -1.922238280938E+001  1.742516122332E+001  1.988150155070E-004  6.701903880346E-001
  6.633563722545E-001  9.804377219800E+000 -1.908064558312E+001  1.620649393862E+001  2.004699530696E-004  6.738559707713E-001
  6.719006337539E-001  9.641927456264E+000 -1.894601306684E+001  1.536805449633E+001  2.020308385850E-004  6.776193487758E-001
  6.805440245593E-001  9.478736390541E+000 -1.881561213729E+001  1.485688155333E+001  2.035005449034E-004  6.814859968997E-001
  6.892879139233E-001  9.314778918098E+000 -1.868690829553E+001  1.462492076801E+001  2.048818366595E-004  6.854612380823E-001
  6.981336959871E-001  9.150050126285E+000 -1.855768150488E+001  1.462868160332E+001  2.061773627534E-004  6.895502609484E-001
  7.070827903152E-001  8.984563543842E+000 -1.842600320128E+001  1.482891250111E+001  2.073896510460E-004  6.937581371492E-001
  7.161366424455E-001  8.818349468403E+000 -1.829021444351E+001  1.519029377996E+001  2.085211049556E-004  6.980898383629E-001
  7.252967244510E-001  8.651453370541E+000 -1.814890516976E+001  1.568114760627E+001  2.095740016740E-004  7.025502528974E-001
  7.345645355186E-001  8.483934372855E+000 -1.800089452665E+001  1.627316438877E+001  2.105504917534E-004  7.071442018520E-001
  7.439416025400E-001  8.315863802492E+000 -1.784521223658E+001  1.694114494934E+001  2.114525998342E-004  7.118764548166E-001
  7.534294807203E-001  8.147323815512E+000 -1.768108096880E+001  1.766275782790E+001  2.122822263199E-004  7.167517450949E-001
  7.630297542000E-001  7.978406091385E+000 -1.750789967997E+001  1.841831108560E+001  2.130411498160E-004  7.217747844534E-001
  7.727440366954E-001  7.809210595950E+000 -1.732522788951E+001  1.919053797922E+001  2.137310301918E-004  7.269502774046E-001
  7.825739721536E-001  7.639844411079E+000 -1.713277085571E+001  1.996439588979E+001  2.143534121195E-004  7.322829350420E-001
  7.925212354258E-001  7.470420629291E+000 -1.693036561848E+001  2.072687789960E+001  2.149097289884E-004  7.377774884485E-001
  8.025875329584E-001  7.301057311562E+000 -1.671796787516E+001  2.146683642486E+001  2.154013070801E-004  7.434387017072E-001
  8.127746035011E-001  7.131876506535E+000 -1.649563965626E+001  2.217481832491E+001  2.158293699455E-004  7.492713845440E-001
  8.230842188350E-001  6.963003329351E+000 -1.626353776843E+001  2.284291092359E+001  2.161950428832E-004  7.552804046370E-001
  8.335181845190E-001  6.794565098322E+000 -1.602190297261E+001  2.346459839420E+001  2.164993574886E-004  7.614706996287E-001
  8.440783406568E-001  6.626690527654E+000 -1.577104986603E+001  2.403462797554E+001  2.167432561985E-004  7.678472888782E-001
  8.547665626839E-001  6.459508974467E+000 -1.551135743727E+001  2.454888550330E+001  2.169275968115E-004  7.744152849912E-001
  8.655847621758E-001  6.293149738330E+000 -1.524326026437E+001  2.500427975873E+001  2.170531569382E-004  7.811799051691E-001
  8.765348876780E-001  6.127741411577E+000 -1.496724032700E+001  2.539863515345E+001  2.171206383618E-004  7.881464824152E-001
  8.876189255584E-001  5.963411278676E+000 -1.468381940398E+001  2.573059228764E+001  2.171306712736E-004  7.953204766382E-001
  8.988389008829E-001  5.800284762922E+000 -1.439355202894E+001  2.599951593638E+001  2.170838183986E-004  8.027074856938E-001
  9.101968783143E-001  5.638484918776E+000 -1.409701897704E+001  2.620541003700E+001  2.169805789508E-004  8.103132564044E-001
  9.216949630368E-001  5.478131968175E+000 -1.379482125715E+001  2.634883926824E+001  2.168213924603E-004  8.181436955958E-001
  9.333353017046E-001  5.319342879150E+000 -1.348757458429E+001  2.643085682946E+001  2.166066424282E-004  8.262048811927E-001
  9.451200834176E-001  5.162230985145E+000 -1.317590430821E+001  2.645293804616E+001  2.163366598226E-004  8.345030734120E-001
  9.570515407237E-001  5.006905643405E+000 -1.286044077480E+001  2.641691944486E+001  2.160117264129E-004  8.430447260948E-001
  9.691319506484E-001  4.853471930882E+000 -1.254181509784E+001  2.632494295774E+001  2.156320779377E-004  8.518364982163E-001
  9.813636357544E-001  4.702030376073E+000 -1.222065531934E+001  2.617940493366E+001  2.151979071131E-004  8.608852656162E-001
  9.937489652293E-001  4.552676725270E+000 -1.189758293780E+001  2.598290964880E+001  2.147093664745E-004  8.701981329877E-001
  1.006290356005E+000  4.405501741711E+000 -1.157320978417E+001  2.573822702534E+001  2.141665710700E-004  8.797824461700E-001
  1.018990273907E+000  4.260591036131E+000 -1.124813522628E+001  2.544825428223E+001  2.135696009949E-004  8.896458047831E-001
  1.031851234841E+000  4.118024927262E+000 -1.092294368333E+001  2.511598125670E+001  2.129185037775E-004  8.997960752493E-001
  1.044875806003E+000  3.977878330829E+000 -1.059820243241E+001  2.474445914914E+001  2.122132966261E-004  9.102414042455E-001
  1.058066607138E+000  3.840220675619E+000 -1.027445969020E+001  2.433677245794E+001  2.114539685284E-004  9.209902326292E-001
  1.071426311823E+000  3.705115845227E+000 -9.952242953250E+000  2.389601388354E+001  2.106404822259E-004  9.320513098859E-001
  1.084957648792E+000  3.572622144106E+000 -9.632057581187E+000  2.342526199375E+001  2.097727760563E-004  9.434337091440E-001
  1.098663403298E+000  3.442792286545E+000 -9.314385607654E+000  2.292756145407E+001  2.088507656695E-004  9.551468428061E-001
  1.112546418516E+000  3.315673407262E+000 -8.999684764458E+000  2.240590563814E+001  2.078743456314E-004  9.672004788477E-001
  1.126609596985E+000  3.191307092273E+000 -8.688387704961E+000  2.186322144421E+001  2.068433909133E-004  9.796047578350E-001
  1.140855902095E+000  3.069729428765E+000 -8.380901413297E+000  2.130235615361E+001  2.057577582728E-004  9.923702107160E-001
  1.155288359613E+000  2.950971072679E+000 -8.077606786519E+000  2.072606617694E+001  2.046172875313E-004  1.005507777443E+000
  1.169910059257E+000  2.835057332772E+000 -7.778858377292E+000  2.013700754266E+001  2.034218027599E-004  1.019028826481E+000
  1.184724156317E+000  2.722008269907E+000 -7.484984285214E+000  1.953772799144E+001  2.021711133683E-004  1.032945175275E+000
  1.199733873325E+000  2.611838810379E+000 -7.196286185328E+000  1.893066054757E+001  2.008650151062E-004  1.047269111723E+000
  1.214942501771E+000  2.504558872092E+000 -6.913039482803E+000  1.831811844637E+001  1.995032909875E-004  1.062013416736E+000
  1.230353403874E+000  2.400173502419E+000 -6.635493583217E+000  1.770229130363E+001  1.980857121287E-004  1.077191387959E+000
  1.245970014403E+000  2.298683026614E+000 -6.363872268262E+000  1.708524241986E+001  1.966120385259E-004  1.092816864712E+000
  1.261795842559E+000  2.200083205676E+000 -6.098374167100E+000  1.646890711821E+001  1.950820197487E-004  1.108904254239E+000
  1.277834473907E+000  2.104365402568E+000 -5.839173313973E+000  1.585509202107E+001  1.934953955869E-004  1.125468559355E+000
  1.294089572372E+000  2.011516755752E+000 -5.586419783068E+000  1.524547517562E+001  1.918518966281E-004  1.142525407562E+000
  1.310564882294E+000  1.921520359009E+000 -5.340240391974E+000  1.464160694408E+001  1.901512447891E-004  1.160091081739E+000
  1.327264230548E+000  1.834355446558E+000 -5.100739465451E+000  1.404491157896E+001  1.883931537945E-004  1.178182552492E+000
  1.344191528724E+000  1.749997582507E+000 -4.867999651580E+000  1.345668940871E+001  1.865773296179E-004  1.196817512282E+000
  1.361350775387E+000  1.668418853722E+000 -4.642082782709E+000  1.287811956292E+001  1.847034708872E-004  1.216014411420E+000
  1.378746058390E+000  1.589588065213E+000 -4.423030773971E+000  1.231026317107E+001  1.827712692544E-004  1.235792496060E+000
  1.396381557275E+000  1.513470937195E+000 -4.210866552467E+000  1.175406697212E+001  1.807804097536E-004  1.256171848304E+000
  1.414261545744E+000  1.440030302998E+000 -4.005595010601E+000  1.121036727646E+001  1.787305711335E-004  1.277173428546E+000
  1.432390394201E+000  1.369226307066E+000 -3.807203977348E+000  1.067989422509E+001  1.766214261851E-004  1.298819120201E+000
  1.450772572390E+000  1.301016602290E+000 -3.615665201605E+000  1.016327629447E+001  1.744526420730E-004  1.321131776949E+000
  1.469412652102E+000  1.235356546004E+000 -3.430935342136E+000  9.661044998710E+000  1.722238806667E-004  1.344135272672E+000
  1.488315309978E+000  1.172199393978E+000 -3.252956958921E+000  9.173639744139E+000  1.699347989032E-004  1.367854554222E+000
  1.507485330398E+000  1.111496491801E+000 -3.081659501115E+000  8.701412794224E+000  1.675850491640E-004  1.392315697216E+000
  1.526927608467E+000  1.053197463104E+000 -2.916960287132E+000  8.244634306003E+000  1.651742796955E-004  1.417545965036E+000
  1.546647153093E+000  9.972503940814E-001 -2.758765472721E+000  7.803497402015E+000  1.627021350860E-004  1.443573871239E+000
  1.566649090169E+000  9.436020138590E-001 -2.606971003258E+000  7.378123244656E+000  1.601682567835E-004  1.470429245582E+000
  1.586938665861E+000  8.921978702547E-001 -2.461463546788E+000  6.968566082631E+000  1.575722837065E-004  1.498143303909E+000
  1.607521250000E+000  8.429825005611E-001 -2.322121404722E+000  6.574818241932E+000  1.549138529275E-004  1.526748722125E+000
  1.628402339588E+000  7.958995969961E-001 -2.188815397385E+000  6.196815036388E+000  1.521926004536E-004  1.556279714541E+000
  1.649587562420E+000  7.508921665253E-001 -2.061409721968E+000  5.834439575445E+000  1.494081621189E-004  1.586772116857E+000
  1.671082680832E+000  7.079026847923E-001 -1.939762780747E+000  5.487527449302E+000  1.465601746003E-004  1.618263474108E+000
  1.692893595565E+000  6.668732439416E-001 -1.823727977725E+000  5.155871274001E+000  1.436482765595E-004  1.650793133882E+000
  1.715026349769E+000  6.277456941528E-001 -1.713154482170E+000  4.839225081359E+000  1.406721099411E-004  1.684402345189E+000
  1.737487133138E+000  5.904617787443E-001 -1.607887957814E+000  4.537308540947E+000  1.376313214259E-004  1.719134363346E+000
  1.760282286187E+000  5.549632627425E-001 -1.507771256740E+000  4.249811003426E+000  1.345255640465E-004  1.755034561320E+000
  1.783418304674E+000  5.211920548457E-001 -1.412645077252E+000  3.976395356669E+000  1.313544989946E-004  1.792150547956E+000
  1.806901844175E+000  4.890903227428E-001 -1.322348585292E+000  3.716701688025E+000  1.281177975991E-004  1.830532293607E+000
  1.830739724818E+000  4.586006017829E-001 -1.236719999174E+000  3.470350747947E+000  1.248151435142E-004  1.870232263692E+000
  1.854938936184E+000  4.296658970132E-001 -1.155597137645E+000  3.236947211951E+000  1.214462350921E-004  1.911305560767E+000
  1.879506642368E+000  4.022297786348E-001 -1.078817931485E+000  3.016082739487E+000  1.180107879669E-004  1.953810075754E+000
  1.904450187236E+000  3.762364709475E-001 -1.006220899032E+000  2.807338829788E+000  1.145085378271E-004  1.997806649023E+000
  1.929777099847E+000  3.516309348752E-001 -9.376455862048E-001  2.610289476176E+000  1.109392433937E-004  2.043359242093E+000
  1.955495100083E+000  3.283589441873E-001 -8.729329717276E-001  2.424503621498E+000  1.073026895757E-004  2.090535120795E+000
  1.981612104475E+000  3.063671555431E-001 -8.119258384221E-001  2.249547418533E+000  1.035986908022E-004  2.139405050817E+000
  2.008136232230E+000  2.856031725061E-001 -7.544691115243E-001  2.084986300159E+000  9.982709451590E-005  2.190043506641E+000
  2.035075811486E+000  2.660156036866E-001 -7.004101650995E-001  1.930386864980E+000  9.598778478717E-005  2.242528894993E+000
  2.062439385788E+000  2.475541151797E-001 -6.495990977114E-001  1.785318584806E+000  9.208068604533E-005  2.296943794039E+000
  2.090235720801E+000  2.301694774784E-001 -6.018889785645E-001  1.649355341038E+000  8.810576686422E-005  2.353375209673E+000
  2.118473811262E+000  2.138136070471E-001 -5.571360653994E-001  1.522076797503E+000  8.406304378393E-005  2.411914850407E+000
  2.147162888201E+000  1.984396027445E-001 -5.151999954556E-001  1.403069617657E+000  7.995258509595E-005  2.472659422517E+000
  2.176312426413E+000  1.840017772926E-001 -4.759439508433E-001  1.291928534405E+000  7.577451455071E-005  2.535710947272E+000
  2.205932152222E+000  1.704556839877E-001 -4.392347996812E-001  1.188257280934E+000  7.152901490810E-005  2.601177102286E+000
  2.236032051522E+000  1.577581388523E-001 -4.049432143568E-001  1.091669391083E+000  6.721633126547E-005  2.669171589239E+000
  2.266622378129E+000  1.458672384262E-001 -3.729437682604E-001  1.001788877776E+000  6.283677406854E-005  2.739814530451E+000
  2.297713662445E+000  1.347423733954E-001 -3.431150123258E-001  9.182507979837E-001  5.839072172508E-005  2.813232897084E+000
  2.329316720450E+000  1.243442382539E-001 -3.153395326862E-001  8.407017125646E-001  5.387862270910E-005  2.889560972038E+000
  2.361442663038E+000  1.146348371926E-001 -2.895039907222E-001  7.688000491299E-001  4.930099704868E-005  2.968940850940E+000
  2.394102905709E+000  1.055774864080E-001 -2.654991467412E-001  7.022163758552E-001  4.465843709365E-005  3.051522984997E+000
  2.427309178642E+000  9.713681301604E-002 -2.432198684878E-001  6.406335938711E-001  3.995160742294E-005  3.137466769920E+000
  2.461073537146E+000  8.927875075886E-002 -2.225651256357E-001  5.837470555576E-001  3.518124378275E-005  3.226941185559E+000
  2.495408372530E+000  8.197053268289E-002 -2.034379713672E-001  5.312646157147E-001  3.034815091563E-005  3.320125491412E+000
  2.530326423398E+000  7.518068096807E-002 -1.857455120962E-001  4.829066222268E-001  2.545319915374E-005  3.417209983745E+000
  2.565840787378E+000  6.887899408117E-002 -1.693988663387E-001  4.384058524561E-001  2.049731965332E-005  3.518396820675E+000
  2.601964933334E+000  6.303653142448E-002 -1.543131136874E-001  3.975074012168E-001  1.548149815444E-005  3.623900922272E+000
  2.638712714049E+000  5.762559564733E-002 -1.404072347948E-001  3.599685257971E-001  1.040676713237E-005  3.733950953504E+000
  2.676098379430E+000  5.261971278516E-002 -1.276040432237E-001  3.255584531095E-001  5.274196267712E-006  3.848790398701E+000
  2.714136590232E+000  4.799361038794E-002 -1.158301099753E-001  2.940581536768E-001  8.488113799206E-008  3.968678737162E+000
  2.752842432351E+000  4.372319379738E-002 -1.050156814618E-001  2.652600867954E-001 -5.160069920832E-006  4.093892730578E+000
  2.792231431696E+000  3.978552073005E-002 -9.509459164917E-002  2.389679208671E-001 -1.045955083048E-005  4.224727834093E+000
  2.832319569669E+000  3.615877432143E-002 -8.600416905544E-002  2.149962325575E-001 -1.581247463525E-005  4.361499744133E+000
  2.873123299289E+000  3.282223478403E-002 -7.768513925380E-002  1.931701881281E-001 -2.121779221428E-005  4.504546097545E+000
  2.914659561979E+000  2.975624983110E-002 -7.008152349691E-002  1.733252099904E-001 -2.667451272671E-005  4.654228338172E+000
  2.956945805065E+000  2.694220401544E-002 -6.314053404685E-002  1.553066312645E-001 -3.218172569671E-005  4.810933768792E+000
  3.000000000000E+000  2.436248713141E-002 -5.681246676749E-002  1.389693408711E-001 -3.773862452636E-005  4.975077808279E+000
  3.043840661365E+000  2.200046182617E-002 -5.105059151000E-002  1.241774214586E-001 -4.334453122865E-005  5.147106476064E+000
  3.088486866678E+000  1.984043056448E-002 -4.581104079839E-002  1.108037822608E-001 -4.899892208370E-005  5.327499128453E+000
  3.133958277047E+000  1.786760208872E-002 -4.105269730007E-002  9.872978879483E-002 -5.470145385480E-005  5.516771474096E+000
  3.180275158719E+000  1.606805751371E-002 -3.673708054598E-002  8.784489114067E-002 -6.045199017365E-005  5.715478899011E+000
  3.227458405560E+000  1.442871619255E-002 -3.282823334546E-002  7.804625239672E-002 -6.625062761667E-005  5.924220135094E+000
  3.275529562509E+000  1.293730148637E-002 -2.929260832240E-002  6.923837877148E-002 -7.209772093894E-005  6.143641309937E+000
  3.324510850077E+000  1.158230656683E-002 -2.609895498111E-002  6.133275265387E-002 -7.799390690977E-005  6.374440420293E+000
  3.374425189910E+000  1.035296037550E-002 -2.321820769161E-002  5.424746989821E-002 -8.394012610377E-005  6.617372276558E+000
  3.425296231502E+000  9.239193859061E-003 -2.062337496584E-002  4.790688246425E-002 -8.993764199091E-005  6.873253971377E+000
  3.477148380094E+000  8.231606593281E-003 -1.828943037637E-002  4.224124746451E-002 -9.598805664282E-005  7.142970932034E+000
  3.530006825834E+000  7.321433902029E-003 -1.619320544901E-002  3.718638359027E-002 -1.020933222999E-004  7.427483623721E+000
  3.583897574256E+000  6.500514570415E-003 -1.431328483889E-002  3.268333580961E-002 -1.082557481157E-004  7.727834979266E+000
  3.638847478148E+000  5.761259243207E-003 -1.262990407656E-002  2.867804915662E-002 -1.144780013031E-004  8.045158640626E+000
  3.694884270887E+000  5.096619591215E-003 -1.112485014603E-002  2.512105235671E-002 -1.207631019802E-004  8.380688108530E+000
  3.752036601308E+000  4.500058319380E-003 -9.781365130642E-003  2.196715195885E-002 -1.271144110025E-004  8.735766909414E+000
  3.810334070199E+000  3.965520081007E-003 -8.584053135263E-003  1.917513756985E-002 -1.335356101193E-004  9.111859903345E+000
  3.869807268505E+000  3.487403352895E-003 -7.518790664317E-003  1.670749870794E-002 -1.400306738043E-004  9.510565873394E+000
  3.930487817331E+000  3.060533316360E-003 -6.572640605599E-003  1.453015371253E-002 -1.466038321932E-004  9.933631556178E+000
  3.992408409843E+000  2.680135779318E-003 -5.733769939021E-003  1.261219106382E-002 -1.532595245949E-004  1.038296729541E+001
  4.055602855172E+000  2.341812164879E-003 -4.991371258530E-003  1.092562338065E-002 -1.600023431295E-004  1.086066452579E+001
  4.120106124432E+000  2.041515582441E-003 -4.335588164340E-003  9.445154277423E-003 -1.668369661016E-004  1.136901532399E+001
  4.185954398964E+000  1.775527988201E-003 -3.757444552027E-003  8.147958172423E-003 -1.737680808160E-004  1.191053429741E+001
  4.253185120935E+000  1.540438433491E-003 -3.248777795263E-003  7.013473051514E-003 -1.808002956337E-004  1.248798312053E+001
  4.321837046422E+000  1.333122391420E-003 -2.802175790526E-003  6.023206103794E-003 -1.879380411563E-004  1.310439807419E+001
  4.391950301120E+000  1.150722145226E-003 -2.410917805514E-003  5.160552061093E-003 -1.951854605544E-004  1.376312099562E+001
  4.463566438835E+000  9.906282154269E-004 -2.068919048490E-003  4.410623992504E-003 -2.025462892044E-004  1.446783410819E+001
  4.536728502895E+000  8.504617975479E-004 -1.770678853929E-003  3.760096229783E-003 -2.100237239114E-004  1.522259927103E+001
  4.611481090679E+000  7.280581777786E-004 -1.511232360805E-003  3.197059030954E-003 -2.176202822801E-004  1.603190227131E+001
  4.687870421430E+000  6.214510905172E-004 -1.286105543925E-003  2.710884528853E-003 -2.253376529286E-004  1.690070287920E+001
  4.765944407533E+000  5.288579793048E-004 -1.091273446061E-003  2.292103459767E-003 -2.331765376504E-004  1.783449149876E+001
  4.845752729492E+000  4.486661211352E-004 -9.231214492366E-004  1.932292125505E-003 -2.411364869496E-004  1.883935338177E+001
  4.927346914797E+000  3.794195734763E-004 -7.784094174555E-004  1.623969010667E-003 -2.492157309132E-004  1.992204152869E+001
  5.010780420931E+000  3.198069034759E-004 -6.542385401468E-004  1.360500455740E-003 -2.574110079620E-004  2.109005958735E+001
  5.096108722763E+000  2.686496596412E-004 -5.480207056174E-004  1.136014775805E-003 -2.657173948897E-004  2.235175628136E+001
  5.183389404586E+000  2.248915476736E-004 -4.574502363768E-004  9.453242137024E-004 -2.741281425400E-004  2.371643316434E+001
  5.272682257105E+000  1.875882739689E-004 -3.804778231255E-004  7.838541246712E-004 -2.826345227484E-004  2.519446781258E+001
  5.364049379651E+000  1.558980224443E-004 -3.152865010037E-004  6.475788058695E-004 -2.912256937632E-004  2.679745495048E+001
  5.457555287978E+000  1.290725326892E-004 -2.602695199987E-004  5.329634075572E-004 -2.998885931889E-004  2.853836846459E+001
  5.553267027968E+000  1.064487498472E-004 -2.140099707628E-004  4.369113918385E-004 -3.086078698501E-004  3.043174782436E+001
  5.651254295630E+000  8.744101899996E-005 -1.752620370845E-004  3.567170382703E-004 -3.173658686508E-004  3.249391311554E+001
  5.751589563796E+000  7.153379906138E-005 -1.429337564801E-004  2.900225319773E-004 -3.261426856930E-004  3.474321373809E+001
  5.854348215936E+000  5.827487320635E-005 -1.160711804846E-004  2.347792077996E-004 -3.349163144543E-004  3.720031686669E+001
  5.959608687557E+000  4.726903461606E-005 -9.384383590662E-005  1.892125621674E-004 -3.436629078639E-004  3.988854307155E+001
  6.067452615683E+000  3.817222776560E-005 -7.553139733070E-005  1.517906817514E-004 -3.523571852682E-004  4.283425811884E+001
  6.177964996951E+000  3.068612660565E-005 -6.051148932629E-005  1.211957735306E-004 -3.609730175125E-004  4.606733200125E+001
  6.291234354880E+000  2.455313179392E-005 -4.824854403353E-005  9.629851403867E-005 -3.694842274398E-004  4.962167880129E+001
  6.407352916949E+000  1.955176963449E-005 -3.828364600202E-005  7.613496567836E-005 -3.778656462869E-004  5.353589420398E+001
  6.526416802128E+000  1.549247561701E-005 -3.022530135879E-005  5.988583483800E-005 -3.860944685191E-004  5.785401152978E+001
  6.648526219580E+000  1.221374545617E-005 -2.374107263670E-005  4.685787000443E-005 -3.941519476791E-004  6.262640227644E+001
  6.773785679311E+000  9.578636365441E-006 -1.855002399811E-005  3.646721821247E-005 -4.020254730930E-004  6.791085361632E+001
  6.902304215570E+000  7.471601012717E-006 -1.441592426385E-005  2.822457521846E-005 -4.097110609815E-004  7.377386343849E+001
  7.034195623922E+000  5.795636253791E-006 -1.114115724491E-005  2.172197905103E-005 -4.172162828022E-004  8.029220376857E+001
  7.169578712934E+000  4.469728375372E-006 -8.561290517742E-006  1.662110846334E-005 -4.245636375428E-004  8.755481625195E+001
  7.308577571516E+000  3.426576250231E-006 -6.540255127116E-006  1.264295770594E-005 -4.317943531573E-004  9.566511944517E+001
  7.451321853057E+000  2.610573554544E-006 -4.966089873192E-006  9.558767379089E-006 -4.389725741572E-004  1.047438276252E+002
  7.597947077547E+000  1.976031055116E-006 -3.747204955707E-006  7.182098302506E-006 -4.461898574793E-004  1.149324054770E+002
  7.748594953021E+000  1.485619967179E-006 -2.809120901924E-006  5.361941710394E-006 -4.535698557235E-004  1.263973131879E+002
  7.903413717736E+000  1.109017528948E-006 -2.091639967360E-006  3.976764933973E-006 -4.612730131766E-004  1.393352329582E+002
  8.062558504629E+000  8.217362458026E-007 -1.546408618756E-006  2.929397304434E-006 -4.695010305304E-004  1.539795113376E+002
  8.226191729726E+000  6.041187264000E-007 -1.134831316307E-006  2.142666465047E-006 -4.785007584423E-004  1.706081022671E+002
  8.394483506327E+000  4.404806599065E-007 -8.262976173307E-007  1.555700733180E-006 -4.885670434249E-004  1.895533525488E+002
  8.567612086926E+000  3.183852569824E-007 -5.966866218135E-007  1.120818662259E-006 -5.000438468710E-004  2.112140326411E+002
  8.745764335025E+000  2.280333812934E-007 -4.271149547542E-007  8.009325405168E-007 -5.133226630865E-004  2.360700774743E+002
  8.929136229160E+000  1.617546135165E-007 -3.028968046499E-007  5.673982173010E-007 -5.288368489963E-004  2.647005596142E+002
  9.117933401693E+000  1.135855932496E-007 -2.126869789363E-007  3.982493369513E-007 -5.470499571704E-004  2.978054683140E+002
  9.312371715124E+000  7.892315101235E-008 -1.477804580887E-007  2.767597389987E-007 -5.684356288151E-004  3.362319243409E+002
  9.512677878945E+000  5.424094635215E-008 -1.015444901181E-007  1.902833987133E-007 -5.934463655083E-004  3.810055765167E+002
  9.719090110332E+000  3.685954226099E-008 -6.896182477641E-008  1.293267774912E-007 -6.224692701922E-004  4.333682653683E+002
  9.931858842267E+000  2.476104448580E-008 -4.626620043924E-008  8.681377201308E-008 -6.557700568620E-004  4.948240103782E+002
  1.015124748302E+001  1.644059220447E-008 -3.065362632002E-008  5.750854022963E-008 -6.934346495929E-004  5.671978803420E+002
  1.037753323129E+001  1.078808177438E-008 -2.005531104447E-008  3.756629026176E-008 -7.353337545466E-004  6.527181286284E+002
  1.061100795175E+001  6.994519129048E-009 -1.296024252454E-008  2.418659930553E-008 -7.811626389030E-004  7.541443195552E+002
  1.085197911611E+001  4.478314480094E-009 -8.277395876856E-009  1.534794401382E-008 -8.306454109493E-004  8.749882526292E+002
  1.110077081537E+001  2.827645760540E-009 -5.229315071484E-009  9.605840041808E-009 -8.840335803070E-004  1.019918378809E+003
  1.135772484956E+001  1.755720436826E-009 -3.270367209615E-009  5.940284784212E-009 -9.430654796964E-004  1.195515735642E+003
  1.162320190175E+001  1.066359827912E-009 -2.024301494260E-009  3.641063567597E-009 -1.012608524022E-003  1.411689419123E+003
  1.189758280382E+001  6.278215828531E-010 -1.236862370936E-009  2.221918107486E-009 -1.103394126185E-003  1.684334474391E+003
  1.218126990242E+001  3.531741388116E-010 -7.401202951450E-010  1.356602318970E-009 -1.236825103651E-003  2.040378725590E+003
  1.247468853413E+001  1.858543641378E-010 -4.259132719405E-010  8.314923525705E-010 -1.453715193143E-003  2.527257517723E+003
  1.277828862002E+001  8.929033676692E-011 -2.263618767933E-010  5.107133840062E-010 -1.823348395026E-003  3.226801607246E+003
  1.309254639077E+001  3.966972500082E-011 -9.985696585404E-011  3.107414282333E-010 -2.358648987442E-003  4.228834494059E+003
  1.341796625462E+001  2.109398002058E-011 -2.125036940111E-011  1.821849040043E-010 -2.275622606516E-003  5.219804548196E+003
  1.375508282195E+001  2.249096195297E-011  2.476935242263E-011  9.699912464486E-011 -7.394666797530E-004  5.109413776055E+003
  1.410446310162E+001  3.577253132575E-011  4.793874204522E-011  3.978571620415E-011  1.786400247111E-004  4.377140905969E+003
  1.446670888596E+001  5.482495299627E-011  5.498450552688E-011  2.120674815150E-012  4.440540300656E-004  3.796478944257E+003
  1.484245934302E+001  7.501183009176E-011  5.102547332286E-011 -2.092601125706E-011  5.173914514220E-004  3.419772097394E+003
  1.523239383723E+001  9.295256111426E-011  4.022991865678E-011 -3.274368076706E-011  5.415060755677E-004  3.183855127304E+003
  1.563723500136E+001  1.064132630085E-010  2.604414814452E-011 -3.612858176819E-011  5.539442286946E-004  3.043513025518E+003
  1.605775208607E+001  1.142102119678E-010  1.121743760758E-011 -3.362339718035E-011  5.649342541318E-004  2.972615735444E+003
  1.649476461582E+001  1.160766025924E-010 -2.229875994843E-012 -2.753811725976E-011  5.772103285126E-004  2.956597387214E+003
  1.694914638379E+001  1.124809018608E-010 -1.301251711633E-011 -1.984820407841E-011  5.913413227901E-004  2.987772243244E+003
  1.742182982203E+001  1.044093528266E-010 -2.052694290363E-011 -1.208848389132E-011  6.072858241934E-004  3.062860969707E+003
  1.791381078784E+001  9.313744583833E-011 -2.473851287528E-011 -5.300882205828E-012  6.248671647158E-004  3.181747002394E+003
  1.842615381215E+001  8.001757425579E-011 -2.602850475950E-011 -5.128325853720E-014  6.439153817402E-004  3.346919686594E+003
  1.895999786176E+001  6.630542899827E-011 -2.502779523228E-011  3.495651531226E-012  6.643024827347E-004  3.563341029382E+003
  1.951656267356E+001  5.303898934676E-011 -2.246265719409E-011  5.467390719815E-012  6.859441123742E-004  3.838621913521E+003
  2.009715572669E+001  4.097405832867E-011 -1.903131070872E-011  6.165852056931E-012  7.087919747741E-004  4.183477373783E+003
  2.070317992707E+001  3.057142862294E-011 -1.532078270188E-011  5.962065967409E-012  7.328250066674E-004  4.612487195562E+003
  2.133614208874E+001  2.202443161243E-011 -1.176486124357E-011  5.216174735291E-012  7.580416572976E-004  5.145238553071E+003
  2.199766230782E+001  1.531244779738E-011 -8.637173038846E-012  4.227450205466E-012  7.844537005857E-004  5.807985781906E+003
  2.268948433818E+001  1.026582478065E-011 -6.069480304049E-012  3.212273150138E-012  8.120814415594E-004  6.636042148912E+003
  2.341348709294E+001  6.629893498678E-012 -4.084190800529E-012  2.303779351678E-012  8.409499723173E-004  7.677236172699E+003
  2.417169741362E+001  4.119416474675E-012 -2.631218210093E-012  1.565193915166E-012  8.710862068943E-004  8.996947461797E+003
  2.496630426925E+001  2.458858856604E-012 -1.621869149288E-012  1.009290794015E-012  9.025164721198E-004  1.068552549569E+004
  2.579967457140E+001  1.407506343153E-012 -9.554634704680E-013  6.181358590120E-013  9.352644457794E-004  1.286936044177E+004
  2.667437081864E+001  7.711352595702E-013 -5.371799622639E-013  3.594921787282E-013  0.000000000000E+000  0.000000000000E+000
  2.759317081651E+001  4.034671018824E-013 -2.877048975574E-013  1.983598900752E-013  0.000000000000E+000  0.000000000000E+000
  2.855908975674E+001  2.010942936769E-013 -1.464739819653E-013  1.036931066931E-013  0.000000000000E+000  0.000000000000E+000
  2.957540498378E+001  9.521307942258E-014 -7.070865850817E-014  5.125422574270E-014  0.000000000000E+000  0.000000000000E+000
  3.064568382919E+001  4.269273500758E-014 -3.227307898507E-014  2.389670718889E-014  0.000000000000E+000  0.000000000000E+000
  3.177381495601E+001  1.806673862629E-014 -1.388217561617E-014  1.047900249150E-014  0.000000000000E+000  0.000000000000E+000
  3.296404372807E+001  7.188205778383E-015 -5.607164249206E-015  4.307423059231E-015  0.000000000000E+000  0.000000000000E+000
  3.422101220608E+001  2.677595891387E-015 -2.118013189634E-015  1.653341956783E-015  0.000000000000E+000  0.000000000000E+000
  3.554980447538E+001  9.294502481318E-016 -7.448006532128E-016  5.900187096884E-016  0.000000000000E+000  0.000000000000E+000
  3.695599813319E+001  2.991018505904E-016 -2.425934647251E-016  1.948044908169E-016  0.000000000000E+000  0.000000000000E+000
  3.844572291106E+001  8.872314806010E-017 -7.277785244976E-017  5.918004855082E-017  0.000000000000E+000  0.000000000000E+000
  4.002572758518E+001  2.410583719362E-017 -1.998381083334E-017  1.644082278780E-017  0.000000000000E+000  0.000000000000E+000
  4.170345654134E+001  5.956818294283E-018 -4.987543722213E-018  4.148180886812E-018  0.000000000000E+000  0.000000000000E+000
  4.348713762001E+001  1.328348680731E-018 -1.122665691861E-018  9.432815720096E-019  0.000000000000E+000  0.000000000000E+000
  4.538588318162E+001  2.624986540850E-019 -2.234561253658E-019  1.891745948718E-019  0.000000000000E+000  0.000000000000E+000
  4.740980671574E+001  4.650344337612E-020 -4.486713420907E-020  3.895959777089E-020  0.000000000000E+000  0.000000000000E+000
  4.957015778746E+001  7.822541982341E-021 -5.676786375643E-021  2.528941195517E-021  0.000000000000E+000  0.000000000000E+000
  5.187947869225E+001  6.250039350096E-022 -5.161903676576E-022  1.542932386731E-021  0.000000000000E+000  0.000000000000E+000
  5.435178690397E+001  2.018672366683E-022 -1.695089151522E-022 -1.259527522341E-023  0.000000000000E+000  0.000000000000E+000
  5.700278828629E+001  4.447697538777E-025 -1.906199456983E-023  1.701622740789E-023  0.000000000000E+000  0.000000000000E+000
  5.985012714155E+001  1.655391934459E-024  0.000000000000E+000  0.000000000000E+000  0.000000000000E+000  0.000000000000E+000
  6.291368055481E+001  0.000000000000E+000  0.000000000000E+000  0.000000000000E+000  0.000000000000E+000  0.000000000000E+000
  6.621590623276E+001  0.000000000000E+000  0.000000000000E+000  0.000000000000E+000  0.000000000000E+000  0.000000000000E+000
  6.978225524452E+001  0.000000000000E+000  0.000000000000E+000  0.000000000000E+000  0.000000000000E+000  0.000000000000E+000
  7.364166388185E+001  0.000000000000E+000  0.000000000000E+000  0.000000000000E+000  0.000000000000E+000  0.000000000000E+000
  7.782714245929E+001  0.000000000000E+000  0.000000000000E+000  0.000000000000E+000  0.000000000000E+000  0.000000000000E+000
  8.237648351994E+001  0.000000000000E+000  0.000000000000E+000  0.000000000000E+000  0.000000000000E+000  0.000000000000E+000
  8.733311794502E+001  0.000000000000E+000  0.000000000000E+000  0.000000000000E+000  0.000000000000E+000  0.000000000000E+000
  9.274715535088E+001  0.000000000000E+000  0.000000000000E+000  0.000000000000E+000  0.000000000000E+000  0.000000000000E+000
  9.867665554529E+001  0.000000000000E+000  0.000000000000E+000  0.000000000000E+000  0.000000000000E+000  0.000000000000E+000
  1.051891916055E+002  0.000000000000E+000  0.000000000000E+000  0.000000000000E+000  0.000000000000E+000  0.000000000000E+000
  1.123637836013E+002  0.000000000000E+000  0.000000000000E+000  0.000000000000E+000  0.000000000000E+000  0.000000000000E+000
  1.202933069206E+002  0.000000000000E+000  0.000000000000E+000  0.000000000000E+000  0.000000000000E+000  0.000000000000E+000
  1.290875131414E+002  0.000000000000E+000  0.000000000000E+000  0.000000000000E+000  0.000000000000E+000  0.000000000000E+000
  1.388768482001E+002  0.000000000000E+000  0.000000000000E+000  0.000000000000E+000  0.000000000000E+000  0.000000000000E+000
  1.498173177370E+002  0.000000000000E+000  0.000000000000E+000  0.000000000000E+000  0.000000000000E+000  0.000000000000E+000
  1.620967411853E+002  0.000000000000E+000  0.000000000000E+000  0.000000000000E+000  0.000000000000E+000  0.000000000000E+000
  1.759428668168E+002  0.000000000000E+000  0.000000000000E+000  0.000000000000E+000  0.000000000000E+000  0.000000000000E+000
  1.916340085825E+002  0.000000000000E+000  0.000000000000E+000  0.000000000000E+000  0.000000000000E+000  0.000000000000E+000
  2.095131417987E+002  0.000000000000E+000  0.000000000000E+000  0.000000000000E+000  0.000000000000E+000  0.000000000000E+000
  2.300068054477E+002  0.000000000000E+000  0.000000000000E+000  0.000000000000E+000  0.000000000000E+000  0.000000000000E+000
  2.536507797910E+002  0.000000000000E+000  0.000000000000E+000  0.000000000000E+000  0.000000000000E+000  0.000000000000E+000
  2.811254638474E+002  0.000000000000E+000  0.000000000000E+000  0.000000000000E+000  0.000000000000E+000  0.000000000000E+000
  3.133053780630E+002  0.000000000000E+000  0.000000000000E+000  0.000000000000E+000  0.000000000000E+000  0.000000000000E+000
  3.513296254502E+002  0.000000000000E+000  0.000000000000E+000  0.000000000000E+000  0.000000000000E+000  0.000000000000E+000
  3.967041014107E+002  0.000000000000E+000  0.000000000000E+000  0.000000000000E+000  0.000000000000E+000  0.000000000000E+000
  4.514529193350E+002  0.000000000000E+000  0.000000000000E+000  0.000000000000E+000  0.000000000000E+000  0.000000000000E+000
  5.183481233601E+002  0.000000000000E+000  0.000000000000E+000  0.000000000000E+000  0.000000000000E+000  0.000000000000E+000
  6.012676077950E+002  0.000000000000E+000  0.000000000000E+000  0.000000000000E+000  0.000000000000E+000  0.000000000000E+000
  7.057700503752E+002  0.000000000000E+000  0.000000000000E+000  0.000000000000E+000  0.000000000000E+000  0.000000000000E+000
  8.400513767914E+002  0.000000000000E+000  0.000000000000E+000  0.000000000000E+000  0.000000000000E+000  0.000000000000E+000
  1.016602135495E+003  0.000000000000E+000  0.000000000000E+000  0.000000000000E+000  0.000000000000E+000  0.000000000000E+000
  1.255220715579E+003  0.000000000000E+000  0.000000000000E+000  0.000000000000E+000  0.000000000000E+000  0.000000000000E+000
  1.588815776243E+003  0.000000000000E+000  0.000000000000E+000  0.000000000000E+000  0.000000000000E+000  0.000000000000E+000
  2.075392011604E+003  0.000000000000E+000  0.000000000000E+000  0.000000000000E+000  0.000000000000E+000  0.000000000000E+000
  2.825079847528E+003  0.000000000000E+000  0.000000000000E+000  0.000000000000E+000  0.000000000000E+000  0.000000000000E+000
  4.068408296183E+003  0.000000000000E+000  0.000000000000E+000  0.000000000000E+000  0.000000000000E+000  0.000000000000E+000
  6.357262947672E+003  0.000000000000E+000  0.000000000000E+000  0.000000000000E+000  0.000000000000E+000  0.000000000000E+000
  1.130231930164E+004  0.000000000000E+000  0.000000000000E+000  0.000000000000E+000  0.000000000000E+000  0.000000000000E+000
  2.543105175136E+004  0.000000000000E+000  0.000000000000E+000  0.000000000000E+000  0.000000000000E+000  0.000000000000E+000
  1.017262069952E+005  0.000000000000E+000  0.000000000000E+000  0.000000000000E+000  0.000000000000E+000  0.000000000000E+000
