# 1st line: number of mesh points
# abcissa wavefunction wavefunction_1st wavefunction_2nd
500
# Principal QN=   1 , l=   1 , Occupation=   0.0020
  9.830308526563E-006  4.440918281273E-006  4.517520879113E-001 -1.156499327095E+000
  3.932200719722E-005  1.776335180535E-005  4.517179820176E-001 -1.156415506160E+000
  8.847741541467E-005  3.996633656996E-005  4.516611413748E-001 -1.156275811051E+000
  1.573003992805E-004  7.104826576021E-005  4.515815697530E-001 -1.156080251442E+000
  2.457963722418E-004  1.110068895323E-004  4.514792724312E-001 -1.155828840877E+000
  3.539722959954E-004  1.598393147102E-004  4.513542561976E-001 -1.155521596771E+000
  4.818366816529E-004  2.175420043969E-004  4.512065293507E-001 -1.155158540407E+000
  6.293995911626E-004  2.841107774977E-004  4.510361017003E-001 -1.154739696941E+000
  7.966726389935E-004  3.595408081587E-004  4.508429845686E-001 -1.154265095401E+000
  9.836689940782E-004  4.438266251182E-004  4.506271907914E-001 -1.153734768684E+000
  1.190403382016E-003  5.369621109727E-004  4.503887347201E-001 -1.153148753563E+000
  1.416892087541E-003  6.389405013561E-004  4.501276322232E-001 -1.152507090682E+000
  1.663152957245E-003  7.497543840342E-004  4.498439006882E-001 -1.151809824559E+000
  1.929205402573E-003  8.693956979130E-004  4.495375590239E-001 -1.151057003588E+000
  2.215070403073E-003  9.978557319619E-004  4.492086276625E-001 -1.150248680039E+000
  2.520770509919E-003  1.135125124051E-003  4.488571285622E-001 -1.149384910058E+000
  2.846329849692E-003  1.281193859706E-003  4.484830852101E-001 -1.148465753670E+000
  3.191774128432E-003  1.436051270775E-003  4.480865226245E-001 -1.147491274777E+000
  3.557130635959E-003  1.599686034013E-003  4.476674673585E-001 -1.146461541165E+000
  3.942428250463E-003  1.772086169582E-003  4.472259475031E-001 -1.145376624499E+000
  4.347697443358E-003  1.953239039468E-003  4.467619926903E-001 -1.144236600330E+000
  4.772970284417E-003  2.143131345815E-003  4.462756340971E-001 -1.143041548091E+000
  5.218280447175E-003  2.341749129173E-003  4.457669044491E-001 -1.141791551105E+000
  5.683663214611E-003  2.549077766665E-003  4.452358380245E-001 -1.140486696580E+000
  6.169155485101E-003  2.765101970076E-003  4.446824706582E-001 -1.139127075618E+000
  6.674795778653E-003  2.989805783852E-003  4.441068397463E-001 -1.137712783210E+000
  7.200624243425E-003  3.223172583027E-003  4.435089842502E-001 -1.136243918243E+000
  7.746682662519E-003  3.465185071061E-003  4.428889447019E-001 -1.134720583502E+000
  8.313014461060E-003  3.715825277600E-003  4.422467632086E-001 -1.133142885670E+000
  8.899664713569E-003  3.975074556161E-003  4.415824834575E-001 -1.131510935329E+000
  9.506680151615E-003  4.242913581735E-003  4.408961507215E-001 -1.129824846969E+000
  1.013410917176E-002  4.519322348304E-003  4.401878118644E-001 -1.128084738985E+000
  1.078200184380E-002  4.804280166295E-003  4.394575153466E-001 -1.126290733681E+000
  1.145040991929E-002  5.097765659941E-003  4.387053112307E-001 -1.124442957275E+000
  1.213938684040E-002  5.399756764579E-003  4.379312511879E-001 -1.122541539900E+000
  1.284898774901E-002  5.710230723861E-003  4.371353885037E-001 -1.120586615608E+000
  1.357926949620E-002  6.029164086897E-003  4.363177780845E-001 -1.118578322373E+000
  1.433029065191E-002  6.356532705321E-003  4.354784764641E-001 -1.116516802097E+000
  1.510211151509E-002  6.692311730283E-003  4.346175418102E-001 -1.114402200609E+000
  1.589479412397E-002  7.036475609370E-003  4.337350339318E-001 -1.112234667674E+000
  1.670840226680E-002  7.388998083453E-003  4.328310142856E-001 -1.110014356993E+000
  1.754300149280E-002  7.749852183465E-003  4.319055459836E-001 -1.107741426209E+000
  1.839865912351E-002  8.119010227109E-003  4.309586938007E-001 -1.105416036914E+000
  1.927544426443E-002  8.496443815494E-003  4.299905241817E-001 -1.103038354648E+000
  2.017342781695E-002  8.882123829706E-003  4.290011052498E-001 -1.100608548909E+000
  2.109268249069E-002  9.276020427316E-003  4.279905068140E-001 -1.098126793154E+000
  2.203328281612E-002  9.678103038811E-003  4.269588003774E-001 -1.095593264807E+000
  2.299530515754E-002  1.008834036397E-002  4.259060591455E-001 -1.093008145264E+000
  2.397882772639E-002  1.050670036819E-002  4.248323580348E-001 -1.090371619897E+000
  2.498393059493E-002  1.093315027869E-002  4.237377736813E-001 -1.087683878064E+000
  2.601069571024E-002  1.136765658076E-002  4.226223844491E-001 -1.084945113107E+000
  2.705920690860E-002  1.181018501383E-002  4.214862704398E-001 -1.082155522370E+000
  2.812954993023E-002  1.226070056760E-002  4.203295135016E-001 -1.079315307193E+000
  2.922181243436E-002  1.271916747798E-002  4.191521972382E-001 -1.076424672929E+000
  3.033608401473E-002  1.318554922314E-002  4.179544070186E-001 -1.073483828945E+000
  3.147245621542E-002  1.365980851932E-002  4.167362299870E-001 -1.070492988634E+000
  3.263102254705E-002  1.414190731677E-002  4.154977550719E-001 -1.067452369418E+000
  3.381187850339E-002  1.463180679550E-002  4.142390729968E-001 -1.064362192759E+000
  3.501512157837E-002  1.512946736105E-002  4.129602762900E-001 -1.061222684165E+000
  3.624085128345E-002  1.563484864021E-002  4.116614592948E-001 -1.058034073204E+000
  3.748916916538E-002  1.614790947668E-002  4.103427181800E-001 -1.054796593503E+000
  3.876017882444E-002  1.666860792669E-002  4.090041509507E-001 -1.051510482769E+000
  4.005398593302E-002  1.719690125459E-002  4.076458574590E-001 -1.048175982788E+000
  4.137069825459E-002  1.773274592840E-002  4.062679394145E-001 -1.044793339442E+000
  4.271042566323E-002  1.827609761529E-002  4.048705003958E-001 -1.041362802715E+000
  4.407328016341E-002  1.882691117710E-002  4.034536458616E-001 -1.037884626707E+000
  4.545937591035E-002  1.938514066575E-002  4.020174831619E-001 -1.034359069642E+000
  4.686882923075E-002  1.995073931868E-002  4.005621215495E-001 -1.030786393881E+000
  4.830175864396E-002  2.052365955421E-002  3.990876721915E-001 -1.027166865932E+000
  4.975828488365E-002  2.110385296694E-002  3.975942481814E-001 -1.023500756465E+000
  5.123853091993E-002  2.169127032307E-002  3.960819645506E-001 -1.019788340321E+000
  5.274262198188E-002  2.228586155573E-002  3.945509382804E-001 -1.016029896528E+000
  5.427068558066E-002  2.288757576030E-002  3.930012883143E-001 -1.012225708312E+000
  5.582285153302E-002  2.349636118972E-002  3.914331355701E-001 -1.008376063112E+000
  5.739925198530E-002  2.411216524974E-002  3.898466029522E-001 -1.004481252594E+000
  5.900002143803E-002  2.473493449425E-002  3.882418153642E-001 -1.000541572667E+000
  6.062529677088E-002  2.536461462052E-002  3.866188997211E-001 -9.965573234939E-001
  6.227521726827E-002  2.600115046452E-002  3.849779849624E-001 -9.925288095121E-001
  6.394992464542E-002  2.664448599618E-002  3.833192020645E-001 -9.884563394467E-001
  6.564956307496E-002  2.729456431469E-002  3.816426840536E-001 -9.843402263280E-001
  6.737427921404E-002  2.795132764382E-002  3.799485660186E-001 -9.801807875082E-001
  6.912422223211E-002  2.861471732720E-002  3.782369851243E-001 -9.759783446792E-001
  7.089954383907E-002  2.928467382372E-002  3.765080806238E-001 -9.717332238910E-001
  7.270039831418E-002  2.996113670284E-002  3.747619938726E-001 -9.674457555696E-001
  7.452694253540E-002  3.064404464001E-002  3.729988683407E-001 -9.631162745372E-001
  7.637933600943E-002  3.133333541210E-002  3.712188496268E-001 -9.587451200310E-001
  7.825774090225E-002  3.202894589284E-002  3.694220854708E-001 -9.543326357240E-001
  8.016232207035E-002  3.273081204832E-002  3.676087257674E-001 -9.498791697460E-001
  8.209324709253E-002  3.343886893255E-002  3.657789225794E-001 -9.453850747046E-001
  8.405068630235E-002  3.415305068307E-002  3.639328301512E-001 -9.408507077077E-001
  8.603481282122E-002  3.487329051658E-002  3.620706049217E-001 -9.362764303859E-001
  8.804580259214E-002  3.559952072466E-002  3.601924055381E-001 -9.316626089157E-001
  9.008383441408E-002  3.633167266958E-002  3.582983928688E-001 -9.270096140436E-001
  9.214908997710E-002  3.706967678011E-002  3.563887300173E-001 -9.223178211102E-001
  9.424175389809E-002  3.781346254749E-002  3.544635823348E-001 -9.175876100758E-001
  9.636201375725E-002  3.856295852143E-002  3.525231174338E-001 -9.128193655455E-001
  9.851006013526E-002  3.931809230620E-002  3.505675052013E-001 -9.080134767961E-001
  1.006860866512E-001  4.007879055688E-002  3.485969178118E-001 -9.031703378029E-001
  1.028902900012E-001  4.084497897562E-002  3.466115297401E-001 -8.982903472674E-001
  1.051228699979E-001  4.161658230805E-002  3.446115177750E-001 -8.933739086453E-001
  1.073840296104E-001  4.239352433984E-002  3.425970610311E-001 -8.884214301760E-001
  1.096739750056E-001  4.317572789332E-002  3.405683409623E-001 -8.834333249117E-001
  1.119929155896E-001  4.396311482429E-002  3.385255413742E-001 -8.784100107477E-001
  1.143410640503E-001  4.475560601890E-002  3.364688484362E-001 -8.733519104540E-001
  1.167186364011E-001  4.555312139074E-002  3.343984506940E-001 -8.682594517057E-001
  1.191258520249E-001  4.635557987803E-002  3.323145390820E-001 -8.631330671164E-001
  1.215629337189E-001  4.716289944100E-002  3.302173069346E-001 -8.579731942703E-001
  1.240301077413E-001  4.797499705942E-002  3.281069499980E-001 -8.527802757559E-001
  1.265276038575E-001  4.879178873035E-002  3.259836664420E-001 -8.475547592004E-001
  1.290556553882E-001  4.961318946599E-002  3.238476568709E-001 -8.422970973044E-001
  1.316144992580E-001  5.043911329177E-002  3.216991243342E-001 -8.370077478772E-001
  1.342043760450E-001  5.126947324470E-002  3.195382743376E-001 -8.316871738731E-001
  1.368255300316E-001  5.210418137182E-002  3.173653148530E-001 -8.263358434278E-001
  1.394782092560E-001  5.294314872893E-002  3.151804563286E-001 -8.209542298961E-001
  1.421626655646E-001  5.378628537954E-002  3.129839116985E-001 -8.155428118892E-001
  1.448791546661E-001  5.463350039410E-002  3.107758963916E-001 -8.101020733139E-001
  1.476279361856E-001  5.548470184939E-002  3.085566283406E-001 -8.046325034107E-001
  1.504092737207E-001  5.633979682822E-002  3.063263279906E-001 -7.991345967942E-001
  1.532234348983E-001  5.719869141944E-002  3.040852183066E-001 -7.936088534925E-001
  1.560706914324E-001  5.806129071815E-002  3.018335247808E-001 -7.880557789883E-001
  1.589513191834E-001  5.892749882624E-002  2.995714754400E-001 -7.824758842592E-001
  1.618655982178E-001  5.979721885324E-002  2.972993008514E-001 -7.768696858201E-001
  1.648138128702E-001  6.067035291747E-002  2.950172341286E-001 -7.712377057643E-001
  1.677962518056E-001  6.154680214752E-002  2.927255109367E-001 -7.655804718059E-001
  1.708132080832E-001  6.242646668402E-002  2.904243694967E-001 -7.598985173228E-001
  1.738649792215E-001  6.330924568186E-002  2.881140505896E-001 -7.541923813992E-001
  1.769518672648E-001  6.419503731266E-002  2.857947975590E-001 -7.484626088686E-001
  1.800741788507E-001  6.508373876767E-002  2.834668563139E-001 -7.427097503580E-001
  1.832322252791E-001  6.597524626106E-002  2.811304753300E-001 -7.369343623303E-001
  1.864263225826E-001  6.686945503357E-002  2.787859056507E-001 -7.311370071290E-001
  1.896567915983E-001  6.776625935658E-002  2.764334008868E-001 -7.253182530212E-001
  1.929239580409E-001  6.866555253663E-002  2.740732172153E-001 -7.194786742421E-001
  1.962281525771E-001  6.956722692034E-002  2.717056133780E-001 -7.136188510378E-001
  1.995697109023E-001  7.047117389981E-002  2.693308506780E-001 -7.077393697095E-001
  2.029489738173E-001  7.137728391846E-002  2.669491929762E-001 -7.018408226570E-001
  2.063662873085E-001  7.228544647733E-002  2.645609066857E-001 -6.959238084213E-001
  2.098220026275E-001  7.319555014193E-002  2.621662607661E-001 -6.899889317278E-001
  2.133164763746E-001  7.410748254954E-002  2.597655267160E-001 -6.840368035286E-001
  2.168500705817E-001  7.502113041701E-002  2.573589785644E-001 -6.780680410443E-001
  2.204231527988E-001  7.593637954920E-002  2.549468928610E-001 -6.720832678054E-001
  2.240360961807E-001  7.685311484783E-002  2.525295486649E-001 -6.660831136926E-001
  2.276892795770E-001  7.777122032096E-002  2.501072275321E-001 -6.600682149772E-001
  2.313830876220E-001  7.869057909308E-002  2.476802135017E-001 -6.540392143591E-001
  2.351179108282E-001  7.961107341570E-002  2.452487930803E-001 -6.479967610055E-001
  2.388941456809E-001  8.053258467863E-002  2.428132552251E-001 -6.419415105870E-001
  2.427121947345E-001  8.145499342182E-002  2.403738913252E-001 -6.358741253135E-001
  2.465724667110E-001  8.237817934787E-002  2.379309951816E-001 -6.297952739680E-001
  2.504753766009E-001  8.330202133517E-002  2.354848629850E-001 -6.237056319392E-001
  2.544213457654E-001  8.422639745172E-002  2.330357932923E-001 -6.176058812526E-001
  2.584108020414E-001  8.515118496960E-002  2.305840870005E-001 -6.114967105990E-001
  2.624441798480E-001  8.607626038018E-002  2.281300473199E-001 -6.053788153623E-001
  2.665219202956E-001  8.700149940997E-002  2.256739797440E-001 -5.992528976441E-001
  2.706444712976E-001  8.792677703726E-002  2.232161920183E-001 -5.931196662859E-001
  2.748122876832E-001  8.885196750945E-002  2.207569941064E-001 -5.869798368902E-001
  2.790258313137E-001  8.977694436117E-002  2.182966981544E-001 -5.808341318372E-001
  2.832855712010E-001  9.070158043310E-002  2.158356184525E-001 -5.746832802996E-001
  2.875919836279E-001  9.162574789163E-002  2.133740713947E-001 -5.685280182544E-001
  2.919455522717E-001  9.254931824928E-002  2.109123754360E-001 -5.623690884911E-001
  2.963467683296E-001  9.347216238595E-002  2.084508510469E-001 -5.562072406164E-001
  3.007961306479E-001  9.439415057091E-002  2.059898206654E-001 -5.500432310552E-001
  3.052941458522E-001  9.531515248575E-002  2.035296086468E-001 -5.438778230482E-001
  3.098413284823E-001  9.623503724802E-002  2.010705412099E-001 -5.377117866446E-001
  3.144382011281E-001  9.715367343584E-002  1.986129463815E-001 -5.315458986907E-001
  3.190852945695E-001  9.807092911329E-002  1.961571539369E-001 -5.253809428139E-001
  3.237831479192E-001  9.898667185675E-002  1.937034953383E-001 -5.192177094018E-001
  3.285323087679E-001  9.990076878201E-002  1.912523036700E-001 -5.130569955754E-001
  3.333333333333E-001  1.008130865724E-001  1.888039135697E-001 -5.068996051583E-001
  3.381867866117E-001  1.017234915077E-001  1.863586611577E-001 -5.007463486381E-001
  3.430932425333E-001  1.026318494940E-001  1.839168839624E-001 -4.945980431239E-001
  3.480532841203E-001  1.035380260946E-001  1.814789208419E-001 -4.884555122954E-001
  3.530675036492E-001  1.044418865615E-001  1.790451119028E-001 -4.823195863467E-001
  3.581365028158E-001  1.053432958680E-001  1.766157984154E-001 -4.761911019225E-001
  3.632608929041E-001  1.062421187426E-001  1.741913227248E-001 -4.700709020471E-001
  3.684412949588E-001  1.071382197028E-001  1.717720281588E-001 -4.639598360454E-001
  3.736783399619E-001  1.080314630912E-001  1.693582589320E-001 -4.578587594563E-001
  3.789726690123E-001  1.089217131112E-001  1.669503600452E-001 -4.517685339373E-001
  3.843249335105E-001  1.098088338645E-001  1.645486771823E-001 -4.456900271608E-001
  3.897357953460E-001  1.106926893892E-001  1.621535566016E-001 -4.396241127007E-001
  3.952059270903E-001  1.115731436988E-001  1.597653450245E-001 -4.335716699097E-001
  4.007360121927E-001  1.124500608219E-001  1.573843895186E-001 -4.275335837871E-001
  4.063267451812E-001  1.133233048436E-001  1.550110373775E-001 -4.215107448358E-001
  4.119788318683E-001  1.141927399467E-001  1.526456359961E-001 -4.155040489083E-001
  4.176929895600E-001  1.150582304543E-001  1.502885327409E-001 -4.095143970429E-001
  4.234699472710E-001  1.159196408735E-001  1.479400748169E-001 -4.035426952867E-001
  4.293104459435E-001  1.167768359393E-001  1.456006091288E-001 -3.975898545082E-001
  4.352152386716E-001  1.176296806601E-001  1.432704821385E-001 -3.916567901963E-001
  4.411850909306E-001  1.184780403631E-001  1.409500397173E-001 -3.857444222475E-001
  4.472207808110E-001  1.193217807410E-001  1.386396269940E-001 -3.798536747391E-001
  4.533230992589E-001  1.201607678998E-001  1.363395881978E-001 -3.739854756897E-001
  4.594928503202E-001  1.209948684060E-001  1.340502664965E-001 -3.681407568047E-001
  4.657308513924E-001  1.218239493361E-001  1.317720038297E-001 -3.623204532076E-001
  4.720379334802E-001  1.226478783255E-001  1.295051407376E-001 -3.565255031570E-001
  4.784149414579E-001  1.234665236184E-001  1.272500161846E-001 -3.507568477474E-001
  4.848627343381E-001  1.242797541186E-001  1.250069673776E-001 -3.450154305947E-001
  4.913821855461E-001  1.250874394402E-001  1.227763295802E-001 -3.393021975053E-001
  4.979741832006E-001  1.258894499587E-001  1.205584359213E-001 -3.336180961289E-001
  5.046396304008E-001  1.266856568634E-001  1.183536171987E-001 -3.279640755938E-001
  5.113794455212E-001  1.274759322091E-001  1.161622016784E-001 -3.223410861251E-001
  5.181945625116E-001  1.282601489684E-001  1.139845148886E-001 -3.167500786449E-001
  5.250859312060E-001  1.290381810846E-001  1.118208794084E-001 -3.111920043549E-001
  5.320545176366E-001  1.298099035239E-001  1.096716146526E-001 -3.056678142990E-001
  5.391013043575E-001  1.305751923284E-001  1.075370366507E-001 -3.001784589086E-001
  5.462272907741E-001  1.313339246684E-001  1.054174578221E-001 -2.947248875276E-001
  5.534334934816E-001  1.320859788955E-001  1.033131867458E-001 -2.893080479177E-001
  5.607209466109E-001  1.328312345941E-001  1.012245279265E-001 -2.839288857449E-001
  5.680907021827E-001  1.335695726340E-001  9.915178155488E-002 -2.785883440442E-001
  5.755438304707E-001  1.343008752214E-001  9.709524326496E-002 -2.732873626651E-001
  5.830814203728E-001  1.350250259503E-001  9.505520388632E-002 -2.680268776958E-001
  5.907045797917E-001  1.357419098523E-001  9.303194919263E-002 -2.628078208665E-001
  5.984144360243E-001  1.364514134465E-001  9.102575964607E-002 -2.576311189321E-001
  6.062121361613E-001  1.371534247880E-001  8.903691013822E-002 -2.524976930327E-001
  6.140988474955E-001  1.378478335152E-001  8.706566972726E-002 -2.474084580341E-001
  6.220757579409E-001  1.385345308964E-001  8.511230137192E-002 -2.423643218455E-001
  6.301440764614E-001  1.392134098749E-001  8.317706166241E-002 -2.373661847168E-001
  6.383050335109E-001  1.398843651123E-001  8.126020054839E-002 -2.324149385142E-001
  6.465598814833E-001  1.405472930304E-001  7.936196106457E-002 -2.275114659741E-001
  6.549098951744E-001  1.412020918517E-001  7.748257905394E-002 -2.226566399362E-001
  6.633563722545E-001  1.418486616367E-001  7.562228288914E-002 -2.178513225557E-001
  6.719006337539E-001  1.424869043207E-001  7.378129319229E-002 -2.130963644940E-001
  6.805440245593E-001  1.431167237466E-001  7.195982255355E-002 -2.083926040897E-001
  6.892879139233E-001  1.437380256968E-001  7.015807524894E-002 -2.037408665089E-001
  6.981336959871E-001  1.443507179204E-001  6.837624695774E-002 -1.991419628759E-001
  7.070827903152E-001  1.449547101597E-001  6.661452448001E-002 -1.945966893847E-001
  7.161366424455E-001  1.455499141714E-001  6.487308545454E-002 -1.901058263920E-001
  7.252967244510E-001  1.461362437462E-001  6.315209807803E-002 -1.856701374917E-001
  7.345645355186E-001  1.467136147234E-001  6.145172082562E-002 -1.812903685728E-001
  7.439416025400E-001  1.472819450026E-001  5.977210217372E-002 -1.769672468603E-001
  7.534294807203E-001  1.478411545512E-001  5.811338032549E-002 -1.727014799408E-001
  7.630297542000E-001  1.483911654069E-001  5.647568293965E-002 -1.684937547733E-001
  7.727440366954E-001  1.489319016766E-001  5.485912686332E-002 -1.643447366871E-001
  7.825739721536E-001  1.494632895298E-001  5.326381786941E-002 -1.602550683667E-001
  7.925212354258E-001  1.499852571875E-001  5.168985039952E-002 -1.562253688265E-001
  8.025875329584E-001  1.504977349049E-001  5.013730731282E-002 -1.522562323752E-001
  8.127746035011E-001  1.510006549498E-001  4.860625964183E-002 -1.483482275726E-001
  8.230842188350E-001  1.514939515741E-001  4.709676635592E-002 -1.445018961805E-001
  8.335181845190E-001  1.519775609794E-001  4.560887413318E-002 -1.407177521076E-001
  8.440783406568E-001  1.524514212766E-001  4.414261714176E-002 -1.369962803527E-001
  8.547665626839E-001  1.529154724386E-001  4.269801683135E-002 -1.333379359471E-001
  8.655847621758E-001  1.533696562460E-001  4.127508173581E-002 -1.297431428973E-001
  8.765348876780E-001  1.538139162254E-001  3.987380728795E-002 -1.262122931325E-001
  8.876189255584E-001  1.542481975812E-001  3.849417564725E-002 -1.227457454566E-001
  8.988389008829E-001  1.546724471182E-001  3.713615554169E-002 -1.193438245101E-001
  9.101968783143E-001  1.550866131576E-001  3.579970212463E-002 -1.160068197412E-001
  9.216949630368E-001  1.554906454438E-001  3.448475684769E-002 -1.127349843921E-001
  9.333353017046E-001  1.558844950431E-001  3.319124735091E-002 -1.095285345007E-001
  9.451200834176E-001  1.562681142339E-001  3.191908737101E-002 -1.063876479224E-001
  9.570515407237E-001  1.566414563871E-001  3.066817666902E-002 -1.033124633744E-001
  9.691319506484E-001  1.570044758381E-001  2.943840097831E-002 -1.003030795058E-001
  9.813636357544E-001  1.573571277492E-001  2.822963197417E-002 -9.735955399631E-002
  9.937489652293E-001  1.576993679622E-001  2.704172726598E-002 -9.448190268866E-002
  1.006290356005E+000  1.580311528410E-001  2.587453041325E-002 -9.167009875620E-002
  1.018990273907E+000  1.583524391049E-001  2.472787096650E-002 -8.892407191077E-002
  1.031851234841E+000  1.586631836513E-001  2.360156453424E-002 -8.624370765417E-002
  1.044875806003E+000  1.589633433682E-001  2.249541287699E-002 -8.362884657696E-002
  1.058066607138E+000  1.592528749362E-001  2.140920402972E-002 -8.107928370878E-002
  1.071426311823E+000  1.595317346208E-001  2.034271245350E-002 -7.859476792402E-002
  1.084957648792E+000  1.597998780533E-001  1.929569921765E-002 -7.617500140707E-002
  1.098663403298E+000  1.600572600017E-001  1.826791221333E-002 -7.381963918114E-002
  1.112546418516E+000  1.603038341313E-001  1.725908639956E-002 -7.152828870495E-002
  1.126609596985E+000  1.605395527543E-001  1.626894408276E-002 -6.930050954142E-002
  1.140855902095E+000  1.607643665695E-001  1.529719523054E-002 -6.713581310266E-002
  1.155288359613E+000  1.609782243917E-001  1.434353782085E-002 -6.503366247537E-002
  1.169910059257E+000  1.611810728711E-001  1.340765822705E-002 -6.299347233090E-002
  1.184724156317E+000  1.613728562026E-001  1.248923163986E-002 -6.101460892427E-002
  1.199733873325E+000  1.615535158257E-001  1.158792252673E-002 -5.909639018593E-002
  1.214942501771E+000  1.617229901156E-001  1.070338512924E-002 -5.723808591069E-002
  1.230353403874E+000  1.618812140644E-001  9.835263999114E-003 -5.543891804744E-002
  1.245970014403E+000  1.620281189550E-001  8.983194573079E-003 -5.369806109357E-002
  1.261795842559E+000  1.621636320261E-001  8.146803787048E-003 -5.201464259792E-002
  1.277834473907E+000  1.622876761307E-001  7.325710729666E-003 -5.038774377538E-002
  1.294089572372E+000  1.624001693866E-001  6.519527335324E-003 -4.881640023686E-002
  1.310564882294E+000  1.625010248223E-001  5.727859116540E-003 -4.729960283741E-002
  1.327264230548E+000  1.625901500165E-001  4.950305935495E-003 -4.583629864535E-002
  1.344191528724E+000  1.626674467331E-001  4.186462814314E-003 -4.442539203509E-002
  1.361350775387E+000  1.627328105536E-001  3.435920783568E-003 -4.306574590565E-002
  1.378746058390E+000  1.627861305057E-001  2.698267768277E-003 -4.175618302689E-002
  1.396381557275E+000  1.628272886912E-001  1.973089510513E-003 -4.049548751494E-002
  1.414261545744E+000  1.628561599130E-001  1.259970527519E-003 -3.928240643777E-002
  1.432390394201E+000  1.628726113036E-001  5.584951040704E-004 -3.811565155177E-002
  1.450772572390E+000  1.628765019550E-001 -1.317516824187E-004 -3.699390116927E-002
  1.469412652102E+000  1.628676825531E-001 -8.111829057340E-004 -3.591580215691E-002
  1.488315309978E+000  1.628459950163E-001 -1.480208705570E-003 -3.487997206373E-002
  1.507485330398E+000  1.628112721414E-001 -2.139235175248E-003 -3.388500137776E-002
  1.526927608467E+000  1.627633372578E-001 -2.788663224823E-003 -3.292945590894E-002
  1.546647153093E+000  1.627020038918E-001 -3.428887422191E-003 -3.201187929573E-002
  1.566649090169E+000  1.626270754426E-001 -4.060294815040E-003 -3.113079563218E-002
  1.586938665861E+000  1.625383448725E-001 -4.683263736750E-003 -3.028471221127E-002
  1.607521250000E+000  1.624355944134E-001 -5.298162599570E-003 -2.947212238003E-002
  1.628402339588E+000  1.623185952904E-001 -5.905348678663E-003 -2.869150850094E-002
  1.649587562420E+000  1.621871074664E-001 -6.505166890829E-003 -2.794134501331E-002
  1.671082680832E+000  1.620408794093E-001 -7.097948571990E-003 -2.722010158801E-002
  1.692893595565E+000  1.618796478829E-001 -7.684010257709E-003 -2.652624636758E-002
  1.715026349769E+000  1.617031377665E-001 -8.263652471310E-003 -2.585824928343E-002
  1.737487133138E+000  1.615110619029E-001 -8.837158524313E-003 -2.521458544091E-002
  1.760282286187E+000  1.613031209789E-001 -9.404793334167E-003 -2.459373856213E-002
  1.783418304674E+000  1.610790034410E-001 -9.966802264441E-003 -2.399420447591E-002
  1.806901844175E+000  1.608383854471E-001 -1.052340999281E-002 -2.341449464325E-002
  1.830739724818E+000  1.605809308594E-001 -1.107481941236E-002 -2.285313970619E-002
  1.854938936184E+000  1.603062912789E-001 -1.162121057188E-002 -2.230869304696E-002
  1.879506642368E+000  1.600141061248E-001 -1.216273966090E-002 -2.177973434407E-002
  1.904450187236E+000  1.597040027622E-001 -1.269953804546E-002 -2.126487311081E-002
  1.929777099847E+000  1.593755966797E-001 -1.323171136045E-002 -2.076275220162E-002
  1.955495100083E+000  1.590284917196E-001 -1.375933866469E-002 -2.027205127081E-002
  1.981612104475E+000  1.586622803638E-001 -1.428247166469E-002 -1.979149016798E-002
  2.008136232230E+000  1.582765440772E-001 -1.480113401322E-002 -1.931983225387E-002
  2.035075811486E+000  1.578708537110E-001 -1.531532068856E-002 -1.885588762010E-002
  2.062439385788E+000  1.574447699693E-001 -1.582499746044E-002 -1.839851619633E-002
  2.090235720801E+000  1.569978439387E-001 -1.633010044839E-002 -1.794663072761E-002
  2.118473811262E+000  1.565296176860E-001 -1.683053577807E-002 -1.749919960546E-002
  2.147162888201E+000  1.560396249235E-001 -1.732617934106E-002 -1.705524953559E-002
  2.176312426413E+000  1.555273917446E-001 -1.781687666323E-002 -1.661386802576E-002
  2.205932152222E+000  1.549924374311E-001 -1.830244288643E-002 -1.617420567761E-002
  2.236032051522E+000  1.544342753338E-001 -1.878266286814E-002 -1.573547826644E-002
  2.266622378129E+000  1.538524138270E-001 -1.925729140309E-002 -1.529696859385E-002
  2.297713662445E+000  1.532463573378E-001 -1.972605357054E-002 -1.485802809860E-002
  2.329316720450E+000  1.526156074515E-001 -2.018864521040E-002 -1.441807821208E-002
  2.361442663038E+000  1.519596640928E-001 -2.064473353078E-002 -1.397661144561E-002
  2.394102905709E+000  1.512780267828E-001 -2.109395784915E-002 -1.353319219811E-002
  2.427309178642E+000  1.505701959724E-001 -2.153593046843E-002 -1.308745727367E-002
  2.461073537146E+000  1.498356744499E-001 -2.197023768887E-002 -1.263911610036E-002
  2.495408372530E+000  1.490739688238E-001 -2.239644095583E-002 -1.218795064273E-002
  2.530326423398E+000  1.482845910784E-001 -2.281407814273E-002 -1.173381500234E-002
  2.565840787378E+000  1.474670602005E-001 -2.322266496795E-002 -1.127663470255E-002
  2.601964933334E+000  1.466209038762E-001 -2.362169654327E-002 -1.081640565534E-002
  2.638712714049E+000  1.457456602538E-001 -2.401064905111E-002 -1.035319281025E-002
  2.676098379430E+000  1.448408797722E-001 -2.438898154661E-002 -9.887128487438E-003
  2.714136590232E+000  1.439061270496E-001 -2.475613787998E-002 -9.418410398955E-003
  2.752842432351E+000  1.429409828308E-001 -2.511154873379E-002 -8.947299364691E-003
  2.792231431696E+000  1.419450459873E-001 -2.545463376867E-002 -8.474116731446E-003
  2.832319569669E+000  1.409179355678E-001 -2.578480387078E-002 -7.999241505959E-003
  2.873123299289E+000  1.398592928935E-001 -2.610146349278E-002 -7.523107214882E-003
  2.914659561979E+000  1.387687836929E-001 -2.640401308001E-002 -7.046198506870E-003
  2.956945805065E+000  1.376461002718E-001 -2.669185157253E-002 -6.569047514093E-003
  3.000000000000E+000  1.364909637114E-001 -2.696437897298E-002 -6.092229992476E-003
  3.043840661365E+000  1.353031260894E-001 -2.722099896979E-002 -5.616361261942E-003
  3.088486866678E+000  1.340823727181E-001 -2.746112160462E-002 -5.142091969679E-003
  3.133958277047E+000  1.328285243910E-001 -2.768416597238E-002 -4.670103701105E-003
  3.180275158719E+000  1.315414396336E-001 -2.788956294200E-002 -4.201104464633E-003
  3.227458405560E+000  1.302210169481E-001 -2.807675788552E-002 -3.735824077562E-003
  3.275529562509E+000  1.288671970477E-001 -2.824521340306E-002 -3.275009481431E-003
  3.324510850077E+000  1.274799650703E-001 -2.839441203097E-002 -2.819420015906E-003
  3.374425189910E+000  1.260593527649E-001 -2.852385892052E-002 -2.369822680750E-003
  3.425296231502E+000  1.246054406424E-001 -2.863308447449E-002 -1.926987415617E-003
  3.477148380094E+000  1.231183600830E-001 -2.872164692915E-002 -1.491682427318E-003
  3.530006825834E+000  1.215982953901E-001 -2.878913486940E-002 -1.064669593784E-003
  3.583897574256E+000  1.200454857850E-001 -2.883516966525E-002 -6.466999732687E-004
  3.638847478148E+000  1.184602273310E-001 -2.885940781814E-002 -2.385094463172E-004
  3.694884270887E+000  1.168428747797E-001 -2.886154320619E-002  1.591854832857E-004
  3.752036601308E+000  1.151938433303E-001 -2.884130921798E-002  5.456917039330E-004
  3.810334070199E+000  1.135136102928E-001 -2.879848076531E-002  9.203433051898E-004
  3.869807268505E+000  1.118027166460E-001 -2.873287616583E-002  1.282505159657E-003
  3.930487817331E+000  1.100617684815E-001 -2.864435888742E-002  1.631576259300E-003
  3.992408409843E+000  1.082914383241E-001 -2.853283914689E-002  1.966992790331E-003
  4.055602855172E+000  1.064924663197E-001 -2.839827535634E-002  2.288230933349E-003
  4.120106124432E+000  1.046656612801E-001 -2.824067541144E-002  2.594809378214E-003
  4.185954398964E+000  1.028119015767E-001 -2.806009781658E-002  2.886291545891E-003
  4.253185120935E+000  1.009321358723E-001 -2.785665264266E-002  3.162287512359E-003
  4.321837046422E+000  9.902738368157E-002 -2.763050231401E-002  3.422455632451E-003
  4.391950301120E+000  9.709873574932E-002 -2.738186222163E-002  3.666503864211E-003
  4.463566438835E+000  9.514735423771E-002 -2.711100116053E-002  3.894190796958E-003
  4.536728502895E+000  9.317447271089E-002 -2.681824158935E-002  4.105326388666E-003
  4.611481090679E+000  9.118139590680E-002 -2.650395971123E-002  4.299772420491E-003
  4.687870421430E+000  8.916949928548E-002 -2.616858537482E-002  4.477442678259E-003
  4.765944407533E+000  8.714022834280E-002 -2.581260179490E-002  4.638302872420E-003
  4.845752729492E+000  8.509509767859E-002 -2.543654509213E-002  4.782370309374E-003
  4.927346914797E+000  8.303568980795E-002 -2.504100365142E-002  4.909713328142E-003
  5.010780420931E+000  8.096365370440E-002 -2.462661729871E-002  5.020450517096E-003
  5.096108722763E+000  7.888070306385E-002 -2.419407629537E-002  5.114749725885E-003
  5.183389404586E+000  7.678861427793E-002 -2.374412014980E-002  5.192826887722E-003
  5.272682257105E+000  7.468922410594E-002 -2.327753624529E-002  5.254944667018E-003
  5.364049379651E+000  7.258442703456E-002 -2.279515828304E-002  5.301410946768E-003
  5.457555287978E+000  7.047617231525E-002 -2.229786453918E-002  5.332577169330E-003
  5.553267027968E+000  6.836646066967E-002 -2.178657593414E-002  5.348836543224E-003
  5.651254295630E+000  6.625734065434E-002 -2.126225391308E-002  5.350622127388E-003
  5.751589563796E+000  6.415090467667E-002 -2.072589813541E-002  5.338404803029E-003
  5.854348215936E+000  6.204928465603E-002 -2.017854397216E-002  5.312691141835E-003
  5.959608687557E+000  5.995464732466E-002 -1.962125980952E-002  5.274021177927E-003
  6.067452615683E+000  5.786918916519E-002 -1.905514415796E-002  5.222966089604E-003
  6.177964996951E+000  5.579513098368E-002 -1.848132256621E-002  5.160125795692E-003
  6.291234354880E+000  5.373471211926E-002 -1.790094434071E-002  5.086126470269E-003
  6.407352916949E+000  5.169018429429E-002 -1.731517907194E-002  5.001617978634E-003
  6.526416802128E+000  4.966380511182E-002 -1.672521297043E-002  4.907271236846E-003
  6.648526219580E+000  4.765783121068E-002 -1.613224501668E-002  4.803775496776E-003
  6.773785679311E+000  4.567451109173E-002 -1.553748293124E-002  4.691835558660E-003
  6.902304215570E+000  4.371607763331E-002 -1.494213897318E-002  4.572168913468E-003
  7.034195623922E+000  4.178474031747E-002 -1.434742557752E-002  4.445502818041E-003
  7.169578712934E+000  3.988267719366E-002 -1.375455084482E-002  4.312571306996E-003
  7.308577571516E+000  3.801202661062E-002 -1.316471389896E-002  4.174112146710E-003
  7.451321853057E+000  3.617487875264E-002 -1.257910013196E-002  4.030863738287E-003
  7.597947077547E+000  3.437326702068E-002 -1.199887635809E-002  3.883561978345E-003
  7.748594953021E+000  3.260915930452E-002 -1.142518590235E-002  3.732937088493E-003
  7.903413717736E+000  3.088444919641E-002 -1.085914365186E-002  3.579710426677E-003
  8.062558504629E+000  2.920094720221E-002 -1.030183110195E-002  3.424591295886E-003
  8.226191729726E+000  2.756037201023E-002 -9.754291431528E-003  3.268273768122E-003
  8.394483506327E+000  2.596434188261E-002 -9.217524645496E-003  3.111433543883E-003
  8.567612086926E+000  2.441436623821E-002 -8.692482824424E-003  2.954724869650E-003
  8.745764335025E+000  2.291183749913E-002 -8.180065524104E-003  2.798777537920E-003
  8.929136229160E+000  2.145802327638E-002 -7.681115369335E-003  2.644193996120E-003
  9.117933401693E+000  2.005405897206E-002 -7.196413887704E-003  2.491546592186E-003
  9.312371715124E+000  1.870094087698E-002 -6.726677629763E-003  2.341374985608E-003
  9.512677878945E+000  1.739951984298E-002 -6.272554622079E-003  2.194183753321E-003
  9.719090110332E+000  1.615049560877E-002 -5.834621198838E-003  2.050440219767E-003
  9.931858842267E+000  1.495441185630E-002 -5.413379256133E-003  1.910572539914E-003
  1.015124748302E+001  1.381165207177E-002 -5.009253970578E-003  1.774968062666E-003
  1.037753323129E+001  1.272243628163E-002 -4.622592020520E-003  1.643972000228E-003
  1.061100795175E+001  1.168681872804E-002 -4.253660343815E-003  1.517886426255E-003
  1.085197911611E+001  1.070468654235E-002 -3.902645460867E-003  1.396969622270E-003
  1.110077081537E+001  9.775759467009E-003 -3.569653385554E-003  1.281435787751E-003
  1.135772484956E+001  8.899590667589E-003 -3.254710139724E-003  1.171455124526E-003
  1.162320190175E+001  8.075568667013E-003 -2.957762879291E-003  1.067154300828E-003
  1.189758280382E+001  7.302920423100E-003 -2.678681631802E-003  9.686172944618E-004
  1.218126990242E+001  6.580715559494E-003 -2.417261636722E-003  8.758866083810E-004
  1.247468853413E+001  5.907871748149E-003 -2.173226270898E-003  7.889648454539E-004
  1.277828862002E+001  5.283161229541E-003 -1.946230532937E-003  7.078166227226E-004
  1.309254639077E+001  4.705218444796E-003 -1.735865051759E-003  6.323707990403E-004
  1.341796625462E+001  4.172548742009E-003 -1.541660576704E-003  5.625229839429E-004
  1.375508282195E+001  3.683538107649E-003 -1.363092899484E-003  4.981382901416E-004
  1.410446310162E+001  3.236463862952E-003 -1.199588152262E-003  4.390542873542E-004
  1.446670888596E+001  2.829506254918E-003 -1.050528421398E-003  3.850841115427E-004
  1.484245934302E+001  2.460760861805E-003 -9.152576130753E-004  3.360196811806E-004
  1.523239383723E+001  2.128251723852E-003 -7.930875052564E-004  2.916349710888E-004
  1.563723500136E+001  1.829945101150E-003 -6.833039201378E-004  2.516892947563E-004
  1.605775208607E+001  1.563763751886E-003 -5.851729524620E-004  2.159305479183E-004
  1.649476461582E+001  1.327601615279E-003 -4.979471914440E-004  1.840983694651E-004
  1.694914638379E+001  1.119338774013E-003 -4.208718774271E-004  1.559271803405E-004
  1.742182982203E+001  9.368565605772E-004 -3.531909382750E-004  1.311490667390E-004
  1.791381078784E+001  7.780526602733E-004 -2.941528545029E-004  1.094964802989E-004
  1.842615381215E+001  6.408560507737E-004 -2.430163057608E-004  9.070473472571E-005
  1.895999786176E+001  5.232416040004E-004 -1.990555540584E-004  7.451428492435E-005
  1.951656267356E+001  4.232441613528E-004 -1.615655206973E-004  6.067278081440E-005
  2.009715572669E+001  3.389718787562E-004 -1.298665140362E-004  4.893689312737E-005
  2.070317992707E+001  2.686186250203E-004 -1.033085639705E-004  3.907391228401E-005
  2.133614208874E+001  2.104752074167E-004 -8.127531663124E-005  3.086312370372E-005
  2.199766230782E+001  1.629391944392E-004 -6.318743989117E-005  2.409696355162E-005
  2.268948433818E+001  1.245231099193E-004 -4.850548768117E-005  1.858195813311E-005
  2.341348709294E+001  9.386078759768E-005 -3.673217001959E-005  1.413944826474E-005
  2.417169741362E+001  6.971170318286E-005 -2.741397731930E-005  1.060609754790E-005
  2.496630426925E+001  5.096314351120E-005 -2.014211326007E-005  7.834181261925E-006
  2.579967457140E+001  3.663013021656E-005 -1.455270138379E-005  5.691651360859E-006
  2.667437081864E+001  2.585308740097E-005 -1.032624725305E-005  4.061973543833E-006
  2.759317081651E+001  1.789332646387E-005 -7.186360525955E-006  2.843735147297E-006
  2.855908975674E+001  1.212651185102E-005 -4.897768838569E-006  1.950027951009E-006
  2.957540498378E+001  8.034362574773E-006 -3.263686235889E-006  1.307617772374E-006
  3.064568382919E+001  5.194928107963E-006 -2.122630479595E-006  8.559223602618E-007
  3.177381495601E+001  3.271845231954E-006 -1.344812658721E-006  5.458295664590E-007
  3.296404372807E+001  2.003026644501E-006 -8.282456353816E-007  3.383977120510E-007
  3.422101220608E+001  1.189246300424E-006 -4.947317002210E-007  2.034879725437E-007
  3.554980447538E+001  6.830671395923E-007 -2.858919239206E-007  1.183830809567E-007
  3.695599813319E+001  3.785044316029E-007 -1.593889380922E-007  6.644667282148E-008
  3.844572291106E+001  2.017370351985E-007 -8.547182632676E-008  3.587276815192E-008
  4.002572758518E+001  1.030779613311E-007 -4.393880678905E-008  1.856555727378E-008
  4.170345654134E+001  5.030613291302E-008 -2.157432499916E-008  9.176936626075E-009
  4.348713762001E+001  2.335568236144E-008 -1.007686816276E-008  4.314817155095E-009
  4.538588318162E+001  1.026911025073E-008 -4.457177633969E-009  1.921063619333E-009
  4.740980671574E+001  4.254801899121E-009 -1.857688173432E-009  8.058645731630E-010
  4.957015778746E+001  1.652061995178E-009 -7.255271048589E-010  3.167431162806E-010
  5.187947869225E+001  5.974353241122E-010 -2.638852722068E-010  1.159270667997E-010
  5.435178690397E+001  1.998360182553E-010 -8.876753019801E-011  3.923624469020E-011
  5.700278828629E+001  6.134984700805E-011 -2.740346949858E-011  1.218557607331E-011
  5.985012714155E+001  1.713690980291E-011 -7.696418378063E-012  3.442521908748E-012
  6.291368055481E+001  4.312944065277E-012 -1.947348309134E-012  8.760254764141E-013
  6.621590623276E+001  9.672214805837E-013 -4.389918850505E-013  1.985865568561E-013
  6.978225524452E+001  1.908683174182E-013 -8.707031290499E-014  3.960199173227E-014
  7.364166388185E+001  3.267329656048E-014 -1.497883531691E-014  6.848735036250E-015
  7.782714245929E+001  4.773335287380E-015 -2.198859418924E-015  1.010522234446E-015
  8.237648351994E+001  5.841304510524E-016 -2.703436328086E-016  1.248563217849E-016
  8.733311794502E+001  5.860452593025E-017 -2.724630212729E-017  1.264379121602E-017
  9.274715535088E+001  4.702415512812E-018 -2.195867261428E-018  1.023717912848E-018
  9.867665554529E+001  2.932245643564E-019 -1.375093065597E-019  6.439317814684E-020
  1.051891916055E+002  1.374162476014E-020 -6.470742112871E-021  3.043159020155E-021
  1.123637836013E+002  4.654069168871E-022 -2.200242203154E-022  1.039042702617E-022
  1.202933069206E+002  1.087907638314E-023 -5.162839805781E-024  2.447788771358E-024
  1.290875131414E+002  1.662180961738E-025 -7.917193667286E-026  3.767988415688E-026
  1.388768482001E+002  1.555905525738E-027 -7.437210507975E-028  3.552488422859E-028
  1.498173177370E+002  8.257985232069E-030 -3.960706406714E-030  1.898504469174E-030
  1.620967411853E+002  2.263809915672E-032 -1.089302159836E-032  5.238857781351E-033
  1.759428668168E+002  2.862425327572E-035 -1.381627620493E-035  6.665953652629E-036
  1.916340085825E+002  1.453685777319E-038 -7.037442558346E-039  3.405680147005E-039
  2.095131417987E+002  2.500170607841E-042 -1.213782886302E-042  5.890922569539E-043
  2.300068054477E+002  1.177776853569E-046 -5.733258621921E-047  2.790189374454E-047
  2.536507797910E+002  1.163933874845E-051 -5.680344315123E-052  2.771622770268E-052
  2.811254638474E+002  1.719574377540E-057 -8.412332384565E-058  4.114732342419E-058
  3.133053780630E+002  2.456644781660E-064 -1.204560986384E-064  5.905531261532E-065
  3.513296254502E+002  1.923808828145E-072 -9.453263695473E-073  4.644694586473E-073
  3.967041014107E+002  3.898089924902E-082 -1.919323557490E-082  9.449522233541E-083
  4.514529193350E+002  7.448082686243E-094 -3.674184326318E-094  1.812386228378E-094
  5.183481233601E+002  3.366689144104E-108 -1.663733543955E-108  8.221374350995E-109
  6.012676077950E+002  5.199625532508E-126 -2.573723342175E-126  1.273904246785E-126
  7.057700503752E+002  1.711721300623E-148 -8.485494242179E-149  4.206399209161E-149
  8.400513767914E+002  2.007034994966E-177 -9.963205176128E-178  4.945789756215E-178
  1.016602135495E+003  1.638752194353E-215 -8.145235853082E-216  4.048451165746E-216
  1.255220715579E+003  4.728294251258E-267 -2.352814886288E-267  1.170759430849E-267
  1.588815776243E+003  0.000000000000E+000  0.000000000000E+000  0.000000000000E+000
  2.075392011604E+003  0.000000000000E+000  0.000000000000E+000  0.000000000000E+000
  2.825079847528E+003  0.000000000000E+000  0.000000000000E+000  0.000000000000E+000
  4.068408296183E+003  0.000000000000E+000  0.000000000000E+000  0.000000000000E+000
  6.357262947672E+003  0.000000000000E+000  0.000000000000E+000  0.000000000000E+000
  1.130231930164E+004  0.000000000000E+000  0.000000000000E+000  0.000000000000E+000
  2.543105175136E+004  0.000000000000E+000  0.000000000000E+000  0.000000000000E+000
  1.017262069952E+005  0.000000000000E+000  0.000000000000E+000  0.000000000000E+000
