# 1st line: number of mesh points
# rho and r_seitz are calculated from total density
# zeta and r_seitz only correct of rho > 1d-12

# abcissa rho drho ddrho zeta r_seitz
500
  9.830308526563E-006  3.973958816437E+003 -6.434209439966E+004  1.061494649856E+006  0.000000000000E+000  9.105405628553E-002
  3.932200719722E-005  3.972061720323E+003 -6.431079687576E+004  1.060968685038E+006  0.000000000000E+000  9.106855008541E-002
  8.847741541467E-005  3.968901778282E+003 -6.425866606159E+004  1.060092621724E+006  0.000000000000E+000  9.109271252108E-002
  1.573003992805E-004  3.964481814796E+003 -6.418574949845E+004  1.058867276163E+006  0.000000000000E+000  9.112655275093E-002
  2.457963722418E-004  3.958805778669E+003 -6.409211364983E+004  1.057293789445E+006  0.000000000000E+000  9.117008360598E-002
  3.539722959954E-004  3.951878737565E+003 -6.397784380730E+004  1.055373625846E+006  0.000000000000E+000  9.122332159904E-002
  4.818366816529E-004  3.943706871006E+003 -6.384304396982E+004  1.053108570717E+006  0.000000000000E+000  9.128628693663E-002
  6.293995911626E-004  3.934297461836E+003 -6.368783669664E+004  1.050500727890E+006  0.000000000000E+000  9.135900353358E-002
  7.966726389935E-004  3.923658886172E+003 -6.351236293408E+004  1.047552516647E+006  0.000000000000E+000  9.144149903020E-002
  9.836689940782E-004  3.911800601853E+003 -6.331678181662E+004  1.044266668218E+006  0.000000000000E+000  9.153380481231E-002
  1.190403382016E-003  3.898733135419E+003 -6.310127044245E+004  1.040646221848E+006  0.000000000000E+000  9.163595603387E-002
  1.416892087541E-003  3.884468067626E+003 -6.286602362405E+004  1.036694520413E+006  0.000000000000E+000  9.174799164241E-002
  1.663152957245E-003  3.869018017542E+003 -6.261125361424E+004  1.032415205616E+006  0.000000000000E+000  9.186995440725E-002
  1.929205402573E-003  3.852396625237E+003 -6.233718980807E+004  1.027812212754E+006  0.000000000000E+000  9.200189095054E-002
  2.215070403073E-003  3.834618533106E+003 -6.204407842131E+004  1.022889765078E+006  0.000000000000E+000  9.214385178105E-002
  2.520770509919E-003  3.815699365853E+003 -6.173218214588E+004  1.017652367745E+006  0.000000000000E+000  9.229589133100E-002
  2.846329849692E-003  3.795655709177E+003 -6.140177978307E+004  1.012104801391E+006  0.000000000000E+000  9.245806799569E-002
  3.191774128432E-003  3.774505087191E+003 -6.105316585503E+004  1.006252115313E+006  0.000000000000E+000  9.263044417609E-002
  3.557130635959E-003  3.752265938620E+003 -6.068665019533E+004  1.000099620295E+006  0.000000000000E+000  9.281308632459E-002
  3.942428250463E-003  3.728957591817E+003 -6.030255751934E+004  9.936528810751E+005  0.000000000000E+000  9.300606499360E-002
  4.347697443358E-003  3.704600238638E+003 -5.990122697514E+004  9.869177084794E+005  0.000000000000E+000  9.320945488745E-002
  4.772970284417E-003  3.679214907229E+003 -5.948301167578E+004  9.799001512279E+005  0.000000000000E+000  9.342333491739E-002
  5.218280447175E-003  3.652823433761E+003 -5.904827821381E+004  9.726064874324E+005  0.000000000000E+000  9.364778825980E-002
  5.683663214611E-003  3.625448433180E+003 -5.859740615880E+004  9.650432158011E+005  0.000000000000E+000  9.388290241777E-002
  6.169155485101E-003  3.597113269007E+003 -5.813078753892E+004  9.572170465652E+005  0.000000000000E+000  9.412876928599E-002
  6.674795778653E-003  3.567842022239E+003 -5.764882630732E+004  9.491348921451E+005  0.000000000000E+000  9.438548521915E-002
  7.200624243425E-003  3.537659459425E+003 -5.715193779445E+004  9.408038575716E+005  0.000000000000E+000  9.465315110377E-002
  7.746682662519E-003  3.506590999951E+003 -5.664054814708E+004  9.322312306811E+005  0.000000000000E+000  9.493187243371E-002
  8.313014461060E-003  3.474662682598E+003 -5.611509375521E+004  9.234244721008E+005  0.000000000000E+000  9.522175938934E-002
  8.899664713569E-003  3.441901131431E+003 -5.557602066775E+004  9.143912050438E+005  0.000000000000E+000  9.552292692047E-002
  9.506680151615E-003  3.408333521080E+003 -5.502378399799E+004  9.051392049304E+005  0.000000000000E+000  9.583549483315E-002
  1.013410917176E-002  3.373987541468E+003 -5.445884732002E+004  8.956763888557E+005  0.000000000000E+000  9.615958788046E-002
  1.078200184380E-002  3.338891362039E+003 -5.388168205699E+004  8.860108049208E+005  0.000000000000E+000  9.649533585735E-002
  1.145040991929E-002  3.303073595569E+003 -5.329276686238E+004  8.761506214482E+005  0.000000000000E+000  9.684287369962E-002
  1.213938684040E-002  3.266563261590E+003 -5.269258699529E+004  8.661041160983E+005  0.000000000000E+000  9.720234158726E-002
  1.284898774901E-002  3.229389749519E+003 -5.208163369090E+004  8.558796649081E+005  0.000000000000E+000  9.757388505214E-002
  1.357926949620E-002  3.191582781528E+003 -5.146040352703E+004  8.454857312700E+005  0.000000000000E+000  9.795765509023E-002
  1.433029065191E-002  3.153172375234E+003 -5.082939778802E+004  8.349308548692E+005  0.000000000000E+000  9.835380827847E-002
  1.510211151509E-002  3.114188806260E+003 -5.018912182693E+004  8.242236406015E+005  0.000000000000E+000  9.876250689646E-002
  1.589479412397E-002  3.074662570737E+003 -4.954008442717E+004  8.133727474867E+005  0.000000000000E+000  9.918391905300E-002
  1.670840226680E-002  3.034624347799E+003 -4.888279716458E+004  8.023868775999E+005  0.000000000000E+000  9.961821881776E-002
  1.754300149280E-002  2.994104962140E+003 -4.821777377102E+004  7.912747650371E+005  0.000000000000E+000  1.000655863581E-001
  1.839865912351E-002  2.953135346690E+003 -4.754552950060E+004  7.800451649350E+005  0.000000000000E+000  1.005262080814E-001
  1.927544426443E-002  2.911746505465E+003 -4.686658049946E+004  7.687068425624E+005  0.000000000000E+000  1.010002767827E-001
  2.017342781695E-002  2.869969476661E+003 -4.618144318024E+004  7.572685625018E+005  0.000000000000E+000  1.014879917982E-001
  2.109268249069E-002  2.827835296037E+003 -4.549063360213E+004  7.457390779388E+005  0.000000000000E+000  1.019895591644E-001
  2.203328281612E-002  2.785374960656E+003 -4.479466685762E+004  7.341271200766E+005  0.000000000000E+000  1.025051917837E-001
  2.299530515754E-002  2.742619393032E+003 -4.409405646677E+004  7.224413876924E+005  0.000000000000E+000  1.030351095961E-001
  2.397882772639E-002  2.699599405741E+003 -4.338931378008E+004  7.106905368530E+005  0.000000000000E+000  1.035795397566E-001
  2.498393059493E-002  2.656345666552E+003 -4.268094739078E+004  6.988831708045E+005  0.000000000000E+000  1.041387168206E-001
  2.601069571024E-002  2.612888664118E+003 -4.196946255751E+004  6.870278300536E+005  0.000000000000E+000  1.047128829348E-001
  2.705920690860E-002  2.569258674303E+003 -4.125536063822E+004  6.751329826539E+005  0.000000000000E+000  1.053022880357E-001
  2.812954993023E-002  2.525485727164E+003 -4.053913853615E+004  6.632070147128E+005  0.000000000000E+000  1.059071900559E-001
  2.922181243436E-002  2.481599574656E+003 -3.982128815861E+004  6.512582211330E+005  0.000000000000E+000  1.065278551367E-001
  3.033608401473E-002  2.437629659103E+003 -3.910229588957E+004  6.392947966020E+005  0.000000000000E+000  1.071645578493E-001
  3.147245621542E-002  2.393605082466E+003 -3.838264207653E+004  6.273248268425E+005  0.000000000000E+000  1.078175814236E-001
  3.263102254705E-002  2.349554576475E+003 -3.766280053252E+004  6.153562801360E+005  0.000000000000E+000  1.084872179855E-001
  3.381187850339E-002  2.305506473633E+003 -3.694323805397E+004  6.033969991311E+005  0.000000000000E+000  1.091737688022E-001
  3.501512157837E-002  2.261488679159E+003 -3.622441395492E+004  5.914546929482E+005  0.000000000000E+000  1.098775445364E-001
  3.624085128345E-002  2.217528643894E+003 -3.550677961835E+004  5.795369295892E+005  0.000000000000E+000  1.105988655097E-001
  3.748916916538E-002  2.173653338194E+003 -3.479077806500E+004  5.676511286635E+005  0.000000000000E+000  1.113380619747E-001
  3.876017882444E-002  2.129889226864E+003 -3.407684354040E+004  5.558045544386E+005  0.000000000000E+000  1.120954743975E-001
  4.005398593302E-002  2.086262245142E+003 -3.336540112050E+004  5.440043092225E+005  0.000000000000E+000  1.128714537487E-001
  4.137069825459E-002  2.042797775775E+003 -3.265686633626E+004  5.322573270867E+005  0.000000000000E+000  1.136663618058E-001
  4.271042566323E-002  1.999520627195E+003 -3.195164481778E+004  5.205703679351E+005  0.000000000000E+000  1.144805714650E-001
  4.407328016341E-002  1.956455012840E+003 -3.125013195818E+004  5.089500119259E+005  0.000000000000E+000  1.153144670642E-001
  4.545937591035E-002  1.913624531620E+003 -3.055271259762E+004  4.974026542501E+005  0.000000000000E+000  1.161684447167E-001
  4.686882923075E-002  1.871052149554E+003 -2.985976072771E+004  4.859345002725E+005  0.000000000000E+000  1.170429126561E-001
  4.830175864396E-002  1.828760182596E+003 -2.917163921655E+004  4.745515610376E+005  0.000000000000E+000  1.179382915931E-001
  4.975828488365E-002  1.786770280657E+003 -2.848869955455E+004  4.632596491433E+005  0.000000000000E+000  1.188550150836E-001
  5.123853091993E-002  1.745103412837E+003 -2.781128162123E+004  4.520643749851E+005  0.000000000000E+000  1.197935299093E-001
  5.274262198188E-002  1.703779853873E+003 -2.713971347313E+004  4.409711433711E+005  0.000000000000E+000  1.207542964705E-001
  5.427068558066E-002  1.662819171813E+003 -2.647431115274E+004  4.299851505092E+005  0.000000000000E+000  1.217377891920E-001
  5.582285153302E-002  1.622240216912E+003 -2.581537851862E+004  4.191113813652E+005  0.000000000000E+000  1.227444969412E-001
  5.739925198530E-002  1.582061111758E+003 -2.516320709667E+004  4.083546073916E+005  0.000000000000E+000  1.237749234601E-001
  5.900002143803E-002  1.542299242621E+003 -2.451807595237E+004  3.977193846255E+005  0.000000000000E+000  1.248295878107E-001
  6.062529677088E-002  1.502971252028E+003 -2.388025158401E+004  3.872100521513E+005  0.000000000000E+000  1.259090248335E-001
  6.227521726827E-002  1.464093032545E+003 -2.324998783673E+004  3.768307309281E+005  0.000000000000E+000  1.270137856209E-001
  6.394992464542E-002  1.425679721777E+003 -2.262752583713E+004  3.665853229752E+005  0.000000000000E+000  1.281444380036E-001
  6.564956307496E-002  1.387745698553E+003 -2.201309394830E+004  3.564775109117E+005  0.000000000000E+000  1.293015670522E-001
  6.737427921404E-002  1.350304580308E+003 -2.140690774498E+004  3.465107578472E+005  0.000000000000E+000  1.304857755922E-001
  6.912422223211E-002  1.313369221622E+003 -2.080917000852E+004  3.366883076139E+005  0.000000000000E+000  1.316976847347E-001
  7.089954383907E-002  1.276951713917E+003 -2.022007074141E+004  3.270131853371E+005  0.000000000000E+000  1.329379344201E-001
  7.270039831418E-002  1.241063386290E+003 -1.963978720085E+004  3.174881983354E+005  0.000000000000E+000  1.342071839772E-001
  7.452694253540E-002  1.205714807450E+003 -1.906848395118E+004  3.081159373431E+005  0.000000000000E+000  1.355061126965E-001
  7.637933600943E-002  1.170915788755E+003 -1.850631293450E+004  2.988987780468E+005  0.000000000000E+000  1.368354204173E-001
  7.825774090225E-002  1.136675388307E+003 -1.795341355921E+004  2.898388829277E+005  0.000000000000E+000  1.381958281291E-001
  8.016232207035E-002  1.103001916092E+003 -1.740991280592E+004  2.809382034005E+005  0.000000000000E+000  1.395880785859E-001
  8.209324709253E-002  1.069902940126E+003 -1.687592535015E+004  2.721984822382E+005  0.000000000000E+000  1.410129369346E-001
  8.405068630235E-002  1.037385293593E+003 -1.635155370142E+004  2.636212562747E+005  0.000000000000E+000  1.424711913547E-001
  8.603481282122E-002  1.005455082921E+003 -1.583688835798E+004  2.552078593729E+005  0.000000000000E+000  1.439636537105E-001
  8.804580259214E-002  9.741176967956E+002 -1.533200797680E+004  2.469594256482E+005  0.000000000000E+000  1.454911602142E-001
  9.008383441408E-002  9.433778160413E+002 -1.483697955806E+004  2.388768929367E+005  0.000000000000E+000  1.470545720979E-001
  9.214908997710E-002  9.132394243710E+002 -1.435185864353E+004  2.309610064957E+005  0.000000000000E+000  1.486547762947E-001
  9.424175389809E-002  8.837058199425E+002 -1.387668952832E+004  2.232123229253E+005  0.000000000000E+000  1.502926861268E-001
  9.636201375725E-002  8.547796276988E+002 -1.341150548515E+004  2.156312142990E+005  0.000000000000E+000  1.519692419981E-001
  9.851006013526E-002  8.264628124494E+002 -1.295632900068E+004  2.082178724908E+005  0.000000000000E+000  1.536854120900E-001
  1.006860866512E-001  7.987566926570E+002 -1.251117202297E+004  2.009723136872E+005  0.000000000000E+000  1.554421930582E-001
  1.028902900012E-001  7.716619548886E+002 -1.207603621966E+004  1.938943830701E+005  0.000000000000E+000  1.572406107264E-001
  1.051228699979E-001  7.451786688930E+002 -1.165091324587E+004  1.869837596595E+005  0.000000000000E+000  1.590817207751E-001
  1.073840296104E-001  7.193063032634E+002 -1.123578502137E+004  1.802399613024E+005  0.000000000000E+000  1.609666094212E-001
  1.096739750056E-001  6.940437416455E+002 -1.083062401614E+004  1.736623497946E+005  0.000000000000E+000  1.628963940835E-001
  1.119929155896E-001  6.693892994501E+002 -1.043539354366E+004  1.672501361241E+005  0.000000000000E+000  1.648722240306E-001
  1.143410640503E-001  6.453407410285E+002 -1.005004806120E+004  1.610023858216E+005  0.000000000000E+000  1.668952810049E-001
  1.167186364011E-001  6.218952972712E+002 -9.674533476415E+003  1.549180244063E+005  0.000000000000E+000  1.689667798167E-001
  1.191258520249E-001  5.990496835868E+002 -9.308787459490E+003  1.489958429143E+005  0.000000000000E+000  1.710879689006E-001
  1.215629337189E-001  5.768001182218E+002 -8.952739760148E+003  1.432345034961E+005  0.000000000000E+000  1.732601308285E-001
  1.240301077413E-001  5.551423408786E+002 -8.606312528799E+003  1.376325450719E+005  0.000000000000E+000  1.754845827671E-001
  1.265276038575E-001  5.340716315936E+002 -8.269420641145E+003  1.321883890315E+005  0.000000000000E+000  1.777626768734E-001
  1.290556553882E-001  5.135828298322E+002 -7.941972025522E+003  1.269003449672E+005  0.000000000000E+000  1.800958006131E-001
  1.316144992580E-001  4.936703537631E+002 -7.623867992325E+003  1.217666164268E+005  0.000000000000E+000  1.824853769933E-001
  1.342043760450E-001  4.743282196716E+002 -7.315003564820E+003  1.167853066766E+005  0.000000000000E+000  1.849328646924E-001
  1.368255300316E-001  4.555500614729E+002 -7.015267810693E+003  1.119544244615E+005  0.000000000000E+000  1.874397580722E-001
  1.394782092560E-001  4.373291502882E+002 -6.724544173700E+003  1.072718897517E+005  0.000000000000E+000  1.900075870562E-001
  1.421626655646E-001  4.196584140457E+002 -6.442710804765E+003  1.027355394649E+005  0.000000000000E+000  1.926379168520E-001
  1.448791546661E-001  4.025304570700E+002 -6.169640891936E+003  9.834313315375E+004  0.000000000000E+000  1.953323474984E-001
  1.476279361856E-001  3.859375796240E+002 -5.905202988584E+003  9.409235864818E+004  0.000000000000E+000  1.980925132116E-001
  1.504092737207E-001  3.698717973700E+002 -5.649261339282E+003  8.998083764244E+004  0.000000000000E+000  2.009200815044E-001
  1.532234348983E-001  3.543248607145E+002 -5.401676202792E+003  8.600613121813E+004  0.000000000000E+000  2.038167520496E-001
  1.560706914324E-001  3.392882740051E+002 -5.162304171636E+003  8.216574529350E+004  0.000000000000E+000  2.067842552535E-001
  1.589513191834E-001  3.247533145484E+002 -4.930998487724E+003  7.845713599068E+004  0.000000000000E+000  2.098243505050E-001
  1.618655982178E-001  3.107110514176E+002 -4.707609353549E+003  7.487771491253E+004  0.000000000000E+000  2.129388240615E-001
  1.648138128702E-001  2.971523640215E+002 -4.491984238483E+003  7.142485432123E+004  0.000000000000E+000  2.161294865258E-001
  1.677962518056E-001  2.840679604071E+002 -4.283968179714E+003  6.809589221142E+004  0.000000000000E+000  2.193981698715E-001
  1.708132080832E-001  2.714483952683E+002 -4.083404077416E+003  6.488813727074E+004  0.000000000000E+000  2.227467239604E-001
  1.738649792215E-001  2.592840876372E+002 -3.890132983735E+003  6.179887372150E+004  0.000000000000E+000  2.261770125013E-001
  1.769518672648E-001  2.475653382327E+002 -3.703994385239E+003  5.882536603733E+004  0.000000000000E+000  2.296909083860E-001
  1.800741788507E-001  2.362823464442E+002 -3.524826478458E+003  5.596486352940E+004  0.000000000000E+000  2.332902883404E-001
  1.832322252791E-001  2.254252269303E+002 -3.352466438210E+003  5.321460479697E+004  0.000000000000E+000  2.369770268190E-001
  1.864263225826E-001  2.149840258121E+002 -3.186750678407E+003  5.057182203781E+004  0.000000000000E+000  2.407529890711E-001
  1.896567915983E-001  2.049487364424E+002 -3.027515105073E+003  4.803374521429E+004  0.000000000000E+000  2.446200232964E-001
  1.929239580409E-001  1.953093147350E+002 -2.874595361314E+003  4.559760607142E+004  0.000000000000E+000  2.485799518104E-001
  1.962281525771E-001  1.860556940392E+002 -2.727827064044E+003  4.326064200367E+004  0.000000000000E+000  2.526345611304E-001
  1.995697109023E-001  1.771777995433E+002 -2.587046032244E+003  4.102009976782E+004  0.000000000000E+000  2.567855908931E-001
  2.029489738173E-001  1.686655621975E+002 -2.452088506609E+003  3.887323903946E+004  0.000000000000E+000  2.610347215111E-001
  2.063662873085E-001  1.605089321437E+002 -2.322791360415E+003  3.681733581142E+004  0.000000000000E+000  2.653835604754E-001
  2.098220026275E-001  1.526978916417E+002 -2.198992301505E+003  3.484968563249E+004  0.000000000000E+000  2.698336272116E-001
  2.133164763746E-001  1.452224674865E+002 -2.080530065288E+003  3.296760668569E+004  0.000000000000E+000  2.743863363986E-001
  2.168500705817E-001  1.380727429065E+002 -1.967244598681E+003  3.116844270525E+004  0.000000000000E+000  2.790429796668E-001
  2.204231527988E-001  1.312388689395E+002 -1.858977234941E+003  2.944956573235E+004  0.000000000000E+000  2.838047055983E-001
  2.240360961807E-001  1.247110752814E+002 -1.755570859375E+003  2.780837870969E+004  0.000000000000E+000  2.886724979636E-001
  2.276892795770E-001  1.184796806049E+002 -1.656870065902E+003  2.624231791559E+004  0.000000000000E+000  2.936471521496E-001
  2.313830876220E-001  1.125351023469E+002 -1.562721304508E+003  2.474885523856E+004  0.000000000000E+000  2.987292497488E-001
  2.351179108282E-001  1.068678659639E+002 -1.472973019616E+003  2.332550029362E+004  0.000000000000E+000  3.039191313131E-001
  2.388941456809E-001  1.014686136564E+002 -1.387475779433E+003  2.196980238215E+004  0.000000000000E+000  3.092168673070E-001
  2.427121947345E-001  9.632811256490E+001 -1.306082396360E+003  2.067935229712E+004  0.000000000000E+000  3.146222273375E-001
  2.465724667110E-001  9.143726243984E+001 -1.228648038549E+003  1.945178397619E+004  0.000000000000E+000  3.201346477887E-001
  2.504753766009E-001  8.678710279000E+001 -1.155030332726E+003  1.828477600499E+004  0.000000000000E+000  3.257531980492E-001
  2.544213457654E-001  8.236881951503E+001 -1.085089458415E+003  1.717605297378E+004  0.000000000000E+000  3.314765455890E-001
  2.584108020414E-001  7.817375102800E+001 -1.018688233701E+003  1.612338669029E+004  0.000000000000E+000  3.373029202225E-001
  2.624441798480E-001  7.419339387520E+001 -9.556921926922E+002  1.512459725236E+004  0.000000000000E+000  3.432300779811E-001
  2.665219202956E-001  7.041940786139E+001 -8.959696548698E+002  1.417755398370E+004  0.000000000000E+000  3.492552651211E-001
  2.706444712976E-001  6.684362068932E+001 -8.393917864916E+002  1.328017623686E+004  0.000000000000E+000  3.553751828928E-001
  2.748122876832E-001  6.345803212337E+001 -7.858326542672E+002  1.243043406703E+004  0.000000000000E+000  3.615859538127E-001
  2.790258313137E-001  6.025481768755E+001 -7.351692715060E+002  1.162634878108E+004  0.000000000000E+000  3.678830902930E-001
  2.832855712010E-001  5.722633190916E+001 -6.872816369595E+002  1.086599336598E+004  0.000000000000E+000  3.742614665962E-001
  2.875919836279E-001  5.436511111976E+001 -6.420527665894E+002  1.014749280100E+004  0.000000000000E+000  3.807152951891E-001
  2.919455522717E-001  5.166387582579E+001 -5.993687184970E+002  9.469024258318E+003  0.000000000000E+000  3.872381086653E-001
  2.963467683296E-001  4.911553266161E+001 -5.591186112593E+002  8.828817196523E+003  0.000000000000E+000  3.938227484798E-001
  3.007961306479E-001  4.671317593844E+001 -5.211946359219E+002  8.225153351779E+003  0.000000000000E+000  4.004613617840E-001
  3.052941458522E-001  4.445008880267E+001 -4.854920619053E+002  7.656366631401E+003  0.000000000000E+000  4.071454076598E-001
  3.098413284823E-001  4.231974401781E+001 -4.519092370834E+002  7.120842914630E+003  0.000000000000E+000  4.138656740126E-001
  3.144382011281E-001  4.031580438436E+001 -4.203475822992E+002  6.617019765437E+003  0.000000000000E+000  4.206123062894E-001
  3.190852945695E-001  3.843212281234E+001 -3.907115805824E+002  6.143386062199E+003  0.000000000000E+000  4.273748490325E-001
  3.237831479192E-001  3.666274206116E+001 -3.629087613367E+002  5.698481549093E+003  0.000000000000E+000  4.341423010540E-001
  3.285323087679E-001  3.500189416210E+001 -3.368496797661E+002  5.280896314026E+003  0.000000000000E+000  4.409031847175E-001
  3.333333333333E-001  3.344399953827E+001 -3.124478918075E+002  4.889270197906E+003  0.000000000000E+000  4.476456294491E-001
  3.381867866117E-001  3.198366583747E+001 -2.896199248373E+002  4.522292139994E+003  0.000000000000E+000  4.543574691649E-001
  3.430932425333E-001  3.061568649307E+001 -2.682852444192E+002  4.178699464046E+003  0.000000000000E+000  4.610263528230E-001
  3.480532841203E-001  2.933503902808E+001 -2.483662173561E+002  3.857277109873E+003  0.000000000000E+000  4.676398667841E-001
  3.530675036492E-001  2.813688311770E+001 -2.297880713069E+002  3.556856814871E+003  0.000000000000E+000  4.741856671386E-001
  3.581365028158E-001  2.701655842526E+001 -2.124788512276E+002  3.276316249987E+003  0.000000000000E+000  4.806516196397E-001
  3.632608929041E-001  2.596958222661E+001 -1.963693728881E+002  3.014578114493E+003  0.000000000000E+000  4.870259444132E-001
  3.684412949588E-001  2.499164683762E+001 -1.813931737142E+002  2.770609193819E+003  0.000000000000E+000  4.932973622259E-001
  3.736783399619E-001  2.407861685933E+001 -1.674864611996E+002  2.543419384603E+003  0.000000000000E+000  4.994552388061E-001
  3.789726690123E-001  2.322652625518E+001 -1.545880591243E+002  2.332060690981E+003  0.000000000000E+000  5.054897235668E-001
  3.843249335105E-001  2.243157527426E+001 -1.426393518124E+002  2.135626196000E+003  0.000000000000E+000  5.113918790823E-001
  3.897357953460E-001  2.169012723440E+001 -1.315842266539E+002  1.953249011937E+003  0.000000000000E+000  5.171537978397E-001
  3.952059270903E-001  2.099870517857E+001 -1.213690151108E+002  1.784101213133E+003  0.000000000000E+000  5.227687031149E-001
  4.007360121927E-001  2.035398841763E+001 -1.119424324168E+002  1.627392754815E+003  0.000000000000E+000  5.282310313061E-001
  4.063267451812E-001  1.975280897233E+001 -1.032555161760E+002  1.482370381256E+003  0.000000000000E+000  5.335364936632E-001
  4.119788318683E-001  1.919214792670E+001 -9.526156405669E+001  1.348316526435E+003  0.000000000000E+000  5.386821160531E-001
  4.176929895600E-001  1.866913170510E+001 -8.791607076896E+001  1.224548210238E+003  0.000000000000E+000  5.436662561580E-001
  4.234699472710E-001  1.818102828431E+001 -8.117666450532E+001  1.110415933057E+003  0.000000000000E+000  5.484885982708E-001
  4.293104459435E-001  1.772524335183E+001 -7.500304301800E+001  1.005302571529E+003  0.000000000000E+000  5.531501265881E-001
  4.352152386716E-001  1.729931642121E+001 -6.935690949590E+001  9.086222779463E+002  0.000000000000E+000  5.576530785701E-001
  4.411850909306E-001  1.690091691460E+001 -6.420190839690E+001  8.198193857732E+002  0.000000000000E+000  5.620008805000E-001
  4.472207808110E-001  1.652784022241E+001 -5.950356138272E+001  7.383673234988E+002  0.000000000000E+000  5.661980678149E-001
  4.533230992589E-001  1.617800374939E+001 -5.522920349489E+001  6.637675389340E+002  0.000000000000E+000  5.702501930803E-001
  4.594928503202E-001  1.584944295618E+001 -5.134791970225E+001  5.955484358945E+002  0.000000000000E+000  5.741637246385E-001
  4.657308513924E-001  1.554030740459E+001 -4.783048194192E+001  5.332643250660E+002  0.000000000000E+000  5.779459389802E-001
  4.720379334802E-001  1.524885681483E+001 -4.464928676742E+001  4.764943906990E+002  0.000000000000E+000  5.816048097888E-001
  4.784149414579E-001  1.497345714217E+001 -4.177829370967E+001  4.248416746394E+002  0.000000000000E+000  5.851488964007E-001
  4.848627343381E-001  1.471257667998E+001 -3.919296444828E+001  3.779320790567E+002  0.000000000000E+000  5.885872341403E-001
  4.913821855461E-001  1.446478219603E+001 -3.687020288298E+001  3.354133890975E+002  0.000000000000E+000  5.919292286486E-001
  4.979741832006E-001  1.422873510810E+001 -3.478829618711E+001  2.969543165590E+002  0.000000000000E+000  5.951845559523E-001
  5.046396304008E-001  1.400318770466E+001 -3.292685691774E+001  2.622435655468E+002  0.000000000000E+000  5.983630696362E-001
  5.113794455212E-001  1.378697941606E+001 -3.126676624950E+001  2.309889209588E+002  0.000000000000E+000  6.014747161136E-001
  5.181945625116E-001  1.357903314100E+001 -2.979011839239E+001  2.029163605192E+002  0.000000000000E+000  6.045294586334E-001
  5.250859312060E-001  1.337835163286E+001 -2.848016624668E+001  1.777691909688E+002  0.000000000000E+000  6.075372103542E-001
  5.320545176366E-001  1.318401395002E+001 -2.732126834153E+001  1.553072089114E+002  0.000000000000E+000  6.105077765361E-001
  5.391013043575E-001  1.299517197380E+001 -2.629883709774E+001  1.353058867126E+002  0.000000000000E+000  6.134508056758E-001
  5.462272907741E-001  1.281104699732E+001 -2.539928844858E+001  1.175555837450E+002  0.000000000000E+000  6.163757492250E-001
  5.534334934816E-001  1.263092638845E+001 -2.460999284723E+001  1.018607831851E+002  0.000000000000E+000  6.192918293929E-001
  5.607209466109E-001  1.245416032912E+001 -2.391922768342E+001  8.803935447553E+001  0.000000000000E+000  6.222080144338E-001
  5.680907021827E-001  1.228015863369E+001 -2.331613112688E+001  7.592184148585E+001  0.000000000000E+000  6.251330007570E-001
  5.755438304707E-001  1.210838764789E+001 -2.279065741001E+001  6.535077632587E+001  0.000000000000E+000  6.280752011625E-001
  5.830814203728E-001  1.193836723031E+001 -2.233353355748E+001  5.618001869561E+001  0.000000000000E+000  6.310427385004E-001
  5.907045797917E-001  1.176966781764E+001 -2.193621756616E+001  4.827412058742E+001  0.000000000000E+000  6.340434440622E-001
  5.984144360243E-001  1.160190757468E+001 -2.159085803438E+001  4.150771609513E+001  0.000000000000E+000  6.370848600423E-001
  6.062121361613E-001  1.143474963008E+001 -2.129025523582E+001  3.576493602811E+001  0.000000000000E+000  6.401742454480E-001
  6.140988474955E-001  1.126789939812E+001 -2.102782362965E+001  3.093884697667E+001  0.000000000000E+000  6.433185848824E-001
  6.220757579409E-001  1.110110198713E+001 -2.079755579518E+001  2.693091442833E+001  0.000000000000E+000  6.465245996785E-001
  6.301440764614E-001  1.093413969432E+001 -2.059398777613E+001  2.365048949237E+001  0.000000000000E+000  6.497987609145E-001
  6.383050335109E-001  1.076682958718E+001 -2.041216581701E+001  2.101431875224E+001  0.000000000000E+000  6.531473038970E-001
  6.465598814833E-001  1.059902117096E+001 -2.024761447120E+001  1.894607673254E+001  0.000000000000E+000  6.565762437487E-001
  6.549098951744E-001  1.043059414178E+001 -2.009630605835E+001  1.737592043756E+001  0.000000000000E+000  6.600913917897E-001
  6.633563722545E-001  1.026145622472E+001 -1.995463144633E+001  1.624006539390E+001  0.000000000000E+000  6.636983724444E-001
  6.719006337539E-001  1.009154109609E+001 -1.981937213124E+001  1.548038260778E+001  0.000000000000E+000  6.674026404546E-001
  6.805440245593E-001  9.920806388858E+000 -1.968767358734E+001  1.504401583046E+001  0.000000000000E+000  6.712094982102E-001
  6.892879139233E-001  9.749231780279E+000 -1.955701985719E+001  1.488301851064E+001  0.000000000000E+000  6.751241130520E-001
  6.981336959871E-001  9.576817160352E+000 -1.942520935135E+001  1.495400980175E+001  0.000000000000E+000  6.791515344254E-001
  7.070827903152E-001  9.403580879965E+000 -1.929033182555E+001  1.521784898430E+001  0.000000000000E+000  6.832967107936E-001
  7.161366424455E-001  9.229558077240E+000 -1.915074650268E+001  1.563932765798E+001  0.000000000000E+000  6.875645062421E-001
  7.252967244510E-001  9.054799080638E+000 -1.900506130619E+001  1.618687905603E+001  0.000000000000E+000  6.919597167265E-001
  7.345645355186E-001  8.879367887258E+000 -1.885211317081E+001  1.683230383439E+001  0.000000000000E+000  6.964870859306E-001
  7.439416025400E-001  8.703340714732E+000 -1.869094939645E+001  1.755051169022E+001  0.000000000000E+000  7.011513207206E-001
  7.534294807203E-001  8.526804625051E+000 -1.852081001047E+001  1.831927816912E+001  0.000000000000E+000  7.059571061891E-001
  7.630297542000E-001  8.349856218602E+000 -1.834111110388E+001  1.911901602631E+001  0.000000000000E+000  7.109091202948E-001
  7.727440366954E-001  8.172600396690E+000 -1.815142910657E+001  1.993256051543E+001  0.000000000000E+000  7.160120481127E-001
  7.825739721536E-001  7.995149190761E+000 -1.795148596733E+001  2.074496798794E+001  0.000000000000E+000  7.212705957147E-001
  7.925212354258E-001  7.817620656527E+000 -1.774113520418E+001  2.154332719752E+001  0.000000000000E+000  7.266895037078E-001
  8.025875329584E-001  7.640137831200E+000 -1.752034879119E+001  2.231658271563E+001  0.000000000000E+000  7.322735604599E-001
  8.127746035011E-001  7.462827752002E+000 -1.728920484817E+001  2.305536987842E+001  0.000000000000E+000  7.380276150480E-001
  8.230842188350E-001  7.285820534129E+000 -1.704787610043E+001  2.375186069897E+001  0.000000000000E+000  7.439565899668E-001
  8.335181845190E-001  7.109248506352E+000 -1.679661907586E+001  2.439962019447E+001  0.000000000000E+000  7.500654936353E-001
  8.440783406568E-001  6.933245402446E+000 -1.653576400787E+001  2.499347259352E+001  0.000000000000E+000  7.563594327444E-001
  8.547665626839E-001  6.757945606618E+000 -1.626570541278E+001  2.552937690539E+001  0.000000000000E+000  7.628436244866E-001
  8.655847621758E-001  6.583483451165E+000 -1.598689331138E+001  2.600431134992E+001  0.000000000000E+000  7.695234087128E-001
  8.765348876780E-001  6.409992564572E+000 -1.569982506515E+001  2.641616616393E+001  0.000000000000E+000  7.764042600593E-001
  8.876189255584E-001  6.237605268295E+000 -1.540503779804E+001  2.676364431776E+001  0.000000000000E+000  7.834918000913E-001
  8.988389008829E-001  6.066452020496E+000 -1.510310137614E+001  2.704616969290E+001  0.000000000000E+000  7.907918095089E-001
  9.101968783143E-001  5.896660905005E+000 -1.479461191783E+001  2.726380228969E+001  0.000000000000E+000  7.983102404614E-001
  9.216949630368E-001  5.728357163837E+000 -1.448018580829E+001  2.741716005167E+001  0.000000000000E+000  8.060532290192E-001
  9.333353017046E-001  5.561662771585E+000 -1.416045419282E+001  2.750734691071E+001  0.000000000000E+000  8.140271078496E-001
  9.451200834176E-001  5.396696050067E+000 -1.383605792461E+001  2.753588667473E+001  0.000000000000E+000  8.222384191478E-001
  9.570515407237E-001  5.233571321608E+000 -1.350764294307E+001  2.750466239681E+001  0.000000000000E+000  8.306939278712E-001
  9.691319506484E-001  5.072398599379E+000 -1.317585606010E+001  2.741586088181E+001  0.000000000000E+000  8.394006353318E-001
  9.813636357544E-001  4.913283313249E+000 -1.284134113222E+001  2.727192200272E+001  0.000000000000E+000  8.483657931960E-001
  9.937489652293E-001  4.756326069613E+000 -1.250473559759E+001  2.707549251597E+001  0.000000000000E+000  8.575969179494E-001
  1.006290356005E+000  4.601622443712E+000 -1.216666735753E+001  2.682938408000E+001  0.000000000000E+000  8.671018058825E-001
  1.018990273907E+000  4.449262802966E+000 -1.182775198315E+001  2.653653519749E+001  0.000000000000E+000  8.768885486548E-001
  1.031851234841E+000  4.299332159895E+000 -1.148859022845E+001  2.619997681608E+001  0.000000000000E+000  8.869655495006E-001
  1.044875806003E+000  4.151910053189E+000 -1.114976583194E+001  2.582280133706E+001  0.000000000000E+000  8.973415401381E-001
  1.058066607138E+000  4.007070455573E+000 -1.081184358965E+001  2.540813479549E+001  0.000000000000E+000  9.080255984512E-001
  1.071426311823E+000  3.864881707069E+000 -1.047536768315E+001  2.495911198833E+001  0.000000000000E+000  9.190271670121E-001
  1.084957648792E+000  3.725406472352E+000 -1.014086024680E+001  2.447885434022E+001  0.000000000000E+000  9.303560725199E-001
  1.098663403298E+000  3.588701720862E+000 -9.808820159176E+000  2.397045030863E+001  0.000000000000E+000  9.420225462344E-001
  1.112546418516E+000  3.454818728400E+000 -9.479722044293E+000  2.343693814183E+001  0.000000000000E+000  9.540372454851E-001
  1.126609596985E+000  3.323803098941E+000 -9.154015468744E+000  2.288129081445E+001  0.000000000000E+000  9.664112763474E-001
  1.140855902095E+000  3.195694805414E+000 -8.832124321614E+000  2.230640297554E+001  0.000000000000E+000  9.791562175752E-001
  1.155288359613E+000  3.070528248246E+000 -8.514446364460E+000  2.171507975456E+001  0.000000000000E+000  9.922841458929E-001
  1.169910059257E+000  2.948332330470E+000 -8.201352939248E+000  2.111002727977E+001  0.000000000000E+000  1.005807662751E+000
  1.184724156317E+000  2.829130548210E+000 -7.893188822636E+000  2.049384477266E+001  0.000000000000E+000  1.019739922660E+000
  1.199733873325E+000  2.712941095422E+000 -7.590272215464E+000  1.986901809053E+001  0.000000000000E+000  1.034094663221E+000
  1.214942501771E+000  2.599776981740E+000 -7.292894856810E+000  1.923791459695E+001  0.000000000000E+000  1.048886236990E+000
  1.230353403874E+000  2.489646162333E+000 -7.001322252365E+000  1.860277924758E+001  0.000000000000E+000  1.064129645307E+000
  1.245970014403E+000  2.382551678699E+000 -6.715794007356E+000  1.796573178568E+001  0.000000000000E+000  1.079840574246E+000
  1.261795842559E+000  2.278491809325E+000 -6.436524254617E+000  1.732876494815E+001  0.000000000000E+000  1.096035432843E+000
  1.277834473907E+000  2.177460229201E+000 -6.163702168807E+000  1.669374358909E+001  0.000000000000E+000  1.112731393781E+000
  1.294089572372E+000  2.079446177171E+000 -5.897492558166E+000  1.606240463368E+001  0.000000000000E+000  1.129946436712E+000
  1.310564882294E+000  1.984434630142E+000 -5.638036525533E+000  1.543635778036E+001  0.000000000000E+000  1.147699394425E+000
  1.327264230548E+000  1.892406483203E+000 -5.385452190736E+000  1.481708687456E+001  0.000000000000E+000  1.166010002068E+000
  1.344191528724E+000  1.803338734738E+000 -5.139835466775E+000  1.420595188185E+001  0.000000000000E+000  1.184898949676E+000
  1.361350775387E+000  1.717204675624E+000 -4.901260882584E+000  1.360419139262E+001  0.000000000000E+000  1.204387938239E+000
  1.378746058390E+000  1.633974081663E+000 -4.669782445454E+000  1.301292559493E+001  0.000000000000E+000  1.224499739598E+000
  1.396381557275E+000  1.553613408414E+000 -4.445434536555E+000  1.243315965584E+001  0.000000000000E+000  1.245258260473E+000
  1.414261545744E+000  1.476085987627E+000 -4.228232833284E+000  1.186578745527E+001  0.000000000000E+000  1.266688610925E+000
  1.432390394201E+000  1.401352224513E+000 -4.018175252499E+000  1.131159562004E+001  0.000000000000E+000  1.288817177632E+000
  1.450772572390E+000  1.329369795121E+000 -3.815242909006E+000  1.077126780904E+001  0.000000000000E+000  1.311671702332E+000
  1.469412652102E+000  1.260093843135E+000 -3.619401083979E+000  1.024538920360E+001  0.000000000000E+000  1.335281365874E+000
  1.488315309978E+000  1.193477175428E+000 -3.430600198294E+000  9.734451160346E+000  0.000000000000E+000  1.359676878308E+000
  1.507485330398E+000  1.129470455753E+000 -3.248776786081E+000  9.238855986518E+000  0.000000000000E+000  1.384890575515E+000
  1.526927608467E+000  1.068022396009E+000 -3.073854464088E+000  8.758921800771E+000  0.000000000000E+000  1.410956522912E+000
  1.546647153093E+000  1.009079944514E+000 -2.905744892774E+000  8.294887445008E+000  0.000000000000E+000  1.437910626815E+000
  1.566649090169E+000  9.525884708116E-001 -2.744348725339E+000  7.846917415532E+000  0.000000000000E+000  1.465790754101E+000
  1.586938665861E+000  8.984919465357E-001 -2.589556541201E+000  7.415106784306E+000  0.000000000000E+000  1.494636860856E+000
  1.607521250000E+000  8.467331219149E-001 -2.441249760754E+000  6.999486083547E+000  0.000000000000E+000  1.524491130788E+000
  1.628402339588E+000  7.972536975418E-001 -2.299301538503E+000  6.600026129337E+000  0.000000000000E+000  1.555398124222E+000
  1.649587562420E+000  7.499944910622E-001 -2.163577631988E+000  6.216642762191E+000  0.000000000000E+000  1.587404938607E+000
  1.671082680832E+000  7.048955984854E-001 -2.033937244202E+000  5.849201484805E+000  0.000000000000E+000  1.620561381522E+000
  1.692893595565E+000  6.618965498542E-001 -1.910233837470E+000  5.497521979405E+000  0.000000000000E+000  1.654920157300E+000
  1.715026349769E+000  6.209364590499E-001 -1.792315917060E+000  5.161382489191E+000  0.000000000000E+000  1.690537068465E+000
  1.737487133138E+000  5.819541675466E-001 -1.680027783041E+000  4.840524050451E+000  0.000000000000E+000  1.727471233311E+000
  1.760282286187E+000  5.448883819647E-001 -1.573210249180E+000  4.534654563862E+000  0.000000000000E+000  1.765785321107E+000
  1.783418304674E+000  5.096778053070E-001 -1.471701327930E+000  4.243452695381E+000  0.000000000000E+000  1.805545806517E+000
  1.806901844175E+000  4.762612617957E-001 -1.375336880770E+000  3.966571598949E+000  0.000000000000E+000  1.846823245031E+000
  1.830739724818E+000  4.445778152607E-001 -1.283951233429E+000  3.703642454938E+000  0.000000000000E+000  1.889692571366E+000
  1.854938936184E+000  4.145668810574E-001 -1.197377755715E+000  3.454277819887E+000  0.000000000000E+000  1.934233423015E+000
  1.879506642368E+000  3.861683315223E-001 -1.115449405892E+000  3.218074784632E+000  0.000000000000E+000  1.980530491339E+000
  1.904450187236E+000  3.593225950015E-001 -1.037999239731E+000  2.994617939348E+000  0.000000000000E+000  2.028673902877E+000
  1.929777099847E+000  3.339707485092E-001 -9.648608845441E-001  2.783482145378E+000  0.000000000000E+000  2.078759633814E+000
  1.955495100083E+000  3.100546040988E-001 -8.958689786840E-001  2.584235114935E+000  0.000000000000E+000  2.130889960898E+000
  1.981612104475E+000  2.875167890463E-001 -8.308595771188E-001  2.396439800920E+000  0.000000000000E+000  2.185173952438E+000
  2.008136232230E+000  2.663008199662E-001 -7.696705238524E-001  2.219656600104E+000  0.000000000000E+000  2.241728003443E+000
  2.035075811486E+000  2.463511709942E-001 -7.121417920653E-001  2.053445373870E+000  0.000000000000E+000  2.300676419422E+000
  2.062439385788E+000  2.276133361882E-001 -6.581157929616E-001  1.897367291484E+000  0.000000000000E+000  2.362152053871E+000
  2.090235720801E+000  2.100338863051E-001 -6.074376543995E-001  1.750986501647E+000  0.000000000000E+000  2.426297005078E+000
  2.118473811262E+000  1.935605201279E-001 -5.599554704568E-001  1.613871638619E+000  0.000000000000E+000  2.493263378535E+000
  2.147162888201E+000  1.781421105192E-001 -5.155205231497E-001  1.485597169790E+000  0.000000000000E+000  2.563214121998E+000
  2.176312426413E+000  1.637287453875E-001 -4.739874775675E-001  1.365744591934E+000  0.000000000000E+000  2.636323941072E+000
  2.205932152222E+000  1.502717637543E-001 -4.352145517260E-001  1.253903483776E+000  0.000000000000E+000  2.712780304202E+000
  2.236032051522E+000  1.377237871146E-001 -3.990636624637E-001  1.149672422674E+000  0.000000000000E+000  2.792784546995E+000
  2.266622378129E+000  1.260387462813E-001 -3.654005487187E-001  1.052659773449E+000  0.000000000000E+000  2.876553087100E+000
  2.297713662445E+000  1.151719039090E-001 -3.340948735248E-001  9.624843574273E-001  0.000000000000E+000  2.964318762253E+000
  2.329316720450E+000  1.050798728835E-001 -3.050203060555E-001  8.787760097964E-001  0.000000000000E+000  3.056332305740E+000
  2.361442663038E+000  9.572063076871E-002 -2.780545850291E-001  8.011760333312E-001  0.000000000000E+000  3.152863975384E+000
  2.394102905709E+000  8.705353049173E-002 -2.530795647589E-001  7.293375564077E-001  0.000000000000E+000  3.254205354284E+000
  2.427309178642E+000  7.903930744716E-002 -2.299812451012E-001  6.629258030804E-001  0.000000000000E+000  3.360671343964E+000
  2.461073537146E+000  7.164008319412E-002 -2.086497865121E-001  6.016182827715E-001  0.000000000000E+000  3.472602373401E+000
  2.495408372530E+000  6.481936591443E-002 -1.889795113802E-001  5.451049068682E-001  0.000000000000E+000  3.590366850610E+000
  2.530326423398E+000  5.854204779426E-002 -1.708688927501E-001  4.930880392327E-001  0.000000000000E+000  3.714363887189E+000
  2.565840787378E+000  5.277439948542E-002 -1.542205315013E-001  4.452824873052E-001  0.000000000000E+000  3.845026330493E+000
  2.601964933334E+000  4.748406179622E-002 -1.389411229875E-001  4.014154401380E-001  0.000000000000E+000  3.982824143081E+000
  2.638712714049E+000  4.264003475561E-002 -1.249414140870E-001  3.612263593306E-001  0.000000000000E+000  4.128268174820E+000
  2.676098379430E+000  3.821266418867E-002 -1.121361515541E-001  3.244668284622E-001  0.000000000000E+000  4.281914379716E+000
  2.714136590232E+000  3.417362593584E-002 -1.004440225041E-001  2.909003662299E-001  0.000000000000E+000  4.444368537272E+000
  2.752842432351E+000  3.049590784335E-002 -8.978758780780E-002  2.603022081154E-001  0.000000000000E+000  4.616291547291E+000
  2.792231431696E+000  2.715378964806E-002 -8.009320911348E-002  2.324590610147E-001  0.000000000000E+000  4.798405377558E+000
  2.832319569669E+000  2.412282087565E-002 -7.129097016245E-002  2.071688348888E-001  0.000000000000E+000  4.991499756281E+000
  2.873123299289E+000  2.137979686850E-002 -6.331459301306E-002  1.842403551198E-001  0.000000000000E+000  5.196439715693E+000
  2.914659561979E+000  1.890273305686E-002 -5.610134973995E-002  1.634930589029E-001  0.000000000000E+000  5.414174110325E+000
  2.956945805065E+000  1.667083758538E-002 -4.959197013162E-002  1.447566786653E-001  0.000000000000E+000  5.645745253677E+000
  3.000000000000E+000  1.466448240593E-002 -4.373054586955E-002  1.278709151812E-001  0.000000000000E+000  5.892299840821E+000
  3.043840661365E+000  1.286517294772E-002 -3.846443163589E-002  1.126851027546E-001  0.000000000000E+000  6.155101352806E+000
  3.088486866678E+000  1.125551647573E-002 -3.374414356528E-002  9.905786856497E-002  0.000000000000E+000  6.435544172273E+000
  3.133958277047E+000  9.819189249625E-003 -2.952325542858E-002  8.685678802036E-002  0.000000000000E+000  6.735169679783E+000
  3.180275158719E+000  8.540902596766E-003 -2.575829291319E-002  7.595803773351E-002  0.000000000000E+000  7.055684648143E+000
  3.227458405560E+000  7.406368014678E-003 -2.240862634459E-002  6.624604753753E-002  0.000000000000E+000  7.398982309358E+000
  3.275529562509E+000  6.402261420579E-003 -1.943636217840E-002  5.761315277836E-002  0.000000000000E+000  7.767166537706E+000
  3.324510850077E+000  5.516186667774E-003 -1.680623357896E-002  4.995924796849E-002  0.000000000000E+000  8.162579675465E+000
  3.374425189910E+000  4.736638451146E-003 -1.448549039102E-002  4.319144275576E-002  0.000000000000E+000  8.587834628224E+000
  3.425296231502E+000  4.052964726170E-003 -1.244378880345E-002  3.722372105069E-002  0.000000000000E+000  9.045851978546E+000
  3.477148380094E+000  3.455328767940E-003 -1.065308099836E-002  3.197660406527E-002  0.000000000000E+000  9.539903015044E+000
  3.530006825834E+000  2.934670998411E-003 -9.087505074837E-003  2.737681794228E-002  0.000000000000E+000  1.007365975514E+001
  3.583897574256E+000  2.482670711269E-003 -7.723275533267E-003  2.335696659471E-002  0.000000000000E+000  1.065125326187E+001
  3.638847478148E+000  2.091707824508E-003 -6.538574603105E-003  1.985521032838E-002  0.000000000000E+000  1.127734182867E+001
  3.694884270887E+000  1.754824790791E-003 -5.513444694088E-003  1.681495078329E-002  0.000000000000E+000  1.195719094370E+001
  3.752036601308E+000  1.465688794874E-003 -4.629682247143E-003  1.418452269990E-002  0.000000000000E+000  1.269676736458E+001
  3.810334070199E+000  1.218554365748E-003 -3.870733256774E-003  1.191689299188E-002  0.000000000000E+000  1.350285015660E+001
  3.869807268505E+000  1.008226528650E-003 -3.221590730830E-003  9.969367585609E-003  0.000000000000E+000  1.438316220079E+001
  3.930487817331E+000  8.300246186422E-004 -2.668694346178E-003  8.303306466572E-003  0.000000000000E+000  1.534652649960E+001
  3.992408409843E+000  6.797468730213E-004 -2.199832549638E-003  6.883847352225E-003  0.000000000000E+000  1.640305264567E+001
  4.055602855172E+000  5.536359144941E-004 -1.804047342424E-003  5.679638388857E-003  0.000000000000E+000  1.756436013529E+001
  4.120106124432E+000  4.483452306882E-004 -1.471541973282E-003  4.662580244974E-003  0.000000000000E+000  1.884384688843E+001
  4.185954398964E+000  3.609067483589E-004 -1.193591750412E-003  3.807577945452E-003  0.000000000000E+000  2.025701349096E+001
  4.253185120935E+000  2.886995925267E-004 -9.624581652129E-004  3.092302758553E-003  0.000000000000E+000  2.182185645298E+001
  4.321837046422E+000  2.294201118617E-004 -7.713065019822E-004  2.496964411663E-003  0.000000000000E+000  2.355934738011E+001
  4.391950301120E+000  1.810532419729E-004 -6.141270870744E-004  2.004093871524E-003  0.000000000000E+000  2.549401965582E+001
  4.463566438835E+000  1.418452679608E-004 -4.856603088494E-004  1.598336880871E-003  0.000000000000E+000  2.765469040449E+001
  4.536728502895E+000  1.102780367458E-004 -3.813255162803E-004  1.266258396385E-003  0.000000000000E+000  3.007535365905E+001
  4.611481090679E+000  8.504465840802E-005 -2.971538795262E-004  9.961580230791E-004  0.000000000000E+000  3.279629150171E+001
  4.687870421430E+000  6.502672419727E-005 -2.297252704217E-004  7.778964884976E-004  0.000000000000E+000  3.586546446672E+001
  4.765944407533E+000  4.927305710873E-005 -1.761091949328E-004  6.027331468829E-004  0.000000000000E+000  3.934026207139E+001
  4.845752729492E+000  3.697999913299E-005 -1.338097834956E-004  4.631744496356E-004  0.000000000000E+000  4.328972092119E+001
  4.927346914797E+000  2.747322760516E-005 -1.007148190635E-004  3.528332645114E-004  0.000000000000E+000  4.779735417270E+001
  5.010780420931E+000  2.019108166024E-005 -7.504875696362E-005  2.662988728062E-004  0.000000000000E+000  5.296478615493E+001
  5.096108722763E+000  1.466936879864E-005 -5.532966559765E-005  1.990174218777E-004  0.000000000000E+000  5.891645522996E+001
  5.183389404586E+000  1.052761113172E-005 -4.032999293648E-005  1.471825603518E-004  0.000000000000E+000  6.580574446604E+001
  5.272682257105E+000  7.456681164060E-006 -2.904104095737E-005  1.076359358435E-004  0.000000000000E+000  7.382303462481E+001
  5.364049379651E+000  5.207768120618E-006 -2.064100896353E-005  7.777719052186E-005  0.000000000000E+000  8.320636290580E+001
  5.457555287978E+000  3.582607979338E-006 -1.446644741134E-005  5.548304891211E-005  0.000000000000E+000  9.425563464090E+001
  5.553267027968E+000  2.424903642904E-006 -9.986946731266E-006  3.903505545279E-005  0.000000000000E+000  1.073516991830E+002
  5.651254295630E+000  1.612856180986E-006 -6.782870931094E-006  2.705548702273E-005  0.000000000000E+000  1.229820903632E+002
  5.751589563796E+000  1.052723876364E-006 -4.525933747464E-006  1.845093838514E-005  0.000000000000E+000  1.417758502670E+002
  5.854348215936E+000  6.733229685778E-007 -2.962405957575E-006  1.236305671402E-005  0.000000000000E+000  1.645505260693E+002
  5.959608687557E+000  4.213825312148E-007 -1.898736322989E-006  8.125885460167E-006  0.000000000000E+000  1.923748270416E+002
  6.067452615683E+000  2.576658347313E-007 -1.189365595836E-006  5.229268106064E-006  0.000000000000E+000  2.266495211848E+002
  6.177964996951E+000  1.537717928888E-007 -7.265130916966E-007  3.287759076654E-006  0.000000000000E+000  2.692040105082E+002
  6.291234354880E+000  8.953259010520E-008 -4.317184649835E-007  2.014492327412E-006  0.000000000000E+000  3.223888665880E+002
  6.407352916949E+000  5.092722867822E-008 -2.489273746648E-007  1.199467886060E-006  0.000000000000E+000  3.890962725120E+002
  6.526416802128E+000  2.843537800623E-008 -1.389184844927E-007  6.917326835212E-007  0.000000000000E+000  4.725206030946E+002
  6.648526219580E+000  1.576138573508E-008 -7.488041005243E-008  3.849540017074E-007  0.000000000000E+000  5.752310038234E+002
  6.773785679311E+000  8.864436179912E-009 -3.896044449762E-008  2.059112421301E-007  0.000000000000E+000  6.968779326541E+002
  6.902304215570E+000  5.237414391961E-009 -1.962174865322E-008  1.054637625822E-007  0.000000000000E+000  8.304906980507E+002
  7.034195623922E+000  3.383849711516E-009 -9.661721198585E-009  5.158837212093E-008  0.000000000000E+000  9.606607850585E+002
  7.169578712934E+000  2.449168752388E-009 -4.760990262982E-009  2.411873073326E-008  0.000000000000E+000  1.069959933173E+003
  7.308577571516E+000  1.969194283479E-009 -2.449406038590E-009  1.085930331447E-008  0.000000000000E+000  1.150652616759E+003
  7.451321853057E+000  1.705212620446E-009 -1.392100678104E-009  4.787569073833E-009  0.000000000000E+000  1.207204666328E+003
  7.597947077547E+000  1.540853234515E-009 -9.146913502976E-010  2.098806324086E-009  0.000000000000E+000  1.248686242260E+003
  7.748594953021E+000  1.421366943015E-009 -7.016662363420E-010  8.869465466811E-010  0.000000000000E+000  1.282739144409E+003
  7.903413717736E+000  1.320574514703E-009 -6.156142381464E-010  2.918243163843E-010  0.000000000000E+000  1.314577256655E+003
  8.062558504629E+000  1.224742916953E-009 -5.970214978149E-010 -2.309972542177E-011  0.000000000000E+000  1.348006871644E+003
  8.226191729726E+000  1.125923830862E-009 -6.147322447332E-010 -1.683528771026E-010  0.000000000000E+000  1.386343172052E+003
  8.394483506327E+000  1.019882566137E-009 -6.458147009082E-010 -1.810903156373E-010  0.000000000000E+000  1.432815800980E+003
  8.567612086926E+000  9.057065319773E-010 -6.705217213901E-010 -9.046924816322E-011  0.000000000000E+000  1.490657667373E+003
  8.745764335025E+000  7.855835791911E-010 -6.733972320035E-010  6.442093166940E-011  0.000000000000E+000  1.563062291356E+003
  8.929136229160E+000  6.641687223143E-010 -6.455156732409E-010  2.382617608051E-010  0.000000000000E+000  1.653030797916E+003
  9.117933401693E+000  5.475068943832E-010 -5.855539636263E-010  3.895260422059E-010  0.000000000000E+000  1.762965800077E+003
  9.312371715124E+000  4.417434995888E-010 -4.991068231470E-010  4.889380740550E-010  0.000000000000E+000  1.893725508206E+003
  9.512677878945E+000  3.519215803627E-010 -3.965939265099E-010  5.233991050506E-010  0.000000000000E+000  2.042796563032E+003
  9.719090110332E+000  2.811114615997E-010 -2.904876717860E-010  4.953079775624E-010  0.000000000000E+000  2.201646388346E+003
  9.931858842267E+000  2.300085789275E-010 -1.926064773214E-010  4.186324049251E-010  0.000000000000E+000  2.353923836168E+003
  1.015124748302E+001  1.970147141608E-010 -1.120316129186E-010  3.135019091482E-010  0.000000000000E+000  2.478606193686E+003
  1.037753323129E+001  1.787179483856E-010 -5.394005797223E-011  2.008968845936E-010  0.000000000000E+000  2.560458226742E+003
  1.061100795175E+001  1.706236045971E-010 -1.938863958422E-011  9.851343306211E-011  0.000000000000E+000  2.600323498992E+003
  1.085197911611E+001  1.679664623164E-010 -5.887661801114E-012  1.831747030945E-011  0.000000000000E+000  2.613963745499E+003
  1.110077081537E+001  1.664487949035E-010 -8.487617996243E-012 -3.419082448081E-011  0.000000000000E+000  2.621884361532E+003
  1.135772484956E+001  1.627889577925E-010 -2.106985894344E-011 -5.932534927608E-011  0.000000000000E+000  2.641387413166E+003
  1.162320190175E+001  1.550186784854E-010 -3.756563349967E-011 -6.167496268209E-011  0.000000000000E+000  2.684802899372E+003
  1.189758280382E+001  1.425216270623E-010 -5.290433043285E-011 -4.820443745009E-011  0.000000000000E+000  2.761087443870E+003
  1.218126990242E+001  1.258514494226E-010 -6.358616105389E-011 -2.644229022636E-011  0.000000000000E+000  2.877979377933E+003
  1.247468853413E+001  1.063979667778E-010 -6.786532388930E-011 -3.060817256313E-012  0.000000000000E+000  3.043658868050E+003
  1.277828862002E+001  8.598329742204E-011 -6.560141140086E-011  1.700421242789E-011  0.000000000000E+000  3.267651405008E+003
  1.309254639077E+001  6.646633672646E-011 -5.788125048533E-011  3.088690458357E-011  0.000000000000E+000  3.560463219605E+003
  1.341796625462E+001  4.941805682710E-011 -4.652917716099E-011  3.767191297670E-011  0.000000000000E+000  3.930174770703E+003
  1.375508282195E+001  3.590660316684E-011 -3.361501820465E-011  3.797204176119E-011  0.000000000000E+000  4.371686168560E+003
  1.410446310162E+001  2.640562710166E-011 -2.104324393481E-011  3.336447165021E-011  0.000000000000E+000  4.843302442132E+003
  1.446670888596E+001  2.081643884895E-011 -1.027256019399E-011  2.582632048011E-011  0.000000000000E+000  5.242900389261E+003
  1.484245934302E+001  1.857775613772E-011 -2.180718653734E-012  1.726954972983E-011  0.000000000000E+000  5.445561481080E+003
  1.523239383723E+001  1.882772400386E-011  2.939277031486E-012  9.228028658326E-012  0.000000000000E+000  5.421354548965E+003
  1.563723500136E+001  2.058150478121E-011  5.284478096710E-012  2.706490553047E-012  0.000000000000E+000  5.262773875119E+003
  1.605775208607E+001  2.289276340606E-011  5.390259168683E-012 -1.831041252604E-012  0.000000000000E+000  5.079344604983E+003
  1.649476461582E+001  2.497664466474E-011  3.962109603370E-012 -4.374237886168E-012  0.000000000000E+000  4.933961084906E+003
  1.694914638379E+001  2.628290187471E-011  1.723734548445E-012 -5.227113301222E-012  0.000000000000E+000  4.850829168459E+003
  1.742182982203E+001  2.651842987155E-011 -6.972596317520E-013 -4.857783132860E-012  0.000000000000E+000  4.836425282473E+003
  1.791381078784E+001  2.562687049640E-011 -2.837042475705E-012 -3.767771087986E-012  0.000000000000E+000  4.891873599527E+003
  1.842615381215E+001  2.373822592985E-011 -4.418095718766E-012 -2.398054867424E-012  0.000000000000E+000  5.018312073410E+003
  1.895999786176E+001  2.110332161553E-011 -5.335524381881E-012 -1.076758858681E-012  0.000000000000E+000  5.219034235077E+003
  1.951656267356E+001  1.802692924215E-011 -5.619844631714E-012 -4.112469476256E-015  0.000000000000E+000  5.500470420499E+003
  2.009715572669E+001  1.481023964937E-011 -5.389406140094E-012  7.351717420666E-013  0.000000000000E+000  5.872906088131E+003
  2.070317992707E+001  1.170919297110E-011 -4.803565747695E-012  1.143747804295E-012  0.000000000000E+000  6.351331251137E+003
  2.133614208874E+001  8.910917048692E-012 -4.024277156146E-012  1.278356024291E-012  0.000000000000E+000  6.956641415558E+003
  2.199766230782E+001  6.526960011312E-012 -3.189929852649E-012  1.219326776632E-012  0.000000000000E+000  7.717383833180E+003
  2.268948433818E+001  4.599592616757E-012 -2.401894901664E-012  1.047458370215E-012  0.000000000000E+000  8.672293394795E+003
  2.341348709294E+001  3.116345162434E-012 -1.721820478543E-012  8.298020075360E-013  0.000000000000E+000  9.873972205608E+003
  2.417169741362E+001  2.027980166615E-012 -1.176429330490E-012  6.135996855603E-013  0.000000000000E+000  1.139425279225E+004
  2.496630426925E+001  1.265981315133E-012 -7.663112161105E-013  4.263126986376E-013  0.000000000000E+000  1.333208231060E+004
  2.579967457140E+001  7.569549131708E-013 -4.757040080482E-013  2.792813509763E-013  0.000000000000E+000  0.000000000000E+000
  2.667437081864E+001  4.327176416396E-013 -2.811602604502E-013  1.728009445339E-013  0.000000000000E+000  0.000000000000E+000
  2.759317081651E+001  2.360042026330E-013 -1.579943731987E-013  1.010192019968E-013  0.000000000000E+000  0.000000000000E+000
  2.855908975674E+001  1.225110069312E-013 -8.425467401952E-014  5.576565816408E-014  0.000000000000E+000  0.000000000000E+000
  2.957540498378E+001  6.036630883858E-014 -4.254250583377E-014  2.903070621493E-014  0.000000000000E+000  0.000000000000E+000
  3.064568382919E+001  2.814863666729E-014 -2.028431216784E-014  1.422385968185E-014  0.000000000000E+000  0.000000000000E+000
  3.177381495601E+001  1.237904245575E-014 -9.104463329911E-015  6.542357046347E-015  0.000000000000E+000  0.000000000000E+000
  3.296404372807E+001  5.114923752402E-015 -3.833224007060E-015  2.816143395740E-015  0.000000000000E+000  0.000000000000E+000
  3.422101220608E+001  1.977359368519E-015 -1.507814310396E-015  1.130279824206E-015  0.000000000000E+000  0.000000000000E+000
  3.554980447538E+001  7.118635612184E-016 -5.516302461657E-016  4.212025479861E-016  0.000000000000E+000  0.000000000000E+000
  3.695599813319E+001  2.374221084554E-016 -1.867560071743E-016  1.450366470456E-016  0.000000000000E+000  0.000000000000E+000
  3.844572291106E+001  7.293924094034E-017 -5.818109263334E-017  4.589671227933E-017  0.000000000000E+000  0.000000000000E+000
  4.002572758518E+001  2.050906241625E-017 -1.657460732326E-017  1.326609042152E-017  0.000000000000E+000  0.000000000000E+000
  4.170345654134E+001  5.240805212250E-018 -4.287657702854E-018  3.478400324983E-018  0.000000000000E+000  0.000000000000E+000
  4.348713762001E+001  1.207531433304E-018 -9.993693749650E-019  8.210176213462E-019  0.000000000000E+000  0.000000000000E+000
  4.538588318162E+001  2.476536200897E-019 -2.070310126746E-019  1.719249014526E-019  0.000000000000E+000  0.000000000000E+000
  4.740980671574E+001  4.519471663726E-020 -4.015499263818E-020  3.400100578459E-020  0.000000000000E+000  0.000000000000E+000
  4.957015778746E+001  7.462007151745E-021 -5.944582025971E-021  4.031023516442E-021  0.000000000000E+000  0.000000000000E+000
  5.187947869225E+001  8.532096044639E-022 -7.207793463829E-022  1.178436365563E-021  0.000000000000E+000  0.000000000000E+000
  5.435178690397E+001  1.669013891335E-022 -1.291961928316E-022 -1.891432547765E-023  0.000000000000E+000  0.000000000000E+000
  5.700278828629E+001  6.577473231248E-025 -2.851869864053E-023  2.545802117752E-023  0.000000000000E+000  0.000000000000E+000
  5.985012714155E+001  2.476636090618E-024  0.000000000000E+000  0.000000000000E+000  0.000000000000E+000  0.000000000000E+000
  6.291368055481E+001  0.000000000000E+000  0.000000000000E+000  0.000000000000E+000  0.000000000000E+000  0.000000000000E+000
  6.621590623276E+001  0.000000000000E+000  0.000000000000E+000  0.000000000000E+000  0.000000000000E+000  0.000000000000E+000
  6.978225524452E+001  0.000000000000E+000  0.000000000000E+000  0.000000000000E+000  0.000000000000E+000  0.000000000000E+000
  7.364166388185E+001  0.000000000000E+000  0.000000000000E+000  0.000000000000E+000  0.000000000000E+000  0.000000000000E+000
  7.782714245929E+001  0.000000000000E+000  0.000000000000E+000  0.000000000000E+000  0.000000000000E+000  0.000000000000E+000
  8.237648351994E+001  0.000000000000E+000  0.000000000000E+000  0.000000000000E+000  0.000000000000E+000  0.000000000000E+000
  8.733311794502E+001  0.000000000000E+000  0.000000000000E+000  0.000000000000E+000  0.000000000000E+000  0.000000000000E+000
  9.274715535088E+001  0.000000000000E+000  0.000000000000E+000  0.000000000000E+000  0.000000000000E+000  0.000000000000E+000
  9.867665554529E+001  0.000000000000E+000  0.000000000000E+000  0.000000000000E+000  0.000000000000E+000  0.000000000000E+000
  1.051891916055E+002  0.000000000000E+000  0.000000000000E+000  0.000000000000E+000  0.000000000000E+000  0.000000000000E+000
  1.123637836013E+002  0.000000000000E+000  0.000000000000E+000  0.000000000000E+000  0.000000000000E+000  0.000000000000E+000
  1.202933069206E+002  0.000000000000E+000  0.000000000000E+000  0.000000000000E+000  0.000000000000E+000  0.000000000000E+000
  1.290875131414E+002  0.000000000000E+000  0.000000000000E+000  0.000000000000E+000  0.000000000000E+000  0.000000000000E+000
  1.388768482001E+002  0.000000000000E+000  0.000000000000E+000  0.000000000000E+000  0.000000000000E+000  0.000000000000E+000
  1.498173177370E+002  0.000000000000E+000  0.000000000000E+000  0.000000000000E+000  0.000000000000E+000  0.000000000000E+000
  1.620967411853E+002  0.000000000000E+000  0.000000000000E+000  0.000000000000E+000  0.000000000000E+000  0.000000000000E+000
  1.759428668168E+002  0.000000000000E+000  0.000000000000E+000  0.000000000000E+000  0.000000000000E+000  0.000000000000E+000
  1.916340085825E+002  0.000000000000E+000  0.000000000000E+000  0.000000000000E+000  0.000000000000E+000  0.000000000000E+000
  2.095131417987E+002  0.000000000000E+000  0.000000000000E+000  0.000000000000E+000  0.000000000000E+000  0.000000000000E+000
  2.300068054477E+002  0.000000000000E+000  0.000000000000E+000  0.000000000000E+000  0.000000000000E+000  0.000000000000E+000
  2.536507797910E+002  0.000000000000E+000  0.000000000000E+000  0.000000000000E+000  0.000000000000E+000  0.000000000000E+000
  2.811254638474E+002  0.000000000000E+000  0.000000000000E+000  0.000000000000E+000  0.000000000000E+000  0.000000000000E+000
  3.133053780630E+002  0.000000000000E+000  0.000000000000E+000  0.000000000000E+000  0.000000000000E+000  0.000000000000E+000
  3.513296254502E+002  0.000000000000E+000  0.000000000000E+000  0.000000000000E+000  0.000000000000E+000  0.000000000000E+000
  3.967041014107E+002  0.000000000000E+000  0.000000000000E+000  0.000000000000E+000  0.000000000000E+000  0.000000000000E+000
  4.514529193350E+002  0.000000000000E+000  0.000000000000E+000  0.000000000000E+000  0.000000000000E+000  0.000000000000E+000
  5.183481233601E+002  0.000000000000E+000  0.000000000000E+000  0.000000000000E+000  0.000000000000E+000  0.000000000000E+000
  6.012676077950E+002  0.000000000000E+000  0.000000000000E+000  0.000000000000E+000  0.000000000000E+000  0.000000000000E+000
  7.057700503752E+002  0.000000000000E+000  0.000000000000E+000  0.000000000000E+000  0.000000000000E+000  0.000000000000E+000
  8.400513767914E+002  0.000000000000E+000  0.000000000000E+000  0.000000000000E+000  0.000000000000E+000  0.000000000000E+000
  1.016602135495E+003  0.000000000000E+000  0.000000000000E+000  0.000000000000E+000  0.000000000000E+000  0.000000000000E+000
  1.255220715579E+003  0.000000000000E+000  0.000000000000E+000  0.000000000000E+000  0.000000000000E+000  0.000000000000E+000
  1.588815776243E+003  0.000000000000E+000  0.000000000000E+000  0.000000000000E+000  0.000000000000E+000  0.000000000000E+000
  2.075392011604E+003  0.000000000000E+000  0.000000000000E+000  0.000000000000E+000  0.000000000000E+000  0.000000000000E+000
  2.825079847528E+003  0.000000000000E+000  0.000000000000E+000  0.000000000000E+000  0.000000000000E+000  0.000000000000E+000
  4.068408296183E+003  0.000000000000E+000  0.000000000000E+000  0.000000000000E+000  0.000000000000E+000  0.000000000000E+000
  6.357262947672E+003  0.000000000000E+000  0.000000000000E+000  0.000000000000E+000  0.000000000000E+000  0.000000000000E+000
  1.130231930164E+004  0.000000000000E+000  0.000000000000E+000  0.000000000000E+000  0.000000000000E+000  0.000000000000E+000
  2.543105175136E+004  0.000000000000E+000  0.000000000000E+000  0.000000000000E+000  0.000000000000E+000  0.000000000000E+000
  1.017262069952E+005  0.000000000000E+000  0.000000000000E+000  0.000000000000E+000  0.000000000000E+000  0.000000000000E+000
