# 1st line: number of mesh points
# abcissa wavefunction wavefunction_1st wavefunction_2nd
500
# Principal QN=   2 , l=   0 , Occupation=   2.0000
  9.830308526563E-006  1.023741941409E+001 -8.321258529572E+001  5.877057722734E+002
  3.932200719722E-005  1.023496558916E+001 -8.319525477069E+001  5.875758083026E+002
  8.847741541467E-005  1.023087680223E+001 -8.316637756458E+001  5.873592601664E+002
  1.573003992805E-004  1.022515443477E+001 -8.312596417690E+001  5.870562155510E+002
  2.457963722418E-004  1.021780041996E+001 -8.307402929898E+001  5.866667971442E+002
  3.539722959954E-004  1.020881724177E+001 -8.301059180617E+001  5.861911625618E+002
  4.818366816529E-004  1.019820793382E+001 -8.293567474762E+001  5.856295042543E+002
  6.293995911626E-004  1.018597607799E+001 -8.284930533387E+001  5.849820493920E+002
  7.966726389935E-004  1.017212580274E+001 -8.275151492225E+001  5.842490597300E+002
  9.836689940782E-004  1.015666178120E+001 -8.264233900002E+001  5.834308314522E+002
  1.190403382016E-003  1.013958922905E+001 -8.252181716522E+001  5.825276949953E+002
  1.416892087541E-003  1.012091390206E+001 -8.238999310544E+001  5.815400148519E+002
  1.663152957245E-003  1.010064209344E+001 -8.224691457433E+001  5.804681893541E+002
  1.929205402573E-003  1.007878063096E+001 -8.209263336593E+001  5.793126504360E+002
  2.215070403073E-003  1.005533687377E+001 -8.192720528685E+001  5.780738633776E+002
  2.520770509919E-003  1.003031870900E+001 -8.175069012630E+001  5.767523265279E+002
  2.846329849692E-003  1.000373454815E+001 -8.156315162404E+001  5.753485710085E+002
  3.191774128432E-003  9.975593323177E+000 -8.136465743611E+001  5.738631603988E+002
  3.557130635959E-003  9.945904482395E+000 -8.115527909864E+001  5.722966904006E+002
  3.942428250463E-003  9.914677986112E+000 -8.093509198943E+001  5.706497884852E+002
  4.347697443358E-003  9.881924302050E+000 -8.070417528763E+001  5.689231135205E+002
  4.772970284417E-003  9.847654400523E+000 -8.046261193131E+001  5.671173553809E+002
  5.218280447175E-003  9.811879749390E+000 -8.021048857312E+001  5.652332345375E+002
  5.683663214611E-003  9.774612308784E+000 -7.994789553393E+001  5.632715016321E+002
  6.169155485101E-003  9.735864525618E+000 -7.967492675456E+001  5.612329370321E+002
  6.674795778653E-003  9.695649327868E+000 -7.939167974567E+001  5.591183503688E+002
  7.200624243425E-003  9.653980118648E+000 -7.909825553568E+001  5.569285800586E+002
  7.746682662519E-003  9.610870770060E+000 -7.879475861694E+001  5.546644928073E+002
  8.313014461060E-003  9.566335616845E+000 -7.848129689003E+001  5.523269830980E+002
  8.899664713569E-003  9.520389449822E+000 -7.815798160642E+001  5.499169726631E+002
  9.506680151615E-003  9.473047509128E+000 -7.782492730920E+001  5.474354099407E+002
  1.013410917176E-002  9.424325477257E+000 -7.748225177235E+001  5.448832695155E+002
  1.078200184380E-002  9.374239471900E+000 -7.713007593816E+001  5.422615515445E+002
  1.145040991929E-002  9.322806038607E+000 -7.676852385316E+001  5.395712811690E+002
  1.213938684040E-002  9.270042143247E+000 -7.639772260242E+001  5.368135079115E+002
  1.284898774901E-002  9.215965164295E+000 -7.601780224238E+001  5.339893050592E+002
  1.357926949620E-002  9.160592884938E+000 -7.562889573209E+001  5.310997690346E+002
  1.433029065191E-002  9.103943485006E+000 -7.523113886312E+001  5.281460187523E+002
  1.510211151509E-002  9.046035532734E+000 -7.482467018799E+001  5.251291949645E+002
  1.589479412397E-002  8.986887976364E+000 -7.440963094730E+001  5.220504595932E+002
  1.670840226680E-002  8.926520135577E+000 -7.398616499551E+001  5.189109950520E+002
  1.754300149280E-002  8.864951692778E+000 -7.355441872552E+001  5.157120035559E+002
  1.839865912351E-002  8.802202684228E+000 -7.311454099194E+001  5.124547064213E+002
  1.927544426443E-002  8.738293491030E+000 -7.266668303336E+001  5.091403433553E+002
  2.017342781695E-002  8.673244829974E+000 -7.221099839331E+001  5.057701717352E+002
  2.109268249069E-002  8.607077744249E+000 -7.174764284037E+001  5.023454658798E+002
  2.203328281612E-002  8.539813594021E+000 -7.127677428708E+001  4.988675163111E+002
  2.299530515754E-002  8.471474046893E+000 -7.079855270805E+001  4.953376290082E+002
  2.397882772639E-002  8.402081068234E+000 -7.031314005707E+001  4.917571246539E+002
  2.498393059493E-002  8.331656911408E+000 -6.982070018343E+001  4.881273378738E+002
  2.601069571024E-002  8.260224107883E+000 -6.932139874739E+001  4.844496164689E+002
  2.705920690860E-002  8.187805457243E+000 -6.881540313500E+001  4.807253206428E+002
  2.812954993023E-002  8.114424017100E+000 -6.830288237216E+001  4.769558222226E+002
  2.922181243436E-002  8.040103092915E+000 -6.778400703806E+001  4.731425038756E+002
  3.033608401473E-002  7.964866227736E+000 -6.725894917812E+001  4.692867583210E+002
  3.147245621542E-002  7.888737191846E+000 -6.672788221632E+001  4.653899875385E+002
  3.263102254705E-002  7.811739972352E+000 -6.619098086719E+001  4.614536019732E+002
  3.381187850339E-002  7.733898762689E+000 -6.564842104727E+001  4.574790197382E+002
  3.501512157837E-002  7.655237952073E+000 -6.510037978639E+001  4.534676658144E+002
  3.624085128345E-002  7.575782114893E+000 -6.454703513849E+001  4.494209712500E+002
  3.748916916538E-002  7.495556000050E+000 -6.398856609240E+001  4.453403723580E+002
  3.876017882444E-002  7.414584520256E+000 -6.342515248234E+001  4.412273099135E+002
  4.005398593302E-002  7.332892741287E+000 -6.285697489835E+001  4.370832283519E+002
  4.137069825459E-002  7.250505871213E+000 -6.228421459668E+001  4.329095749673E+002
  4.271042566323E-002  7.167449249591E+000 -6.170705341024E+001  4.287077991121E+002
  4.407328016341E-002  7.083748336645E+000 -6.112567365903E+001  4.244793513993E+002
  4.545937591035E-002  6.999428702425E+000 -6.054025806080E+001  4.202256829068E+002
  4.686882923075E-002  6.914516015962E+000 -5.995098964186E+001  4.159482443849E+002
  4.830175864396E-002  6.829036034417E+000 -5.935805164814E+001  4.116484854677E+002
  4.975828488365E-002  6.743014592236E+000 -5.876162745660E+001  4.073278538883E+002
  5.123853091993E-002  6.656477590310E+000 -5.816190048697E+001  4.029877946997E+002
  5.274262198188E-002  6.569450985156E+000 -5.755905411397E+001  3.986297495005E+002
  5.427068558066E-002  6.481960778117E+000 -5.695327157994E+001  3.942551556663E+002
  5.582285153302E-002  6.394033004583E+000 -5.634473590813E+001  3.898654455887E+002
  5.739925198530E-002  6.305693723255E+000 -5.573362981650E+001  3.854620459207E+002
  5.900002143803E-002  6.216969005443E+000 -5.512013563221E+001  3.810463768295E+002
  6.062529677088E-002  6.127884924407E+000 -5.450443520688E+001  3.766198512584E+002
  6.227521726827E-002  6.038467544751E+000 -5.388670983253E+001  3.721838741969E+002
  6.394992464542E-002  5.948742911874E+000 -5.326714015845E+001  3.677398419603E+002
  6.564956307496E-002  5.858737041479E+000 -5.264590610888E+001  3.632891414789E+002
  6.737427921404E-002  5.768475909155E+000 -5.202318680167E+001  3.588331495982E+002
  6.912422223211E-002  5.677985440027E+000 -5.139916046791E+001  3.543732323892E+002
  7.089954383907E-002  5.587291498486E+000 -5.077400437265E+001  3.499107444705E+002
  7.270039831418E-002  5.496419878006E+000 -5.014789473665E+001  3.454470283428E+002
  7.452694253540E-002  5.405396291044E+000 -4.952100665934E+001  3.409834137348E+002
  7.637933600943E-002  5.314246359041E+000 -4.889351404291E+001  3.365212169627E+002
  7.825774090225E-002  5.222995602517E+000 -4.826558951775E+001  3.320617403028E+002
  8.016232207035E-002  5.131669431276E+000 -4.763740436908E+001  3.276062713780E+002
  8.209324709253E-002  5.040293134715E+000 -4.700912846495E+001  3.231560825585E+002
  8.405068630235E-002  4.948891872250E+000 -4.638093018569E+001  3.187124303774E+002
  8.603481282122E-002  4.857490663864E+000 -4.575297635470E+001  3.142765549608E+002
  8.804580259214E-002  4.766114380773E+000 -4.512543217075E+001  3.098496794745E+002
  9.008383441408E-002  4.674787736225E+000 -4.449846114181E+001  3.054330095854E+002
  9.214908997710E-002  4.583535276427E+000 -4.387222502045E+001  3.010277329403E+002
  9.424175389809E-002  4.492381371616E+000 -4.324688374075E+001  2.966350186606E+002
  9.636201375725E-002  4.401350207263E+000 -4.262259535693E+001  2.922560168545E+002
  9.851006013526E-002  4.310465775429E+000 -4.199951598361E+001  2.878918581464E+002
  1.006860866512E-001  4.219751866264E+000 -4.137779973778E+001  2.835436532241E+002
  1.028902900012E-001  4.129232059662E+000 -4.075759868247E+001  2.792124924036E+002
  1.051228699979E-001  4.038929717073E+000 -4.013906277227E+001  2.748994452129E+002
  1.073840296104E-001  3.948867973472E+000 -3.952233980052E+001  2.706055599937E+002
  1.096739750056E-001  3.859069729493E+000 -3.890757534844E+001  2.663318635226E+002
  1.119929155896E-001  3.769557643729E+000 -3.829491273604E+001  2.620793606502E+002
  1.143410640503E-001  3.680354125198E+000 -3.768449297490E+001  2.578490339610E+002
  1.167186364011E-001  3.591481325987E+000 -3.707645472291E+001  2.536418434515E+002
  1.191258520249E-001  3.502961134064E+000 -3.647093424083E+001  2.494587262285E+002
  1.215629337189E-001  3.414815166270E+000 -3.586806535086E+001  2.453005962273E+002
  1.240301077413E-001  3.327064761494E+000 -3.526797939710E+001  2.411683439496E+002
  1.265276038575E-001  3.239730974023E+000 -3.467080520805E+001  2.370628362214E+002
  1.290556553882E-001  3.152834567078E+000 -3.407666906101E+001  2.329849159712E+002
  1.316144992580E-001  3.066396006538E+000 -3.348569464849E+001  2.289354020287E+002
  1.342043760450E-001  2.980435454849E+000 -3.289800304667E+001  2.249150889434E+002
  1.368255300316E-001  2.894972765119E+000 -3.231371268575E+001  2.209247468234E+002
  1.394782092560E-001  2.810027475410E+000 -3.173293932247E+001  2.169651211950E+002
  1.421626655646E-001  2.725618803211E+000 -3.115579601445E+001  2.130369328827E+002
  1.448791546661E-001  2.641765640112E+000 -3.058239309671E+001  2.091408779088E+002
  1.476279361856E-001  2.558486546666E+000 -3.001283816011E+001  2.052776274137E+002
  1.504092737207E-001  2.475799747444E+000 -2.944723603178E+001  2.014478275969E+002
  1.532234348983E-001  2.393723126288E+000 -2.888568875764E+001  1.976520996770E+002
  1.560706914324E-001  2.312274221751E+000 -2.832829558681E+001  1.938910398723E+002
  1.589513191834E-001  2.231470222739E+000 -2.777515295808E+001  1.901652194015E+002
  1.618655982178E-001  2.151327964340E+000 -2.722635448830E+001  1.864751845033E+002
  1.648138128702E-001  2.071863923852E+000 -2.668199096276E+001  1.828214564761E+002
  1.677962518056E-001  1.993094217000E+000 -2.614215032751E+001  1.792045317368E+002
  1.708132080832E-001  1.915034594351E+000 -2.560691768355E+001  1.756248818982E+002
  1.738649792215E-001  1.837700437912E+000 -2.507637528302E+001  1.720829538664E+002
  1.769518672648E-001  1.761106757933E+000 -2.455060252717E+001  1.685791699551E+002
  1.800741788507E-001  1.685268189885E+000 -2.402967596625E+001  1.651139280195E+002
  1.832322252791E-001  1.610198991636E+000 -2.351366930123E+001  1.616876016075E+002
  1.864263225826E-001  1.535913040812E+000 -2.300265338728E+001  1.583005401283E+002
  1.896567915983E-001  1.462423832347E+000 -2.249669623906E+001  1.549530690389E+002
  1.929239580409E-001  1.389744476206E+000 -2.199586303777E+001  1.516454900469E+002
  1.962281525771E-001  1.317887695308E+000 -2.150021613985E+001  1.483780813300E+002
  1.995697109023E-001  1.246865823614E+000 -2.100981508743E+001  1.451510977716E+002
  2.029489738173E-001  1.176690804400E+000 -2.052471662034E+001  1.419647712117E+002
  2.063662873085E-001  1.107374188710E+000 -2.004497468977E+001  1.388193107136E+002
  2.098220026275E-001  1.038927133974E+000 -1.957064047352E+001  1.357149028448E+002
  2.133164763746E-001  9.713604028038E-001 -1.910176239268E+001  1.326517119724E+002
  2.168500705817E-001  9.046843619585E-001 -1.863838612987E+001  1.296298805719E+002
  2.204231527988E-001  8.389089814725E-001 -1.818055464889E+001  1.266495295499E+002
  2.240360961807E-001  7.740438339503E-001 -1.772830821572E+001  1.237107585789E+002
  2.276892795770E-001  7.100980940214E-001 -1.728168442094E+001  1.208136464443E+002
  2.313830876220E-001  6.470805379538E-001 -1.684071820338E+001  1.179582514037E+002
  2.351179108282E-001  5.849995434226E-001 -1.640544187505E+001  1.151446115562E+002
  2.388941456809E-001  5.238630894312E-001 -1.597588514724E+001  1.123727452231E+002
  2.427121947345E-001  4.636787563820E-001 -1.555207515783E+001  1.096426513378E+002
  2.465724667110E-001  4.044537262936E-001 -1.513403649961E+001  1.069543098457E+002
  2.504753766009E-001  3.461947831607E-001 -1.472179124971E+001  1.043076821118E+002
  2.544213457654E-001  2.889083134553E-001 -1.431535900004E+001  1.017027113376E+002
  2.584108020414E-001  2.326003067639E-001 -1.391475688857E+001  9.913932298438E+001
  2.624441798480E-001  1.772763565594E-001 -1.351999963163E+001  9.661742520397E+001
  2.665219202956E-001  1.229416611042E-001 -1.313109955696E+001  9.413690927532E+001
  2.706444712976E-001  6.960102447986E-002 -1.274806663756E+001  9.169765004697E+001
  2.748122876832E-001  1.725885774271E-002 -1.237090852628E+001  8.929950638423E+001
  2.790258313137E-001 -3.408081979940E-002 -1.199963059108E+001  8.694232162079E+001
  2.832855712010E-001 -8.441437919170E-002 -1.163423595091E+001  8.462592401390E+001
  2.875919836279E-001 -1.337385803214E-001 -1.127472551218E+001  8.235012720271E+001
  2.919455522717E-001 -1.820505702938E-001 -1.092109800572E+001  8.011473066887E+001
  2.963467683296E-001 -2.293478816984E-001 -1.057335002420E+001  7.791952019902E+001
  3.007961306479E-001 -2.756284307680E-001 -1.023147606001E+001  7.576426834839E+001
  3.052941458522E-001 -3.208905154336E-001 -9.895468543451E+000  7.364873490492E+001
  3.098413284823E-001 -3.651328132765E-001 -9.565317881267E+000  7.157266735337E+001
  3.144382011281E-001 -4.083543793823E-001 -9.241012495437E+000  6.953580133868E+001
  3.190852945695E-001 -4.505546440971E-001 -8.922538862178E+000  6.753786112812E+001
  3.237831479192E-001 -4.917334106896E-001 -8.609881551122E+000  6.557856007156E+001
  3.285323087679E-001 -5.318908529200E-001 -8.303023264608E+000  6.365760105939E+001
  3.333333333333E-001 -5.710275125193E-001 -8.001944877063E+000  6.177467697736E+001
  3.381867866117E-001 -6.091442965796E-001 -7.706625474410E+000  5.992947115803E+001
  3.430932425333E-001 -6.462424748576E-001 -7.417042393475E+000  5.812165782808E+001
  3.480532841203E-001 -6.823236769933E-001 -7.133171261343E+000  5.635090255111E+001
  3.530675036492E-001 -7.173898896449E-001 -6.854986034633E+000  5.461686266544E+001
  3.581365028158E-001 -7.514434535412E-001 -6.582459038649E+000  5.291918771627E+001
  3.632608929041E-001 -7.844870604533E-001 -6.315561006378E+000  5.125751988203E+001
  3.684412949588E-001 -8.165237500858E-001 -6.054261117294E+000  4.963149439414E+001
  3.736783399619E-001 -8.475569068887E-001 -5.798527035944E+000  4.804073995008E+001
  3.789726690123E-001 -8.775902567914E-001 -5.548324950285E+000  4.648487911919E+001
  3.843249335105E-001 -9.066278638577E-001 -5.303619609744E+000  4.496352874085E+001
  3.897357953460E-001 -9.346741268638E-001 -5.064374362976E+000  4.347630031476E+001
  3.952059270903E-001 -9.617337757983E-001 -4.830551195296E+000  4.202280038295E+001
  4.007360121927E-001 -9.878118682853E-001 -4.602110765771E+000  4.060263090322E+001
  4.063267451812E-001 -1.012913785929E+000 -4.379012443941E+000  3.921538961375E+001
  4.119788318683E-001 -1.037045230583E+000 -4.161214346172E+000  3.786067038861E+001
  4.176929895600E-001 -1.060212220535E+000 -3.948673371602E+000  3.653806358400E+001
  4.234699472710E-001 -1.082421086621E+000 -3.741345237693E+000  3.524715637493E+001
  4.293104459435E-001 -1.103678468253E+000 -3.539184515363E+000  3.398753308231E+001
  4.352152386716E-001 -1.123991309370E+000 -3.342144663697E+000  3.275877549013E+001
  4.411850909306E-001 -1.143366854304E+000 -3.150178064231E+000  3.156046315279E+001
  4.472207808110E-001 -1.161812643567E+000 -2.963236054810E+000  3.039217369236E+001
  4.533230992589E-001 -1.179336509550E+000 -2.781268963011E+000  2.925348308577E+001
  4.594928503202E-001 -1.195946572140E+000 -2.604226139140E+000  2.814396594193E+001
  4.657308513924E-001 -1.211651234248E+000 -2.432055988804E+000  2.706319576861E+001
  4.720379334802E-001 -1.226459177247E+000 -2.264706005062E+000  2.601074522934E+001
  4.784149414579E-001 -1.240379356321E+000 -2.102122800168E+000  2.498618639015E+001
  4.848627343381E-001 -1.253420995726E+000 -1.944252136905E+000  2.398909095636E+001
  4.913821855461E-001 -1.265593583950E+000 -1.791038959534E+000  2.301903049943E+001
  4.979741832006E-001 -1.276906868779E+000 -1.642427424362E+000  2.207557667405E+001
  5.046396304008E-001 -1.287370852270E+000 -1.498360929943E+000  2.115830142556E+001
  5.113794455212E-001 -1.296995785620E+000 -1.358782146938E+000  2.026677718785E+001
  5.181945625116E-001 -1.305792163935E+000 -1.223633047640E+000  1.940057707205E+001
  5.250859312060E-001 -1.313770720892E+000 -1.092854935184E+000  1.855927504600E+001
  5.320545176366E-001 -1.320942423307E+000 -9.663884724751E-001  1.774244610495E+001
  5.391013043575E-001 -1.327318465577E+000 -8.441737108339E-001  1.694966643350E+001
  5.462272907741E-001 -1.332910264035E+000 -7.261501184013E-001  1.618051355933E+001
  5.534334934816E-001 -1.337729451177E+000 -6.122566083114E-001  1.543456649868E+001
  5.607209466109E-001 -1.341787869784E+000 -5.024315666630E-001  1.471140589407E+001
  5.680907021827E-001 -1.345097566936E+000 -3.966128803099E-001  1.401061414457E+001
  5.755438304707E-001 -1.347670787899E+000 -2.947379644953E-001  1.333177552878E+001
  5.830814203728E-001 -1.349519969905E+000 -1.967437903534E-001  1.267447632101E+001
  5.907045797917E-001 -1.350657735812E+000 -1.025669123030E-001  1.203830490094E+001
  5.984144360243E-001 -1.351096887651E+000 -1.214349535702E-002  1.142285185702E+001
  6.062121361613E-001 -1.350850400042E+000  7.459065763022E-002  1.082771008408E+001
  6.140988474955E-001 -1.349931413508E+000  1.577000787522E-001  1.025247487548E+001
  6.220757579409E-001 -1.348353227659E+000  2.372496078556E-001  9.696744010051E+000
  6.301440764614E-001 -1.346129294259E+000  3.133043653395E-001  9.160117834320E+000
  6.383050335109E-001 -1.343273210176E+000  3.859297249279E-001  8.642199340281E+000
  6.465598814833E-001 -1.339798710217E+000  4.551912863951E-001  8.142594239112E+000
  6.549098951744E-001 -1.335719659840E+000  5.211548482271E-001  7.660911031173E+000
  6.633563722545E-001 -1.331050047758E+000  5.838863802005E-001  7.196761072624E+000
  6.719006337539E-001 -1.325803978422E+000  6.434519958651E-001  6.749758639016E+000
  6.805440245593E-001 -1.319995664397E+000  6.999179249143E-001  6.319520986169E+000
  6.892879139233E-001 -1.313639418630E+000  7.533504854329E-001  5.905668408672E+000
  6.981336959871E-001 -1.306749646606E+000  8.038160560122E-001  5.507824296304E+000
  7.070827903152E-001 -1.299340838402E+000  8.513810477223E-001  5.125615188674E+000
  7.161366424455E-001 -1.291427560645E+000  8.961118759381E-001  4.758670828375E+000
  7.252967244510E-001 -1.283024448369E+000  9.380749320132E-001  4.406624212901E+000
  7.345645355186E-001 -1.274146196783E+000  9.773365548008E-001  4.069111645599E+000
  7.439416025400E-001 -1.264807552945E+000  1.013963002022E+000  3.745772785882E+000
  7.534294807203E-001 -1.255023307366E+000  1.048020421486E+000  3.436250698924E+000
  7.630297542000E-001 -1.244808285523E+000  1.079574822163E+000  3.140191905037E+000
  7.727440366954E-001 -1.234177339309E+000  1.108692045126E+000  2.857246428908E+000
  7.825739721536E-001 -1.223145338418E+000  1.135437734364E+000  2.587067848870E+000
  7.925212354258E-001 -1.211727161668E+000  1.159877307483E+000  2.329313346321E+000
  8.025875329584E-001 -1.199937688273E+000  1.182075926310E+000  2.083643755446E+000
  8.127746035011E-001 -1.187791789072E+000  1.202098467417E+000  1.849723613309E+000
  8.230842188350E-001 -1.175304317725E+000  1.220009492589E+000  1.627221210409E+000
  8.335181845190E-001 -1.162490101873E+000  1.235873219254E+000  1.415808641762E+000
  8.440783406568E-001 -1.149363934285E+000  1.249753490899E+000  1.215161858531E+000
  8.547665626839E-001 -1.135940563988E+000  1.261713747506E+000  1.024960720220E+000
  8.655847621758E-001 -1.122234687404E+000  1.271816996035E+000  8.448890474463E-001
  8.765348876780E-001 -1.108260939480E+000  1.280125780979E+000  6.746346752347E-001
  8.876189255584E-001 -1.094033884852E+000  1.286702155033E+000  5.138895068165E-001
  8.988389008829E-001 -1.079568009021E+000  1.291607649912E+000  3.623495678514E-001
  9.101968783143E-001 -1.064877709576E+000  1.294903247351E+000  2.197150609989E-001
  9.216949630368E-001 -1.049977287456E+000  1.296649350322E+000  8.569042073732E-002
  9.333353017046E-001 -1.034880938282E+000  1.296905754525E+000 -4.001563168475E-002
  9.451200834176E-001 -1.019602743742E+000  1.295731620178E+000 -1.576900332944E-001
  9.570515407237E-001 -1.004156663071E+000  1.293185444151E+000 -2.676153245830E-001
  9.691319506484E-001 -9.885565246076E-001  1.289325032500E+000 -3.700695949952E-001
  9.813636357544E-001 -9.728160174652E-001  1.284207473430E+000 -4.653264288860E-001
  9.937489652293E-001 -9.569486833052E-001  1.277889110745E+000 -5.536548521278E-001
  1.006290356005E+000 -9.409679082401E-001  1.270425517823E+000 -6.353192795528E-001
  1.018990273907E+000 -9.248869148697E-001  1.261871472164E+000 -7.105794634299E-001
  1.031851234841E+000 -9.087187544636E-001  1.252280930561E+000 -7.796904431753E-001
  1.044875806003E+000 -8.924762993004E-001  1.241707004932E+000 -8.429024965065E-001
  1.058066607138E+000 -8.761722351758E-001  1.230201938870E+000 -9.004610922472E-001
  1.071426311823E+000 -8.598190540886E-001  1.217817084945E+000 -9.526068449975E-001
  1.084957648792E+000 -8.434290471168E-001  1.204602882809E+000 -9.995754718805E-001
  1.098663403298E+000 -8.270142974932E-001  1.190608838148E+000 -1.041597751578E+000
  1.112546418516E+000 -8.105866738913E-001  1.175883502526E+000 -1.078899485861E+000
  1.126609596985E+000 -7.941578239312E-001  1.160474454147E+000 -1.111701463831E+000
  1.140855902095E+000 -7.777391679145E-001  1.144428279603E+000 -1.140219429057E+000
  1.155288359613E+000 -7.613418927994E-001  1.127790556617E+000 -1.164664049818E+000
  1.169910059257E+000 -7.449769464223E-001  1.110605837845E+000 -1.185240892628E+000
  1.184724156317E+000 -7.286550319766E-001  1.092917635748E+000 -1.202150399233E+000
  1.199733873325E+000 -7.123866027558E-001  1.074768408582E+000 -1.215587867234E+000
  1.214942501771E+000 -6.961818571684E-001  1.056199547538E+000 -1.225743434519E+000
  1.230353403874E+000 -6.800507340329E-001  1.037251365048E+000 -1.232802067628E+000
  1.245970014403E+000 -6.640029081577E-001  1.017963084298E+000 -1.236943554202E+000
  1.261795842559E+000 -6.480477862141E-001  9.983728299578E-001 -1.238342499642E+000
  1.277834473907E+000 -6.321945029062E-001  9.785176201620E-001 -1.237168328077E+000
  1.294089572372E+000 -6.164519174435E-001  9.584333597510E-001 -1.233585287752E+000
  1.310564882294E+000 -6.008286103205E-001  9.381548347903E-001 -1.227752460912E+000
  1.327264230548E+000 -5.853328804068E-001  9.177157083824E-001 -1.219823778247E+000
  1.344191528724E+000 -5.699727423505E-001  8.971485177783E-001 -1.209948037969E+000
  1.361350775387E+000 -5.547559242978E-001  8.764846727967E-001 -1.198268929540E+000
  1.378746058390E+000 -5.396898659298E-001  8.557544555537E-001 -1.184925062094E+000
  1.396381557275E+000 -5.247817168177E-001  8.349870215026E-001 -1.170049997549E+000
  1.414261545744E+000 -5.100383350969E-001  8.142104017822E-001 -1.153772288415E+000
  1.432390394201E+000 -4.954662864587E-001  7.934515068653E-001 -1.136215520276E+000
  1.450772572390E+000 -4.810718434589E-001  7.727361314996E-001 -1.117498358904E+000
  1.469412652102E+000 -4.668609851408E-001  7.520889609265E-001 -1.097734601970E+000
  1.488315309978E+000 -4.528393969702E-001  7.315335783630E-001 -1.077033235282E+000
  1.507485330398E+000 -4.390124710784E-001  7.110924737249E-001 -1.055498493469E+000
  1.526927608467E+000 -4.253853068092E-001  6.907870535712E-001 -1.033229925034E+000
  1.546647153093E+000 -4.119627115644E-001  6.706376522407E-001 -1.010322461661E+000
  1.566649090169E+000 -3.987492019421E-001  6.506635441525E-001 -9.868664916679E-001
  1.586938665861E+000 -3.857490051624E-001  6.308829572380E-001 -9.629479374680E-001
  1.607521250000E+000 -3.729660607703E-001  6.113130874664E-001 -9.386483369113E-001
  1.628402339588E+000 -3.604040226118E-001  5.919701144269E-001 -9.140449283415E-001
  1.649587562420E+000 -3.480662610716E-001  5.728692179234E-001 -8.892107392119E-001
  1.671082680832E+000 -3.359558655642E-001  5.540245955370E-001 -8.642146780816E-001
  1.692893595565E+000 -3.240756472694E-001  5.354494811079E-001 -8.391216298082E-001
  1.715026349769E+000 -3.124281421010E-001  5.171561640863E-001 -8.139925537411E-001
  1.737487133138E+000 -3.010156138981E-001  4.991560096970E-001 -7.888845847086E-001
  1.760282286187E+000 -2.898400578286E-001  4.814594798631E-001 -7.638511365850E-001
  1.783418304674E+000 -2.789032039926E-001  4.640761548294E-001 -7.389420082148E-001
  1.806901844175E+000 -2.682065212146E-001  4.470147554250E-001 -7.142034914605E-001
  1.830739724818E+000 -2.577512210117E-001  4.302831659015E-001 -6.896784811355E-001
  1.854938936184E+000 -2.475382617269E-001  4.138884572842E-001 -6.654065865757E-001
  1.879506642368E+000 -2.375683528141E-001  3.978369111686E-001 -6.414242445958E-001
  1.904450187236E+000 -2.278419592644E-001  3.821340438963E-001 -6.177648335719E-001
  1.929777099847E+000 -2.183593061594E-001  3.667846310418E-001 -5.944587883863E-001
  1.955495100083E+000 -2.091203833422E-001  3.517927321422E-001 -5.715337159662E-001
  1.981612104475E+000 -2.001249501930E-001  3.371617156001E-001 -5.490145111454E-001
  2.008136232230E+000 -1.913725404995E-001  3.228942836928E-001 -5.269234725743E-001
  2.035075811486E+000 -1.828624674111E-001  3.089924976179E-001 -5.052804184039E-001
  2.062439385788E+000 -1.745938284666E-001  2.954578025099E-001 -4.841028014683E-001
  2.090235720801E+000 -1.665655106881E-001  2.822910523609E-001 -4.634058236922E-001
  2.118473811262E+000 -1.587761957305E-001  2.694925347817E-001 -4.432025494506E-001
  2.147162888201E+000 -1.512243650817E-001  2.570619955423E-001 -4.235040176145E-001
  2.176312426413E+000 -1.439083053054E-001  2.449986628314E-001 -4.043193520188E-001
  2.205932152222E+000 -1.368261133215E-001  2.333012711804E-001 -3.856558700972E-001
  2.236032051522E+000 -1.299757017221E-001  2.219680849979E-001 -3.675191894368E-001
  2.266622378129E+000 -1.233548041166E-001  2.109969216675E-001 -3.499133320148E-001
  2.297713662445E+000 -1.169609805078E-001  2.003851741636E-001 -3.328408258915E-001
  2.329316720450E+000 -1.107916226971E-001  1.901298331470E-001 -3.163028041480E-001
  2.361442663038E+000 -1.048439597195E-001  1.802275085048E-001 -3.002991008691E-001
  2.394102905709E+000 -9.911506331214E-002  1.706744503060E-001 -2.848283439925E-001
  2.427309178642E+000 -9.360185341850E-002  1.614665691502E-001 -2.698880448597E-001
  2.461073537146E+000 -8.830110373492E-002  1.525994558908E-001 -2.554746843255E-001
  2.495408372530E+000 -8.320944730406E-002  1.440684007235E-001 -2.415837953038E-001
  2.530326423398E+000 -7.832338216364E-002  1.358684116321E-001 -2.282100416478E-001
  2.565840787378E+000 -7.363927705847E-002  1.279942321959E-001 -2.153472932881E-001
  2.601964933334E+000 -6.915337722507E-002  1.204403587641E-001 -2.029886975737E-001
  2.638712714049E+000 -6.486181025898E-002  1.132010570114E-001 -1.911267467885E-001
  2.676098379430E+000 -6.076059207544E-002  1.062703778946E-001 -1.797533418362E-001
  2.714136590232E+000 -5.684563297433E-002  9.964217303453E-002 -1.688598521175E-001
  2.752842432351E+000 -5.311274382086E-002  9.331010955511E-002 -1.584371716429E-001
  2.792231431696E+000 -4.955764235290E-002  8.726768441316E-002 -1.484757714526E-001
  2.832319569669E+000 -4.617595962604E-002  8.150823826030E-002 -1.389657484377E-001
  2.873123299289E+000 -4.296324660658E-002  7.602496887955E-002 -1.298968706787E-001
  2.914659561979E+000 -3.991498092180E-002  7.081094424343E-002 -1.212586194404E-001
  2.956945805065E+000 -3.702657377593E-002  6.585911524251E-002 -1.130402279820E-001
  3.000000000000E+000 -3.429337703844E-002  6.116232813500E-002 -1.052307173562E-001
  3.043840661365E+000 -3.171069050977E-002  5.671333676822E-002 -9.781892939275E-002
  3.088486866678E+000 -2.927376936737E-002  5.250481462323E-002 -9.079355706718E-002
  3.133958277047E+000 -2.697783179268E-002  4.852936673206E-002 -8.414317247434E-002
  3.180275158719E+000 -2.481806677692E-002  4.477954151537E-002 -7.785625262726E-002
  3.227458405560E+000 -2.278964210074E-002  4.124784258487E-002 -7.192120331046E-002
  3.275529562509E+000 -2.088771247944E-002  3.792674055106E-002 -6.632638121672E-002
  3.324510850077E+000 -1.910742786245E-002  3.480868487181E-002 -6.106011459507E-002
  3.374425189910E+000 -1.744394187175E-002  3.188611577134E-002 -5.611072263250E-002
  3.425296231502E+000 -1.589242036066E-002  2.915147625269E-002 -5.146653378395E-002
  3.477148380094E+000 -1.444805007041E-002  2.659722421930E-002 -4.711590325374E-002
  3.530006825834E+000 -1.310604735825E-002  2.421584471320E-002 -4.304722981735E-002
  3.583897574256E+000 -1.186166696683E-002  2.199986226900E-002 -3.924897215559E-002
  3.638847478148E+000 -1.071021080144E-002  1.994185337376E-002 -3.570966485362E-002
  3.694884270887E+000 -9.647036677393E-003  1.803445901365E-002 -3.241793419587E-002
  3.752036601308E+000 -8.667566997301E-003  1.627039727924E-002 -2.936251386409E-002
  3.810334070199E+000 -7.767297314340E-003  1.464247599183E-002 -2.653226062150E-002
  3.869807268505E+000 -6.941804735303E-003  1.314360530440E-002 -2.391617003966E-002
  3.930487817331E+000 -6.186756114802E-003  1.176681022229E-002 -2.150339229886E-002
  3.992408409843E+000 -5.497915990269E-003  1.050524298065E-002 -1.928324806627E-002
  4.055602855172E+000 -4.871154206174E-003  9.352195208728E-003 -1.724524443053E-002
  4.120106124432E+000 -4.302453175260E-003  8.301109804684E-003 -1.537909084651E-002
  4.185954398964E+000 -3.787914724648E-003  7.345592439558E-003 -1.367471502087E-002
  4.253185120935E+000 -3.323766475392E-003  6.479422605204E-003 -1.212227864770E-002
  4.321837046422E+000 -2.906367705565E-003  5.696564118381E-003 -1.071219288457E-002
  4.391950301120E+000 -2.532214649157E-003  4.991174992221E-003 -9.435133443231E-003
  4.463566438835E+000 -2.197945186116E-003  4.357616586773E-003 -8.282055156417E-003
  4.536728502895E+000 -1.900342882587E-003  3.790461952468E-003 -7.244205872405E-003
  4.611481090679E+000 -1.636340344960E-003  3.284503284089E-003 -6.313139523386E-003
  4.687870421430E+000 -1.403021856575E-003  2.834758408230E-003 -5.480728211463E-003
  4.765944407533E+000 -1.197625271858E-003  2.436476234216E-003 -4.739173157915E-003
  4.845752729492E+000 -1.017543149221E-003  2.085141106969E-003 -4.081014366990E-003
  4.927346914797E+000 -8.603231111516E-004  1.776476010241E-003 -3.499138864807E-003
  5.010780420931E+000 -7.236674274868E-004  1.506444579870E-003 -2.986787386845E-003
  5.096108722763E+000 -6.054318257915E-004  1.271251899064E-003 -2.537559403658E-003
  5.183389404586E+000 -5.036235409289E-004  1.067344061015E-003 -2.145416393593E-003
  5.272682257105E+000 -4.163986242208E-004  8.914064981485E-004 -1.804683292886E-003
  5.364049379651E+000 -3.420585408860E-004  7.403610918076E-004 -1.510048077296E-003
  5.457555287978E+000 -2.790460925906E-004  6.113620908609E-004 -1.256559454665E-003
  5.553267027968E+000 -2.259407098066E-004  5.017908824034E-004 -1.039622674137E-003
  5.651254295630E+000 -1.814531660918E-004  4.092496720437E-004 -8.549934844614E-004
  5.751589563796E+000 -1.444197732437E-004  3.315541450113E-004 -6.987703004486E-004
  5.854348215936E+000 -1.137961223938E-004  2.667251921790E-004 -5.673846624711E-004
  5.959608687557E+000 -8.865044136292E-005  2.129797968189E-004 -4.575900985219E-004
  6.067452615683E+000 -6.815664286654E-005  1.687211882466E-004 -3.664495210855E-004
  6.177964996951E+000 -5.158714133859E-005  1.325283772344E-004 -2.913213115270E-004
  6.291234354880E+000 -3.830551812436E-005  1.031451949880E-004 -2.298442623950E-004
  6.407352916949E+000 -2.775911552008E-005  7.946896241316E-005 -1.799215625833E-004
  6.526416802128E+000 -1.947163954416E-005  6.053891923370E-005 -1.397040214120E-004
  6.648526219580E+000 -1.303584939656E-005  4.552454314684E-005 -1.075727351242E-004
  6.773785679311E+000 -8.106408296145E-006  3.371388760189E-005 -8.212140291897E-005
  6.902304215570E+000 -4.392965816416E-006  2.450206294392E-005 -6.213849938275E-005
  7.034195623922E+000 -1.653536030986E-006  1.737997964353E-005 -4.658950607752E-005
  7.169578712934E+000  3.117711725108E-007  1.192346423486E-005 -3.459939719991E-005
  7.308577571516E+000  1.666616220137E-006  7.782848562643E-006 -2.543556285108E-005
  7.451321853057E+000  2.543852857834E-006  4.673121197464E-006 -1.849133882715E-005
  7.597947077547E+000  3.050476971452E-006  2.364716666026E-006 -1.327029431568E-005
  7.748594953021E+000  3.272080114692E-006  6.750037500047E-007 -9.371408890907E-006
  7.903413717736E+000  3.276796825376E-006 -5.394811384564E-007 -6.475248224551E-006
  8.062558504629E+000  3.118744976524E-006 -1.390025238173E-006 -4.331224506936E-006
  8.226191729726E+000  2.840968297374E-006 -1.961940969525E-006 -2.746003276756E-006
  8.394483506327E+000  2.477899552319E-006 -2.319978892259E-006 -1.573093784330E-006
  8.567612086926E+000  2.057371430622E-006 -2.512968190474E-006 -7.036357677664E-007
  8.745764335025E+000  1.602209740667E-006 -2.577714663063E-006 -5.837220200659E-008
  8.929136229160E+000  1.131449807710E-006 -2.542198676646E-006  4.192242392537E-007
  9.117933401693E+000  6.612218661524E-007 -2.428126297897E-006  7.687230581179E-007
  9.312371715124E+000  2.053545811105E-007 -2.252895593093E-006  1.017475479978E-006
  9.512677878945E+000 -2.242524552816E-007 -2.031046655945E-006  1.184405400524E-006
  9.719090110332E+000 -6.174363582662E-007 -1.775268162885E-006  1.282946649308E-006
  9.931858842267E+000 -9.657094011659E-007 -1.497035100437E-006  1.323229280460E-006
  1.015124748302E+001 -1.262282082728E-006 -1.206951789665E-006  1.313621916111E-006
  1.037753323129E+001 -1.502129104489E-006 -9.148715626555E-007  1.261738044074E-006
  1.061100795175E+001 -1.682062209208E-006 -6.298596254890E-007  1.175011770741E-006
  1.085197911611E+001 -1.800780389872E-006 -3.600590501348E-007  1.060943133515E-006
  1.110077081537E+001 -1.858875134409E-006 -1.125118215975E-007  9.271050732619E-007
  1.135772484956E+001 -1.858775793888E-006  1.070221721435E-007  7.809940372948E-007
  1.162320190175E+001 -1.804627510595E-006  2.942149445055E-007  6.297944792643E-007
  1.189758280382E+001 -1.702101082011E-006  4.462655052420E-007  4.801148409721E-007
  1.218126990242E+001 -1.558140356406E-006  5.619261931246E-007  3.377395549055E-007
  1.247468853413E+001 -1.380657985746E-006  6.414549252590E-007  2.074287920505E-007
  1.277828862002E+001 -1.178194388934E-006  6.864956974747E-007  9.278564739934E-008
  1.309254639077E+001 -9.595574596230E-007  6.998959660849E-007 -3.800319648517E-009
  1.341796625462E+001 -7.334618229359E-007  6.854742825807E-007 -8.113341598226E-008
  1.375508282195E+001 -5.081863215476E-007  6.477546429105E-007 -1.391234963028E-007
  1.410446310162E+001 -2.912669920552E-007  5.916854567674E-007 -1.786417099757E-007
  1.446670888596E+001 -8.924024959775E-008  5.223609422983E-007 -2.013362431879E-007
  1.484245934302E+001  9.255243328432E-008  4.447612974341E-007 -2.094253036833E-007
  1.523239383723E+001  2.500911086055E-007  3.635254504723E-007 -2.054842407282E-007
  1.563723500136E+001  3.807322949913E-007  2.827668582207E-007 -1.922419742921E-007
  1.605775208607E+001  4.831937161305E-007  2.059390326605E-007 -1.723991855443E-007
  1.649476461582E+001  5.574743081043E-007  1.357535681732E-007 -1.484773782506E-007
  1.694914638379E+001  6.047184462411E-007  7.414971691758E-008 -1.227043309378E-007
  1.742182982203E+001  6.270360577383E-007  2.231127990110E-008 -9.693795931841E-008
  1.791381078784E+001  6.272920990817E-007 -1.927605599589E-008 -7.262747482342E-008
  1.842615381215E+001  6.088797176746E-007 -5.073567178948E-008 -5.080816164740E-008
  1.895999786176E+001  5.754912868634E-007 -7.268904025349E-008 -3.212422427901E-008
  1.951656267356E+001  5.309004713715E-007 -8.613283254399E-008 -1.687302382487E-008
  2.009715572669E+001  4.787666726061E-007 -9.231361990559E-008 -5.063597796767E-009
  2.070317992707E+001  4.224707924707E-007 -9.260857113227E-008  3.517438799640E-009
  2.133614208874E+001  3.649884433499E-007 -8.841897757774E-008  9.238805873068E-009
  2.199766230782E+001  3.088037395774E-007 -8.108158132271E-008  1.256141148552E-008
  2.268948433818E+001  2.558638510114E-007 -7.180070967496E-008  1.398299463980E-008
  2.341348709294E+001  2.075717871865E-007 -6.160229012269E-008  1.399305658038E-008
  2.417169741362E+001  1.648125885839E-007 -5.130907242501E-008  1.303927965831E-008
  2.496630426925E+001  1.280063690779E-007 -4.153492843741E-008  1.150547844151E-008
  2.579967457140E+001  9.718057234011E-008 -3.269501220244E-008  9.700186597463E-009
  2.667437081864E+001  7.205341280749E-008 -2.502788412115E-008  7.854294720449E-009
  2.759317081651E+001  5.212074974438E-008 -1.862543941806E-008  6.125732064321E-009
  2.855908975674E+001  3.673951618054E-008 -1.346660451413E-008  4.609019202629E-009
  2.957540498378E+001  2.520216845864E-008 -9.451217109686E-009  3.347579657432E-009
  3.064568382919E+001  1.679827355721E-008 -6.431204390088E-009  2.346942108207E-009
  3.177381495601E+001  1.086112467156E-008 -4.237020492218E-009  1.587336325111E-009
  3.296404372807E+001  6.798982841894E-009 -2.698195092793E-009  1.034626184219E-009
  3.422101220608E+001  4.112015245436E-009 -1.657681021749E-009  6.489739277312E-010
  3.554980447538E+001  2.397110383411E-009 -9.803880011395E-010  3.910401956603E-010
  3.695599813319E+001  1.343423288889E-009 -5.567955261527E-010  2.258554461307E-010
  3.844572291106E+001  7.217293344240E-010 -3.028255296411E-010  1.247271888214E-010
  4.002572758518E+001  3.704929501409E-010 -1.572321276955E-010  6.566815819534E-011
  4.170345654134E+001  1.810854119555E-010 -7.766678412746E-011  3.285324786711E-011
  4.348713762001E+001  8.393954167060E-011 -3.635719803628E-011  1.555997198004E-011
  4.538588318162E+001  3.673816608319E-011 -1.605922000878E-011  6.947299596620E-012
  4.740980671574E+001  1.510796175134E-011 -6.660905894306E-012  2.910313604714E-012
  4.957015778746E+001  5.805697142240E-012 -2.580254051067E-012  1.137792885049E-012
  5.187947869225E+001  2.072071720235E-012 -9.278420069538E-013  4.126489342718E-013
  5.435178690397E+001  6.821485639705E-013 -3.076152198442E-013  1.378986979475E-013
  5.700278828629E+001  2.055573513685E-013 -9.331165486733E-014  4.214033082425E-014
  5.985012714155E+001  5.620867534595E-014 -2.567491083467E-014  1.167524597584E-014
  6.291368055481E+001  1.381157852837E-014 -6.345897860308E-015  2.904352030639E-015
  6.621590623276E+001  3.016116391125E-015 -1.393461380108E-015  6.416093946706E-016
  6.978225524452E+001  5.780502676087E-016 -2.684557761368E-016  1.243091897733E-016
  7.364166388185E+001  9.584958492776E-017 -4.473322645624E-017  2.082396734950E-017
  7.782714245929E+001  1.352806213531E-017 -6.342921979391E-018  2.967460845378E-018
  8.237648351994E+001  1.595075886793E-018 -7.511687374816E-019  3.530737598451E-019
  8.733311794502E+001  1.537758407065E-019 -7.271803783149E-020  3.433061515221E-020
  9.274715535088E+001  1.182421360605E-020 -5.613400270161E-021  2.661119925031E-021
  9.867665554529E+001  7.045808746235E-022 -3.357313223843E-022  1.597806929083E-022
  1.051891916055E+002  3.146321954299E-023 -1.504472479141E-023  7.186417802327E-024
  1.123637836013E+002  1.012399854816E-024 -4.857030658447E-025  2.328105918651E-025
  1.202933069206E+002  2.241519310874E-026 -1.078750321217E-026  5.187641545810E-027
  1.290875131414E+002  3.233604970056E-028 -1.560813902035E-028  7.528973727424E-029
  1.388768482001E+002  2.848515425041E-030 -1.378790121133E-030  6.670241404726E-031
  1.498173177370E+002  1.417870779865E-032 -6.881209472123E-033  3.338060317138E-033
  1.620967411853E+002  3.632046854799E-035 -1.767113064490E-035  8.594306737957E-036
  1.759428668168E+002  4.274892508784E-038 -2.084788308247E-038  1.016389501320E-038
  1.916340085825E+002  2.012641171051E-041 -9.837137099339E-042  4.806803827360E-042
  2.095131417987E+002  3.195019176428E-045 -1.564896495604E-045  7.663081506159E-046
  2.300068054477E+002  1.382727420405E-049 -6.785860196085E-050  3.329632035060E-050
  2.536507797910E+002  1.249017939618E-054 -6.141036220873E-055  3.018924798057E-055
  2.811254638474E+002  1.677385378617E-060 -8.261536913505E-061  4.068542132857E-061
  3.133053780630E+002  2.165232822036E-067 -1.068168369950E-067  5.269083685170E-068
  3.513296254502E+002  1.521901134463E-075 -7.519385974340E-076  3.714899961240E-076
  3.967041014107E+002  2.747469887933E-085 -1.359392542232E-085  6.725625055292E-086
  4.514529193350E+002  4.638686468489E-097 -2.298155936301E-097  1.138532705915E-097
  5.183481233601E+002  1.835580119661E-111 -9.105171154197E-112  4.516364939571E-112
  6.012676077950E+002  2.455528513443E-129 -1.219407697932E-129  6.055397889320E-130
  7.057700503752E+002  6.916481989288E-152 -3.438256688079E-152  1.709165061835E-152
  8.400513767914E+002  6.840224822289E-181 -3.403559595170E-181  1.693523417868E-181
  1.016602135495E+003  4.631539827373E-219 -2.306534755494E-219  1.148659005972E-219
  1.255220715579E+003  1.085749771806E-270 -5.411259923977E-271  2.696899579791E-271
  1.588815776243E+003  0.000000000000E+000  0.000000000000E+000  0.000000000000E+000
  2.075392011604E+003  0.000000000000E+000  0.000000000000E+000  0.000000000000E+000
  2.825079847528E+003  0.000000000000E+000  0.000000000000E+000  0.000000000000E+000
  4.068408296183E+003  0.000000000000E+000  0.000000000000E+000  0.000000000000E+000
  6.357262947672E+003  0.000000000000E+000  0.000000000000E+000  0.000000000000E+000
  1.130231930164E+004  0.000000000000E+000  0.000000000000E+000  0.000000000000E+000
  2.543105175136E+004  0.000000000000E+000  0.000000000000E+000  0.000000000000E+000
  1.017262069952E+005  0.000000000000E+000  0.000000000000E+000  0.000000000000E+000
