# 1st line: number of mesh points
# rho and r_seitz are calculated from total density
# zeta and r_seitz only correct of rho > 1d-12

# abcissa rho drho ddrho zeta r_seitz
500
  9.830308526563E-006  3.972389694331E+003 -6.431940414012E+004  1.061111463943E+006  0.000000000000E+000  9.106604370666E-002
  3.932200719722E-005  3.970493267225E+003 -6.428811791483E+004  1.060585647695E+006  0.000000000000E+000  9.108054002687E-002
  8.847741541467E-005  3.967334439515E+003 -6.423600592293E+004  1.059709831920E+006  0.000000000000E+000  9.110470666515E-002
  1.573003992805E-004  3.962916034661E+003 -6.416311569260E+004  1.058484832746E+006  0.000000000000E+000  9.113855278299E-002
  2.457963722418E-004  3.957242000037E+003 -6.406951366899E+004  1.056911791094E+006  0.000000000000E+000  9.118209121574E-002
  3.539722959954E-004  3.950317401473E+003 -6.395528512008E+004  1.054992171029E+006  0.000000000000E+000  9.123533848184E-002
  4.818366816529E-004  3.942148416250E+003 -6.382053401606E+004  1.052727757633E+006  0.000000000000E+000  9.129831479469E-002
  6.293995911626E-004  3.932742324571E+003 -6.366538288217E+004  1.050120654431E+006  0.000000000000E+000  9.137104407731E-002
  7.966726389935E-004  3.922107499512E+003 -6.348997262562E+004  1.047173280343E+006  0.000000000000E+000  9.145355397953E-002
  9.836689940782E-004  3.910253395474E+003 -6.329446233659E+004  1.043888366192E+006  0.000000000000E+000  9.154587589804E-002
  1.190403382016E-003  3.897190535167E+003 -6.307902906386E+004  1.040268950764E+006  0.000000000000E+000  9.164804499905E-002
  1.416892087541E-003  3.882930495128E+003 -6.284386756542E+004  1.036318376433E+006  0.000000000000E+000  9.176010024377E-002
  1.663152957245E-003  3.867485889821E+003 -6.258919003454E+004  1.032040284346E+006  0.000000000000E+000  9.188208441667E-002
  1.929205402573E-003  3.850870354332E+003 -6.231522580172E+004  1.027438609197E+006  0.000000000000E+000  9.201404415652E-002
  2.215070403073E-003  3.833098525696E+003 -6.202222101322E+004  1.022517573585E+006  0.000000000000E+000  9.215602999034E-002
  2.520770509919E-003  3.814186022887E+003 -6.171043828650E+004  1.017281681967E+006  0.000000000000E+000  9.230809637015E-002
  2.846329849692E-003  3.794149425511E+003 -6.138015634355E+004  1.011735714226E+006  0.000000000000E+000  9.247030171275E-002
  3.191774128432E-003  3.773006251231E+003 -6.103166962237E+004  1.005884718860E+006  0.000000000000E+000  9.264270844239E-002
  3.557130635959E-003  3.750774931967E+003 -6.066528786764E+004  9.997340058026E+005  0.000000000000E+000  9.282538303650E-002
  3.942428250463E-003  3.727474788926E+003 -6.028133570112E+004  9.932891388921E+005  0.000000000000E+000  9.301839607446E-002
  4.347697443358E-003  3.703126006479E+003 -5.988015217264E+004  9.865559280053E+005  0.000000000000E+000  9.322182228956E-002
  4.772970284417E-003  3.677749604957E+003 -5.946209029246E+004  9.795404208623E+005  0.000000000000E+000  9.343574062406E-002
  5.218280447175E-003  3.651367412397E+003 -5.902751654581E+004  9.722488945255E+005  0.000000000000E+000  9.366023428754E-002
  5.683663214611E-003  3.624002035296E+003 -5.857681039054E+004  9.646878466035E+005  0.000000000000E+000  9.389539081858E-002
  6.169155485101E-003  3.595676828418E+003 -5.811036373875E+004  9.568639861782E+005  0.000000000000E+000  9.414130214977E-002
  6.674795778653E-003  3.566415863715E+003 -5.762858042327E+004  9.487842244704E+005  0.000000000000E+000  9.439806467621E-002
  7.200624243425E-003  3.536243898399E+003 -5.713187565006E+004  9.404556652617E+005  0.000000000000E+000  9.466577932750E-002
  7.746682662519E-003  3.505186342243E+003 -5.662067543733E+004  9.318855950895E+005  0.000000000000E+000  9.494455164341E-002
  8.313014461060E-003  3.473269224150E+003 -5.609541604254E+004  9.230814732327E+005  0.000000000000E+000  9.523449185319E-002
  8.899664713569E-003  3.440519158051E+003 -5.555654337818E+004  9.140509215070E+005  0.000000000000E+000  9.553571495865E-002
  9.506680151615E-003  3.406963308196E+003 -5.500451241736E+004  9.048017138859E+005  0.000000000000E+000  9.584834082118E-002
  1.013410917176E-002  3.372629353891E+003 -5.443978659032E+004  8.953417659694E+005  0.000000000000E+000  9.617249425274E-002
  1.078200184380E-002  3.337545453744E+003 -5.386283717280E+004  8.856791243155E+005  0.000000000000E+000  9.650830511084E-002
  1.145040991929E-002  3.301740209479E+003 -5.327414266745E+004  8.758219556556E+005  0.000000000000E+000  9.685590839786E-002
  1.213938684040E-002  3.265242629378E+003 -5.267418817925E+004  8.657785360122E+005  0.000000000000E+000  9.721544436455E-002
  1.284898774901E-002  3.228082091419E+003 -5.206346478603E+004  8.555572397378E+005  0.000000000000E+000  9.758705861801E-002
  1.357926949620E-002  3.190288306158E+003 -5.144246890524E+004  8.451665284941E+005  0.000000000000E+000  9.797090223418E-002
  1.433029065191E-002  3.151891279434E+003 -5.081170165791E+004  8.346149401914E+005  0.000000000000E+000  9.836713187504E-002
  1.510211151509E-002  3.112921274939E+003 -5.017166823103E+004  8.239110779055E+005  0.000000000000E+000  9.877590991060E-002
  1.589479412397E-002  3.073408776737E+003 -4.952287723927E+004  8.130635987937E+005  0.000000000000E+000  9.919740454583E-002
  1.670840226680E-002  3.033384451770E+003 -4.886584008722E+004  8.020812030258E+005  0.000000000000E+000  9.963178995264E-002
  1.754300149280E-002  2.992879112426E+003 -4.820107033319E+004  7.909726227516E+005  0.000000000000E+000  1.000792464072E-001
  1.839865912351E-002  2.951923679233E+003 -4.752908305550E+004  7.797466111213E+005  0.000000000000E+000  1.005399604326E-001
  1.927544426443E-002  2.910549143717E+003 -4.685039422247E+004  7.684119313786E+005  0.000000000000E+000  1.010141249470E-001
  2.017342781695E-002  2.868786531517E+003 -4.616552006702E+004  7.569773460436E+005  0.000000000000E+000  1.015019394177E-001
  2.109268249069E-002  2.826666865774E+003 -4.547497646692E+004  7.454516062031E+005  0.000000000000E+000  1.020036100208E-001
  2.203328281612E-002  2.784221130893E+003 -4.477927833168E+004  7.338434409270E+005  0.000000000000E+000  1.025193498075E-001
  2.299530515754E-002  2.741480236698E+003 -4.407893899696E+004  7.221615468264E+005  0.000000000000E+000  1.030493788757E-001
  2.397882772639E-002  2.698474983061E+003 -4.337446962767E+004  7.104145777704E+005  0.000000000000E+000  1.035939245495E-001
  2.498393059493E-002  2.655236025042E+003 -4.266637863039E+004  6.986111347778E+005  0.000000000000E+000  1.041532215637E-001
  2.601069571024E-002  2.611793838605E+003 -4.195517107624E+004  6.867597561003E+005  0.000000000000E+000  1.047275122569E-001
  2.705920690860E-002  2.568178686946E+003 -4.124134813495E+004  6.748689075103E+005  0.000000000000E+000  1.053170467702E-001
  2.812954993023E-002  2.524420587498E+003 -4.052540652100E+004  6.629469728100E+005  0.000000000000E+000  1.059220832540E-001
  2.922181243436E-002  2.480549279646E+003 -3.980783795264E+004  6.510022445750E+005  0.000000000000E+000  1.065428880823E-001
  3.033608401473E-002  2.436594193215E+003 -3.908912862461E+004  6.390429151456E+005  0.000000000000E+000  1.071797360749E-001
  3.147245621542E-002  2.392584417750E+003 -3.836975869518E+004  6.270770678796E+005  0.000000000000E+000  1.078329107269E-001
  3.263102254705E-002  2.348548672661E+003 -3.765020178839E+004  6.151126686778E+005  0.000000000000E+000  1.085027044476E-001
  3.381187850339E-002  2.304515278245E+003 -3.693092451207E+004  6.031575577950E+005  0.000000000000E+000  1.091894188070E-001
  3.501512157837E-002  2.260512127639E+003 -3.621238599223E+004  5.912194419465E+005  0.000000000000E+000  1.098933647915E-001
  3.624085128345E-002  2.216566659741E+003 -3.549503742458E+004  5.793058867204E+005  0.000000000000E+000  1.106148630687E-001
  3.748916916538E-002  2.172705833115E+003 -3.477932164353E+004  5.674243093062E+005  0.000000000000E+000  1.113542442617E-001
  3.876017882444E-002  2.128956100943E+003 -3.406567270945E+004  5.555819715474E+005  0.000000000000E+000  1.121118492325E-001
  4.005398593302E-002  2.085343387017E+003 -3.335451551440E+004  5.437859733266E+005  0.000000000000E+000  1.128880293758E-001
  4.137069825459E-002  2.041893062827E+003 -3.264626540696E+004  5.320432462910E+005  0.000000000000E+000  1.136831469233E-001
  4.271042566323E-002  1.998629925759E+003 -3.194132783655E+004  5.203605479239E+005  0.000000000000E+000  1.144975752575E-001
  4.407328016341E-002  1.955578178417E+003 -3.124009801745E+004  5.087444559689E+005  0.000000000000E+000  1.153316992374E-001
  4.545937591035E-002  1.912761409107E+003 -3.054296061302E+004  4.972013632111E+005  0.000000000000E+000  1.161859155351E-001
  4.686882923075E-002  1.870202573488E+003 -2.985028944028E+004  4.857374726207E+005  0.000000000000E+000  1.170606329832E-001
  4.830175864396E-002  1.827923977404E+003 -2.916244719511E+004  4.743587928613E+005  0.000000000000E+000  1.179562729349E-001
  4.975828488365E-002  1.785947260920E+003 -2.847978519827E+004  4.630711341663E+005  0.000000000000E+000  1.188732696355E-001
  5.123853091993E-002  1.744293383567E+003 -2.780264316237E+004  4.518801045856E+005  0.000000000000E+000  1.198120706069E-001
  5.274262198188E-002  1.702982610799E+003 -2.713134897990E+004  4.407911066031E+005  0.000000000000E+000  1.207731370441E-001
  5.427068558066E-002  1.662034501676E+003 -2.646621853234E+004  4.298093341264E+005  0.000000000000E+000  1.217569442253E-001
  5.582285153302E-002  1.621467897771E+003 -2.580755552048E+004  4.189397698476E+005  0.000000000000E+000  1.227639819353E-001
  5.739925198530E-002  1.581300913307E+003 -2.515565131577E+004  4.081871829742E+005  0.000000000000E+000  1.237947549018E-001
  5.900002143803E-002  1.541550926513E+003 -2.451078483276E+004  3.975561273294E+005  0.000000000000E+000  1.248497832469E-001
  6.062529677088E-002  1.502234572208E+003 -2.387322242247E+004  3.870509398179E+005  0.000000000000E+000  1.259296029513E-001
  6.227521726827E-002  1.463367735591E+003 -2.324321778654E+004  3.766757392547E+005  0.000000000000E+000  1.270347663341E-001
  6.394992464542E-002  1.424965547251E+003 -2.262101191199E+004  3.664344255530E+005  0.000000000000E+000  1.281658425465E-001
  6.564956307496E-002  1.387042379359E+003 -2.200683302639E+004  3.563306792671E+005  0.000000000000E+000  1.293234180806E-001
  6.737427921404E-002  1.349611843053E+003 -2.140089657314E+004  3.463679614836E+005  0.000000000000E+000  1.305080972934E-001
  6.912422223211E-002  1.312686786987E+003 -2.080340520652E+004  3.365495140568E+005  0.000000000000E+000  1.317205029455E-001
  7.089954383907E-002  1.276279297035E+003 -2.021454880636E+004  3.268783601808E+005  0.000000000000E+000  1.329612767553E-001
  7.270039831418E-002  1.240400697123E+003 -1.963450451174E+004  3.173573052917E+005  0.000000000000E+000  1.342310799686E-001
  7.452694253540E-002  1.205061551179E+003 -1.906343677342E+004  3.079889382916E+005  0.000000000000E+000  1.355305939432E-001
  7.637933600943E-002  1.170271666171E+003 -1.850149742468E+004  2.987756330876E+005  0.000000000000E+000  1.368605207484E-001
  7.825774090225E-002  1.136040096204E+003 -1.794882576987E+004  2.897195504351E+005  0.000000000000E+000  1.382215837805E-001
  8.016232207035E-002  1.102375147664E+003 -1.740554869040E+004  2.808226400786E+005  0.000000000000E+000  1.396145283915E-001
  8.209324709253E-002  1.069284385370E+003 -1.687178076756E+004  2.720866431782E+005  0.000000000000E+000  1.410401225335E-001
  8.405068630235E-002  1.036774639710E+003 -1.634762442159E+004  2.635130950132E+005  0.000000000000E+000  1.424991574164E-001
  8.603481282122E-002  1.004852014722E+003 -1.583317006660E+004  2.551033279518E+005  0.000000000000E+000  1.439924481789E-001
  8.804580259214E-002  9.735218971052E+002 -1.532849628049E+004  2.468584746759E+005  0.000000000000E+000  1.455208345718E-001
  9.008383441408E-002  9.427889661066E+002 -1.483366998952E+004  2.387794716500E+005  0.000000000000E+000  1.470851816533E-001
  9.214908997710E-002  9.126572042663E+002 -1.434874666677E+004  2.308670628232E+005  0.000000000000E+000  1.486863804943E-001
  9.424175389809E-002  8.831299089756E+002 -1.387377054389E+004  2.231218035512E+005  0.000000000000E+000  1.503253488933E-001
  9.636201375725E-002  8.542097048158E+002 -1.340877483539E+004  2.155440647281E+005  0.000000000000E+000  1.520030320979E-001
  9.851006013526E-002  8.258985566379E+002 -1.295378197496E+004  2.081340371142E+005  0.000000000000E+000  1.537204035326E-001
  1.006860866512E-001  7.981977833473E+002 -1.250880386303E+004  2.008917358482E+005  0.000000000000E+000  1.554784655296E-001
  1.028902900012E-001  7.711080723520E+002 -1.207384212483E+004  1.938170051310E+005  0.000000000000E+000  1.572782500608E-001
  1.051228699979E-001  7.446294946371E+002 -1.164888837839E+004  1.869095230684E+005  0.000000000000E+000  1.591208194668E-001
  1.073840296104E-001  7.187615204234E+002 -1.123392451165E+004  1.801688066605E+005  0.000000000000E+000  1.610072671815E-001
  1.096739750056E-001  6.935030353715E+002 -1.082892296799E+004  1.735942169238E+005  0.000000000000E+000  1.629387184458E-001
  1.119929155896E-001  6.688523572896E+002 -1.043384703952E+004  1.671849641341E+005  0.000000000000E+000  1.649163310090E-001
  1.143410640503E-001  6.448072533036E+002 -1.004865116734E+004  1.609401131777E+005  0.000000000000E+000  1.669412958099E-001
  1.167186364011E-001  6.213649574497E+002 -9.673281248066E+003  1.548585889964E+005  0.000000000000E+000  1.690148376334E-001
  1.191258520249E-001  5.985221886473E+002 -9.307674945956E+003  1.489391821159E+005  0.000000000000E+000  1.711382157362E-001
  1.215629337189E-001  5.762751690120E+002 -8.951762009856E+003  1.431805542433E+005  0.000000000000E+000  1.733127244332E-001
  1.240301077413E-001  5.546196424667E+002 -8.605464594294E+003  1.375812439212E+005  0.000000000000E+000  1.755396936368E-001
  1.265276038575E-001  5.335508936112E+002 -8.268697584013E+003  1.321396722277E+005  0.000000000000E+000  1.778204893396E-001
  1.290556553882E-001  5.130637668097E+002 -7.941368921253E+003  1.268541485083E+005  0.000000000000E+000  1.801565140303E-001
  1.316144992580E-001  4.931526854564E+002 -7.623379935087E+003  1.217228761287E+005  0.000000000000E+000  1.825492070293E-001
  1.342043760450E-001  4.738116713798E+002 -7.314625672159E+003  1.167439582362E+005  0.000000000000E+000  1.850000447330E-001
  1.368255300316E-001  4.550343643463E+002 -7.014995228146E+003  1.119154035196E+005  0.000000000000E+000  1.875105407493E-001
  1.394782092560E-001  4.368140416272E+002 -6.724372079306E+003  1.072351319546E+005  0.000000000000E+000  1.900822459095E-001
  1.421626655646E-001  4.191436375888E+002 -6.442634413487E+003  1.027009805251E+005  0.000000000000E+000  1.927167481372E-001
  1.448791546661E-001  4.020157632714E+002 -6.169655459975E+003  9.831070890958E+004  0.000000000000E+000  1.954156721527E-001
  1.476279361856E-001  3.854227259210E+002 -5.905303817586E+003  9.406200512194E+004  0.000000000000E+000  1.981806789909E-001
  1.504092737207E-001  3.693565484383E+002 -5.649443780432E+003  8.995249109770E+004  0.000000000000E+000  2.010134653064E-001
  1.532234348983E-001  3.538089887124E+002 -5.401935660791E+003  8.597972821549E+004  0.000000000000E+000  2.039157624376E-001
  1.560706914324E-001  3.387715588062E+002 -5.162636108558E+003  8.214122274505E+004  0.000000000000E+000  2.068893351977E-001
  1.589513191834E-001  3.242355439614E+002 -4.931398426748E+003  7.843443121303E+004  0.000000000000E+000  2.099359803587E-001
  1.618655982178E-001  3.101920213948E+002 -4.708072882562E+003  7.485676567836E+004  0.000000000000E+000  2.130575247895E-001
  1.648138128702E-001  2.966318788538E+002 -4.492507013551E+003  7.140559890937E+004  0.000000000000E+000  2.162558232070E-001
  1.677962518056E-001  2.835458329067E+002 -4.284545928419E+003  6.807826945532E+004  0.000000000000E+000  2.195327554923E-001
  1.708132080832E-001  2.709244469386E+002 -4.084032602051E+003  6.487208660537E+004  0.000000000000E+000  2.228902235242E-001
  1.738649792215E-001  2.587581488289E+002 -3.890808164368E+003  6.178433522859E+004  0.000000000000E+000  2.263301474727E-001
  1.769518672648E-001  2.470372482871E+002 -3.704712182619E+003  5.881228048898E+004  0.000000000000E+000  2.298544614945E-001
  1.800741788507E-001  2.357519538229E+002 -3.525582936789E+003  5.595317242997E+004  0.000000000000E+000  2.334651087655E-001
  1.832322252791E-001  2.248923893315E+002 -3.353257687771E+003  5.320425042324E+004  0.000000000000E+000  2.371640357812E-001
  1.864263225826E-001  2.144486102726E+002 -3.187572938022E+003  5.056274747743E+004  0.000000000000E+000  2.409531858491E-001
  1.896567915983E-001  2.044106194266E+002 -3.028364684431E+003  4.802589440246E+004  0.000000000000E+000  2.448344916960E-001
  1.929239580409E-001  1.947683822100E+002 -2.875468663141E+003  4.559092382573E+004  0.000000000000E+000  2.488098671034E-001
  1.962281525771E-001  1.855118415355E+002 -2.728720586112E+003  4.325507405726E+004  0.000000000000E+000  2.528811974833E-001
  1.995697109023E-001  1.766309322023E+002 -2.587956369237E+003  4.101559280065E+004  0.000000000000E+000  2.570503293022E-001
  2.029489738173E-001  1.681155948048E+002 -2.453012351822E+003  3.886974070784E+004  0.000000000000E+000  2.613190582556E-001
  2.063662873085E-001  1.599557891486E+002 -2.323725507309E+003  3.681479477565E+004  0.000000000000E+000  2.656891160959E-001
  2.098220026275E-001  1.521415071635E+002 -2.199933645099E+003  3.484805158280E+004  0.000000000000E+000  2.701621560149E-001
  2.133164763746E-001  1.446627853062E+002 -2.081475603397E+003  3.296683036627E+004  0.000000000000E+000  2.747397364815E-001
  2.168500705817E-001  1.375097164458E+002 -1.968191432998E+003  3.116847593654E+004  0.000000000000E+000  2.794233034417E-001
  2.204231527988E-001  1.306724612258E+002 -1.859922571965E+003  2.945036143151E+004  0.000000000000E+000  2.842141707899E-001
  2.240360961807E-001  1.241412588997E+002 -1.756512011183E+003  2.780989090929E+004  0.000000000000E+000  2.891134990346E-001
  2.276892795770E-001  1.179064376365E+002 -1.657804450771E+003  2.624450178053E+004  0.000000000000E+000  2.941222720919E-001
  2.313830876220E-001  1.119584242953E+002 -1.563646447379E+003  2.475166708120E+004  0.000000000000E+000  2.992412721590E-001
  2.351179108282E-001  1.062877536674E+002 -1.473886552409E+003  2.332889758720E+004  0.000000000000E+000  3.044710526463E-001
  2.388941456809E-001  1.008850771891E+002 -1.388375441215E+003  2.197374377244E+004  0.000000000000E+000  3.098119091763E-001
  2.427121947345E-001  9.574117112447E+001 -1.306966033359E+003  2.068379761240E+004  0.000000000000E+000  3.152638486952E-001
  2.465724667110E-001  9.084694422345E+001 -1.229513604025E+003  1.945669423550E+004  0.000000000000E+000  3.208265567912E-001
  2.504753766009E-001  8.619344485892E+001 -1.155875886699E+003  1.829011342475E+004  0.000000000000E+000  3.264993633699E-001
  2.544213457654E-001  8.177186764742E+001 -1.085913167249E+003  1.718178097271E+004  0.000000000000E+000  3.322812069026E-001
  2.584108020414E-001  7.757355956067E+001 -1.019488369545E+003  1.612946989279E+004  0.000000000000E+000  3.381705975393E-001
  2.624441798480E-001  7.359002553453E+001 -9.564671327917E+002  1.513100149019E+004  0.000000000000E+000  3.441655794678E-001
  2.665219202956E-001  6.981293358386E+001 -8.967178807372E+002  1.418424629622E+004  0.000000000000E+000  3.502636929951E-001
  2.706444712976E-001  6.623411943199E+001 -8.401118829486E+002  1.328712486960E+004  0.000000000000E+000  3.564619369355E-001
  2.748122876832E-001  6.284559066465E+001 -7.865233083586E+002  1.243760846885E+004  0.000000000000E+000  3.627567320055E-001
  2.790258313137E-001  5.963953041877E+001 -7.358292712880E+002  1.163371959981E+004  0.000000000000E+000  3.691438860442E-001
  2.832855712010E-001  5.660830061728E+001 -6.879098701677E+002  1.087353244264E+004  0.000000000000E+000  3.756185620022E-001
  2.875919836279E-001  5.374444476171E+001 -6.426482191884E+002  1.015517316258E+004  0.000000000000E+000  3.821752497587E-001
  2.919455522717E-001  5.104069029484E+001 -5.999304731172E+002  9.476820109206E+003  0.000000000000E+000  3.888077429416E-001
  2.963467683296E-001  4.848995054637E+001 -5.596458455230E+002  8.836703908556E+003  0.000000000000E+000  3.955091220157E-001
  3.007961306479E-001  4.608532627476E+001 -5.216866206651E+002  8.233107453033E+003  0.000000000000E+000  4.022717449797E-001
  3.052941458522E-001  4.382010681913E+001 -4.859481592973E+002  7.664365793689E+003  0.000000000000E+000  4.090872470469E-001
  3.098413284823E-001  4.168777087524E+001 -4.523288986507E+002  7.128865939769E+003  0.000000000000E+000  4.159465506814E-001
  3.144382011281E-001  3.968198690984E+001 -4.207303468570E+002  6.625046570329E+003  0.000000000000E+000  4.228398873015E-001
  3.190852945695E-001  3.779661322826E+001 -3.910570720788E+002  6.151397662759E+003  0.000000000000E+000  4.297568318402E-001
  3.237831479192E-001  3.602569770993E+001 -3.632166866154E+002  5.706460043068E+003  0.000000000000E+000  4.366863511635E-001
  3.285323087679E-001  3.436347722689E+001 -3.371198262514E+002  5.288824862744E+003  0.000000000000E+000  4.436168670778E-001
  3.333333333333E-001  3.280437676051E+001 -3.126801251174E+002  4.897133007003E+003  0.000000000000E+000  4.505363343143E-001
  3.381867866117E-001  3.134300823151E+001 -2.898141863304E+002  4.530074439154E+003  0.000000000000E+000  4.574323334621E-001
  3.430932425333E-001  2.997416905858E+001 -2.684415486804E+002  4.186387485815E+003  0.000000000000E+000  4.642921783375E-001
  3.480532841203E-001  2.869284046082E+001 -2.484846496259E+002  3.864858067573E+003  0.000000000000E+000  4.711030367435E-001
  3.530675036492E-001  2.749418551914E+001 -2.298687848623E+002  3.564318879676E+003  0.000000000000E+000  4.778520630149E-001
  3.581365028158E-001  2.637354701160E+001 -2.125220647172E+002  3.283648527205E+003  0.000000000000E+000  4.845265401754E-001
  3.632608929041E-001  2.532644503778E+001 -1.963753676294E+002  3.021770619100E+003  0.000000000000E+000  4.911140290018E-001
  3.684412949588E-001  2.434857444672E+001 -1.813622909587E+002  2.777652825297E+003  0.000000000000E+000  4.976025208160E-001
  3.736783399619E-001  2.343580208323E+001 -1.674190993709E+002  2.550305901139E+003  0.000000000000E+000  5.039805904506E-001
  3.789726690123E-001  2.258416386654E+001 -1.544846710351E+002  2.338782683065E+003  0.000000000000E+000  5.102375455875E-001
  3.843249335105E-001  2.178986171576E+001 -1.425004418674E+002  2.142177059494E+003  0.000000000000E+000  5.163635685741E-001
  3.897357953460E-001  2.104926033550E+001 -1.314103480440E+002  1.959622920655E+003  0.000000000000E+000  5.223498469008E-001
  3.952059270903E-001  2.035888387534E+001 -1.211607670042E+002  1.790293090985E+003  0.000000000000E+000  5.281886887759E-001
  4.007360121927E-001  1.971541247622E+001 -1.117004571536E+002  1.633398247591E+003  0.000000000000E+000  5.338736206593E-001
  4.063267451812E-001  1.911567871636E+001 -1.029804964721E+002  1.488185828083E+003  0.000000000000E+000  5.393994641921E-001
  4.119788318683E-001  1.855666396927E+001 -9.495422022274E+001  1.353938930979E+003  0.000000000000E+000  5.447623906563E-001
  4.176929895600E-001  1.803549468560E+001 -8.757715795031E+001  1.229975211702E+003  0.000000000000E+000  5.499599518802E-001
  4.234699472710E-001  1.754943861058E+001 -8.080696994873E+001  1.115645777043E+003  0.000000000000E+000  5.549910873222E-001
  4.293104459435E-001  1.709590094801E+001 -7.460338337076E+001  1.010334080811E+003  0.000000000000E+000  5.598561078783E-001
  4.352152386716E-001  1.667242048171E+001 -6.892812814280E+001  9.134548232252E+002  0.000000000000E+000  5.645566577116E-001
  4.411850909306E-001  1.627666566440E+001 -6.374487284058E+001  8.244528564647E+002  0.000000000000E+000  5.690956560685E-001
  4.472207808110E-001  1.590643068410E+001 -5.901916067248E+001  7.428020986217E+002  0.000000000000E+000  5.734772215878E-001
  4.533230992589E-001  1.555963151723E+001 -5.471834570914E+001  6.680044581538E+002  0.000000000000E+000  5.777065820037E-001
  4.594928503202E-001  1.523430197735E+001 -5.081152948937E+001  5.995887707844E+002  0.000000000000E+000  5.817899723922E-001
  4.657308513924E-001  1.492858976800E+001 -4.726949812415E+001  5.371097506436E+002  0.000000000000E+000  5.857345252017E-001
  4.720379334802E-001  1.464075254754E+001 -4.406466001222E+001  4.801469572984E+002  0.000000000000E+000  5.895481552644E-001
  4.784149414579E-001  1.436915401363E+001 -4.117098427267E+001  4.283037801757E+002  0.000000000000E+000  5.932394428170E-001
  4.848627343381E-001  1.411226001432E+001 -3.856393999163E+001  3.812064417406E+002  0.000000000000E+000  5.968175172919E-001
  4.913821855461E-001  1.386863469235E+001 -3.622043637273E+001  3.385030206555E+002  0.000000000000E+000  6.002919443049E-001
  4.979741832006E-001  1.363693666887E+001 -3.411876387279E+001  2.998624960129E+002  0.000000000000E+000  6.036726178774E-001
  5.046396304008E-001  1.341591527239E+001 -3.223853639714E+001  2.649738136058E+002  0.000000000000E+000  6.069696595295E-001
  5.113794455212E-001  1.320440681803E+001 -3.056063462118E+001  2.335449750751E+002  0.000000000000E+000  6.101933254734E-001
  5.181945625116E-001  1.300133094219E+001 -2.906715049819E+001  2.053021506544E+002  0.000000000000E+000  6.133539227515E-001
  5.250859312060E-001  1.280568699694E+001 -2.774133300598E+001  1.799888161186E+002  0.000000000000E+000  6.164617348086E-001
  5.320545176366E-001  1.261655050835E+001 -2.656753517889E+001  1.573649144313E+002  0.000000000000E+000  6.195269566772E-001
  5.391013043575E-001  1.243306970220E+001 -2.553116246488E+001  1.372060424851E+002  0.000000000000E+000  6.225596396884E-001
  5.462272907741E-001  1.225446210067E+001 -2.461862244145E+001  1.193026632267E+002  0.000000000000E+000  6.255696454022E-001
  5.534334934816E-001  1.208001119268E+001 -2.381727591841E+001  1.034593433670E+002  0.000000000000E+000  6.285666082870E-001
  5.607209466109E-001  1.190906318063E+001 -2.311538944984E+001  8.949401678785E+001  0.000000000000E+000  6.315599065496E-001
  5.680907021827E-001  1.174102380576E+001 -2.250208927220E+001  7.723727367398E+001  0.000000000000E+000  6.345586404353E-001
  5.755438304707E-001  1.157535525394E+001 -2.196731668088E+001  6.653167532078E+001  0.000000000000E+000  6.375716172727E-001
  5.830814203728E-001  1.141157314371E+001 -2.150178485226E+001  5.723109449767E+001  0.000000000000E+000  6.406073425137E-001
  5.907045797917E-001  1.124924359774E+001 -2.109693711442E+001  4.920008117853E+001  0.000000000000E+000  6.436740160301E-001
  5.984144360243E-001  1.108798039882E+001 -2.074490666512E+001  4.231325338951E+001  0.000000000000E+000  6.467795329508E-001
  6.062121361613E-001  1.092744223108E+001 -2.043847773192E+001  3.645471286804E+001  0.000000000000E+000  6.499314883604E-001
  6.140988474955E-001  1.076733000721E+001 -2.017104816571E+001  3.151748517461E+001  0.000000000000E+000  6.531371852308E-001
  6.220757579409E-001  1.060738428159E+001 -1.993659345567E+001  2.740298385252E+001  0.000000000000E+000  6.564036450089E-001
  6.301440764614E-001  1.044738274987E+001 -1.972963215028E+001  2.402049818840E+001  0.000000000000E+000  6.597376203429E-001
  6.383050335109E-001  1.028713783442E+001 -1.954519266677E+001  2.128670408853E+001  0.000000000000E+000  6.631456094842E-001
  6.465598814833E-001  1.012649435574E+001 -1.937878146815E+001  1.912519755317E+001  0.000000000000E+000  6.666338719623E-001
  6.549098951744E-001  9.965327289031E+000 -1.922635258532E+001  1.746605020159E+001  0.000000000000E+000  6.702084451815E-001
  6.633563722545E-001  9.803539605468E+000 -1.908427845924E+001  1.624538627574E+001  0.000000000000E+000  6.738751616407E-001
  6.719006337539E-001  9.641060197251E+000 -1.894932207648E+001  1.540498052941E+001  0.000000000000E+000  6.776396665228E-001
  6.805440245593E-001  9.477841885572E+000 -1.881861036978E+001  1.489187639197E+001  0.000000000000E+000  6.815074354452E-001
  6.892879139233E-001  9.313859510384E+000 -1.868960885405E+001  1.465802378200E+001  0.000000000000E+000  6.854837921987E-001
  6.981336959871E-001  9.149108100813E+000 -1.856009746676E+001  1.465993593521E+001  0.000000000000E+000  6.895739263378E-001
  7.070827903152E-001  8.983601124936E+000 -1.842814758075E+001  1.485836460336E+001  0.000000000000E+000  6.937829105148E-001
  7.161366424455E-001  8.817368817538E+000 -1.829210015689E+001  1.521799297621E+001  0.000000000000E+000  6.981157174749E-001
  7.252967244510E-001  8.650456584423E+000 -1.815054500299E+001  1.570714567629E+001  0.000000000000E+000  7.025772366539E-001
  7.345645355186E-001  8.482923481743E+000 -1.800230110522E+001  1.629751517658E+001  0.000000000000E+000  7.071722903365E-001
  7.439416025400E-001  8.314840768772E+000 -1.784639799768E+001  1.696390399412E+001  0.000000000000E+000  7.119056493525E-001
  7.534294807203E-001  8.146290532506E+000 -1.768205813582E+001  1.768398201706E+001  0.000000000000E+000  7.167820482979E-001
  7.630297542000E-001  7.977364382396E+000 -1.750868023910E+001  1.843805832959E+001  0.000000000000E+000  7.218062002828E-001
  7.727440366954E-001  7.808162213533E+000 -1.732582356854E+001  1.920886690757E+001  0.000000000000E+000  7.269828112140E-001
  7.825739721536E-001  7.638791036522E+000 -1.713319310492E+001  1.998136556767E+001  0.000000000000E+000  7.323165936299E-001
  7.925212354258E-001  7.469363872320E+000 -1.693062559353E+001  2.074254756454E+001  0.000000000000E+000  7.378122801100E-001
  8.025875329584E-001  7.299998710244E+000 -1.671807642201E+001  2.148126524296E+001  0.000000000000E+000  7.434746362867E-001
  8.127746035011E-001  7.130817527369E+000 -1.649560729794E+001  2.218806516595E+001  0.000000000000E+000  7.493084734896E-001
  8.230842188350E-001  6.961945367556E+000 -1.626337469370E+001  2.285503415450E+001  0.000000000000E+000  7.553186610580E-001
  8.335181845190E-001  6.793509478297E+000 -1.602161902640E+001  2.347565569024E+001  0.000000000000E+000  7.615101383553E-001
  8.440783406568E-001  6.625638503609E+000 -1.577065454156E+001  2.404467614860E+001  0.000000000000E+000  7.678879265244E-001
  8.547665626839E-001  6.458461731211E+000 -1.551085986984E+001  2.455798034676E+001  0.000000000000E+000  7.744571400225E-001
  8.655847621758E-001  6.292108392211E+000 -1.524266922674E+001  2.501247590815E+001  0.000000000000E+000  7.812229979736E-001
  8.765348876780E-001  6.126707011567E+000 -1.496656422622E+001  2.540598596254E+001  0.000000000000E+000  7.881908353795E-001
  8.876189255584E-001  5.962384807580E+000 -1.468306627972E+001  2.573714971888E+001  0.000000000000E+000  7.953661142292E-001
  8.988389008829E-001  5.799267138716E+000 -1.439272955309E+001  2.600533046561E+001  0.000000000000E+000  8.027544345452E-001
  9.101968783143E-001  5.637476996054E+000 -1.409613445465E+001  2.621053057142E+001  0.000000000000E+000  8.103615454100E-001
  9.216949630368E-001  5.477134539698E+000 -1.379388162857E+001  2.635331307704E+001  0.000000000000E+000  8.181933560088E-001
  9.333353017046E-001  5.318356677493E+000 -1.348658642842E+001  2.643472948669E+001  0.000000000000E+000  8.262559467325E-001
  9.451200834176E-001  5.161256684419E+000 -1.317487384679E+001  2.645625338490E+001  0.000000000000E+000  8.345555803785E-001
  9.570515407237E-001  5.005943861063E+000 -1.285937387775E+001  2.641971952233E+001  0.000000000000E+000  8.430987134900E-001
  9.691319506484E-001  4.852523229581E+000 -1.254071728938E+001  2.632726803049E+001  0.000000000000E+000  8.518920078757E-001
  9.813636357544E-001  4.701095265596E+000 -1.221953178508E+001  2.618129344247E+001  0.000000000000E+000  8.609423423479E-001
  9.937489652293E-001  4.551755664495E+000 -1.189643853248E+001  2.598439821237E+001  0.000000000000E+000  8.702568247226E-001
  1.006290356005E+000  4.404595140610E+000 -1.157204904011E+001  2.573935044244E+001  0.000000000000E+000  8.798428041212E-001
  1.018990273907E+000  4.259699257808E+000 -1.124696236249E+001  2.544904554150E+001  0.000000000000E+000  8.897078836168E-001
  1.031851234841E+000  4.117148290001E+000 -1.092176261507E+001  2.511647155361E+001  0.000000000000E+000  8.998599332673E-001
  1.044875806003E+000  3.977017110159E+000 -1.059701678129E+001  2.474467790953E+001  0.000000000000E+000  9.103071035801E-001
  1.058066607138E+000  3.839375106379E+000 -1.027327279464E+001  2.433674736745E+001  0.000000000000E+000  9.210578394511E-001
  1.071426311823E+000  3.704286123633E+000 -9.951057879311E+000  2.389577092253E+001  0.000000000000E+000  9.321208946263E-001
  1.084957648792E+000  3.571808429799E+000 -9.630877133653E+000  2.342482547704E+001  0.000000000000E+000  9.435053467315E-001
  1.098663403298E+000  3.441994704625E+000 -9.313212341323E+000  2.292695407504E+001  0.000000000000E+000  9.552206129195E-001
  1.112546418516E+000  3.314892050293E+000 -8.998520995590E+000  2.240514851658E+001  0.000000000000E+000  9.672764661854E-001
  1.126609596985E+000  3.190542022265E+000 -8.687235522819E+000  2.186233417756E+001  0.000000000000E+000  9.796830524024E-001
  1.140855902095E+000  3.068980679107E+000 -8.379762691728E+000  2.130135687096E+001  0.000000000000E+000  9.924509081326E-001
  1.155288359613E+000  2.950238650040E+000 -8.076483195522E+000  2.072497159543E+001  0.000000000000E+000  1.005590979268E+000
  1.169910059257E+000  2.834341218946E+000 -7.777751394521E+000  2.013583302577E+001  0.000000000000E+000  1.019114640565E+000
  1.184724156317E+000  2.721308423612E+000 -7.483895207381E+000  1.953648760880E+001  0.000000000000E+000  1.033033716126E+000
  1.199733873325E+000  2.611155168998E+000 -7.195216139444E+000  1.892936713581E+001  0.000000000000E+000  1.047360500907E+000
  1.214942501771E+000  2.503891353350E+000 -6.911989437240E+000  1.831678367071E+001  0.000000000000E+000  1.062107783300E+000
  1.230353403874E+000  2.399522006001E+000 -6.634464358533E+000  1.770092571983E+001  0.000000000000E+000  1.077288868878E+000
  1.245970014403E+000  2.298047435718E+000 -6.362864547771E+000  1.708385553610E+001  0.000000000000E+000  1.092917605369E+000
  1.261795842559E+000  2.199463388494E+000 -6.097388507141E+000  1.646750745671E+001  0.000000000000E+000  1.109008408940E+000
  1.277834473907E+000  2.103761213700E+000 -5.838210153867E+000  1.585368717910E+001  0.000000000000E+000  1.125576291874E+000
  1.294089572372E+000  2.010928037545E+000 -5.585479454724E+000  1.524407188563E+001  0.000000000000E+000  1.142636891724E+000
  1.310564882294E+000  1.920946942828E+000 -5.339323129132E+000  1.464021113267E+001  0.000000000000E+000  1.160206502039E+000
  1.327264230548E+000  1.833797153979E+000 -5.099845412540E+000  1.404352842458E+001  0.000000000000E+000  1.178302104762E+000
  1.344191528724E+000  1.749454226440E+000 -4.867128872175E+000  1.345532339770E+001  0.000000000000E+000  1.196941404395E+000
  1.361350775387E+000  1.667890239459E+000 -4.641235267583E+000  1.287677454395E+001  0.000000000000E+000  1.216142864050E+000
  1.378746058390E+000  1.589073991407E+000 -4.422206448713E+000  1.230894240758E+001  0.000000000000E+000  1.235925743486E+000
  1.396381557275E+000  1.512971196761E+000 -4.210065284687E+000  1.175277319282E+001  0.000000000000E+000  1.256310139273E+000
  1.414261545744E+000  1.439544683952E+000 -4.004816616696E+000  1.120910272365E+001  0.000000000000E+000  1.277317027195E+000
  1.432390394201E+000  1.368754593287E+000 -3.806448228835E+000  1.067866070079E+001  0.000000000000E+000  1.298968307038E+000
  1.450772572390E+000  1.300558574224E+000 -3.614931831030E+000  1.016207520422E+001  0.000000000000E+000  1.321286849911E+000
  1.469412652102E+000  1.234911981296E+000 -3.430224048551E+000  9.659877393035E+000  0.000000000000E+000  1.344296548245E+000
  1.488315309978E+000  1.171768068046E+000 -3.252267412941E+000  9.172506357633E+000  0.000000000000E+000  1.368022368649E+000
  1.507485330398E+000  1.111078178352E+000 -3.080991349565E+000  8.700314082211E+000  0.000000000000E+000  1.392490407785E+000
  1.526927608467E+000  1.052791934589E+000 -2.916313157286E+000  8.243570478793E+000  0.000000000000E+000  1.417727951459E+000
  1.546647153093E+000  9.968574221029E-001 -2.758138976158E+000  7.802468456765E+000  0.000000000000E+000  1.443763537130E+000
  1.566649090169E+000  9.432213695226E-001 -2.606364739331E+000  7.377128994860E+000  0.000000000000E+000  1.470627020041E+000
  1.586938665861E+000  8.918293244787E-001 -2.460877105740E+000  6.967606185284E+000  0.000000000000E+000  1.498349643221E+000
  1.607521250000E+000  8.426258243405E-001 -2.321554370446E+000  6.573892222407E+000  0.000000000000E+000  1.526964111579E+000
  1.628402339588E+000  7.955545616273E-001 -2.188267349860E+000  6.195922311106E+000  0.000000000000E+000  1.556504670381E+000
  1.649587562420E+000  7.505585437940E-001 -2.060880239385E+000  5.833579472395E+000  0.000000000000E+000  1.587007188385E+000
  1.671082680832E+000  7.075802471295E-001 -1.939251441333E+000  5.486699226506E+000  0.000000000000E+000  1.618509245928E+000
  1.692893595565E+000  6.665617645496E-001 -1.823234361302E+000  5.155074135997E+000  0.000000000000E+000  1.651050228322E+000
  1.715026349769E+000  6.274449471054E-001 -1.712678171457E+000  4.838458193809E+000  0.000000000000E+000  1.684671424900E+000
  1.737487133138E+000  5.901715390648E-001 -1.607428539496E+000  4.536571043463E+000  0.000000000000E+000  1.719416134098E+000
  1.760282286187E+000  5.546833064628E-001 -1.507328322317E+000  4.249102020720E+000  0.000000000000E+000  1.755329775005E+000
  1.783418304674E+000  5.209221590486E-001 -1.412218223704E+000  3.975714008133E+000  0.000000000000E+000  1.792460005828E+000
  1.806901844175E+000  4.888302655926E-001 -1.321937415559E+000  3.716047095849E+000  0.000000000000E+000  1.830856849765E+000
  1.830739724818E+000  4.583501625449E-001 -1.236324122489E+000  3.469722043888E+000  0.000000000000E+000  1.870572828833E+000
  1.854938936184E+000  4.294248560669E-001 -1.155216169725E+000  3.236343542863E+000  0.000000000000E+000  1.911663106231E+000
  1.879506642368E+000  4.019979174821E-001 -1.078451494610E+000  3.015503271713E+000  0.000000000000E+000  1.954185637890E+000
  1.904450187236E+000  3.760135722181E-001 -1.005868622017E+000  2.806782752539E+000  0.000000000000E+000  1.998201333890E+000
  1.929777099847E+000  3.514167823331E-001 -9.373071042918E-001  2.609756003985E+000  0.000000000000E+000  2.043774230543E+000
  1.955495100083E+000  3.281533227378E-001 -8.726079264126E-001  2.423991995865E+000  0.000000000000E+000  2.090971673955E+000
  1.981612104475E+000  3.061698512443E-001 -8.116138772247E-001  2.249056908854E+000  0.000000000000E+000  2.139864516013E+000
  2.008136232230E+000  2.854139725851E-001 -7.541698877214E-001  2.084516204039E+000  0.000000000000E+000  2.190527323802E+000
  2.035075811486E+000  2.658342965619E-001 -7.001233374327E-001  1.929936508020E+000  0.000000000000E+000  2.243038603574E+000
  2.062439385788E+000  2.473804904911E-001 -6.493243300803E-001  1.784887319945E+000  0.000000000000E+000  2.297481040510E+000
  2.090235720801E+000  2.300033261251E-001 -6.016259397165E-001  1.648942547544E+000  0.000000000000E+000  2.353941755623E+000
  2.118473811262E+000  2.136547212345E-001 -5.568844286259E-001  1.521681879674E+000  0.000000000000E+000  2.412512581322E+000
  2.147162888201E+000  1.982877760398E-001 -5.149594383015E-001  1.402692003310E+000  0.000000000000E+000  2.473290357284E+000
  2.176312426413E+000  1.838568046904E-001 -4.757141548385E-001  1.291567673217E+000  0.000000000000E+000  2.536377248485E+000
  2.205932152222E+000  1.703173619841E-001 -4.390154500986E-001  1.187912642691E+000  0.000000000000E+000  2.601881087414E+000
  2.236032051522E+000  1.576262655282E-001 -4.047340000023E-001  1.091340463886E+000  0.000000000000E+000  2.669915742745E+000
  2.266622378129E+000  1.457416135395E-001 -3.727443812985E-001  1.001475166255E+000  0.000000000000E+000  2.740601516944E+000
  2.297713662445E+000  1.346227984808E-001 -3.429251481424E-001  9.179518215546E-001  0.000000000000E+000  2.814065575599E+000
  2.329316720450E+000  1.242305167302E-001 -3.151588897918E-001  8.404170037678E-001  0.000000000000E+000  2.890442411551E+000
  2.361442663038E+000  1.145267744766E-001 -2.893322706940E-001  7.685291520713E-001  0.000000000000E+000  2.969874347230E+000
  2.394102905709E+000  1.054748900336E-001 -2.653360542065E-001  7.019588447775E-001  0.000000000000E+000  3.052512078985E+000
  2.427309178642E+000  9.703949275863E-002 -2.430651111446E-001  6.403889918718E-001  0.000000000000E+000  3.138515267625E+000
  2.461073537146E+000  8.918651876207E-002 -2.224184143111E-001  5.835149534631E-001  0.000000000000E+000  3.228053179820E+000
  2.495408372530E+000  8.188320358851E-002 -2.032990201102E-001  5.310445911214E-001  0.000000000000E+000  3.321305385558E+000
  2.530326423398E+000  7.509807204677E-002 -1.856140383014E-001  4.826982587097E-001  0.000000000000E+000  3.418462517388E+000
  2.565840787378E+000  6.880092536318E-002 -1.692745908989E-001  4.382087389458E-001  0.000000000000E+000  3.519727097852E+000
  2.601964933334E+000  6.296282582912E-002 -1.541957611698E-001  3.973211315406E-001  0.000000000000E+000  3.625314442150E+000
  2.638712714049E+000  5.755607911015E-002 -1.402965336379E-001  3.597926983761E-001  0.000000000000E+000  3.735453643927E+000
  2.676098379430E+000  5.255421438159E-002 -1.274997259498E-001  3.253926708036E-001  0.000000000000E+000  3.850388652844E+000
  2.714136590232E+000  4.793196245254E-002 -1.157319134151E-001  2.939020237642E-001  0.000000000000E+000  3.970379453637E+000
  2.752842432351E+000  4.366523203755E-002 -1.049233469862E-001  2.651132210738E-001  0.000000000000E+000  4.095703357324E+000
  2.792231431696E+000  3.973108433340E-002 -9.500786540401E-002  2.388299358614E-001  0.000000000000E+000  4.226656416468E+000
  2.832319569669E+000  3.610770605599E-002 -8.592280219559E-002  2.148667498184E-001  0.000000000000E+000  4.363554977644E+000
  2.873123299289E+000  3.277438109071E-002 -7.760888817218E-002  1.930488346047E-001  0.000000000000E+000  4.506737385711E+000
  2.914659561979E+000  2.971146090760E-002 -7.001015004512E-002  1.732116184614E-001  0.000000000000E+000  4.656565856094E+000
  2.956945805065E+000  2.690033389136E-002 -6.307380574404E-002  1.552004408108E-001  0.000000000000E+000  4.813428533042E+000
  3.000000000000E+000  2.432339373407E-002 -5.675015699455E-002  1.388701973747E-001  0.000000000000E+000  4.977741753808E+000
  3.043840661365E+000  2.196400703699E-002 -5.099247968655E-002  1.240849781126E-001  0.000000000000E+000  5.149952540941E+000
  3.088486866678E+000  1.980648026561E-002 -4.575691254043E-002  1.107177000773E-001  0.000000000000E+000  5.330541347301E+000
  3.133958277047E+000  1.783602620011E-002 -4.100234455664E-002  9.864973709705E-002  0.000000000000E+000  5.520025081233E+000
  3.180275158719E+000  1.603873002051E-002 -3.669030171353E-002  8.777054802955E-002  0.000000000000E+000  5.718960442435E+000
  3.227458405560E+000  1.440151516311E-002 -3.278483335921E-002  7.797730518127E-002  0.000000000000E+000  5.927947602564E+000
  3.275529562509E+000  1.291210908104E-002 -2.925239872421E-002  6.917452435528E-002  0.000000000000E+000  6.147634268599E+000
  3.324510850077E+000  1.155900903782E-002 -2.606175396380E-002  6.127369787134E-002  0.000000000000E+000  6.378720171471E+000
  3.374425189910E+000  1.033144805826E-002 -2.318384012027E-002  5.419293179580E-002  0.000000000000E+000  6.621962027527E+000
  3.425296231502E+000  9.219361155588E-003 -2.059167237659E-002  4.785658852332E-002  0.000000000000E+000  6.878179026201E+000
  3.477148380094E+000  8.213351947761E-003 -1.826023095376E-002  4.219493576436E-002  0.000000000000E+000  7.148258903812E+000
  3.530006825834E+000  7.304659769327E-003 -1.616635398312E-002  3.714380291099E-002  0.000000000000E+000  7.433164670879E+000
  3.583897574256E+000  6.485127377929E-003 -1.428863266369E-002  3.264424567581E-002  0.000000000000E+000  7.733942068915E+000
  3.638847478148E+000  5.747169346551E-003 -1.260730899105E-002  2.864221982428E-002  0.000000000000E+000  8.051727842378E+000
  3.694884270887E+000  5.083741224238E-003 -1.110417631986E-002  2.508826474624E-002  0.000000000000E+000  8.387758922646E+000
  3.752036601308E+000  4.488309538992E-003 -9.762482996025E-003  2.193719753849E-002  0.000000000000E+000  8.743382633668E+000
  3.810334070199E+000  3.954822707248E-003 -8.566839266891E-003  1.914781819398E-002  0.000000000000E+000  9.120068043583E+000
  3.869807268505E+000  3.477682904666E-003 -7.503127649075E-003  1.668262641542E-002  0.000000000000E+000  9.519418603464E+000
  3.930487817331E+000  3.051718943189E-003 -6.558416903751E-003  1.450755049050E-002  0.000000000000E+000  9.943186233678E+000
  3.992408409843E+000  2.672160189494E-003 -5.720879738468E-003  1.259168858249E-002  0.000000000000E+000  1.039328704060E+001
  4.055602855172E+000  2.334611550249E-003 -4.979714323602E-003  1.090706270463E-002  0.000000000000E+000  1.087181887203E+001
  4.120106124432E+000  2.035029540113E-003 -4.325069680459E-003  9.428385558843E-003  0.000000000000E+000  1.138108094930E+001
  4.185954398964E+000  1.769699439378E-003 -3.747974967397E-003  8.132840331037E-003  0.000000000000E+000  1.192359584803E+001
  4.253185120935E+000  1.535213539589E-003 -3.240272660583E-003  6.999873446351E-003  0.000000000000E+000  1.250213413892E+001
  4.321837046422E+000  1.328450467635E-003 -2.794555597550E-003  6.011000200637E-003  0.000000000000E+000  1.311974204588E+001
  4.391950301120E+000  1.146555571652E-003 -2.404107825101E-003  5.149623099434E-003  0.000000000000E+000  1.377977253109E+001
  4.463566438835E+000  9.869223458313E-004 -2.062849168637E-003  4.400862655092E-003  0.000000000000E+000  1.448592027866E+001
  4.536728502895E+000  8.471748658949E-004 -1.765283418124E-003  3.751400317302E-003  0.000000000000E+000  1.524226111963E+001
  4.611481090679E+000  7.251512025832E-004 -1.506450006898E-003  3.189333143789E-003  0.000000000000E+000  1.605329652435E+001
  4.687870421430E+000  6.188877771282E-004 -1.281879043622E-003  2.704039757325E-003  0.000000000000E+000  1.692400388607E+001
  4.765944407533E+000  5.266046202220E-004 -1.087549545038E-003  2.286057083733E-003  0.000000000000E+000  1.785989343315E+001
  4.845752729492E+000  4.466914944903E-004 -9.198507078308E-004  1.926967323740E-003  0.000000000000E+000  1.886707274206E+001
  4.927346914797E+000  3.776948398347E-004 -7.755460518237E-004  1.619294580030E-003  0.000000000000E+000  1.995231998122E+001
  5.010780420931E+000  3.183055011488E-004 -6.517402638072E-004  1.356410539822E-003  0.000000000000E+000  2.112316720310E+001
  5.096108722763E+000  2.673471987363E-004 -5.458485712709E-004  1.132448602485E-003  0.000000000000E+000  2.238799522460E+001
  5.183389404586E+000  2.237657031503E-004 -4.555684779569E-004  9.422258408718E-004  0.000000000000E+000  2.375614190136E+001
  5.272682257105E+000  1.866186780051E-004 -3.788536980708E-004  7.811721932853E-004  0.000000000000E+000  2.523802591983E+001
  5.364049379651E+000  1.550661564609E-004 -3.138901328162E-004  6.452662994511E-004  0.000000000000E+000  2.684528861459E+001
  5.457555287978E+000  1.283616194151E-004 -2.590737412297E-004  5.309774173277E-004  0.000000000000E+000  2.859095678294E+001
  5.553267027968E+000  1.058436458377E-004 -2.129901666505E-004  4.352128867360E-004  0.000000000000E+000  3.048963003382E+001
  5.651254295630E+000  8.692810805004E-005 -1.743959901537E-004  3.552706392567E-004  0.000000000000E+000  3.255769690034E+001
  5.751589563796E+000  7.110088697000E-005 -1.422014924958E-004  2.887962902108E-004  0.000000000000E+000  3.481358479614E+001
  5.854348215936E+000  5.791108436101E-005 -1.154548162275E-004  2.337443864387E-004  0.000000000000E+000  3.727804994890E+001
  5.959608687557E+000  4.696471086534E-005 -9.332742929937E-005  1.883434217784E-004  0.000000000000E+000  3.997451475216E+001
  6.067452615683E+000  3.791883003888E-005 -7.510080049516E-005  1.510642694876E-004  0.000000000000E+000  4.292946160991E+001
  6.177964996951E+000  3.047613972004E-005 -6.015420518182E-005  1.205917164374E-004  0.000000000000E+000  4.617289439388E+001
  6.291234354880E+000  2.437997285984E-005 -4.795358706049E-005  9.579881699860E-005  0.000000000000E+000  4.973888120526E+001
  6.407352916949E+000  1.940970043382E-005 -3.804140778749E-005  7.572381463835E-005  0.000000000000E+000  5.366619537204E+001
  6.526416802128E+000  1.537651928234E-005 -3.002742151560E-005  5.954940605610E-005  0.000000000000E+000  5.799907570141E+001
  6.648526219580E+000  1.211960772737E-005 -2.358031564212E-005  4.658414610304E-005  0.000000000000E+000  6.278813216897E+001
  6.773785679311E+000  9.502631642593E-006 -1.842016243693E-005  3.624581183760E-005  0.000000000000E+000  6.809142974371E+001
  6.902304215570E+000  7.410583363230E-006 -1.431162888503E-005  2.804656107519E-005  0.000000000000E+000  7.397579126752E+001
  7.034195623922E+000  5.746935468998E-006 -1.105789415318E-005  2.157973502005E-005  0.000000000000E+000  8.051837065393E+001
  7.169578712934E+000  4.431091108880E-006 -8.495225726439E-006  1.650816640518E-005  0.000000000000E+000  8.780856065409E+001
  7.308577571516E+000  3.396112209266E-006 -6.488166598489E-006  1.255386443607E-005  0.000000000000E+000  9.595031566867E+001
  7.451321853057E+000  2.586706657670E-006 -4.925287071712E-006  9.488956153964E-006  0.000000000000E+000  1.050649902657E+002
  7.597947077547E+000  1.957455416610E-006 -3.715455841625E-006  7.127771002355E-006  0.000000000000E+000  1.152948189903E+002
  7.748594953021E+000  1.471260521196E-006 -2.784586200009E-006  5.319961745870E-006  0.000000000000E+000  1.268071935622E+002
  7.903413717736E+000  1.097995066320E-006 -2.072814461844E-006  3.944560748222E-006  0.000000000000E+000  1.397999304490E+002
  8.062558504629E+000  8.133366035033E-007 -1.532069152449E-006  2.904876195947E-006  0.000000000000E+000  1.545077656891E+002
  8.226191729726E+000  5.977658447446E-007 -1.123991111166E-006  2.124138325131E-006  0.000000000000E+000  1.712103648299E+002
  8.394483506327E+000  4.357132054273E-007 -8.181664864753E-007  1.541811179376E-006  0.000000000000E+000  1.902421932003E+002
  8.567612086926E+000  3.148364993764E-007 -5.906366094710E-007  1.110490958308E-006  0.000000000000E+000  2.120046532479E+002
  8.745764335025E+000  2.254140104087E-007 -4.226509206090E-007  7.933176260708E-007  0.000000000000E+000  2.369809573849E+002
  8.929136229160E+000  1.598381862997E-007 -2.996314618493E-007  5.618321268525E-007  0.000000000000E+000  2.657542614316E+002
  9.117933401693E+000  1.121963100829E-007 -2.103198993444E-007  3.942172663811E-007  0.000000000000E+000  2.990296323540E+002
  9.312371715124E+000  7.792567496723E-008 -1.460805727657E-007  2.738660180046E-007  0.000000000000E+000  3.376604752114E+002
  9.512677878945E+000  5.353199658767E-008 -1.003356356783E-007  1.882266454727E-007  0.000000000000E+000  3.826801519233E+002
  9.719090110332E+000  3.636101309704E-008 -6.811091539486E-008  1.278795451830E-007  0.000000000000E+000  4.353398532583E+002
  9.931858842267E+000  2.441442364990E-008 -4.567363898186E-008  8.580604188997E-008  0.000000000000E+000  4.971547495444E+002
  1.015124748302E+001  1.620247451764E-008 -3.024560459909E-008  5.681446938511E-008  0.000000000000E+000  5.699629634684E+002
  1.037753323129E+001  1.062659735905E-008 -1.977768696492E-008  3.709368083441E-008  0.000000000000E+000  6.560078098570E+002
  1.061100795175E+001  6.886517464035E-009 -1.277371950807E-008  2.386861666925E-008  0.000000000000E+000  7.580663176260E+002
  1.085197911611E+001  4.407166802432E-009 -8.153766315121E-009  1.513667201219E-008  0.000000000000E+000  8.796716360750E+002
  1.110077081537E+001  2.781548060100E-009 -5.148563810022E-009  9.467319520797E-009  0.000000000000E+000  1.025521796964E+003
  1.135772484956E+001  1.726397367223E-009 -3.218462601816E-009  5.850736053783E-009  0.000000000000E+000  1.202246431178E+003
  1.162320190175E+001  1.048086133294E-009 -1.991530026797E-009  3.584042965941E-009  0.000000000000E+000  1.419846602396E+003
  1.189758280382E+001  6.166920717311E-010 -1.216588086231E-009  2.186202982259E-009  0.000000000000E+000  1.694406582247E+003
  1.218126990242E+001  3.465658502278E-010 -7.278722249826E-010  1.334637283891E-009  0.000000000000E+000  2.053265750004E+003
  1.247468853413E+001  1.820354478756E-010 -4.187229750606E-010  8.182627272607E-010  0.000000000000E+000  2.544808437411E+003
  1.277828862002E+001  8.713942350321E-011 -2.222891534061E-010  5.029395966204E-010  0.000000000000E+000  3.253135783339E+003
  1.309254639077E+001  3.847733162708E-011 -9.765516651299E-011  3.063113097473E-010  0.000000000000E+000  4.272074025422E+003
  1.341796625462E+001  2.042392848586E-011 -2.013371247574E-011  1.797597589163E-010  0.000000000000E+000  5.276273804470E+003
  1.375508282195E+001  2.208503876825E-011  2.528509939512E-011  9.574477647592E-011  0.000000000000E+000  5.140527611739E+003
  1.410446310162E+001  3.548582912730E-011  4.814369442309E-011  3.919193370944E-011  0.000000000000E+000  4.388897442348E+003
  1.446670888596E+001  5.458265958923E-011  5.504602623648E-011  1.881984092513E-012  0.000000000000E+000  3.802088198658E+003
  1.484245934302E+001  7.478080082053E-011  5.103489871174E-011 -2.098768522488E-011  0.000000000000E+000  3.423290180573E+003
  1.523239383723E+001  9.272295475991E-011  4.023273246256E-011 -3.272842931248E-011  0.000000000000E+000  3.186480981169E+003
  1.563723500136E+001  1.061869569332E-010  2.605920286477E-011 -3.608962840545E-011  0.000000000000E+000  3.045673607151E+003
  1.605775208607E+001  1.139937447685E-010  1.124901647409E-011 -3.358645247468E-011  0.000000000000E+000  2.974496151273E+003
  1.649476461582E+001  1.158771155011E-010 -2.184638224165E-012 -2.751329429918E-011  0.000000000000E+000  2.958293048108E+003
  1.694914638379E+001  1.123040435935E-010 -1.295920932090E-011 -1.983727932758E-011  0.000000000000E+000  2.989339818383E+003
  1.742182982203E+001  1.042584427206E-010 -2.047138260013E-011 -1.208925740119E-011  0.000000000000E+000  3.064338048611E+003
  1.791381078784E+001  9.301340924422E-011 -2.468548790901E-011 -5.309724387584E-012  0.000000000000E+000  3.183160697354E+003
  1.842615381215E+001  7.991931141649E-011 -2.598129374545E-011 -6.453997390561E-014  0.000000000000E+000  3.348290832606E+003
  1.895999786176E+001  6.623038142207E-011 -2.498815684460E-011  3.480974195981E-012  0.000000000000E+000  3.564686429877E+003
  1.951656267356E+001  5.298374346925E-011 -2.243107439739E-011  5.453388789417E-012  0.000000000000E+000  3.839955620538E+003
  2.009715572669E+001  4.093488502574E-011 -1.900734239563E-011  6.153748880631E-012  0.000000000000E+000  4.184811430526E+003
  2.070317992707E+001  3.054470364406E-011 -1.530342475089E-011  5.952373072957E-012  0.000000000000E+000  4.613832029794E+003
  2.133614208874E+001  2.200691798583E-011 -1.175285793471E-011  5.208901487224E-012  0.000000000000E+000  5.146603092062E+003
  2.199766230782E+001  1.530144718019E-011 -8.629250370187E-012  4.222306706841E-012  0.000000000000E+000  5.809377286960E+003
  2.268948433818E+001  1.025922097485E-011 -6.064495546147E-012  3.208835709952E-012  0.000000000000E+000  6.637465705151E+003
  2.341348709294E+001  6.626118875172E-012 -4.081207767932E-012  2.301606857836E-012  0.000000000000E+000  7.678693696364E+003
  2.417169741362E+001  4.117372512147E-012 -2.629525812853E-012  1.563896613000E-012  0.000000000000E+000  8.998435982392E+003
  2.496630426925E+001  2.457817568674E-012 -1.620963026905E-012  1.008560557006E-012  0.000000000000E+000  1.068703430550E+004
  2.579967457140E+001  1.407012332573E-012 -9.550086005129E-013  6.177499226987E-013  0.000000000000E+000  1.287086643575E+004
  2.667437081864E+001  7.709205342759E-013 -5.369679141824E-013  3.593018139309E-013  0.000000000000E+000  0.000000000000E+000
  2.759317081651E+001  4.033840998931E-013 -2.876144897645E-013  1.982730532625E-013  0.000000000000E+000  0.000000000000E+000
  2.855908975674E+001  2.010676172923E-013 -1.464396772370E-013  1.036570074548E-013  0.000000000000E+000  0.000000000000E+000
  2.957540498378E+001  9.520744617826E-014 -7.069774271412E-014  5.124090224204E-014  0.000000000000E+000  0.000000000000E+000
  3.064568382919E+001  4.269336716894E-014 -3.227067237659E-014  2.389257955219E-014  0.000000000000E+000  0.000000000000E+000
  3.177381495601E+001  1.806835157144E-014 -1.388224972897E-014  1.047809993037E-014  0.000000000000E+000  0.000000000000E+000
  3.296404372807E+001  7.189386277333E-015 -5.607643174214E-015  4.307423369035E-015  0.000000000000E+000  0.000000000000E+000
  3.422101220608E+001  2.678237459466E-015 -2.118364067800E-015  1.653484166590E-015  0.000000000000E+000  0.000000000000E+000
  3.554980447538E+001  9.297433305879E-016 -7.449839146827E-016  5.901200456612E-016  0.000000000000E+000  0.000000000000E+000
  3.695599813319E+001  2.992188826637E-016 -2.426726721816E-016  1.948546080309E-016  0.000000000000E+000  0.000000000000E+000
  3.844572291106E+001  8.876460899563E-017 -7.280746480319E-017  5.920031759594E-017  0.000000000000E+000  0.000000000000E+000
  4.002572758518E+001  2.411893239216E-017 -1.999354387878E-017  1.644784814364E-017  0.000000000000E+000  0.000000000000E+000
  4.170345654134E+001  5.960504773714E-018 -4.990370601154E-018  4.150302847289E-018  0.000000000000E+000  0.000000000000E+000
  4.348713762001E+001  1.329270512008E-018 -1.123390806732E-018  9.438427988407E-019  0.000000000000E+000  0.000000000000E+000
  4.538588318162E+001  2.627058977238E-019 -2.236233866186E-019  1.893080770726E-019  0.000000000000E+000  0.000000000000E+000
  4.740980671574E+001  4.654333925431E-020 -4.489254906195E-020  3.897905156580E-020  0.000000000000E+000  0.000000000000E+000
  4.957015778746E+001  7.828321721964E-021 -5.683230413017E-021  2.537898985617E-021  0.000000000000E+000  0.000000000000E+000
  5.187947869225E+001  6.264900266942E-022 -5.175048799511E-022  1.542475894312E-021  0.000000000000E+000  0.000000000000E+000
  5.435178690397E+001  2.018566558565E-022 -1.694901327029E-022 -1.247228891965E-023  0.000000000000E+000  0.000000000000E+000
  5.700278828629E+001  4.611903390400E-025 -1.909384748759E-023  1.704466181387E-023  0.000000000000E+000  0.000000000000E+000
  5.985012714155E+001  1.658158122591E-024  0.000000000000E+000  0.000000000000E+000  0.000000000000E+000  0.000000000000E+000
  6.291368055481E+001  0.000000000000E+000  0.000000000000E+000  0.000000000000E+000  0.000000000000E+000  0.000000000000E+000
  6.621590623276E+001  0.000000000000E+000  0.000000000000E+000  0.000000000000E+000  0.000000000000E+000  0.000000000000E+000
  6.978225524452E+001  0.000000000000E+000  0.000000000000E+000  0.000000000000E+000  0.000000000000E+000  0.000000000000E+000
  7.364166388185E+001  0.000000000000E+000  0.000000000000E+000  0.000000000000E+000  0.000000000000E+000  0.000000000000E+000
  7.782714245929E+001  0.000000000000E+000  0.000000000000E+000  0.000000000000E+000  0.000000000000E+000  0.000000000000E+000
  8.237648351994E+001  0.000000000000E+000  0.000000000000E+000  0.000000000000E+000  0.000000000000E+000  0.000000000000E+000
  8.733311794502E+001  0.000000000000E+000  0.000000000000E+000  0.000000000000E+000  0.000000000000E+000  0.000000000000E+000
  9.274715535088E+001  0.000000000000E+000  0.000000000000E+000  0.000000000000E+000  0.000000000000E+000  0.000000000000E+000
  9.867665554529E+001  0.000000000000E+000  0.000000000000E+000  0.000000000000E+000  0.000000000000E+000  0.000000000000E+000
  1.051891916055E+002  0.000000000000E+000  0.000000000000E+000  0.000000000000E+000  0.000000000000E+000  0.000000000000E+000
  1.123637836013E+002  0.000000000000E+000  0.000000000000E+000  0.000000000000E+000  0.000000000000E+000  0.000000000000E+000
  1.202933069206E+002  0.000000000000E+000  0.000000000000E+000  0.000000000000E+000  0.000000000000E+000  0.000000000000E+000
  1.290875131414E+002  0.000000000000E+000  0.000000000000E+000  0.000000000000E+000  0.000000000000E+000  0.000000000000E+000
  1.388768482001E+002  0.000000000000E+000  0.000000000000E+000  0.000000000000E+000  0.000000000000E+000  0.000000000000E+000
  1.498173177370E+002  0.000000000000E+000  0.000000000000E+000  0.000000000000E+000  0.000000000000E+000  0.000000000000E+000
  1.620967411853E+002  0.000000000000E+000  0.000000000000E+000  0.000000000000E+000  0.000000000000E+000  0.000000000000E+000
  1.759428668168E+002  0.000000000000E+000  0.000000000000E+000  0.000000000000E+000  0.000000000000E+000  0.000000000000E+000
  1.916340085825E+002  0.000000000000E+000  0.000000000000E+000  0.000000000000E+000  0.000000000000E+000  0.000000000000E+000
  2.095131417987E+002  0.000000000000E+000  0.000000000000E+000  0.000000000000E+000  0.000000000000E+000  0.000000000000E+000
  2.300068054477E+002  0.000000000000E+000  0.000000000000E+000  0.000000000000E+000  0.000000000000E+000  0.000000000000E+000
  2.536507797910E+002  0.000000000000E+000  0.000000000000E+000  0.000000000000E+000  0.000000000000E+000  0.000000000000E+000
  2.811254638474E+002  0.000000000000E+000  0.000000000000E+000  0.000000000000E+000  0.000000000000E+000  0.000000000000E+000
  3.133053780630E+002  0.000000000000E+000  0.000000000000E+000  0.000000000000E+000  0.000000000000E+000  0.000000000000E+000
  3.513296254502E+002  0.000000000000E+000  0.000000000000E+000  0.000000000000E+000  0.000000000000E+000  0.000000000000E+000
  3.967041014107E+002  0.000000000000E+000  0.000000000000E+000  0.000000000000E+000  0.000000000000E+000  0.000000000000E+000
  4.514529193350E+002  0.000000000000E+000  0.000000000000E+000  0.000000000000E+000  0.000000000000E+000  0.000000000000E+000
  5.183481233601E+002  0.000000000000E+000  0.000000000000E+000  0.000000000000E+000  0.000000000000E+000  0.000000000000E+000
  6.012676077950E+002  0.000000000000E+000  0.000000000000E+000  0.000000000000E+000  0.000000000000E+000  0.000000000000E+000
  7.057700503752E+002  0.000000000000E+000  0.000000000000E+000  0.000000000000E+000  0.000000000000E+000  0.000000000000E+000
  8.400513767914E+002  0.000000000000E+000  0.000000000000E+000  0.000000000000E+000  0.000000000000E+000  0.000000000000E+000
  1.016602135495E+003  0.000000000000E+000  0.000000000000E+000  0.000000000000E+000  0.000000000000E+000  0.000000000000E+000
  1.255220715579E+003  0.000000000000E+000  0.000000000000E+000  0.000000000000E+000  0.000000000000E+000  0.000000000000E+000
  1.588815776243E+003  0.000000000000E+000  0.000000000000E+000  0.000000000000E+000  0.000000000000E+000  0.000000000000E+000
  2.075392011604E+003  0.000000000000E+000  0.000000000000E+000  0.000000000000E+000  0.000000000000E+000  0.000000000000E+000
  2.825079847528E+003  0.000000000000E+000  0.000000000000E+000  0.000000000000E+000  0.000000000000E+000  0.000000000000E+000
  4.068408296183E+003  0.000000000000E+000  0.000000000000E+000  0.000000000000E+000  0.000000000000E+000  0.000000000000E+000
  6.357262947672E+003  0.000000000000E+000  0.000000000000E+000  0.000000000000E+000  0.000000000000E+000  0.000000000000E+000
  1.130231930164E+004  0.000000000000E+000  0.000000000000E+000  0.000000000000E+000  0.000000000000E+000  0.000000000000E+000
  2.543105175136E+004  0.000000000000E+000  0.000000000000E+000  0.000000000000E+000  0.000000000000E+000  0.000000000000E+000
  1.017262069952E+005  0.000000000000E+000  0.000000000000E+000  0.000000000000E+000  0.000000000000E+000  0.000000000000E+000
