# 1st line: number of mesh points
# rho and r_seitz are calculated from total density
# zeta and r_seitz only correct of rho > 1d-12

# abcissa rho drho ddrho zeta r_seitz
500
  9.830308526563E-006  3.695921005571E+000 -7.592518101174E+000  1.567104551888E+001  1.161611267774E-003  9.328235995871E-001
  3.932200719722E-005  3.695697096130E+000 -7.592055948984E+000  1.567012575220E+001  1.161611882694E-003  9.328424380531E-001
  8.847741541467E-005  3.695323924451E+000 -7.591285715232E+000  1.566859283105E+001  1.161612907334E-003  9.328738379762E-001
  1.573003992805E-004  3.694801506623E+000 -7.590207429771E+000  1.566644679045E+001  1.161614341354E-003  9.329178030765E-001
  2.457963722418E-004  3.694129865174E+000 -7.588821134407E+000  1.566368767943E+001  1.161616184281E-003  9.329743385637E-001
  3.539722959954E-004  3.693309029080E+000 -7.587126882920E+000  1.566031556111E+001  1.161618435499E-003  9.330434511381E-001
  4.818366816529E-004  3.692339033769E+000 -7.585124741074E+000  1.565633051275E+001  1.161621094264E-003  9.331251489925E-001
  6.293995911626E-004  3.691219921133E+000 -7.582814786644E+000  1.565173262580E+001  1.161624159688E-003  9.332194418144E-001
  7.966726389935E-004  3.689951739538E+000 -7.580197109443E+000  1.564652200597E+001  1.161627630749E-003  9.333263407882E-001
  9.836689940782E-004  3.688534543835E+000 -7.577271811349E+000  1.564069877330E+001  1.161631506286E-003  9.334458585984E-001
  1.190403382016E-003  3.686968395374E+000 -7.574039006342E+000  1.563426306231E+001  1.161635785002E-003  9.335780094326E-001
  1.416892087541E-003  3.685253362020E+000 -7.570498820542E+000  1.562721502205E+001  1.161640465458E-003  9.337228089852E-001
  1.663152957245E-003  3.683389518170E+000 -7.566651392251E+000  1.561955481623E+001  1.161645546075E-003  9.338802744617E-001
  1.929205402573E-003  3.681376944773E+000 -7.562496871999E+000  1.561128262338E+001  1.161651025138E-003  9.340504245827E-001
  2.215070403073E-003  3.679215729348E+000 -7.558035422599E+000  1.560239863695E+001  1.161656900786E-003  9.342332795892E-001
  2.520770509919E-003  3.676905966006E+000 -7.553267219195E+000  1.559290306547E+001  1.161663171018E-003  9.344288612474E-001
  2.846329849692E-003  3.674447755475E+000 -7.548192449325E+000  1.558279613275E+001  1.161669833691E-003  9.346371928546E-001
  3.191774128432E-003  3.671841205127E+000 -7.542811312983E+000  1.557207807800E+001  1.161676886516E-003  9.348582992452E-001
  3.557130635959E-003  3.669086428999E+000 -7.537124022687E+000  1.556074915605E+001  1.161684327058E-003  9.350922067969E-001
  3.942428250463E-003  3.666183547827E+000 -7.531130803546E+000  1.554880963754E+001  1.161692152740E-003  9.353389434377E-001
  4.347697443358E-003  3.663132689073E+000 -7.524831893339E+000  1.553625980910E+001  1.161700360832E-003  9.355985386534E-001
  4.772970284417E-003  3.659933986960E+000 -7.518227542594E+000  1.552309997363E+001  1.161708948458E-003  9.358710234947E-001
  5.218280447175E-003  3.656587582498E+000 -7.511318014665E+000  1.550933045047E+001  1.161717912593E-003  9.361564305857E-001
  5.683663214611E-003  3.653093623528E+000 -7.504103585828E+000  1.549495157565E+001  1.161727250057E-003  9.364547941323E-001
  6.169155485101E-003  3.649452264753E+000 -7.496584545364E+000  1.547996370220E+001  1.161736957521E-003  9.367661499312E-001
  6.674795778653E-003  3.645663667775E+000 -7.488761195658E+000  1.546436720032E+001  1.161747031497E-003  9.370905353788E-001
  7.200624243425E-003  3.641728001140E+000 -7.480633852298E+000  1.544816245776E+001  1.161757468343E-003  9.374279894816E-001
  7.746682662519E-003  3.637645440374E+000 -7.472202844176E+000  1.543134988000E+001  1.161768264258E-003  9.377785528661E-001
  8.313014461060E-003  3.633416168029E+000 -7.463468513598E+000  1.541392989063E+001  1.161779415283E-003  9.381422677893E-001
  8.899664713569E-003  3.629040373724E+000 -7.454431216392E+000  1.539590293163E+001  1.161790917293E-003  9.385191781503E-001
  9.506680151615E-003  3.624518254196E+000 -7.445091322023E+000  1.537726946369E+001  1.161802766004E-003  9.389093295013E-001
  1.013410917176E-002  3.619850013343E+000 -7.435449213715E+000  1.535802996652E+001  1.161814956964E-003  9.393127690599E-001
  1.078200184380E-002  3.615035862277E+000 -7.425505288571E+000  1.533818493924E+001  1.161827485551E-003  9.397295457217E-001
  1.145040991929E-002  3.610076019370E+000 -7.415259957702E+000  1.531773490070E+001  1.161840346975E-003  9.401597100729E-001
  1.213938684040E-002  3.604970710310E+000 -7.404713646355E+000  1.529668038986E+001  1.161853536276E-003  9.406033144038E-001
  1.284898774901E-002  3.599720168156E+000 -7.393866794050E+000  1.527502196614E+001  1.161867048313E-003  9.410604127231E-001
  1.357926949620E-002  3.594324633387E+000 -7.382719854718E+000  1.525276020986E+001  1.161880877775E-003  9.415310607717E-001
  1.433029065191E-002  3.588784353968E+000 -7.371273296845E+000  1.522989572260E+001  1.161895019165E-003  9.420153160380E-001
  1.510211151509E-002  3.583099585400E+000 -7.359527603615E+000  1.520642912761E+001  1.161909466807E-003  9.425132377730E-001
  1.589479412397E-002  3.577270590785E+000 -7.347483273064E+000  1.518236107024E+001  1.161924214839E-003  9.430248870064E-001
  1.670840226680E-002  3.571297640886E+000 -7.335140818232E+000  1.515769221841E+001  1.161939257211E-003  9.435503265628E-001
  1.754300149280E-002  3.565181014192E+000 -7.322500767323E+000  1.513242326297E+001  1.161954587681E-003  9.440896210788E-001
  1.839865912351E-002  3.558920996978E+000 -7.309563663867E+000  1.510655491825E+001  1.161970199818E-003  9.446428370203E-001
  1.927544426443E-002  3.552517883377E+000 -7.296330066881E+000  1.508008792246E+001  1.161986086987E-003  9.452100427006E-001
  2.017342781695E-002  3.545971975444E+000 -7.282800551047E+000  1.505302303819E+001  1.162002242360E-003  9.457913082989E-001
  2.109268249069E-002  3.539283583223E+000 -7.268975706878E+000  1.502536105293E+001  1.162018658900E-003  9.463867058794E-001
  2.203328281612E-002  3.532453024826E+000 -7.254856140902E+000  1.499710277951E+001  1.162035329366E-003  9.469963094109E-001
  2.299530515754E-002  3.525480626493E+000 -7.240442475834E+000  1.496824905666E+001  1.162052246309E-003  9.476201947871E-001
  2.397882772639E-002  3.518366722678E+000 -7.225735350771E+000  1.493880074953E+001  1.162069402062E-003  9.482584398474E-001
  2.498393059493E-002  3.511111656115E+000 -7.210735421375E+000  1.490875875017E+001  1.162086788745E-003  9.489111243982E-001
  2.601069571024E-002  3.503715777898E+000 -7.195443360063E+000  1.487812397817E+001  1.162104398253E-003  9.495783302352E-001
  2.705920690860E-002  3.496179447558E+000 -7.179859856209E+000  1.484689738114E+001  1.162122222258E-003  9.502601411657E-001
  2.812954993023E-002  3.488503033143E+000 -7.163985616340E+000  1.481507993529E+001  1.162140252203E-003  9.509566430320E-001
  2.922181243436E-002  3.480686911299E+000 -7.147821364339E+000  1.478267264604E+001  1.162158479301E-003  9.516679237355E-001
  3.033608401473E-002  3.472731467351E+000 -7.131367841651E+000  1.474967654859E+001  1.162176894520E-003  9.523940732608E-001
  3.147245621542E-002  3.464637095388E+000 -7.114625807499E+000  1.471609270851E+001  1.162195488595E-003  9.531351837013E-001
  3.263102254705E-002  3.456404198346E+000 -7.097596039090E+000  1.468192222236E+001  1.162214252009E-003  9.538913492848E-001
  3.381187850339E-002  3.448033188095E+000 -7.080279331837E+000  1.464716621833E+001  1.162233174998E-003  9.546626664004E-001
  3.501512157837E-002  3.439524485527E+000 -7.062676499582E+000  1.461182585683E+001  1.162252247541E-003  9.554492336254E-001
  3.624085128345E-002  3.430878520644E+000 -7.044788374813E+000  1.457590233120E+001  1.162271459359E-003  9.562511517535E-001
  3.748916916538E-002  3.422095732652E+000 -7.026615808899E+000  1.453939686829E+001  1.162290799905E-003  9.570685238233E-001
  3.876017882444E-002  3.413176570045E+000 -7.008159672318E+000  1.450231072918E+001  1.162310258365E-003  9.579014551483E-001
  4.005398593302E-002  3.404121490704E+000 -6.989420854893E+000  1.446464520981E+001  1.162329823647E-003  9.587500533464E-001
  4.137069825459E-002  3.394930961991E+000 -6.970400266026E+000  1.442640164174E+001  1.162349484382E-003  9.596144283711E-001
  4.271042566323E-002  3.385605460840E+000 -6.951098834943E+000  1.438758139274E+001  1.162369228912E-003  9.604946925438E-001
  4.407328016341E-002  3.376145473857E+000 -6.931517510938E+000  1.434818586759E+001  1.162389045288E-003  9.613909605854E-001
  4.545937591035E-002  3.366551497417E+000 -6.911657263616E+000  1.430821650875E+001  1.162408921265E-003  9.623033496507E-001
  4.686882923075E-002  3.356824037761E+000 -6.891519083149E+000  1.426767479710E+001  1.162428844295E-003  9.632319793620E-001
  4.830175864396E-002  3.346963611101E+000 -6.871103980525E+000  1.422656225267E+001  1.162448801519E-003  9.641769718442E-001
  4.975828488365E-002  3.336970743713E+000 -6.850412987809E+000  1.418488043539E+001  1.162468779764E-003  9.651384517611E-001
  5.123853091993E-002  3.326845972049E+000 -6.829447158397E+000  1.414263094586E+001  1.162488765535E-003  9.661165463522E-001
  5.274262198188E-002  3.316589842831E+000 -6.808207567281E+000  1.409981542608E+001  1.162508745008E-003  9.671113854701E-001
  5.427068558066E-002  3.306202913163E+000 -6.786695311315E+000  1.405643556027E+001  1.162528704026E-003  9.681231016196E-001
  5.582285153302E-002  3.295685750632E+000 -6.764911509482E+000  1.401249307561E+001  1.162548628088E-003  9.691518299973E-001
  5.739925198530E-002  3.285038933415E+000 -6.742857303162E+000  1.396798974308E+001  1.162568502346E-003  9.701977085320E-001
  5.900002143803E-002  3.274263050388E+000 -6.720533856410E+000  1.392292737822E+001  1.162588311597E-003  9.712608779267E-001
  6.062529677088E-002  3.263358701234E+000 -6.697942356225E+000  1.387730784198E+001  1.162608040271E-003  9.723414817008E-001
  6.227521726827E-002  3.252326496550E+000 -6.675084012834E+000  1.383113304150E+001  1.162627672432E-003  9.734396662344E-001
  6.394992464542E-002  3.241167057959E+000 -6.651960059969E+000  1.378440493099E+001  1.162647191764E-003  9.745555808124E-001
  6.564956307496E-002  3.229881018222E+000 -6.628571755151E+000  1.373712551251E+001  1.162666581562E-003  9.756893776707E-001
  6.737427921404E-002  3.218469021347E+000 -6.604920379975E+000  1.368929683687E+001  1.162685824732E-003  9.768412120433E-001
  6.912422223211E-002  3.206931722704E+000 -6.581007240394E+000  1.364092100443E+001  1.162704903772E-003  9.780112422100E-001
  7.089954383907E-002  3.195269789137E+000 -6.556833667013E+000  1.359200016601E+001  1.162723800773E-003  9.791996295463E-001
  7.270039831418E-002  3.183483899078E+000 -6.532401015375E+000  1.354253652373E+001  1.162742497405E-003  9.804065385731E-001
  7.452694253540E-002  3.171574742662E+000 -6.507710666257E+000  1.349253233191E+001  1.162760974909E-003  9.816321370090E-001
  7.637933600943E-002  3.159543021842E+000 -6.482764025962E+000  1.344198989792E+001  1.162779214089E-003  9.828765958231E-001
  7.825774090225E-002  3.147389450506E+000 -6.457562526618E+000  1.339091158309E+001  1.162797195302E-003  9.841400892890E-001
  8.016232207035E-002  3.135114754589E+000 -6.432107626473E+000  1.333929980361E+001  1.162814898449E-003  9.854227950408E-001
  8.209324709253E-002  3.122719672196E+000 -6.406400810193E+000  1.328715703143E+001  1.162832302961E-003  9.867248941296E-001
  8.405068630235E-002  3.110204953715E+000 -6.380443589166E+000  1.323448579515E+001  1.162849387800E-003  9.880465710819E-001
  8.603481282122E-002  3.097571361936E+000 -6.354237501800E+000  1.318128868097E+001  1.162866131437E-003  9.893880139596E-001
  8.804580259214E-002  3.084819672169E+000 -6.327784113827E+000  1.312756833358E+001  1.162882511847E-003  9.907494144206E-001
  9.008383441408E-002  3.071950672359E+000 -6.301085018603E+000  1.307332745709E+001  1.162898506496E-003  9.921309677820E-001
  9.214908997710E-002  3.058965163213E+000 -6.274141837418E+000  1.301856881598E+001  1.162914092334E-003  9.935328730836E-001
  9.424175389809E-002  3.045863958306E+000 -6.246956219793E+000  1.296329523600E+001  1.162929245780E-003  9.949553331544E-001
  9.636201375725E-002  3.032647884212E+000 -6.219529843793E+000  1.290750960514E+001  1.162943942714E-003  9.963985546794E-001
  9.851006013526E-002  3.019317780615E+000 -6.191864416324E+000  1.285121487454E+001  1.162958158460E-003  9.978627482684E-001
  1.006860866512E-001  3.005874500429E+000 -6.163961673445E+000  1.279441405947E+001  1.162971867778E-003  9.993481285272E-001
  1.028902900012E-001  2.992318909920E+000 -6.135823380670E+000  1.273711024024E+001  1.162985044852E-003  1.000854914130E+000
  1.051228699979E-001  2.978651888819E+000 -6.107451333274E+000  1.267930656319E+001  1.162997663276E-003  1.002383327892E+000
  1.073840296104E-001  2.964874330447E+000 -6.078847356597E+000  1.262100624160E+001  1.163009696041E-003  1.003933596847E+000
  1.096739750056E-001  2.950987141828E+000 -6.050013306350E+000  1.256221255667E+001  1.163021115521E-003  1.005505952326E+000
  1.119929155896E-001  2.936991243805E+000 -6.020951068918E+000  1.250292885846E+001  1.163031893463E-003  1.007100630035E+000
  1.143410640503E-001  2.922887571166E+000 -5.991662561662E+000  1.244315856685E+001  1.163042000970E-003  1.008717870137E+000
  1.167186364011E-001  2.908677072750E+000 -5.962149733220E+000  1.238290517252E+001  1.163051408488E-003  1.010357917334E+000
  1.191258520249E-001  2.894360711570E+000 -5.932414563809E+000  1.232217223784E+001  1.163060085788E-003  1.012021020960E+000
  1.215629337189E-001  2.879939464929E+000 -5.902459065524E+000  1.226096339787E+001  1.163068001961E-003  1.013707435059E+000
  1.240301077413E-001  2.865414324528E+000 -5.872285282633E+000  1.219928236133E+001  1.163075125392E-003  1.015417418481E+000
  1.265276038575E-001  2.850786296588E+000 -5.841895291873E+000  1.213713291149E+001  1.163081423750E-003  1.017151234974E+000
  1.290556553882E-001  2.836056401958E+000 -5.811291202744E+000  1.207451890715E+001  1.163086863970E-003  1.018909153277E+000
  1.316144992580E-001  2.821225676228E+000 -5.780475157799E+000  1.201144428359E+001  1.163091412241E-003  1.020691447217E+000
  1.342043760450E-001  2.806295169842E+000 -5.749449332932E+000  1.194791305349E+001  1.163095033981E-003  1.022498395810E+000
  1.368255300316E-001  2.791265948204E+000 -5.718215937662E+000  1.188392930788E+001  1.163097693832E-003  1.024330283361E+000
  1.394782092560E-001  2.776139091791E+000 -5.686777215416E+000  1.181949721703E+001  1.163099355632E-003  1.026187399569E+000
  1.421626655646E-001  2.760915696256E+000 -5.655135443811E+000  1.175462103144E+001  1.163099982401E-003  1.028070039635E+000
  1.448791546661E-001  2.745596872535E+000 -5.623292934921E+000  1.168930508270E+001  1.163099536325E-003  1.029978504370E+000
  1.476279361856E-001  2.730183746954E+000 -5.591252035557E+000  1.162355378439E+001  1.163097978733E-003  1.031913100309E+000
  1.504092737207E-001  2.714677461324E+000 -5.559015127527E+000  1.155737163305E+001  1.163095270085E-003  1.033874139825E+000
  1.532234348983E-001  2.699079173052E+000 -5.526584627904E+000  1.149076320898E+001  1.163091369944E-003  1.035861941250E+000
  1.560706914324E-001  2.683390055229E+000 -5.493962989279E+000  1.142373317720E+001  1.163086236960E-003  1.037876828991E+000
  1.589513191834E-001  2.667611296734E+000 -5.461152700017E+000  1.135628628825E+001  1.163079828854E-003  1.039919133662E+000
  1.618655982178E-001  2.651744102325E+000 -5.428156284504E+000  1.128842737911E+001  1.163072102387E-003  1.041989192204E+000
  1.648138128702E-001  2.635789692732E+000 -5.394976303386E+000  1.122016137400E+001  1.163063013352E-003  1.044087348019E+000
  1.677962518056E-001  2.619749304747E+000 -5.361615353808E+000  1.115149328524E+001  1.163052516536E-003  1.046213951108E+000
  1.708132080832E-001  2.603624191310E+000 -5.328076069642E+000  1.108242821405E+001  1.163040565715E-003  1.048369358200E+000
  1.738649792215E-001  2.587415621596E+000 -5.294361121710E+000  1.101297135137E+001  1.163027113618E-003  1.050553932903E+000
  1.769518672648E-001  2.571124881096E+000 -5.260473217999E+000  1.094312797864E+001  1.163012111908E-003  1.052768045840E+000
  1.800741788507E-001  2.554753271693E+000 -5.226415103870E+000  1.087290346855E+001  1.162995511161E-003  1.055012074806E+000
  1.832322252791E-001  2.538302111741E+000 -5.192189562259E+000  1.080230328582E+001  1.162977260840E-003  1.057286404912E+000
  1.864263225826E-001  2.521772736139E+000 -5.157799413868E+000  1.073133298794E+001  1.162957309265E-003  1.059591428751E+000
  1.896567915983E-001  2.505166496396E+000 -5.123247517353E+000  1.065999822583E+001  1.162935603597E-003  1.061927546549E+000
  1.929239580409E-001  2.488484760700E+000 -5.088536769494E+000  1.058830474458E+001  1.162912089801E-003  1.064295166339E+000
  1.962281525771E-001  2.471728913977E+000 -5.053670105365E+000  1.051625838412E+001  1.162886712627E-003  1.066694704121E+000
  1.995697109023E-001  2.454900357956E+000 -5.018650498491E+000  1.044386507982E+001  1.162859415584E-003  1.069126584045E+000
  2.029489738173E-001  2.438000511214E+000 -4.983480960990E+000  1.037113086316E+001  1.162830140902E-003  1.071591238584E+000
  2.063662873085E-001  2.421030809237E+000 -4.948164543714E+000  1.029806186228E+001  1.162798829516E-003  1.074089108716E+000
  2.098220026275E-001  2.403992704455E+000 -4.912704336372E+000  1.022466430260E+001  1.162765421026E-003  1.076620644117E+000
  2.133164763746E-001  2.386887666293E+000 -4.877103467643E+000  1.015094450731E+001  1.162729853674E-003  1.079186303351E+000
  2.168500705817E-001  2.369717181203E+000 -4.841365105281E+000  1.007690889790E+001  1.162692064311E-003  1.081786554067E+000
  2.204231527988E-001  2.352482752698E+000 -4.805492456201E+000  1.000256399463E+001  1.162651988368E-003  1.084421873208E+000
  2.240360961807E-001  2.335185901377E+000 -4.769488766560E+000  9.927916416998E+000  1.162609559815E-003  1.087092747213E+000
  2.276892795770E-001  2.317828164952E+000 -4.733357321821E+000  9.852972884137E+000  1.162564711143E-003  1.089799672237E+000
  2.313830876220E-001  2.300411098259E+000 -4.697101446802E+000  9.777740215187E+000  1.162517373317E-003  1.092543154372E+000
  2.351179108282E-001  2.282936273274E+000 -4.660724505711E+000  9.702225329647E+000  1.162467475750E-003  1.095323709872E+000
  2.388941456809E-001  2.265405279117E+000 -4.624229902175E+000  9.626435247679E+000  1.162414946266E-003  1.098141865384E+000
  2.427121947345E-001  2.247819722052E+000 -4.587621079240E+000  9.550377090370E+000  1.162359711063E-003  1.100998158193E+000
  2.465724667110E-001  2.230181225478E+000 -4.550901519367E+000  9.474058079959E+000  1.162301694675E-003  1.103893136465E+000
  2.504753766009E-001  2.212491429923E+000 -4.514074744406E+000  9.397485540020E+000  1.162240819941E-003  1.106827359499E+000
  2.544213457654E-001  2.194751993018E+000 -4.477144315555E+000  9.320666895602E+000  1.162177007954E-003  1.109801397990E+000
  2.584108020414E-001  2.176964589477E+000 -4.440113833305E+000  9.243609673322E+000  1.162110178042E-003  1.112815834296E+000
  2.624441798480E-001  2.159130911060E+000 -4.402986937359E+000  9.166321501418E+000  1.162040247707E-003  1.115871262709E+000
  2.665219202956E-001  2.141252666536E+000 -4.365767306547E+000  9.088810109744E+000  1.161967132595E-003  1.118968289745E+000
  2.706444712976E-001  2.123331581638E+000 -4.328458658704E+000  9.011083329726E+000  1.161890746454E-003  1.122107534426E+000
  2.748122876832E-001  2.105369399001E+000 -4.291064750547E+000  8.933149094260E+000  1.161811001091E-003  1.125289628588E+000
  2.790258313137E-001  2.087367878111E+000 -4.253589377520E+000  8.855015437560E+000  1.161727806324E-003  1.128515217182E+000
  2.832855712010E-001  2.069328795226E+000 -4.216036373625E+000  8.776690494951E+000  1.161641069940E-003  1.131784958594E+000
  2.875919836279E-001  2.051253943302E+000 -4.178409611227E+000  8.698182502607E+000  1.161550697653E-003  1.135099524969E+000
  2.919455522717E-001  2.033145131904E+000 -4.140713000844E+000  8.619499797234E+000  1.161456593049E-003  1.138459602545E+000
  2.963467683296E-001  2.015004187116E+000 -4.102950490911E+000  8.540650815683E+000  1.161358657549E-003  1.141865892003E+000
  3.007961306479E-001  1.996832951430E+000 -4.065126067518E+000  8.461644094520E+000  1.161256790350E-003  1.145319108813E+000
  3.052941458522E-001  1.978633283639E+000 -4.027243754138E+000  8.382488269517E+000  1.161150888379E-003  1.148819983609E+000
  3.098413284823E-001  1.960407058711E+000 -3.989307611314E+000  8.303192075088E+000  1.161040846245E-003  1.152369262555E+000
  3.144382011281E-001  1.942156167659E+000 -3.951321736335E+000  8.223764343656E+000  1.160926556182E-003  1.155967707742E+000
  3.190852945695E-001  1.923882517399E+000 -3.913290262879E+000  8.144214004958E+000  1.160807908000E-003  1.159616097577E+000
  3.237831479192E-001  1.905588030599E+000 -3.875217360640E+000  8.064550085269E+000  1.160684789027E-003  1.163315227200E+000
  3.285323087679E-001  1.887274645516E+000 -3.837107234918E+000  7.984781706568E+000  1.160557084056E-003  1.167065908904E+000
  3.333333333333E-001  1.868944315825E+000 -3.798964126187E+000  7.904918085626E+000  1.160424675288E-003  1.170868972571E+000
  3.381867866117E-001  1.850599010437E+000 -3.760792309644E+000  7.824968533017E+000  1.160287442271E-003  1.174725266118E+000
  3.430932425333E-001  1.832240713303E+000 -3.722596094712E+000  7.744942452058E+000  1.160145261841E-003  1.178635655962E+000
  3.480532841203E-001  1.813871423210E+000 -3.684379824536E+000  7.664849337671E+000  1.159998008069E-003  1.182601027495E+000
  3.530675036492E-001  1.795493153566E+000 -3.646147875433E+000  7.584698775160E+000  1.159845552188E-003  1.186622285574E+000
  3.581365028158E-001  1.777107932170E+000 -3.607904656322E+000  7.504500438919E+000  1.159687762537E-003  1.190700355026E+000
  3.632608929041E-001  1.758717800973E+000 -3.569654608121E+000  7.424264091042E+000  1.159524504493E-003  1.194836181168E+000
  3.684412949588E-001  1.740324815827E+000 -3.531402203114E+000  7.343999579865E+000  1.159355640405E-003  1.199030730350E+000
  3.736783399619E-001  1.721931046219E+000 -3.493151944287E+000  7.263716838407E+000  1.159181029532E-003  1.203284990500E+000
  3.789726690123E-001  1.703538574996E+000 -3.454908364631E+000  7.183425882741E+000  1.159000527967E-003  1.207599971702E+000
  3.843249335105E-001  1.685149498073E+000 -3.416676026417E+000  7.103136810255E+000  1.158813988567E-003  1.211976706782E+000
  3.897357953460E-001  1.666765924132E+000 -3.378459520431E+000  7.022859797847E+000  1.158621260888E-003  1.216416251915E+000
  3.952059270903E-001  1.648389974307E+000 -3.340263465184E+000  6.942605100005E+000  1.158422191103E-003  1.220919687253E+000
  4.007360121927E-001  1.630023781850E+000 -3.302092506082E+000  6.862383046812E+000  1.158216621936E-003  1.225488117571E+000
  4.063267451812E-001  1.611669491795E+000 -3.263951314565E+000  6.782204041845E+000  1.158004392573E-003  1.230122672933E+000
  4.119788318683E-001  1.593329260594E+000 -3.225844587211E+000  6.702078559985E+000  1.157785338601E-003  1.234824509381E+000
  4.176929895600E-001  1.575005255748E+000 -3.187777044802E+000  6.622017145125E+000  1.157559291910E-003  1.239594809648E+000
  4.234699472710E-001  1.556699655422E+000 -3.149753431360E+000  6.542030407781E+000  1.157326080629E-003  1.244434783887E+000
  4.293104459435E-001  1.538414648046E+000 -3.111778513141E+000  6.462129022607E+000  1.157085529026E-003  1.249345670430E+000
  4.352152386716E-001  1.520152431896E+000 -3.073857077596E+000  6.382323725802E+000  1.156837457436E-003  1.254328736572E+000
  4.411850909306E-001  1.501915214667E+000 -3.035993932293E+000  6.302625312422E+000  1.156581682169E-003  1.259385279376E+000
  4.472207808110E-001  1.483705213028E+000 -2.998193903803E+000  6.223044633583E+000  1.156318015423E-003  1.264516626507E+000
  4.533230992589E-001  1.465524652158E+000 -2.960461836550E+000  6.143592593567E+000  1.156046265192E-003  1.269724137095E+000
  4.594928503202E-001  1.447375765273E+000 -2.922802591619E+000  6.064280146815E+000  1.155766235179E-003  1.275009202624E+000
  4.657308513924E-001  1.429260793135E+000 -2.885221045530E+000  5.985118294822E+000  1.155477724693E-003  1.280373247852E+000
  4.720379334802E-001  1.411181983538E+000 -2.847722088966E+000  5.906118082920E+000  1.155180528564E-003  1.285817731763E+000
  4.784149414579E-001  1.393141590793E+000 -2.810310625474E+000  5.827290596959E+000  1.154874437039E-003  1.291344148546E+000
  4.848627343381E-001  1.375141875181E+000 -2.772991570116E+000  5.748646959877E+000  1.154559235684E-003  1.296954028615E+000
  4.913821855461E-001  1.357185102399E+000 -2.735769848087E+000  5.670198328160E+000  1.154234705280E-003  1.302648939657E+000
  4.979741832006E-001  1.339273542988E+000 -2.698650393288E+000  5.591955888202E+000  1.153900621726E-003  1.308430487717E+000
  5.046396304008E-001  1.321409471741E+000 -2.661638146866E+000  5.513930852551E+000  1.153556755925E-003  1.314300318325E+000
  5.113794455212E-001  1.303595167102E+000 -2.624738055712E+000  5.436134456041E+000  1.153202873685E-003  1.320260117654E+000
  5.181945625116E-001  1.285832910536E+000 -2.587955070912E+000  5.358577951830E+000  1.152838735602E-003  1.326311613726E+000
  5.250859312060E-001  1.268124985893E+000 -2.551294146173E+000  5.281272607315E+000  1.152464096954E-003  1.332456577651E+000
  5.320545176366E-001  1.250473678754E+000 -2.514760236194E+000  5.204229699948E+000  1.152078707582E-003  1.338696824921E+000
  5.391013043575E-001  1.232881275751E+000 -2.478358295005E+000  5.127460512942E+000  1.151682311778E-003  1.345034216737E+000
  5.462272907741E-001  1.215350063880E+000 -2.442093274269E+000  5.050976330867E+000  1.151274648166E-003  1.351470661394E+000
  5.534334934816E-001  1.197882329793E+000 -2.405970121535E+000  4.974788435144E+000  1.150855449580E-003  1.358008115703E+000
  5.607209466109E-001  1.180480359072E+000 -2.369993778461E+000  4.898908099431E+000  1.150424442942E-003  1.364648586479E+000
  5.680907021827E-001  1.163146435487E+000 -2.334169178994E+000  4.823346584904E+000  1.149981349136E-003  1.371394132065E+000
  5.755438304707E-001  1.145882840237E+000 -2.298501247510E+000  4.748115135438E+000  1.149525882888E-003  1.378246863928E+000
  5.830814203728E-001  1.128691851173E+000 -2.262994896919E+000  4.673224972681E+000  1.149057752623E-003  1.385208948298E+000
  5.907045797917E-001  1.111575742005E+000 -2.227655026727E+000  4.598687291031E+000  1.148576660348E-003  1.392282607875E+000
  5.984144360243E-001  1.094536781493E+000 -2.192486521067E+000  4.524513252515E+000  1.148082301508E-003  1.399470123598E+000
  6.062121361613E-001  1.077577232619E+000 -2.157494246685E+000  4.450713981566E+000  1.147574364853E-003  1.406773836476E+000
  6.140988474955E-001  1.060699351742E+000 -2.122683050899E+000  4.377300559712E+000  1.147052532298E-003  1.414196149485E+000
  6.220757579409E-001  1.043905387740E+000 -2.088057759512E+000  4.304284020164E+000  1.146516478783E-003  1.421739529546E+000
  6.301440764614E-001  1.027197581133E+000 -2.053623174697E+000  4.231675342326E+000  1.145965872131E-003  1.429406509561E+000
  6.383050335109E-001  1.010578163188E+000 -2.019384072847E+000  4.159485446204E+000  1.145400372897E-003  1.437199690534E+000
  6.465598814833E-001  9.940493550106E-001 -1.985345202385E+000  4.087725186736E+000  1.144819634223E-003  1.445121743780E+000
  6.549098951744E-001  9.776133666227E-001 -1.951511281553E+000  4.016405348049E+000  1.144223301692E-003  1.453175413196E+000
  6.633563722545E-001  9.612723960192E-001 -1.917886996155E+000  3.945536637619E+000  1.143611013161E-003  1.461363517641E+000
  6.719006337539E-001  9.450286282138E-001 -1.884476997281E+000  3.875129680375E+000  1.142982398620E-003  1.469688953393E+000
  6.805440245593E-001  9.288842342682E-001 -1.851285898998E+000  3.805195012722E+000  1.142337080022E-003  1.478154696707E+000
  6.892879139233E-001  9.128413703068E-001 -1.818318276009E+000  3.735743076496E+000  1.141674671134E-003  1.486763806468E+000
  6.981336959871E-001  8.969021765174E-001 -1.785578661288E+000  3.666784212863E+000  1.140994777364E-003  1.495519426947E+000
  7.070827903152E-001  8.810687761379E-001 -1.753071543692E+000  3.598328656152E+000  1.140296995596E-003  1.504424790674E+000
  7.161366424455E-001  8.653432744295E-001 -1.720801365544E+000  3.530386527643E+000  1.139580914030E-003  1.513483221408E+000
  7.252967244510E-001  8.497277576368E-001 -1.688772520192E+000  3.462967829295E+000  1.138846112002E-003  1.522698137235E+000
  7.345645355186E-001  8.342242919360E-001 -1.656989349554E+000  3.396082437440E+000  1.138092159816E-003  1.532073053792E+000
  7.439416025400E-001  8.188349223703E-001 -1.625456141637E+000  3.329740096435E+000  1.137318618567E-003  1.541611587607E+000
  7.534294807203E-001  8.035616717745E-001 -1.594177128040E+000  3.263950412276E+000  1.136525039966E-003  1.551317459584E+000
  7.630297542000E-001  7.884065396883E-001 -1.563156481444E+000  3.198722846200E+000  1.135710966153E-003  1.561194498625E+000
  7.727440366954E-001  7.733715012598E-001 -1.532398313080E+000  3.134066708245E+000  1.134875929518E-003  1.571246645401E+000
  7.825739721536E-001  7.584585061389E-001 -1.501906670194E+000  3.069991150815E+000  1.134019452520E-003  1.581477956270E+000
  7.925212354258E-001  7.436694773623E-001 -1.471685533498E+000  3.006505162224E+000  1.133141047492E-003  1.591892607364E+000
  8.025875329584E-001  7.290063102301E-001 -1.441738814611E+000  2.943617560247E+000  1.132240216452E-003  1.602494898841E+000
  8.127746035011E-001  7.144708711749E-001 -1.412070353499E+000  2.881336985669E+000  1.131316450917E-003  1.613289259312E+000
  8.230842188350E-001  7.000649966245E-001 -1.382683915908E+000  2.819671895856E+000  1.130369231703E-003  1.624280250455E+000
  8.335181845190E-001  6.857904918586E-001 -1.353583190799E+000  2.758630558339E+000  1.129398028726E-003  1.635472571824E+000
  8.440783406568E-001  6.716491298609E-001 -1.324771787780E+000  2.698221044430E+000  1.128402300809E-003  1.646871065853E+000
  8.547665626839E-001  6.576426501665E-001 -1.296253234551E+000  2.638451222874E+000  1.127381495477E-003  1.658480723083E+000
  8.655847621758E-001  6.437727577073E-001 -1.268030974345E+000  2.579328753540E+000  1.126335048753E-003  1.670306687604E+000
  8.765348876780E-001  6.300411216545E-001 -1.240108363388E+000  2.520861081177E+000  1.125262384954E-003  1.682354262732E+000
  8.876189255584E-001  6.164493742600E-001 -1.212488668366E+000  2.463055429214E+000  1.124162916482E-003  1.694628916935E+000
  8.988389008829E-001  6.029991096987E-001 -1.185175063910E+000  2.405918793644E+000  1.123036043617E-003  1.707136290011E+000
  9.101968783143E-001  5.896918829108E-001 -1.158170630096E+000  2.349457936980E+000  1.121881154299E-003  1.719882199537E+000
  9.216949630368E-001  5.765292084473E-001 -1.131478349975E+000  2.293679382296E+000  1.120697623923E-003  1.732872647604E+000
  9.333353017046E-001  5.635125593179E-001 -1.105101107114E+000  2.238589407372E+000  1.119484815116E-003  1.746113827844E+000
  9.451200834176E-001  5.506433658450E-001 -1.079041683178E+000  2.184194038940E+000  1.118242077523E-003  1.759612132775E+000
  9.570515407237E-001  5.379230145221E-001 -1.053302755537E+000  2.130499047041E+000  1.116968747589E-003  1.773374161467E+000
  9.691319506484E-001  5.253528468801E-001 -1.027886894905E+000  2.077509939520E+000  1.115664148338E-003  1.787406727559E+000
  9.813636357544E-001  5.129341583627E-001 -1.002796563022E+000  2.025231956640E+000  1.114327589147E-003  1.801716867636E+000
  9.937489652293E-001  5.006681972103E-001 -9.780341103743E-001  1.973670065849E+000  1.112958365528E-003  1.816311849984E+000
  1.006290356005E+000  4.885561633565E-001 -9.536017739608E-001  1.922828956702E+000  1.111555758899E-003  1.831199183749E+000
  1.018990273907E+000  4.765992073367E-001 -9.295016751062E-001  1.872713035937E+000  1.110119036360E-003  1.846386628515E+000
  1.031851234841E+000  4.647984292112E-001 -9.057358173275E-001  1.823326422737E+000  1.108647450465E-003  1.861882204326E+000
  1.044875806003E+000  4.531548775038E-001 -8.823060842550E-001  1.774672944165E+000  1.107140238989E-003  1.877694202175E+000
  1.058066607138E+000  4.416695481577E-001 -8.592142376131E-001  1.726756130795E+000  1.105596624706E-003  1.893831194985E+000
  1.071426311823E+000  4.303433835109E-001 -8.364619152635E-001  1.679579212552E+000  1.104015815152E-003  1.910302049104E+000
  1.084957648792E+000  4.191772712906E-001 -8.140506293157E-001  1.633145114750E+000  1.102397002394E-003  1.927115936346E+000
  1.098663403298E+000  4.081720436318E-001 -7.919817643072E-001  1.587456454367E+000  1.100739362801E-003  1.944282346613E+000
  1.112546418516E+000  3.973284761176E-001 -7.702565754578E-001  1.542515536545E+000  1.099042056810E-003  1.961811101112E+000
  1.126609596985E+000  3.866472868465E-001 -7.488761870025E-001  1.498324351326E+000  1.097304228687E-003  1.979712366217E+000
  1.140855902095E+000  3.761291355258E-001 -7.278415906050E-001  1.454884570650E+000  1.095525006300E-003  1.997996668003E+000
  1.155288359613E+000  3.657746225952E-001 -7.071536438578E-001  1.412197545599E+000  1.093703500881E-003  2.016674907494E+000
  1.169910059257E+000  3.555842883796E-001 -6.868130688700E-001  1.370264303919E+000  1.091838806791E-003  2.035758376654E+000
  1.184724156317E+000  3.455586122757E-001 -6.668204509493E-001  1.329085547813E+000  1.089930001287E-003  2.055258775174E+000
  1.199733873325E+000  3.356980119721E-001 -6.471762373798E-001  1.288661652021E+000  1.087976144284E-003  2.075188228101E+000
  1.214942501771E+000  3.260028427060E-001 -6.278807362999E-001  1.248992662194E+000  1.085976278125E-003  2.095559304338E+000
  1.230353403874E+000  3.164733965575E-001 -6.089341156850E-001  1.210078293565E+000  1.083929427337E-003  2.116385036093E+000
  1.245970014403E+000  3.071099017839E-001 -5.903364024362E-001  1.171917929933E+000  1.081834598409E-003  2.137678939304E+000
  1.261795842559E+000  2.979125221957E-001 -5.720874815808E-001  1.134510622961E+000  1.079690779545E-003  2.159455035116E+000
  1.277834473907E+000  2.888813565758E-001 -5.541870955875E-001  1.097855091790E+000  1.077496940440E-003  2.181727872458E+000
  1.294089572372E+000  2.800164381447E-001 -5.366348437979E-001  1.061949722993E+000  1.075252032038E-003  2.204512551795E+000
  1.310564882294E+000  2.713177340720E-001 -5.194301819806E-001  1.026792570853E+000  1.072954986308E-003  2.227824750117E+000
  1.327264230548E+000  2.627851450379E-001 -5.025724220084E-001  9.923813579827E-001  1.070604716000E-003  2.251680747235E+000
  1.344191528724E+000  2.544185048450E-001 -4.860607316632E-001  9.587134762936E-001  1.068200114425E-003  2.276097453477E+000
  1.361350775387E+000  2.462175800831E-001 -4.698941345710E-001  9.257859883078E-001  1.065740055213E-003  2.301092438849E+000
  1.378746058390E+000  2.381820698485E-001 -4.540715102702E-001  8.935956288259E-001  1.063223392090E-003  2.326683963760E+000
  1.396381557275E+000  2.303116055198E-001 -4.385915944156E-001  8.621388069489E-001  1.060648958646E-003  2.352891011412E+000
  1.414261545744E+000  2.226057505916E-001 -4.234529791206E-001  8.314116084605E-001  1.058015568100E-003  2.379733321938E+000
  1.432390394201E+000  2.150640005680E-001 -4.086541134408E-001  8.014097985689E-001  1.055322013078E-003  2.407231428414E+000
  1.450772572390E+000  2.076857829184E-001 -3.941933040005E-001  7.721288250109E-001  1.052567065383E-003  2.435406694858E+000
  1.469412652102E+000  2.004704570957E-001 -3.800687157641E-001  7.435638215198E-001  1.049749475761E-003  2.464281356324E+000
  1.488315309978E+000  1.934173146196E-001 -3.662783729556E-001  7.157096116558E-001  1.046867973684E-003  2.493878561251E+000
  1.507485330398E+000  1.865255792268E-001 -3.528201601267E-001  6.885607129999E-001  1.043921267111E-003  2.524222416184E+000
  1.526927608467E+000  1.797944070888E-001 -3.396918233751E-001  6.621113417088E-001  1.040908042265E-003  2.555338033036E+000
  1.546647153093E+000  1.732228870992E-001 -3.268909717159E-001  6.363554174305E-001  1.037826963411E-003  2.587251579041E+000
  1.566649090169E+000  1.668100412320E-001 -3.144150786051E-001  6.112865685769E-001  1.034676672616E-003  2.619990329586E+000
  1.586938665861E+000  1.605548249721E-001 -3.022614836179E-001  5.868981379502E-001  1.031455789527E-003  2.653582724098E+000
  1.607521250000E+000  1.544561278194E-001 -2.904273942821E-001  5.631831887203E-001  1.028162911141E-003  2.688058425201E+000
  1.628402339588E+000  1.485127738669E-001 -2.789098880663E-001  5.401345107473E-001  1.024796611566E-003  2.723448381337E+000
  1.649587562420E+000  1.427235224557E-001 -2.677059145246E-001  5.177446272447E-001  1.021355441796E-003  2.759784893111E+000
  1.671082680832E+000  1.370870689056E-001 -2.568122975962E-001  4.960058017764E-001  1.017837929466E-003  2.797101683591E+000
  1.692893595565E+000  1.316020453241E-001 -2.462257380615E-001  4.749100455814E-001  1.014242578616E-003  2.835433972831E+000
  1.715026349769E+000  1.262670214935E-001 -2.359428161526E-001  4.544491252190E-001  1.010567869443E-003  2.874818556928E+000
  1.737487133138E+000  1.210805058370E-001 -2.259599943185E-001  4.346145705249E-001  1.006812258057E-003  2.915293891889E+000
  1.760282286187E+000  1.160409464648E-001 -2.162736201430E-001  4.153976828716E-001  1.002974176220E-003  2.956900182682E+000
  1.783418304674E+000  1.111467323000E-001 -2.068799294155E-001  3.967895437213E-001  9.990520310863E-004  2.999679477802E+000
  1.806901844175E+000  1.063961942847E-001 -1.977750493513E-001  3.787810234629E-001  9.950442049349E-004  3.043675769765E+000
  1.830739724818E+000  1.017876066669E-001 -1.889550019610E-001  3.613627905216E-001  9.909490548859E-004  3.088935101936E+000
  1.854938936184E+000  9.731918836759E-002 -1.804157075655E-001  3.445253207294E-001  9.867649126121E-004  3.135505682157E+000
  1.879506642368E+000  9.298910442845E-002 -1.721529884557E-001  3.282589069452E-001  9.824900840388E-004  3.183438003659E+000
  1.904450187236E+000  8.879546753893E-002 -1.641625726921E-001  3.125536689113E-001  9.781228490176E-004  3.232784973805E+000
  1.929777099847E+000  8.473633964316E-002 -1.564400980427E-001  2.973995633332E-001  9.736614610052E-004  3.283602051218E+000
  1.955495100083E+000  8.080973362546E-002 -1.489811160555E-001  2.827863941697E-001  9.691041467007E-004  3.335947391948E+000
  1.981612104475E+000  7.701361507351E-002 -1.417810962602E-001  2.687038231175E-001  9.644491056793E-004  3.389882005322E+000
  2.008136232230E+000  7.334590411835E-002 -1.348354304980E-001  2.551413802778E-001  9.596945099869E-004  3.445469920245E+000
  2.035075811486E+000  6.980447734970E-002 -1.281394373714E-001  2.420884749870E-001  9.548385037217E-004  3.502778362723E+000
  2.062439385788E+000  6.638716980509E-002 -1.216883668120E-001  2.295344067986E-001  9.498792025751E-004  3.561877945487E+000
  2.090235720801E+000  6.309177703120E-002 -1.154774047596E-001  2.174683765978E-001  9.448146933392E-004  3.622842870660E+000
  2.118473811262E+000  5.991605721526E-002 -1.095016779474E-001  2.058794978345E-001  9.396430333780E-004  3.685751146485E+000
  2.147162888201E+000  5.685773338443E-002 -1.037562587873E-001  1.947568078554E-001  9.343622500527E-004  3.750684819235E+000
  2.176312426413E+000  5.391449567064E-002 -9.823617034872E-002  1.840892793206E-001  9.289703400963E-004  3.817730221514E+000
  2.205932152222E+000  5.108400363821E-002 -9.293639142540E-002  1.738658316847E-001  9.234652689362E-004  3.886978238284E+000
  2.236032051522E+000  4.836388867135E-002 -8.785186168099E-002  1.640753427268E-001  9.178449699467E-004  3.958524592051E+000
  2.266622378129E+000  4.575175641823E-002 -8.297748686795E-002  1.547066601088E-001  9.121073436465E-004  4.032470148802E+000
  2.297713662445E+000  4.324518928827E-002 -7.830814411081E-002  1.457486129460E-001  9.062502567976E-004  4.108921246406E+000
  2.329316720450E+000  4.084174899886E-002 -7.383868724600E-002  1.371900233696E-001  9.002715414355E-004  4.187990047387E+000
  2.361442663038E+000  3.853897916754E-002 -6.956395220931E-002  1.290197180624E-001  8.941689937943E-004  4.269794918110E+000
  2.394102905709E+000  3.633440794535E-002 -6.547876246232E-002  1.212265397496E-001  8.879403731182E-004  4.354460836670E+000
  2.427309178642E+000  3.422555068694E-002 -6.157793444820E-002  1.137993586240E-001  8.815834003666E-004  4.442119831959E+000
  2.461073537146E+000  3.220991265248E-002 -5.785628306711E-002  1.067270836863E-001  8.750957567712E-004  4.532911456640E+000
  2.495408372530E+000  3.028499173651E-002 -5.430862716129E-002  9.999867398233E-002  8.684750822422E-004  4.626983297023E+000
  2.530326423398E+000  2.844828121837E-002 -5.092979499921E-002  9.360314971419E-002  8.617189736316E-004  4.724491523150E+000
  2.565840787378E+000  2.669727252864E-002 -4.771462974793E-002  8.752960320876E-002  8.548249827690E-004  4.825601482703E+000
  2.601964933334E+000  2.502945802589E-002 -4.465799492269E-002  8.176720972068E-002  8.477906143388E-004  4.930488342752E+000
  2.638712714049E+000  2.344233377766E-002 -4.175477980221E-002  7.630523805096E-002  8.406133234972E-004  5.039337783736E+000
  2.676098379430E+000  2.193340233958E-002 -3.899990479787E-002  7.113306096033E-002  8.332905132419E-004  5.152346750549E+000
  2.714136590232E+000  2.050017552611E-002 -3.638832676491E-002  6.624016535708E-002  8.258195315190E-004  5.269724266117E+000
  2.752842432351E+000  1.914017716629E-002 -3.391504424334E-002  6.161616223865E-002  8.181976679939E-004  5.391692313403E+000
  2.792231431696E+000  1.785094583797E-002 -3.157510261614E-002  5.725079636684E-002  8.104221505065E-004  5.518486792432E+000
  2.832319569669E+000  1.663003757332E-002 -2.936359917207E-002  5.313395565590E-002  8.024901411225E-004  5.650358559630E+000
  2.873123299289E+000  1.547502852884E-002 -2.727568806055E-002  4.925568025317E-002  7.943987317879E-004  5.787574557564E+000
  2.914659561979E+000  1.438351761273E-002 -2.530658512553E-002  4.560617129225E-002  7.861449395050E-004  5.930419044088E+000
  2.956945805065E+000  1.335312906241E-002 -2.345157260575E-002  4.217579929825E-002  7.777257010162E-004  6.079194930863E+000
  3.000000000000E+000  1.238151496504E-002 -2.170600368843E-002  3.895511222564E-002  7.691378669170E-004  6.234225242377E+000
  3.043840661365E+000  1.146635771399E-002 -2.006530690374E-002  3.593484310905E-002  7.603781951622E-004  6.395854707842E+000
  3.088486866678E+000  1.060537239391E-002 -1.852499034744E-002  3.310591730789E-002  7.514433438947E-004  6.564451499763E+000
  3.133958277047E+000  9.796309087558E-003 -1.708064571933E-002  3.045945932639E-002  7.423298635371E-004  6.740409134596E+000
  3.180275158719E+000  9.036955097337E-003 -1.572795216552E-002  2.798679919088E-002  7.330341880767E-004  6.924148552687E+000
  3.227458405560E+000  8.325137074892E-003 -1.446267991270E-002  2.567947836715E-002  7.235526254640E-004  7.116120396755E+000
  3.275529562509E+000  7.658723052106E-003 -1.328069368336E-002  2.352925520148E-002  7.138813470423E-004  7.316807510479E+000
  3.324510850077E+000  7.035624367255E-003 -1.217795588104E-002  2.152810986979E-002  7.040163759462E-004  7.526727681329E+000
  3.374425189910E+000  6.453797480315E-003 -1.115052953580E-002  1.966824882069E-002  6.939535743386E-004  7.746436654781E+000
  3.425296231502E+000  5.911245671728E-003 -1.019458100024E-002  1.794210869919E-002  6.836886294245E-004  7.976531450357E+000
  3.477148380094E+000  5.406020619356E-003 -9.306382387784E-003  1.634235973948E-002  6.732170381135E-004  8.217654013755E+000
  3.530006825834E+000  4.936223848764E-003 -8.482313745349E-003  1.486190861661E-002  6.625340902453E-004  8.470495243655E+000
  3.583897574256E+000  4.500008052446E-003 -7.718864953773E-003  1.349390074860E-002  6.516348502672E-004  8.735799436658E+000
  3.638847478148E+000  4.095578274109E-003 -7.012637350308E-003  1.223172204247E-002  6.405141372142E-004  9.014369199460E+000
  3.694884270887E+000  3.721192954686E-003 -6.360345068649E-003  1.106900007966E-002  6.291665029323E-004  9.307070883685E+000
  3.752036601308E+000  3.375164837335E-003 -5.758816093174E-003  9.999604738414E-003  6.175862083692E-004  9.614840606108E+000
  3.810334070199E+000  3.055861729293E-003 -5.204993025331E-003  9.017648253180E-003  6.057671978563E-004  9.938690925303E+000
  3.869807268505E+000  2.761707119081E-003 -4.695933561443E-003  8.117484713270E-003  5.937030712412E-004  1.027971825524E+001
  3.930487817331E+000  2.491180648252E-003 -4.228810682571E-003  7.293709005814E-003  5.813870537644E-004  1.063911110729E+001
  3.992408409843E+000  2.242818437524E-003 -3.800912558504E-003  6.541155210524E-003  5.688119635928E-004  1.101815926452E+001
  4.055602855172E+000  2.015213267861E-003 -3.409642169372E-003  5.854894456546E-003  5.559701768858E-004  1.141826400661E+001
  4.120106124432E+000  1.807014617735E-003 -3.052516649829E-003  5.230232254458E-003  5.428535903574E-004  1.184094952004E+001
  4.185954398964E+000  1.616928558543E-003 -2.727166362218E-003  4.662705319195E-003  5.294535812455E-004  1.228787564729E+001
  4.253185120935E+000  1.443717510795E-003 -2.431333706540E-003  4.148077902502E-003  5.157609646970E-004  1.276085215066E+001
  4.321837046422E+000  1.286199864409E-003 -2.162871676476E-003  3.682337656204E-003  5.017659485733E-004  1.326185469132E+001
  4.391950301120E+000  1.143249467081E-003 -1.919742172024E-003  3.261691050227E-003  4.874580857163E-004  1.379304275357E+001
  4.463566438835E+000  1.013794985343E-003 -1.700014080634E-003  2.882558371842E-003  4.728262238758E-004  1.435677977759E+001
  4.536728502895E+000  8.968191434869E-004 -1.501861139898E-003  2.541568334982E-003  4.578584534107E-004  1.495565580318E+001
  4.611481090679E+000  7.913578461361E-004 -1.323559595968E-003  2.235552330648E-003  4.425420531432E-004  1.559251297179E+001
  4.687870421430E+000  6.964991906982E-004 -1.163485672853E-003  1.961538351415E-003  4.268634347607E-004  1.627047428650E+001
  4.765944407533E+000  6.113823764303E-004 -1.020112868629E-003  1.716744624752E-003  4.108080863190E-004  1.699297609017E+001
  4.845752729492E+000  5.351965172258E-004 -8.920090953070E-004  1.498572991271E-003  3.943605156697E-004  1.776380479233E+001
  4.927346914797E+000  4.671793655800E-004 -7.778336796676E-004  1.304602065180E-003  3.775041946889E-004  1.858713845727E+001
  5.010780420931E+000  4.066159554701E-004 -6.763342428266E-004  1.132580214917E-003  3.602215056254E-004  1.946759396080E+001
  5.096108722763E+000  3.528371720974E-004 -5.863434765089E-004  9.804184024370E-004  3.424936911687E-004  2.041028053396E+001
  5.183389404586E+000  3.052182565939E-004 -5.067758341281E-004  8.461829195878E-004  3.243008101011E-004  2.142086064071E+001
  5.272682257105E+000  2.631772538812E-004 -4.366241546770E-004  7.280880597498E-004  3.056217011389E-004  2.250561928690E+001
  5.364049379651E+000  2.261734118954E-004 -3.749562372039E-004  6.244887621582E-004  2.864339578902E-004  2.367154303244E+001
  5.457555287978E+000  1.937055403630E-004 -3.209113832469E-004  5.338732652778E-004  2.667139187850E-004  2.492641018241E+001
  5.553267027968E+000  1.653103372209E-004 -2.736969240592E-004  4.548558041592E-004  2.464366765117E-004  2.627889386996E+001
  5.651254295630E+000  1.405606906425E-004 -2.325847487774E-004  3.861693849451E-004  2.255761126042E-004  2.773868001980E+001
  5.751589563796E+000  1.190639644460E-004 -1.969078488839E-004  3.266586676301E-004  2.041049640265E-004  2.931660250264E+001
  5.854348215936E+000  1.004602744471E-004 -1.660568934100E-004  2.752729858425E-004  1.819949300291E-004  3.102479816377E+001
  5.959608687557E+000  8.442076306236E-005 -1.394768483375E-004  2.310595298553E-004  1.592168292046E-004  3.287688484291E+001
  6.067452615683E+000  7.064587919693E-005 -1.166636526030E-004  1.931567162960E-004  1.357408187507E-004  3.488816600435E+001
  6.177964996951E+000  5.886367015264E-005 -9.716096201030E-005  1.607877651541E-004  1.115366901789E-004  3.707586617806E+001
  6.291234354880E+000  4.882809198271E-005 -8.055697123900E-005  1.332545017438E-004  8.657425831169E-005  3.945940208336E+001
  6.407352916949E+000  4.031734440080E-005 -6.648132301724E-005  1.099313983154E-004  6.082386348123E-005  4.206069507935E+001
  6.526416802128E+000  3.313223602733E-005 -5.460211242416E-005  9.025986708290E-005  3.425701004637E-005  4.490453147423E+001
  6.648526219580E+000  2.709458542841E-005 -4.462299322229E-005  7.374281359191E-005  6.847167735940E-006  4.801897824163E+001
  6.773785679311E+000  2.204566307288E-005 -3.628039210392E-005  5.993945665407E-005 -2.142923389503E-005  5.143586285290E+001
  6.902304215570E+000  1.784467900027E-005 -2.934083578087E-005  4.846041854492E-005 -5.059158425458E-005  5.519132725663E+001
  7.034195623922E+000  1.436732065534E-005 -2.359839496078E-005  3.896308685822E-005 -8.065360769496E-005  5.932646754083E+001
  7.169578712934E+000  1.150434499928E-005 -1.887224843783E-005  3.114724734333E-005 -1.116215782810E-004  6.388807252643E+001
  7.308577571516E+000  9.160228649491E-006 -1.500436978104E-005  2.475098524788E-005 -1.434921960863E-004  6.892947649772E+001
  7.451321853057E+000  7.251879424583E-006 -1.185733842280E-005  1.954685115068E-005 -1.762500913311E-004  7.451154353252E+001
  7.597947077547E+000  5.707412271934E-006 -9.312276326196E-006  1.533828599551E-005 -2.098649317011E-004  8.070380353887E+001
  7.748594953021E+000  4.464992128302E-006 -7.266910828689E-006  1.195629901073E-005 -2.442881246297E-004  8.758576327953E+001
  7.903413717736E+000  3.471745804352E-006 -5.633763709260E-006  9.256391398965E-006 -2.794491335201E-004  9.524841961007E+001
  8.062558504629E+000  2.682744489186E-006 -4.338465990793E-006  7.115718073007E-006 -3.152514678432E-004  1.037960072638E+002
  8.226191729726E+000  2.060057940510E-006 -3.318197455323E-006  5.430479261555E-006 -3.515684670308E-004  1.133480204315E+002
  8.394483506327E+000  1.571880861961E-006 -2.520249304709E-006  4.113533470137E-006 -3.882390811293E-004  1.240415571400E+002
  8.567612086926E+000  1.191731376457E-006 -1.900707834227E-006  3.092223017985E-006 -4.250639618546E-004  1.360340496630E+002
  8.745764335025E+000  8.977208915324E-007 -1.423256397139E-006  2.306403142475E-006 -4.618023187740E-004  1.495064654339E+002
  8.929136229160E+000  6.718940309082E-007 -1.058092325110E-006  1.706665436922E-006 -4.981701680236E-004  1.646670950238E+002
  9.117933401693E+000  4.996366902451E-007 -7.809548391552E-007  1.252746141386E-006 -5.338407994883E-004  1.817560924577E+002
  9.312371715124E+000  3.691496806362E-007 -5.722593509121E-007  9.121095263491E-007 -5.684484996476E-004  2.010510069422E+002
  9.512677878945E+000  2.709848686405E-007 -4.163329321450E-007  6.586962942774E-007 -6.015967726487E-004  2.228736562921E+002
  9.719090110332E+000  1.976402246644E-007 -3.007451432822E-007  4.718265839397E-007 -6.328724675744E-004  2.475988587706E+002
  9.931858842267E+000  1.432097693274E-007 -2.157278839255E-007  3.352468178330E-007 -6.618673110410E-004  2.756657875476E+002
  1.015124748302E+001  1.030840749682E-007 -1.536774845982E-007  2.363093130724E-007 -6.882083262271E-004  3.075930786291E+002
  1.037753323129E+001  7.369674808001E-008 -1.087319229239E-007  1.652733152565E-007 -7.115984939956E-004  3.439993669279E+002
  1.061100795175E+001  5.231219516270E-008 -7.641583848482E-008  1.147159491393E-007 -7.318688225315E-004  3.856317382952E+002
  1.085197911611E+001  3.684996100726E-008 -5.334595244730E-008  7.904154303246E-008 -7.490429240513E-004  4.334058217309E+002
  1.110077081537E+001  2.574102106301E-008 -3.698957686773E-008  5.407790281051E-008 -7.634155800765E-004  4.884631752371E+002
  1.135772484956E+001  1.781159918140E-008 -2.546912219012E-008  3.674840345130E-008 -7.756482648003E-004  5.522547335826E+002
  1.162320190175E+001  1.219035483249E-008 -1.740586904657E-008  2.480923616624E-008 -7.868882714923E-004  6.266643213893E+002
  1.189758280382E+001  8.235122287585E-009 -1.179674339571E-008  1.664178899938E-008 -7.989258978891E-004  7.141954307718E+002
  1.218126990242E+001  5.475768345713E-009 -7.918397189878E-009  1.109092697785E-008 -8.144197921099E-004  8.182613962557E+002
  1.247468853413E+001  3.570144278447E-009 -5.253520754759E-009  7.340842096033E-009 -8.372518613942E-004  9.436519226751E+002
  1.277828862002E+001  2.270521930964E-009 -3.434966742124E-009  4.821123271897E-009 -8.731384853379E-004  1.097316352461E+003
  1.309254639077E+001  1.398305779060E-009 -2.203918627116E-009  3.136707620729E-009 -9.307713664314E-004  1.289752467408E+003
  1.341796625462E+001  8.251880403398E-010 -1.378962378007E-009  2.016373001182E-009 -1.024123440485E-003  1.537645104569E+003
  1.375508282195E+001  4.592526133370E-010 -8.334965644711E-010  1.275378320325E-009 -1.177562050187E-003  1.869346773847E+003
  1.410446310162E+001  2.348299091393E-010 -4.794287930017E-010  7.887208734711E-010 -1.438667472520E-003  2.337702716730E+003
  1.446670888596E+001  1.051567908583E-010 -2.555469317875E-010  4.722373783172E-010 -1.916604042545E-003  3.055586929140E+003
  1.484245934302E+001  3.710540387643E-011 -1.193206099372E-010  2.694164692572E-010 -2.934465357199E-003  4.324089727197E+003
  1.523239383723E+001  7.415570713884E-012 -4.118584308027E-011  1.423145696814E-010 -6.075775664295E-003  7.395920338027E+003
  1.563723500136E+001  2.841208932988E-015 -6.010469744969E-013  6.538200080264E-011  0.000000000000E+000  0.000000000000E+000
  1.605775208607E+001  4.023754165572E-012  1.665411529373E-011  2.132553193261E-011  7.322205179780E-003  9.067688763887E+003
  1.649476461582E+001  1.246647061451E-011  2.032452870934E-011 -1.626022563128E-012  3.950170875659E-003  6.220031427411E+003
  1.694914638379E+001  2.110289216397E-011  1.694934433080E-011 -1.150806400779E-011  2.879957230064E-003  5.219069637921E+003
  1.742182982203E+001  2.769088918116E-011  1.075203577009E-011 -1.378128549008E-011  2.373104124083E-003  4.767178909375E+003
  1.791381078784E+001  3.135468375412E-011  4.284049502238E-012 -1.209266880564E-011  2.088167098516E-003  4.573755484893E+003
  1.842615381215E+001  3.209956880753E-011 -1.092070499140E-012 -8.788601136718E-012  1.912217304477E-003  4.538099551680E+003
  1.895999786176E+001  3.043560665421E-011 -4.828478031216E-012 -5.278196410695E-012  1.797124701566E-003  4.619338244473E+003
  1.951656267356E+001  2.709542963969E-011 -6.898353463389E-012 -2.305642931793E-012  1.718964821930E-003  4.801847952795E+003
  2.009715572669E+001  2.283565403461E-011 -7.568422084528E-012 -1.633547466600E-013  1.664548113172E-003  5.083575367620E+003
  2.070317992707E+001  1.831176266566E-011 -7.230185449624E-012  1.139238957748E-012  1.626044689083E-003  5.471801925784E+003
  2.133614208874E+001  1.401462606895E-011 -6.284240572190E-012  1.745378964073E-012  1.598543497413E-003  5.982002359980E+003
  2.199766230782E+001  1.025485053791E-011 -5.071057426959E-012  1.856441696979E-012  1.578831892233E-003  6.638408494947E+003
  2.268948433818E+001  7.180100068979E-012 -3.839628547285E-012  1.670200051263E-012  1.564738046191E-003  7.475901762825E+003
  2.341348709294E+001  4.811052206004E-012 -2.743900382574E-012  1.347142546998E-012  1.554754856015E-003  8.543327633466E+003
  2.417169741362E+001  3.083726563553E-012 -1.856615353321E-012  9.984258959965E-013  1.547814152563E-003  9.908664663876E+003
  2.496630426925E+001  1.889118563787E-012 -1.191284563782E-012  6.882869028457E-013  1.543145607409E-003  1.166686071320E+004
  2.579967457140E+001  1.104689973919E-012 -7.251460392606E-013  4.441674942821E-013  1.540185609089E-003  1.395169416219E+004
  2.667437081864E+001  6.156214523593E-013 -4.185712141881E-013  2.691840363928E-013  0.000000000000E+000  0.000000000000E+000
  2.759317081651E+001  3.263061974975E-013 -2.288662382912E-013  1.534057610675E-013  0.000000000000E+000  0.000000000000E+000
  2.855908975674E+001  1.641252284075E-013 -1.183473366544E-013  8.220965887167E-014  0.000000000000E+000  0.000000000000E+000
  2.957540498378E+001  7.812971782930E-014 -5.775400809241E-014  4.138806838549E-014  0.000000000000E+000  0.000000000000E+000
  3.064568382919E+001  3.509517247654E-014 -2.652985634194E-014  1.954110238596E-014  0.000000000000E+000  0.000000000000E+000
  3.177381495601E+001  1.482541072688E-014 -1.143669362010E-014  8.631801127691E-015  0.000000000000E+000  0.000000000000E+000
  3.296404372807E+001  5.867550685866E-015 -4.610639173098E-015  3.556559905541E-015  0.000000000000E+000  0.000000000000E+000
  3.422101220608E+001  2.166603585050E-015 -1.731426366798E-015  1.362073047997E-015  0.000000000000E+000  0.000000000000E+000
  3.554980447538E+001  7.429275282704E-016 -6.029395577925E-016  4.828024346305E-016  0.000000000000E+000  0.000000000000E+000
  3.695599813319E+001  2.353415674992E-016 -1.937247986576E-016  1.576446936432E-016  0.000000000000E+000  0.000000000000E+000
  3.844572291106E+001  6.847793192770E-017 -5.711093010020E-017  4.716298744057E-017  0.000000000000E+000  0.000000000000E+000
  4.002572758518E+001  1.818509965426E-017 -1.535085406622E-017  1.284871297197E-017  0.000000000000E+000  0.000000000000E+000
  4.170345654134E+001  4.376371789738E-018 -3.735874117025E-018  3.165831194933E-018  0.000000000000E+000  0.000000000000E+000
  4.348713762001E+001  9.469304187297E-019 -8.167860937947E-019  7.000821321287E-019  0.000000000000E+000  0.000000000000E+000
  4.538588318162E+001  1.732492744703E-019 -1.496818346929E-019  1.283994376562E-019  0.000000000000E+000  0.000000000000E+000
  4.740980671574E+001  2.984104348255E-020 -4.150531188222E-020  3.774951267254E-020  0.000000000000E+000  0.000000000000E+000
  4.957015778746E+001  6.374531775691E-021 -2.704221467091E-021 -3.513628001903E-021  0.000000000000E+000  0.000000000000E+000
  5.187947869225E+001  0.000000000000E+000  2.931958717700E-022  1.862883898500E-021  0.000000000000E+000  0.000000000000E+000
  5.435178690397E+001  2.227407588503E-022 -2.063482336703E-022  0.000000000000E+000  0.000000000000E+000  0.000000000000E+000
  5.700278828629E+001  0.000000000000E+000  0.000000000000E+000  0.000000000000E+000  0.000000000000E+000  0.000000000000E+000
  5.985012714155E+001  0.000000000000E+000  0.000000000000E+000  0.000000000000E+000  0.000000000000E+000  0.000000000000E+000
  6.291368055481E+001  0.000000000000E+000  0.000000000000E+000  0.000000000000E+000  0.000000000000E+000  0.000000000000E+000
  6.621590623276E+001  0.000000000000E+000  0.000000000000E+000  0.000000000000E+000  0.000000000000E+000  0.000000000000E+000
  6.978225524452E+001  0.000000000000E+000  0.000000000000E+000  0.000000000000E+000  0.000000000000E+000  0.000000000000E+000
  7.364166388185E+001  0.000000000000E+000  0.000000000000E+000  0.000000000000E+000  0.000000000000E+000  0.000000000000E+000
  7.782714245929E+001  0.000000000000E+000  0.000000000000E+000  0.000000000000E+000  0.000000000000E+000  0.000000000000E+000
  8.237648351994E+001  0.000000000000E+000  0.000000000000E+000  0.000000000000E+000  0.000000000000E+000  0.000000000000E+000
  8.733311794502E+001  0.000000000000E+000  0.000000000000E+000  0.000000000000E+000  0.000000000000E+000  0.000000000000E+000
  9.274715535088E+001  0.000000000000E+000  0.000000000000E+000  0.000000000000E+000  0.000000000000E+000  0.000000000000E+000
  9.867665554529E+001  0.000000000000E+000  0.000000000000E+000  0.000000000000E+000  0.000000000000E+000  0.000000000000E+000
  1.051891916055E+002  0.000000000000E+000  0.000000000000E+000  0.000000000000E+000  0.000000000000E+000  0.000000000000E+000
  1.123637836013E+002  0.000000000000E+000  0.000000000000E+000  0.000000000000E+000  0.000000000000E+000  0.000000000000E+000
  1.202933069206E+002  0.000000000000E+000  0.000000000000E+000  0.000000000000E+000  0.000000000000E+000  0.000000000000E+000
  1.290875131414E+002  0.000000000000E+000  0.000000000000E+000  0.000000000000E+000  0.000000000000E+000  0.000000000000E+000
  1.388768482001E+002  0.000000000000E+000  0.000000000000E+000  0.000000000000E+000  0.000000000000E+000  0.000000000000E+000
  1.498173177370E+002  0.000000000000E+000  0.000000000000E+000  0.000000000000E+000  0.000000000000E+000  0.000000000000E+000
  1.620967411853E+002  0.000000000000E+000  0.000000000000E+000  0.000000000000E+000  0.000000000000E+000  0.000000000000E+000
  1.759428668168E+002  0.000000000000E+000  0.000000000000E+000  0.000000000000E+000  0.000000000000E+000  0.000000000000E+000
  1.916340085825E+002  0.000000000000E+000  0.000000000000E+000  0.000000000000E+000  0.000000000000E+000  0.000000000000E+000
  2.095131417987E+002  0.000000000000E+000  0.000000000000E+000  0.000000000000E+000  0.000000000000E+000  0.000000000000E+000
  2.300068054477E+002  0.000000000000E+000  0.000000000000E+000  0.000000000000E+000  0.000000000000E+000  0.000000000000E+000
  2.536507797910E+002  0.000000000000E+000  0.000000000000E+000  0.000000000000E+000  0.000000000000E+000  0.000000000000E+000
  2.811254638474E+002  0.000000000000E+000  0.000000000000E+000  0.000000000000E+000  0.000000000000E+000  0.000000000000E+000
  3.133053780630E+002  0.000000000000E+000  0.000000000000E+000  0.000000000000E+000  0.000000000000E+000  0.000000000000E+000
  3.513296254502E+002  0.000000000000E+000  0.000000000000E+000  0.000000000000E+000  0.000000000000E+000  0.000000000000E+000
  3.967041014107E+002  0.000000000000E+000  0.000000000000E+000  0.000000000000E+000  0.000000000000E+000  0.000000000000E+000
  4.514529193350E+002  0.000000000000E+000  0.000000000000E+000  0.000000000000E+000  0.000000000000E+000  0.000000000000E+000
  5.183481233601E+002  0.000000000000E+000  0.000000000000E+000  0.000000000000E+000  0.000000000000E+000  0.000000000000E+000
  6.012676077950E+002  0.000000000000E+000  0.000000000000E+000  0.000000000000E+000  0.000000000000E+000  0.000000000000E+000
  7.057700503752E+002  0.000000000000E+000  0.000000000000E+000  0.000000000000E+000  0.000000000000E+000  0.000000000000E+000
  8.400513767914E+002  0.000000000000E+000  0.000000000000E+000  0.000000000000E+000  0.000000000000E+000  0.000000000000E+000
  1.016602135495E+003  0.000000000000E+000  0.000000000000E+000  0.000000000000E+000  0.000000000000E+000  0.000000000000E+000
  1.255220715579E+003  0.000000000000E+000  0.000000000000E+000  0.000000000000E+000  0.000000000000E+000  0.000000000000E+000
  1.588815776243E+003  0.000000000000E+000  0.000000000000E+000  0.000000000000E+000  0.000000000000E+000  0.000000000000E+000
  2.075392011604E+003  0.000000000000E+000  0.000000000000E+000  0.000000000000E+000  0.000000000000E+000  0.000000000000E+000
  2.825079847528E+003  0.000000000000E+000  0.000000000000E+000  0.000000000000E+000  0.000000000000E+000  0.000000000000E+000
  4.068408296183E+003  0.000000000000E+000  0.000000000000E+000  0.000000000000E+000  0.000000000000E+000  0.000000000000E+000
  6.357262947672E+003  0.000000000000E+000  0.000000000000E+000  0.000000000000E+000  0.000000000000E+000  0.000000000000E+000
  1.130231930164E+004  0.000000000000E+000  0.000000000000E+000  0.000000000000E+000  0.000000000000E+000  0.000000000000E+000
  2.543105175136E+004  0.000000000000E+000  0.000000000000E+000  0.000000000000E+000  0.000000000000E+000  0.000000000000E+000
  1.017262069952E+005  0.000000000000E+000  0.000000000000E+000  0.000000000000E+000  0.000000000000E+000  0.000000000000E+000
