# 1st line: number of mesh points
# abcissa wavefunction wavefunction_1st wavefunction_2nd
500
# Principal QN=   1 , l=   0 , Occupation=   1.0000
  9.830308526563E-006  2.035035701995E+000 -2.104497785694E+000  2.147142033586E+000
  3.932200719722E-005  2.034973637714E+000 -2.104434463679E+000  2.147084322020E+000
  8.847741541467E-005  2.034870195973E+000 -2.104328925237E+000  2.146988132852E+000
  1.573003992805E-004  2.034725374862E+000 -2.104181167741E+000  2.146853461244E+000
  2.457963722418E-004  2.034539171708E+000 -2.103991187517E+000  2.146680300422E+000
  3.539722959954E-004  2.034311583078E+000 -2.103758979841E+000  2.146468641683E+000
  4.818366816529E-004  2.034042604774E+000 -2.103484538941E+000  2.146218474386E+000
  6.293995911626E-004  2.033732231841E+000 -2.103167857998E+000  2.145929785962E+000
  7.966726389935E-004  2.033380458564E+000 -2.102808929151E+000  2.145602561912E+000
  9.836689940782E-004  2.032987278470E+000 -2.102407743492E+000  2.145236785808E+000
  1.190403382016E-003  2.032552684332E+000 -2.101964291075E+000  2.144832439296E+000
  1.416892087541E-003  2.032076668168E+000 -2.101478560914E+000  2.144389502097E+000
  1.663152957245E-003  2.031559221248E+000 -2.100950540985E+000  2.143907952012E+000
  1.929205402573E-003  2.031000334090E+000 -2.100380218231E+000  2.143387764922E+000
  2.215070403073E-003  2.030399996468E+000 -2.099767578567E+000  2.142828914792E+000
  2.520770509919E-003  2.029758197412E+000 -2.099112606875E+000  2.142231373674E+000
  2.846329849692E-003  2.029074925213E+000 -2.098415287016E+000  2.141595111710E+000
  3.191774128432E-003  2.028350167424E+000 -2.097675601831E+000  2.140920097136E+000
  3.557130635959E-003  2.027583910867E+000 -2.096893533141E+000  2.140206296285E+000
  3.942428250463E-003  2.026776141634E+000 -2.096069061757E+000  2.139453673594E+000
  4.347697443358E-003  2.025926845090E+000 -2.095202167480E+000  2.138662191604E+000
  4.772970284417E-003  2.025036005883E+000 -2.094292829109E+000  2.137831810967E+000
  5.218280447175E-003  2.024103607941E+000 -2.093341024443E+000  2.136962490451E+000
  5.683663214611E-003  2.023129634482E+000 -2.092346730288E+000  2.136054186945E+000
  6.169155485101E-003  2.022114068017E+000 -2.091309922461E+000  2.135106855464E+000
  6.674795778653E-003  2.021056890355E+000 -2.090230575797E+000  2.134120449155E+000
  7.200624243425E-003  2.019958082611E+000 -2.089108664156E+000  2.133094919302E+000
  7.746682662519E-003  2.018817625206E+000 -2.087944160425E+000  2.132030215334E+000
  8.313014461060E-003  2.017635497881E+000 -2.086737036529E+000  2.130926284830E+000
  8.899664713569E-003  2.016411679694E+000 -2.085487263434E+000  2.129783073527E+000
  9.506680151615E-003  2.015146149035E+000 -2.084194811159E+000  2.128600525325E+000
  1.013410917176E-002  2.013838883626E+000 -2.082859648779E+000  2.127378582298E+000
  1.078200184380E-002  2.012489860534E+000 -2.081481744432E+000  2.126117184697E+000
  1.145040991929E-002  2.011099056172E+000 -2.080061065331E+000  2.124816270963E+000
  1.213938684040E-002  2.009666446311E+000 -2.078597577769E+000  2.123475777732E+000
  1.284898774901E-002  2.008192006086E+000 -2.077091247130E+000  2.122095639845E+000
  1.357926949620E-002  2.006675710004E+000 -2.075542037896E+000  2.120675790357E+000
  1.433029065191E-002  2.005117531952E+000 -2.073949913654E+000  2.119216160545E+000
  1.510211151509E-002  2.003517445207E+000 -2.072314837110E+000  2.117716679919E+000
  1.589479412397E-002  2.001875422443E+000 -2.070636770097E+000  2.116177276233E+000
  1.670840226680E-002  2.000191435743E+000 -2.068915673584E+000  2.114597875493E+000
  1.754300149280E-002  1.998465456603E+000 -2.067151507687E+000  2.112978401970E+000
  1.839865912351E-002  1.996697455947E+000 -2.065344231680E+000  2.111318778209E+000
  1.927544426443E-002  1.994887404137E+000 -2.063493804006E+000  2.109618925044E+000
  2.017342781695E-002  1.993035270977E+000 -2.061600182289E+000  2.107878761605E+000
  2.109268249069E-002  1.991141025733E+000 -2.059663323342E+000  2.106098205335E+000
  2.203328281612E-002  1.989204637135E+000 -2.057683183186E+000  2.104277172000E+000
  2.299530515754E-002  1.987226073395E+000 -2.055659717056E+000  2.102415575703E+000
  2.397882772639E-002  1.985205302213E+000 -2.053592879419E+000  2.100513328898E+000
  2.498393059493E-002  1.983142290795E+000 -2.051482623982E+000  2.098570342403E+000
  2.601069571024E-002  1.981037005859E+000 -2.049328903710E+000  2.096586525415E+000
  2.705920690860E-002  1.978889413651E+000 -2.047131670837E+000  2.094561785526E+000
  2.812954993023E-002  1.976699479959E+000 -2.044890876884E+000  2.092496028737E+000
  2.922181243436E-002  1.974467170123E+000 -2.042606472669E+000  2.090389159474E+000
  3.033608401473E-002  1.972192449051E+000 -2.040278408325E+000  2.088241080605E+000
  3.147245621542E-002  1.969875281232E+000 -2.037906633316E+000  2.086051693456E+000
  3.263102254705E-002  1.967515630749E+000 -2.035491096452E+000  2.083820897830E+000
  3.381187850339E-002  1.965113461297E+000 -2.033031745906E+000  2.081548592023E+000
  3.501512157837E-002  1.962668736195E+000 -2.030528529230E+000  2.079234672843E+000
  3.624085128345E-002  1.960181418405E+000 -2.027981393372E+000  2.076879035631E+000
  3.748916916538E-002  1.957651470543E+000 -2.025390284697E+000  2.074481574278E+000
  3.876017882444E-002  1.955078854897E+000 -2.022755149001E+000  2.072042181243E+000
  4.005398593302E-002  1.952463533448E+000 -2.020075931533E+000  2.069560747582E+000
  4.137069825459E-002  1.949805467880E+000 -2.017352577011E+000  2.067037162959E+000
  4.271042566323E-002  1.947104619603E+000 -2.014585029645E+000  2.064471315675E+000
  4.407328016341E-002  1.944360949768E+000 -2.011773233156E+000  2.061863092689E+000
  4.545937591035E-002  1.941574419286E+000 -2.008917130796E+000  2.059212379638E+000
  4.686882923075E-002  1.938744988847E+000 -2.006016665368E+000  2.056519060865E+000
  4.830175864396E-002  1.935872618939E+000 -2.003071779252E+000  2.053783019442E+000
  4.975828488365E-002  1.932957269867E+000 -2.000082414422E+000  2.051004137193E+000
  5.123853091993E-002  1.929998901777E+000 -1.997048512474E+000  2.048182294723E+000
  5.274262198188E-002  1.926997474670E+000 -1.993970014644E+000  2.045317371443E+000
  5.427068558066E-002  1.923952948427E+000 -1.990846861838E+000  2.042409245596E+000
  5.582285153302E-002  1.920865282833E+000 -1.987678994649E+000  2.039457794289E+000
  5.739925198530E-002  1.917734437591E+000 -1.984466353391E+000  2.036462893517E+000
  5.900002143803E-002  1.914560372355E+000 -1.981208878115E+000  2.033424418194E+000
  6.062529677088E-002  1.911343046744E+000 -1.977906508644E+000  2.030342242187E+000
  6.227521726827E-002  1.908082420372E+000 -1.974559184594E+000  2.027216238342E+000
  6.394992464542E-002  1.904778452868E+000 -1.971166845405E+000  2.024046278518E+000
  6.564956307496E-002  1.901431103901E+000 -1.967729430368E+000  2.020832233621E+000
  6.737427921404E-002  1.898040333210E+000 -1.964246878652E+000  2.017573973634E+000
  6.912422223211E-002  1.894606100622E+000 -1.960719129337E+000  2.014271367657E+000
  7.089954383907E-002  1.891128366084E+000 -1.957146121441E+000  2.010924283937E+000
  7.270039831418E-002  1.887607089690E+000 -1.953527793953E+000  2.007532589907E+000
  7.452694253540E-002  1.884042231705E+000 -1.949864085863E+000  2.004096152225E+000
  7.637933600943E-002  1.880433752595E+000 -1.946154936197E+000  2.000614836807E+000
  7.825774090225E-002  1.876781613056E+000 -1.942400284046E+000  1.997088508872E+000
  8.016232207035E-002  1.873085774043E+000 -1.938600068603E+000  1.993517032976E+000
  8.209324709253E-002  1.869346196800E+000 -1.934754229195E+000  1.989900273061E+000
  8.405068630235E-002  1.865562842891E+000 -1.930862705323E+000  1.986238092488E+000
  8.603481282122E-002  1.861735674229E+000 -1.926925436691E+000  1.982530354089E+000
  8.804580259214E-002  1.857864653111E+000 -1.922942363248E+000  1.978776920205E+000
  9.008383441408E-002  1.853949742250E+000 -1.918913425224E+000  1.974977652734E+000
  9.214908997710E-002  1.849990904806E+000 -1.914838563170E+000  1.971132413178E+000
  9.424175389809E-002  1.845988104422E+000 -1.910717717995E+000  1.967241062688E+000
  9.636201375725E-002  1.841941305260E+000 -1.906550831006E+000  1.963303462118E+000
  9.851006013526E-002  1.837850472030E+000 -1.902337843954E+000  1.959319472067E+000
  1.006860866512E-001  1.833715570036E+000 -1.898078699069E+000  1.955288952940E+000
  1.028902900012E-001  1.829536565204E+000 -1.893773339106E+000  1.951211764990E+000
  1.051228699979E-001  1.825313424125E+000 -1.889421707392E+000  1.947087768382E+000
  1.073840296104E-001  1.821046114090E+000 -1.885023747864E+000  1.942916823240E+000
  1.096739750056E-001  1.816734603134E+000 -1.880579405120E+000  1.938698789705E+000
  1.119929155896E-001  1.812378860068E+000 -1.876088624464E+000  1.934433527997E+000
  1.143410640503E-001  1.807978854528E+000 -1.871551351953E+000  1.930120898467E+000
  1.167186364011E-001  1.803534557014E+000 -1.866967534446E+000  1.925760761664E+000
  1.191258520249E-001  1.799045938928E+000 -1.862337119652E+000  1.921352978392E+000
  1.215629337189E-001  1.794512972623E+000 -1.857660056185E+000  1.916897409774E+000
  1.240301077413E-001  1.789935631447E+000 -1.852936293611E+000  1.912393917318E+000
  1.265276038575E-001  1.785313889782E+000 -1.848165782503E+000  1.907842362981E+000
  1.290556553882E-001  1.780647723098E+000 -1.843348474493E+000  1.903242609240E+000
  1.316144992580E-001  1.775937107993E+000 -1.838484322329E+000  1.898594519155E+000
  1.342043760450E-001  1.771182022246E+000 -1.833573279933E+000  1.893897956447E+000
  1.368255300316E-001  1.766382444862E+000 -1.828615302450E+000  1.889152785563E+000
  1.394782092560E-001  1.761538356122E+000 -1.823610346316E+000  1.884358871755E+000
  1.421626655646E-001  1.756649737638E+000 -1.818558369312E+000  1.879516081152E+000
  1.448791546661E-001  1.751716572397E+000 -1.813459330624E+000  1.874624280840E+000
  1.476279361856E-001  1.746738844820E+000 -1.808313190908E+000  1.869683338936E+000
  1.504092737207E-001  1.741716540814E+000 -1.803119912352E+000  1.864693124676E+000
  1.532234348983E-001  1.736649647825E+000 -1.797879458740E+000  1.859653508488E+000
  1.560706914324E-001  1.731538154893E+000 -1.792591795516E+000  1.854564362083E+000
  1.589513191834E-001  1.726382052713E+000 -1.787256889854E+000  1.849425558538E+000
  1.618655982178E-001  1.721181333688E+000 -1.781874710723E+000  1.844236972382E+000
  1.648138128702E-001  1.715935991991E+000 -1.776445228959E+000  1.838998479687E+000
  1.677962518056E-001  1.710646023621E+000 -1.770968417336E+000  1.833709958162E+000
  1.708132080832E-001  1.705311426471E+000 -1.765444250634E+000  1.828371287239E+000
  1.738649792215E-001  1.699932200383E+000 -1.759872705717E+000  1.822982348175E+000
  1.769518672648E-001  1.694508347215E+000 -1.754253761606E+000  1.817543024145E+000
  1.800741788507E-001  1.689039870905E+000 -1.748587399556E+000  1.812053200342E+000
  1.832322252791E-001  1.683526777535E+000 -1.742873603133E+000  1.806512764079E+000
  1.864263225826E-001  1.677969075400E+000 -1.737112358294E+000  1.800921604888E+000
  1.896567915983E-001  1.672366775077E+000 -1.731303653466E+000  1.795279614633E+000
  1.929239580409E-001  1.666719889490E+000 -1.725447479629E+000  1.789586687606E+000
  1.962281525771E-001  1.661028433984E+000 -1.719543830402E+000  1.783842720647E+000
  1.995697109023E-001  1.655292426395E+000 -1.713592702124E+000  1.778047613249E+000
  2.029489738173E-001  1.649511887126E+000 -1.707594093944E+000  1.772201267672E+000
  2.063662873085E-001  1.643686839217E+000 -1.701548007906E+000  1.766303589061E+000
  2.098220026275E-001  1.637817308422E+000 -1.695454449043E+000  1.760354485564E+000
  2.133164763746E-001  1.631903323290E+000 -1.689313425465E+000  1.754353868449E+000
  2.168500705817E-001  1.625944915236E+000 -1.683124948452E+000  1.748301652227E+000
  2.204231527988E-001  1.619942118628E+000 -1.676889032552E+000  1.742197754783E+000
  2.240360961807E-001  1.613894970862E+000 -1.670605695674E+000  1.736042097492E+000
  2.276892795770E-001  1.607803512447E+000 -1.664274959185E+000  1.729834605359E+000
  2.313830876220E-001  1.601667787090E+000 -1.657896848015E+000  1.723575207144E+000
  2.351179108282E-001  1.595487841778E+000 -1.651471390751E+000  1.717263835499E+000
  2.388941456809E-001  1.589263726868E+000 -1.644998619748E+000  1.710900427102E+000
  2.427121947345E-001  1.582995496171E+000 -1.638478571226E+000  1.704484922799E+000
  2.465724667110E-001  1.576683207044E+000 -1.631911285381E+000  1.698017267744E+000
  2.504753766009E-001  1.570326920483E+000 -1.625296806494E+000  1.691497411543E+000
  2.544213457654E-001  1.563926701209E+000 -1.618635183036E+000  1.684925308397E+000
  2.584108020414E-001  1.557482617769E+000 -1.611926467785E+000  1.678300917257E+000
  2.624441798480E-001  1.550994742625E+000 -1.605170717937E+000  1.671624201971E+000
  2.665219202956E-001  1.544463152256E+000 -1.598367995223E+000  1.664895131438E+000
  2.706444712976E-001  1.537887927254E+000 -1.591518366023E+000  1.658113679766E+000
  2.748122876832E-001  1.531269152421E+000 -1.584621901488E+000  1.651279826428E+000
  2.790258313137E-001  1.524606916878E+000 -1.577678677660E+000  1.644393556428E+000
  2.832855712010E-001  1.517901314160E+000 -1.570688775595E+000  1.637454860460E+000
  2.875919836279E-001  1.511152442325E+000 -1.563652281486E+000  1.630463735079E+000
  2.919455522717E-001  1.504360404059E+000 -1.556569286792E+000  1.623420182866E+000
  2.963467683296E-001  1.497525306785E+000 -1.549439888362E+000  1.616324212603E+000
  3.007961306479E-001  1.490647262768E+000 -1.542264188572E+000  1.609175839448E+000
  3.052941458522E-001  1.483726389232E+000 -1.535042295450E+000  1.601975085106E+000
  3.098413284823E-001  1.476762808467E+000 -1.527774322814E+000  1.594721978017E+000
  3.144382011281E-001  1.469756647945E+000 -1.520460390406E+000  1.587416553530E+000
  3.190852945695E-001  1.462708040439E+000 -1.513100624032E+000  1.580058854096E+000
  3.237831479192E-001  1.455617124134E+000 -1.505695155698E+000  1.572648929447E+000
  3.285323087679E-001  1.448484042751E+000 -1.498244123756E+000  1.565186836791E+000
  3.333333333333E-001  1.441308945663E+000 -1.490747673043E+000  1.557672641006E+000
  3.381867866117E-001  1.434091988023E+000 -1.483205955028E+000  1.550106414830E+000
  3.430932425333E-001  1.426833330881E+000 -1.475619127961E+000  1.542488239061E+000
  3.480532841203E-001  1.419533141315E+000 -1.467987357020E+000  1.534818202758E+000
  3.530675036492E-001  1.412191592555E+000 -1.460310814460E+000  1.527096403443E+000
  3.581365028158E-001  1.404808864111E+000 -1.452589679770E+000  1.519322947305E+000
  3.632608929041E-001  1.397385141905E+000 -1.444824139826E+000  1.511497949411E+000
  3.684412949588E-001  1.389920618401E+000 -1.437014389044E+000  1.503621533910E+000
  3.736783399619E-001  1.382415492741E+000 -1.429160629544E+000  1.495693834251E+000
  3.789726690123E-001  1.374869970875E+000 -1.421263071304E+000  1.487714993398E+000
  3.843249335105E-001  1.367284265703E+000 -1.413321932328E+000  1.479685164041E+000
  3.897357953460E-001  1.359658597209E+000 -1.405337438804E+000  1.471604508822E+000
  3.952059270903E-001  1.351993192601E+000 -1.397309825272E+000  1.463473200552E+000
  4.007360121927E-001  1.344288286454E+000 -1.389239334791E+000  1.455291422439E+000
  4.063267451812E-001  1.336544120849E+000 -1.381126219105E+000  1.447059368311E+000
  4.119788318683E-001  1.328760945523E+000 -1.372970738816E+000  1.438777242844E+000
  4.176929895600E-001  1.320939018005E+000 -1.364773163556E+000  1.430445261794E+000
  4.234699472710E-001  1.313078603772E+000 -1.356533772159E+000  1.422063652228E+000
  4.293104459435E-001  1.305179976391E+000 -1.348252852833E+000  1.413632652758E+000
  4.352152386716E-001  1.297243417674E+000 -1.339930703344E+000  1.405152513774E+000
  4.411850909306E-001  1.289269217821E+000 -1.331567631186E+000  1.396623497689E+000
  4.472207808110E-001  1.281257675579E+000 -1.323163953764E+000  1.388045879169E+000
  4.533230992589E-001  1.273209098394E+000 -1.314719998574E+000  1.379419945380E+000
  4.594928503202E-001  1.265123802564E+000 -1.306236103384E+000  1.370745996226E+000
  4.657308513924E-001  1.257002113392E+000 -1.297712616417E+000  1.362024344597E+000
  4.720379334802E-001  1.248844365352E+000 -1.289149896535E+000  1.353255316609E+000
  4.784149414579E-001  1.240650902235E+000 -1.280548313425E+000  1.344439251853E+000
  4.848627343381E-001  1.232422077319E+000 -1.271908247785E+000  1.335576503640E+000
  4.913821855461E-001  1.224158253520E+000 -1.263230091508E+000  1.326667439250E+000
  4.979741832006E-001  1.215859803558E+000 -1.254514247873E+000  1.317712440182E+000
  5.046396304008E-001  1.207527110117E+000 -1.245761131733E+000  1.308711902398E+000
  5.113794455212E-001  1.199160566006E+000 -1.236971169704E+000  1.299666236578E+000
  5.181945625116E-001  1.190760574325E+000 -1.228144800351E+000  1.290575868369E+000
  5.250859312060E-001  1.182327548624E+000 -1.219282474386E+000  1.281441238631E+000
  5.320545176366E-001  1.173861913074E+000 -1.210384654849E+000  1.272262803694E+000
  5.391013043575E-001  1.165364102622E+000 -1.201451817307E+000  1.263041035603E+000
  5.462272907741E-001  1.156834563164E+000 -1.192484450039E+000  1.253776422368E+000
  5.534334934816E-001  1.148273751709E+000 -1.183483054230E+000  1.244469468215E+000
  5.607209466109E-001  1.139682136537E+000 -1.174448144158E+000  1.235120693835E+000
  5.680907021827E-001  1.131060197375E+000 -1.165380247389E+000  1.225730636630E+000
  5.755438304707E-001  1.122408425552E+000 -1.156279904962E+000  1.216299850958E+000
  5.830814203728E-001  1.113727324173E+000 -1.147147671583E+000  1.206828908382E+000
  5.907045797917E-001  1.105017408275E+000 -1.137984115808E+000  1.197318397910E+000
  5.984144360243E-001  1.096279204999E+000 -1.128789820235E+000  1.187768926239E+000
  6.062121361613E-001  1.087513253748E+000 -1.119565381687E+000  1.178181117993E+000
  6.140988474955E-001  1.078720106351E+000 -1.110311411401E+000  1.168555615961E+000
  6.220757579409E-001  1.069900327228E+000 -1.101028535209E+000  1.158893081332E+000
  6.301440764614E-001  1.061054493548E+000 -1.091717393718E+000  1.149194193924E+000
  6.383050335109E-001  1.052183195390E+000 -1.082378642496E+000  1.139459652420E+000
  6.465598814833E-001  1.043287035898E+000 -1.073012952244E+000  1.129690174585E+000
  6.549098951744E-001  1.034366631445E+000 -1.063621008977E+000  1.119886497490E+000
  6.633563722545E-001  1.025422611782E+000 -1.054203514193E+000  1.110049377735E+000
  6.719006337539E-001  1.016455620192E+000 -1.044761185046E+000  1.100179591653E+000
  6.805440245593E-001  1.007466313646E+000 -1.035294754514E+000  1.090277935526E+000
  6.892879139233E-001  9.984553629434E-001 -1.025804971561E+000  1.080345225785E+000
  6.981336959871E-001  9.894234528669E-001 -1.016292601299E+000  1.070382299208E+000
  7.070827903152E-001  9.803712823208E-001 -1.006758425146E+000  1.060390013112E+000
  7.161366424455E-001  9.712995644729E-001 -9.972032409782E-001  1.050369245542E+000
  7.252967244510E-001  9.622090268924E-001 -9.876278632783E-001  1.040320895446E+000
  7.345645355186E-001  9.531004116831E-001 -9.780331232793E-001  1.030245882852E+000
  7.439416025400E-001  9.439744756138E-001 -9.684198691042E-001  1.020145149029E+000
  7.534294807203E-001  9.348319902444E-001 -9.587889658991E-001  1.010019656650E+000
  7.630297542000E-001  9.256737420480E-001 -9.491412959614E-001  9.998703899361E-001
  7.727440366954E-001  9.165005325279E-001 -9.394777588616E-001  9.896983547991E-001
  7.825739721536E-001  9.073131783299E-001 -9.297992715593E-001  9.795045789745E-001
  7.925212354258E-001  8.981125113502E-001 -9.201067685121E-001  9.692901121423E-001
  8.025875329584E-001  8.888993788363E-001 -9.104012017771E-001  9.590560260393E-001
  8.127746035011E-001  8.796746434838E-001 -9.006835411058E-001  9.488034145609E-001
  8.230842188350E-001  8.704391835256E-001 -8.909547740300E-001  9.385333938513E-001
  8.335181845190E-001  8.611938928153E-001 -8.812159059405E-001  9.282471023834E-001
  8.440783406568E-001  8.519396809038E-001 -8.714679601562E-001  9.179457010251E-001
  8.547665626839E-001  8.426774731080E-001 -8.617119779845E-001  9.076303730941E-001
  8.655847621758E-001  8.334082105729E-001 -8.519490187717E-001  8.973023243995E-001
  8.765348876780E-001  8.241328503246E-001 -8.421801599437E-001  8.869627832692E-001
  8.876189255584E-001  8.148523653154E-001 -8.324064970361E-001  8.766130005638E-001
  8.988389008829E-001  8.055677444601E-001 -8.226291437123E-001  8.662542496752E-001
  9.101968783143E-001  7.962799926629E-001 -8.128492317718E-001  8.558878265099E-001
  9.216949630368E-001  7.869901308344E-001 -8.030679111445E-001  8.455150494565E-001
  9.333353017046E-001  7.776991958985E-001 -7.932863498738E-001  8.351372593366E-001
  9.451200834176E-001  7.684082407889E-001 -7.835057340857E-001  8.247558193385E-001
  9.570515407237E-001  7.591183344341E-001 -7.737272679446E-001  8.143721149329E-001
  9.691319506484E-001  7.498305617308E-001 -7.639521735944E-001  8.039875537704E-001
  9.813636357544E-001  7.405460235057E-001 -7.541816910855E-001  7.936035655597E-001
  9.937489652293E-001  7.312658364637E-001 -7.444170782852E-001  7.832216019263E-001
  1.006290356005E+000  7.219911331239E-001 -7.346596107732E-001  7.728431362510E-001
  1.018990273907E+000  7.127230617411E-001 -7.249105817194E-001  7.624696634864E-001
  1.031851234841E+000  7.034627862138E-001 -7.151713017453E-001  7.521026999528E-001
  1.044875806003E+000  6.942114859766E-001 -7.054430987664E-001  7.417437831110E-001
  1.058066607138E+000  6.849703558778E-001 -6.957273178172E-001  7.313944713122E-001
  1.071426311823E+000  6.757406060410E-001 -6.860253208558E-001  7.210563435244E-001
  1.084957648792E+000  6.665234617095E-001 -6.763384865492E-001  7.107309990335E-001
  1.098663403298E+000  6.573201630747E-001 -6.666682100378E-001  7.004200571199E-001
  1.112546418516E+000  6.481319650856E-001 -6.570159026787E-001  6.901251567094E-001
  1.126609596985E+000  6.389601372404E-001 -6.473829917665E-001  6.798479559966E-001
  1.140855902095E+000  6.298059633596E-001 -6.377709202320E-001  6.695901320416E-001
  1.155288359613E+000  6.206707413386E-001 -6.281811463172E-001  6.593533803387E-001
  1.169910059257E+000  6.115557828805E-001 -6.186151432257E-001  6.491394143557E-001
  1.184724156317E+000  6.024624132083E-001 -6.090743987490E-001  6.389499650447E-001
  1.199733873325E+000  5.933919707548E-001 -5.995604148663E-001  6.287867803220E-001
  1.214942501771E+000  5.843458068312E-001 -5.900747073189E-001  6.186516245168E-001
  1.230353403874E+000  5.753252852722E-001 -5.806188051562E-001  6.085462777894E-001
  1.245970014403E+000  5.663317820577E-001 -5.711942502552E-001  5.984725355156E-001
  1.261795842559E+000  5.573666849112E-001 -5.618025968105E-001  5.884322076394E-001
  1.277834473907E+000  5.484313928721E-001 -5.524454107953E-001  5.784271179909E-001
  1.294089572372E+000  5.395273158436E-001 -5.431242693923E-001  5.684591035704E-001
  1.310564882294E+000  5.306558741145E-001 -5.338407603937E-001  5.585300137970E-001
  1.327264230548E+000  5.218184978538E-001 -5.245964815700E-001  5.486417097214E-001
  1.344191528724E+000  5.130166265786E-001 -5.153930400060E-001  5.387960632023E-001
  1.361350775387E+000  5.042517085935E-001 -5.062320514046E-001  5.289949560459E-001
  1.378746058390E+000  4.955252004025E-001 -4.971151393568E-001  5.192402791070E-001
  1.396381557275E+000  4.868385660908E-001 -4.880439345766E-001  5.095339313523E-001
  1.414261545744E+000  4.781932766778E-001 -4.790200741024E-001  4.998778188841E-001
  1.432390394201E+000  4.695908094396E-001 -4.700452004619E-001  4.902738539251E-001
  1.450772572390E+000  4.610326472008E-001 -4.611209608010E-001  4.807239537625E-001
  1.469412652102E+000  4.525202775958E-001 -4.522490059766E-001  4.712300396515E-001
  1.488315309978E+000  4.440551922977E-001 -4.434309896110E-001  4.617940356776E-001
  1.507485330398E+000  4.356388862162E-001 -4.346685671102E-001  4.524178675778E-001
  1.526927608467E+000  4.272728566620E-001 -4.259633946426E-001  4.431034615184E-001
  1.546647153093E+000  4.189586024799E-001 -4.173171280798E-001  4.338527428319E-001
  1.566649090169E+000  4.106976231479E-001 -4.087314218988E-001  4.246676347093E-001
  1.586938665861E+000  4.024914178436E-001 -4.002079280439E-001  4.155500568511E-001
  1.607521250000E+000  3.943414844773E-001 -3.917482947505E-001  4.065019240729E-001
  1.628402339588E+000  3.862493186916E-001 -3.833541653283E-001  3.975251448691E-001
  1.649587562420E+000  3.782164128272E-001 -3.750271769054E-001  3.886216199315E-001
  1.671082680832E+000  3.702442548557E-001 -3.667689591319E-001  3.797932406246E-001
  1.692893595565E+000  3.623343272787E-001 -3.585811328448E-001  3.710418874170E-001
  1.715026349769E+000  3.544881059938E-001 -3.504653086932E-001  3.623694282688E-001
  1.737487133138E+000  3.467070591276E-001 -3.424230857232E-001  3.537777169753E-001
  1.760282286187E+000  3.389926458362E-001 -3.344560499256E-001  3.452685914675E-001
  1.783418304674E+000  3.313463150730E-001 -3.265657727443E-001  3.368438720693E-001
  1.806901844175E+000  3.237695043262E-001 -3.187538095468E-001  3.285053597118E-001
  1.830739724818E+000  3.162636383237E-001 -3.110216980580E-001  3.202548341061E-001
  1.854938936184E+000  3.088301277090E-001 -3.033709567584E-001  3.120940518742E-001
  1.879506642368E+000  3.014703676876E-001 -2.958030832457E-001  3.040247446394E-001
  1.904450187236E+000  2.941857366446E-001 -2.883195525644E-001  2.960486170772E-001
  1.929777099847E+000  2.869775947361E-001 -2.809218155014E-001  2.881673449279E-001
  1.955495100083E+000  2.798472824540E-001 -2.736112968509E-001  2.803825729713E-001
  1.981612104475E+000  2.727961191668E-001 -2.663893936506E-001  2.726959129665E-001
  2.008136232230E+000  2.658254016379E-001 -2.592574733900E-001  2.651089415569E-001
  2.035075811486E+000  2.589364025222E-001 -2.522168721931E-001  2.576231981439E-001
  2.062439385788E+000  2.521303688443E-001 -2.452688929793E-001  2.502401827294E-001
  2.090235720801E+000  2.454085204594E-001 -2.384148036031E-001  2.429613537317E-001
  2.118473811262E+000  2.387720484991E-001 -2.316558349759E-001  2.357881257753E-001
  2.147162888201E+000  2.322221138056E-001 -2.249931791748E-001  2.287218674587E-001
  2.176312426413E+000  2.257598453553E-001 -2.184279875385E-001  2.217638991034E-001
  2.205932152222E+000  2.193863386763E-001 -2.119613687569E-001  2.149154904868E-001
  2.236032051522E+000  2.131026542612E-001 -2.055943869559E-001  2.081778585627E-001
  2.266622378129E+000  2.069098159796E-001 -1.993280597835E-001  2.015521651749E-001
  2.297713662445E+000  2.008088094929E-001 -1.931633564996E-001  1.950395147663E-001
  2.329316720450E+000  1.948005806750E-001 -1.871011960761E-001  1.886409520899E-001
  2.361442663038E+000  1.888860340436E-001 -1.811424453108E-001  1.823574599263E-001
  2.394102905709E+000  1.830660312036E-001 -1.752879169610E-001  1.761899568131E-001
  2.427309178642E+000  1.773413893103E-001 -1.695383679027E-001  1.701392947921E-001
  2.461073537146E+000  1.717128795528E-001 -1.638944973204E-001  1.642062571817E-001
  2.495408372530E+000  1.661812256650E-001 -1.583569449342E-001  1.583915563798E-001
  2.530326423398E+000  1.607471024671E-001 -1.529262892706E-001  1.526958317059E-001
  2.565840787378E+000  1.554111344426E-001 -1.476030459839E-001  1.471196472892E-001
  2.601964933334E+000  1.501738943564E-001 -1.423876662345E-001  1.416634900114E-001
  2.638712714049E+000  1.450359019183E-001 -1.372805351317E-001  1.363277675122E-001
  2.676098379430E+000  1.399976224963E-001 -1.322819702491E-001  1.311128062679E-001
  2.714136590232E+000  1.350594658865E-001 -1.273922202187E-001  1.260188497511E-001
  2.752842432351E+000  1.302217851435E-001 -1.226114634136E-001  1.210460566823E-001
  2.792231431696E+000  1.254848754765E-001 -1.179398067255E-001  1.161944993839E-001
  2.832319569669E+000  1.208489732173E-001 -1.133772844458E-001  1.114641622470E-001
  2.873123299289E+000  1.163142548644E-001 -1.089238572592E-001  1.068549403221E-001
  2.914659561979E+000  1.118808362083E-001 -1.045794113567E-001  1.023666380459E-001
  2.956945805065E+000  1.075487715444E-001 -1.003437576778E-001  9.799896811521E-002
  3.000000000000E+000  1.033180529759E-001 -9.621663128809E-002  9.375155051993E-002
  3.043840661365E+000  9.918860981451E-002 -9.219769090289E-002  8.962391174801E-002
  3.088486866678E+000  9.516030808047E-002 -8.828651856215E-002  8.561548417408E-002
  3.133958277047E+000  9.123295010807E-002 -8.448261946612E-002  8.172560564410E-002
  3.180275158719E+000  8.740627425993E-002 -8.078542197817E-002  7.795351926848E-002
  3.227458405560E+000  8.367995475351E-002 -7.719427780186E-002  7.429837343553E-002
  3.275529562509E+000  8.005360160325E-002 -7.370846233859E-002  7.075922205710E-002
  3.324510850077E+000  7.652676068083E-002 -7.032717523157E-002  6.733502505782E-002
  3.374425189910E+000  7.309891389596E-002 -6.704954110125E-002  6.402464911866E-002
  3.425296231502E+000  6.976947949920E-002 -6.387461047635E-002  6.082686868506E-002
  3.477148380094E+000  6.653781250796E-002 -6.080136092410E-002  5.774036724889E-002
  3.530006825834E+000  6.340320525607E-002 -5.782869838193E-002  5.476373891266E-002
  3.583897574256E+000  6.036488806676E-002 -5.495545869202E-002  5.189549024299E-002
  3.638847478148E+000  5.742203004796E-002 -5.218040933893E-002  4.913404241920E-002
  3.694884270887E+000  5.457374000838E-002 -4.950225138902E-002  4.647773368140E-002
  3.752036601308E+000  5.181906749186E-002 -4.691962162932E-002  4.392482208046E-002
  3.810334070199E+000  4.915700392678E-002 -4.443109490182E-002  4.147348853066E-002
  3.869807268505E+000  4.658648388649E-002 -4.203518662770E-002  3.912184016356E-002
  3.930487817331E+000  4.410638645614E-002 -3.973035551443E-002  3.686791397930E-002
  3.992408409843E+000  4.171553670021E-002 -3.751500643699E-002  3.470968078942E-002
  4.055602855172E+000  3.941270722469E-002 -3.538749348282E-002  3.264504944221E-002
  4.120106124432E+000  3.719661982681E-002 -3.334612314841E-002  3.067187131932E-002
  4.185954398964E+000  3.506594722500E-002 -3.138915767362E-002  2.878794508921E-002
  4.253185120935E+000  3.301931486087E-002 -2.951481849838E-002  2.699102170022E-002
  4.321837046422E+000  3.105530276476E-002 -2.772128982469E-002  2.527880959287E-002
  4.391950301120E+000  2.917244747606E-002 -2.600672226515E-002  2.364898010825E-002
  4.463566438835E+000  2.736924400926E-002 -2.436923655831E-002  2.209917306587E-002
  4.536728502895E+000  2.564414785665E-002 -2.280692732927E-002  2.062700248184E-002
  4.611481090679E+000  2.399557701870E-002 -2.131786687352E-002  1.923006239517E-002
  4.687870421430E+000  2.242191405347E-002 -1.990010894056E-002  1.790593276721E-002
  4.765944407533E+000  2.092150813686E-002 -1.855169249387E-002  1.665218541710E-002
  4.845752729492E+000  1.949267712625E-002 -1.727064542291E-002  1.546638995360E-002
  4.927346914797E+000  1.813370962077E-002 -1.605498818338E-002  1.434611966215E-002
  5.010780420931E+000  1.684286701302E-002 -1.490273734210E-002  1.328895730449E-002
  5.096108722763E+000  1.561838552777E-002 -1.381190900366E-002  1.229250078741E-002
  5.183389404586E+000  1.445847824528E-002 -1.278052209739E-002  1.135436865674E-002
  5.272682257105E+000  1.336133710819E-002 -1.180660150470E-002  1.047220537322E-002
  5.364049379651E+000  1.232513491320E-002 -1.088818100886E-002  9.643686327692E-003
  5.457555287978E+000  1.134802729038E-002 -1.002330605208E-002  8.866522554904E-003
  5.553267027968E+000  1.042815467565E-002 -9.210036287497E-003  8.138465107604E-003
  5.651254295630E+000  9.563644283589E-003 -8.446447916991E-003  7.457309055934E-003
  5.751589563796E+000  8.752612090651E-003 -7.730635809870E-003  6.820897081147E-003
  5.854348215936E+000  7.993164840335E-003 -7.060715401082E-003  6.227122637542E-003
  5.959608687557E+000  7.283402084520E-003 -6.434824372309E-003  5.673932662043E-003
  6.067452615683E+000  6.621418276650E-003 -5.851124123644E-003  5.159329817191E-003
  6.177964996951E+000  6.005304934172E-003 -5.307801048228E-003  4.681374260149E-003
  6.291234354880E+000  5.433152888727E-003 -4.803067626806E-003  4.238184937790E-003
  6.407352916949E+000  4.903054643309E-003 -4.335163363607E-003  3.827940415675E-003
  6.526416802128E+000  4.413106855689E-003 -3.902355589086E-003  3.448879256794E-003
  6.648526219580E+000  3.961412966786E-003 -3.502940158824E-003  3.099299973982E-003
  6.773785679311E+000  3.546085991379E-003 -3.135242081002E-003  2.777560587867E-003
  6.902304215570E+000  3.165251486267E-003 -2.797616107250E-003  2.482077829728E-003
  7.034195623922E+000  2.817050707950E-003 -2.488447323191E-003  2.211326035619E-003
  7.169578712934E+000  2.499643967786E-003 -2.206151775463E-003  1.963835784189E-003
  7.308577571516E+000  2.211214187558E-003 -1.949177171287E-003  1.738192335668E-003
  7.451321853057E+000  1.949970652396E-003 -1.716003684694E-003  1.533033933176E-003
  7.597947077547E+000  1.714152951085E-003 -1.505144900177E-003  1.347050029692E-003
  7.748594953021E+000  1.502035086076E-003 -1.315148919851E-003  1.178979504470E-003
  7.903413717736E+000  1.311929727110E-003 -1.144599654113E-003  1.027608931287E-003
  8.062558504629E+000  1.142192573483E-003 -9.921183083579E-004  8.917709575223E-004
  8.226191729726E+000  9.912267807997E-004 -8.563650697477E-004  7.703428477082E-004
  8.394483506327E+000  8.574873989419E-004 -7.360409883341E-004  6.622452378400E-004
  8.567612086926E+000  7.394857591750E-004 -6.298900364614E-004  5.664411375478E-004
  8.745764335025E+000  6.357937402349E-004 -5.367013194474E-004  4.819352063528E-004
  8.929136229160E+000  5.450478362713E-004 -4.553113995366E-004  4.077733179837E-004
  9.117933401693E+000  4.659529440839E-004 -3.846066844151E-004  3.430424134425E-004
  9.312371715124E+000  3.972857835941E-004 -3.235258216300E-004  2.868706296405E-004
  9.512677878945E+000  3.378978643637E-004 -2.710620315815E-004  2.384276764739E-004
  9.719090110332E+000  2.867179125592E-004 -2.262653048178E-004  1.969254217497E-004
  9.931858842267E+000  2.427536773842E-004 -1.882443846762E-004  1.616186309895E-004
  1.015124748302E+001  2.050930438879E-004 -1.561684542996E-004  1.318057984492E-004
  1.037753323129E+001  1.729043903074E-004 -1.292684481055E-004  1.068299972774E-004
  1.061100795175E+001  1.454361427072E-004 -1.068379121720E-004  8.607967113323E-005
  1.085197911611E+001  1.220154974547E-004 -8.823334588473E-005  6.898928723761E-005
  1.110077081537E+001  1.020463026607E-004 -7.287396857339E-005  5.503977208863E-005
  1.135772484956E+001  8.500611259458E-005 -6.024086957896E-005  4.375865608928E-005
  1.162320190175E+001  7.044245352829E-005 -4.987551788909E-005  3.471986213963E-005
  1.189758280382E+001  5.796836458176E-005 -4.137762760428E-005  2.754308562652E-005
  1.218126990242E+001  4.725730189784E-005 -3.440239732152E-005  2.189272880732E-005
  1.247468853413E+001  3.803751770781E-005 -2.865716413710E-005  1.747637071933E-005
  1.277828862002E+001  3.008604634261E-005 -2.389753533605E-005  1.404277365257E-005
  1.309254639077E+001  2.322244578019E-005 -1.992308181476E-005  1.137944793963E-005
  1.341796625462E+001  1.730245475012E-005 -1.657269570940E-005  9.309817259828E-006
  1.375508282195E+001  1.221173075141E-005 -1.371972944162E-005  7.690045687282E-006
  1.410446310162E+001  7.859832824929E-006 -1.126704342819E-005  6.405604201345E-006
  1.446670888596E+001  4.174604123371E-006 -9.142094206200E-006  5.367667278274E-006
  1.484245934302E+001  1.097093194084E-006 -7.292193147142E-006  4.509438615032E-006
  1.523239383723E+001 -1.422870172904E-006 -5.680058053277E-006  3.782508359467E-006
  1.563723500136E+001 -3.430357816336E-006 -4.279765916155E-006  3.153342101013E-006
  1.605775208607E+001 -4.968231969329E-006 -3.073195549414E-006  2.599994328874E-006
  1.649476461582E+001 -6.079223999574E-006 -2.047024669021E-006  2.109126481156E-006
  1.694914638379E+001 -6.807225055971E-006 -1.190318634170E-006  1.673392846760E-006
  1.742182982203E+001 -7.197847069942E-006 -4.927191217880E-007  1.289237529265E-006
  1.791381078784E+001 -7.298345405731E-006  5.678768792894E-008  9.551237840408E-007
  1.842615381215E+001 -7.157021418898E-006  4.705704133048E-007  6.701948014167E-007
  1.895999786176E+001 -6.822242369364E-006  7.625889405876E-007  4.333439739433E-007
  1.951656267356E+001 -6.341226144580E-006  9.482550107065E-007  2.426543064775E-007
  2.009715572669E+001 -5.758738331671E-006  1.044014609799E-006  9.515213362866E-008
  2.070317992707E+001 -5.115839348835E-006  1.066753447206E-006 -1.318940635460E-008
  2.133614208874E+001 -4.448800428455E-006  1.033123241862E-006 -8.726615662326E-008
  2.199766230782E+001 -3.788280839931E-006  9.588763989284E-007 -1.325462081783E-007
  2.268948433818E+001 -3.158827121196E-006  8.582810884398E-007 -1.547232768959E-007
  2.341348709294E+001 -2.578721008596E-006  7.436693409256E-007 -1.593732945978E-007
  2.417169741362E+001 -2.060169200004E-006  6.251494584473E-007 -1.516550417533E-007
  2.496630426925E+001 -1.609797977517E-006  5.104928200873E-007 -1.360819880213E-007
  2.579967457140E+001 -1.229391609561E-006  4.051859546761E-007 -1.163788562948E-007
  2.667437081864E+001 -9.167972587681E-007  3.126231737805E-007 -9.542406246397E-008
  2.759317081651E+001 -6.669118921015E-007  2.344042461368E-007 -7.526912944830E-008
  2.855908975674E+001 -4.726684908663E-007  1.706961071400E-007 -5.721910083224E-008
  2.957540498378E+001 -3.259487699980E-007  1.206173635413E-007 -4.195415425707E-008
  3.064568382919E+001 -2.183658503819E-007  8.260871535550E-008 -2.967190409458E-008
  3.177381495601E+001 -1.418804666583E-007  5.476024016568E-008 -2.023180590774E-008
  3.296404372807E+001 -8.923561454319E-008  3.507633488667E-008 -1.328689941563E-008
  3.422101220608E+001 -5.421439359252E-008  2.166946221253E-008 -8.392991920746E-009
  3.554980447538E+001 -3.174196177136E-008  1.288330530382E-008 -5.090434384309E-009
  3.695599813319E+001 -1.786348835596E-008  7.353410165229E-009 -2.958145865566E-009
  3.844572291106E+001 -9.635166807987E-009  4.018247745997E-009 -1.642981677148E-009
  4.002572758518E+001 -4.965035985577E-009  2.095703876857E-009 -8.696605457701E-010
  4.170345654134E+001 -2.435634108275E-009  1.039602417888E-009 -4.372701768479E-010
  4.348713762001E+001 -1.132954446181E-009  4.886187879134E-010 -2.080758122790E-010
  4.538588318162E+001 -4.975243989423E-010  2.166515451472E-010 -9.331361471214E-011
  4.740980671574E+001 -2.052533592988E-010  9.018682385937E-011 -3.925268182449E-011
  4.957015778746E+001 -7.911617983456E-011  3.505616403227E-011 -1.540587039486E-011
  5.187947869225E+001 -2.831938777401E-011  1.264713923635E-011 -5.607870149032E-012
  5.435178690397E+001 -9.349110341438E-012  4.206015928792E-012 -1.880526182986E-012
  5.700278828629E+001 -2.824769787841E-012  1.279606044161E-012 -5.765452714994E-013
  5.985012714155E+001 -7.743921037991E-013  3.530716409513E-013 -1.602278120252E-013
  6.291368055481E+001 -1.907477332211E-013  8.749840871872E-014 -3.997449607217E-014
  6.621590623276E+001 -4.175185192156E-014  1.926185577194E-014 -8.855166072679E-015
  6.978225524452E+001 -8.019732680894E-015  3.719786403290E-015 -1.720110385875E-015
  7.364166388185E+001 -1.332625455364E-015  6.212498405906E-016 -2.888567686668E-016
  7.782714245929E+001 -1.884671942289E-016  8.828107721878E-017 -4.125842979188E-017
  8.237648351994E+001 -2.226507907653E-017  1.047639220275E-017 -4.919804068016E-018
  8.733311794502E+001 -2.150481530536E-018  1.016174862245E-018 -4.793666164089E-019
  9.274715535088E+001 -1.656487205945E-019  7.858913779011E-020 -3.723115597136E-020
  9.867665554529E+001 -9.887347364754E-021  4.708674966224E-021 -2.239633314794E-021
  1.051891916055E+002 -4.422333246675E-022  2.113602816969E-022 -1.009096545862E-022
  1.123637836013E+002 -1.425171850982E-023  6.834486498804E-024 -3.274537371872E-024
  1.202933069206E+002 -3.160044320344E-025  1.520257330454E-025 -7.308117275588E-026
  1.290875131414E+002 -4.565022877424E-027  2.202800118458E-027 -1.062240668768E-027
  1.388768482001E+002 -4.026713163799E-029  1.948578774986E-029 -9.424217392066E-030
  1.498173177370E+002 -2.006858218611E-031  9.737550667929E-032 -4.722599732652E-032
  1.620967411853E+002 -5.146975653778E-034  2.503715211943E-034 -1.217444356811E-034
  1.759428668168E+002 -6.064850162825E-037  2.957261856714E-037 -1.441515188105E-037
  1.916340085825E+002 -2.858444821286E-040  1.396935597747E-040 -6.825067729916E-041
  2.095131417987E+002 -4.542350547155E-044  2.224573110831E-044 -1.089224571033E-044
  2.300068054477E+002 -1.967720045501E-048  9.655923710146E-049 -4.737471666180E-049
  2.536507797910E+002 -1.779063570546E-053  8.746487848517E-054 -4.299451520260E-054
  2.811254638474E+002 -2.391271099085E-059  1.177692842422E-059 -5.799423894878E-060
  3.133053780630E+002 -3.089238398149E-066  1.523936203551E-066 -7.516958470929E-067
  3.513296254502E+002 -2.173013114252E-074  1.073600547378E-074 -5.303855967981E-075
  3.967041014107E+002 -3.925695871884E-084  1.942300826885E-084 -9.609306330825E-085
  4.514529193350E+002 -6.632323658943E-096  3.285798450725E-096 -1.627787041452E-096
  5.183481233601E+002 -2.626096155646E-110  1.302622026664E-110 -6.461186848745E-111
  6.012676077950E+002 -3.515028421077E-128  1.745531315509E-128 -8.667946357396E-129
  7.057700503752E+002 -9.905948010871E-151  4.924309930049E-151 -2.447864399391E-151
  8.400513767914E+002 -9.801415190370E-180  4.876959684874E-180 -2.426634657030E-180
  1.016602135495E+003 -6.639454651071E-218  3.306474978759E-218 -1.646624541912E-218
  1.255220715579E+003 -1.557064477502E-269  7.760221029918E-270 -3.867580069132E-270
  1.588815776243E+003  0.000000000000E+000  0.000000000000E+000  0.000000000000E+000
  2.075392011604E+003  0.000000000000E+000  0.000000000000E+000  0.000000000000E+000
  2.825079847528E+003  0.000000000000E+000  0.000000000000E+000  0.000000000000E+000
  4.068408296183E+003  0.000000000000E+000  0.000000000000E+000  0.000000000000E+000
  6.357262947672E+003  0.000000000000E+000  0.000000000000E+000  0.000000000000E+000
  1.130231930164E+004  0.000000000000E+000  0.000000000000E+000  0.000000000000E+000
  2.543105175136E+004  0.000000000000E+000  0.000000000000E+000  0.000000000000E+000
  1.017262069952E+005  0.000000000000E+000  0.000000000000E+000  0.000000000000E+000
