# 1st line: number of mesh points
# abcissa wavefunction wavefunction_1st wavefunction_2nd
500
# Principal QN=   1 , l=   1 , Occupation=   0.0010
  9.830308526563E-006  4.448432691742E-006  4.525164703587E-001 -1.162608302477E+000
  3.932200719722E-005  1.779340649616E-005  4.524821843217E-001 -1.162523078962E+000
  8.847741541467E-005  4.003394855920E-005  4.524250435161E-001 -1.162381046707E+000
  1.573003992805E-004  7.116843731774E-005  4.523450518263E-001 -1.162182216117E+000
  2.457963722418E-004  1.111946022903E-004  4.522422146912E-001 -1.161926601759E+000
  3.539722959954E-004  1.601095237840E-004  4.521165391045E-001 -1.161614222364E+000
  4.818366816529E-004  2.179096325177E-004  4.519680336156E-001 -1.161245100822E+000
  6.293995911626E-004  2.845907091619E-004  4.517967083307E-001 -1.160819264188E+000
  7.966726389935E-004  3.601478837952E-004  4.516025749136E-001 -1.160336743676E+000
  9.836689940782E-004  4.445756352765E-004  4.513856465873E-001 -1.159797574665E+000
  1.190403382016E-003  5.378677905358E-004  4.511459381349E-001 -1.159201796695E+000
  1.416892087541E-003  6.400175237800E-004  4.508834659019E-001 -1.158549453466E+000
  1.663152957245E-003  7.510173556166E-004  4.505982477974E-001 -1.157840592844E+000
  1.929205402573E-003  8.708591520954E-004  4.502903032964E-001 -1.157075266853E+000
  2.215070403073E-003  9.995341236662E-004  4.499596534418E-001 -1.156253531682E+000
  2.520770509919E-003  1.137032824055E-003  4.496063208464E-001 -1.155375447680E+000
  2.846329849692E-003  1.283345149059E-003  4.492303296958E-001 -1.154441079359E+000
  3.191774128432E-003  1.438460335258E-003  4.488317057509E-001 -1.153450495394E+000
  3.557130635959E-003  1.602366958644E-003  4.484104763505E-001 -1.152403768619E+000
  3.942428250463E-003  1.775052933173E-003  4.479666704142E-001 -1.151300976033E+000
  4.347697443358E-003  1.956505509233E-003  4.475003184460E-001 -1.150142198797E+000
  4.772970284417E-003  2.146711272029E-003  4.470114525370E-001 -1.148927522234E+000
  5.218280447175E-003  2.345656139896E-003  4.465001063692E-001 -1.147657035827E+000
  5.683663214611E-003  2.553325362521E-003  4.459663152192E-001 -1.146330833226E+000
  6.169155485101E-003  2.769703519097E-003  4.454101159616E-001 -1.144949012241E+000
  6.674795778653E-003  2.994774516388E-003  4.448315470734E-001 -1.143511674844E+000
  7.200624243425E-003  3.228521586722E-003  4.442306486378E-001 -1.142018927173E+000
  7.746682662519E-003  3.470927285904E-003  4.436074623488E-001 -1.140470879527E+000
  8.313014461060E-003  3.721973491049E-003  4.429620315152E-001 -1.138867646370E+000
  8.899664713569E-003  3.981641398344E-003  4.422944010659E-001 -1.137209346329E+000
  9.506680151615E-003  4.249911520725E-003  4.416046175540E-001 -1.135496102196E+000
  1.013410917176E-002  4.526763685488E-003  4.408927291623E-001 -1.133728040928E+000
  1.078200184380E-002  4.812177031813E-003  4.401587857081E-001 -1.131905293647E+000
  1.145040991929E-002  5.106130008226E-003  4.394028386486E-001 -1.130027995641E+000
  1.213938684040E-002  5.408600369978E-003  4.386249410865E-001 -1.128096286364E+000
  1.284898774901E-002  5.719565176351E-003  4.378251477754E-001 -1.126110309437E+000
  1.357926949620E-002  6.039000787898E-003  4.370035151257E-001 -1.124070212650E+000
  1.433029065191E-002  6.366882863608E-003  4.361601012105E-001 -1.121976147961E+000
  1.510211151509E-002  6.703186357991E-003  4.352949657720E-001 -1.119828271497E+000
  1.589479412397E-002  7.047885518112E-003  4.344081702271E-001 -1.117626743555E+000
  1.670840226680E-002  7.400953880536E-003  4.334997776748E-001 -1.115371728605E+000
  1.754300149280E-002  7.762364268217E-003  4.325698529019E-001 -1.113063395289E+000
  1.839865912351E-002  8.132088787315E-003  4.316184623905E-001 -1.110701916424E+000
  1.927544426443E-002  8.510098823947E-003  4.306456743244E-001 -1.108287468999E+000
  2.017342781695E-002  8.896365040874E-003  4.296515585965E-001 -1.105820234182E+000
  2.109268249069E-002  9.290857374122E-003  4.286361868159E-001 -1.103300397321E+000
  2.203328281612E-002  9.693545029537E-003  4.275996323154E-001 -1.100728147941E+000
  2.299530515754E-002  1.010439647929E-002  4.265419701589E-001 -1.098103679750E+000
  2.397882772639E-002  1.052337945829E-002  4.254632771495E-001 -1.095427190639E+000
  2.498393059493E-002  1.095046096060E-002  4.243636318370E-001 -1.092698882687E+000
  2.601069571024E-002  1.138560723570E-002  4.232431145261E-001 -1.089918962158E+000
  2.705920690860E-002  1.182878378481E-002  4.221018072847E-001 -1.087087639509E+000
  2.812954993023E-002  1.227995535703E-002  4.209397939518E-001 -1.084205129390E+000
  2.922181243436E-002  1.273908594553E-002  4.197571601466E-001 -1.081271650645E+000
  3.033608401473E-002  1.320613878365E-002  4.185539932769E-001 -1.078287426318E+000
  3.147245621542E-002  1.368107634092E-002  4.173303825477E-001 -1.075252683655E+000
  3.263102254705E-002  1.416386031906E-002  4.160864189704E-001 -1.072167654107E+000
  3.381187850339E-002  1.465445164797E-002  4.148221953716E-001 -1.069032573332E+000
  3.501512157837E-002  1.515281048158E-002  4.135378064029E-001 -1.065847681203E+000
  3.624085128345E-002  1.565889619373E-002  4.122333485497E-001 -1.062613221807E+000
  3.748916916538E-002  1.617266737400E-002  4.109089201408E-001 -1.059329443453E+000
  3.876017882444E-002  1.669408182345E-002  4.095646213585E-001 -1.055996598673E+000
  4.005398593302E-002  1.722309655040E-002  4.082005542477E-001 -1.052614944229E+000
  4.137069825459E-002  1.775966776609E-002  4.068168227266E-001 -1.049184741119E+000
  4.271042566323E-002  1.830375088038E-002  4.054135325961E-001 -1.045706254578E+000
  4.407328016341E-002  1.885530049736E-002  4.039907915503E-001 -1.042179754086E+000
  4.545937591035E-002  1.941427041096E-002  4.025487091869E-001 -1.038605513375E+000
  4.686882923075E-002  1.998061360054E-002  4.010873970172E-001 -1.034983810431E+000
  4.830175864396E-002  2.055428222642E-002  3.996069684773E-001 -1.031314927506E+000
  4.975828488365E-002  2.113522762543E-002  3.981075389383E-001 -1.027599151117E+000
  5.123853091993E-002  2.172340030640E-002  3.965892257173E-001 -1.023836772062E+000
  5.274262198188E-002  2.231874994568E-002  3.950521480880E-001 -1.020028085418E+000
  5.427068558066E-002  2.292122538258E-002  3.934964272923E-001 -1.016173390556E+000
  5.582285153302E-002  2.353077461488E-002  3.919221865509E-001 -1.012272991144E+000
  5.739925198530E-002  2.414734479426E-002  3.903295510746E-001 -1.008327195158E+000
  5.900002143803E-002  2.477088222175E-002  3.887186480758E-001 -1.004336314889E+000
  6.062529677088E-002  2.540133234322E-002  3.870896067799E-001 -1.000300666955E+000
  6.227521726827E-002  2.603863974478E-002  3.854425584365E-001 -9.962205723064E-001
  6.394992464542E-002  2.668274814828E-002  3.837776363312E-001 -9.920963562377E-001
  6.564956307496E-002  2.733360040677E-002  3.820949757972E-001 -9.879283483986E-001
  6.737427921404E-002  2.799113849994E-002  3.803947142272E-001 -9.837168828034E-001
  6.912422223211E-002  2.865530352966E-002  3.786769910847E-001 -9.794622978427E-001
  7.089954383907E-002  2.932603571549E-002  3.769419479165E-001 -9.751649362948E-001
  7.270039831418E-002  3.000327439019E-002  3.751897283640E-001 -9.708251453377E-001
  7.452694253540E-002  3.068695799528E-002  3.734204781754E-001 -9.664432765617E-001
  7.637933600943E-002  3.137702407669E-002  3.716343452179E-001 -9.620196859821E-001
  7.825774090225E-002  3.207340928034E-002  3.698314794894E-001 -9.575547340531E-001
  8.016232207035E-002  3.277604934783E-002  3.680120331305E-001 -9.530487856812E-001
  8.209324709253E-002  3.348487911215E-002  3.661761604369E-001 -9.485022102401E-001
  8.405068630235E-002  3.419983249349E-002  3.643240178713E-001 -9.439153815854E-001
  8.603481282122E-002  3.492084249501E-002  3.624557640754E-001 -9.392886780705E-001
  8.804580259214E-002  3.564784119876E-002  3.605715598821E-001 -9.346224825620E-001
  9.008383441408E-002  3.638075976161E-002  3.586715683275E-001 -9.299171824569E-001
  9.214908997710E-002  3.711952841130E-002  3.567559546627E-001 -9.251731696996E-001
  9.424175389809E-002  3.786407644250E-002  3.548248863665E-001 -9.203908407994E-001
  9.636201375725E-002  3.861433221302E-002  3.528785331565E-001 -9.155705968489E-001
  9.851006013526E-002  3.937022314006E-002  3.509170670014E-001 -9.107128435432E-001
  1.006860866512E-001  4.013167569658E-002  3.489406621329E-001 -9.058179911987E-001
  1.028902900012E-001  4.089861540778E-002  3.469494950573E-001 -9.008864547738E-001
  1.051228699979E-001  4.167096684763E-002  3.449437445672E-001 -8.959186538895E-001
  1.073840296104E-001  4.244865363556E-002  3.429235917529E-001 -8.909150128500E-001
  1.096739750056E-001  4.323159843330E-002  3.408892200141E-001 -8.858759606656E-001
  1.119929155896E-001  4.401972294175E-002  3.388408150711E-001 -8.808019310743E-001
  1.143410640503E-001  4.481294789811E-002  3.367785649757E-001 -8.756933625657E-001
  1.167186364011E-001  4.561119307300E-002  3.347026601224E-001 -8.705506984039E-001
  1.191258520249E-001  4.641437726788E-002  3.326132932594E-001 -8.653743866529E-001
  1.215629337189E-001  4.722241831253E-002  3.305106594989E-001 -8.601648802006E-001
  1.240301077413E-001  4.803523306272E-002  3.283949563275E-001 -8.549226367854E-001
  1.265276038575E-001  4.885273739805E-002  3.262663836165E-001 -8.496481190214E-001
  1.290556553882E-001  4.967484621997E-002  3.241251436320E-001 -8.443417944264E-001
  1.316144992580E-001  5.050147345002E-002  3.219714410442E-001 -8.390041354486E-001
  1.342043760450E-001  5.133253202819E-002  3.198054829370E-001 -8.336356194950E-001
  1.368255300316E-001  5.216793391158E-002  3.176274788170E-001 -8.282367289604E-001
  1.394782092560E-001  5.300759007320E-002  3.154376406222E-001 -8.228079512564E-001
  1.421626655646E-001  5.385141050102E-002  3.132361827307E-001 -8.173497788412E-001
  1.448791546661E-001  5.469930419728E-002  3.110233219681E-001 -8.118627092508E-001
  1.476279361856E-001  5.555117917802E-002  3.087992776158E-001 -8.063472451295E-001
  1.504092737207E-001  5.640694247282E-002  3.065642714178E-001 -8.008038942617E-001
  1.532234348983E-001  5.726650012489E-002  3.043185275876E-001 -7.952331696042E-001
  1.560706914324E-001  5.812975719138E-002  3.020622728145E-001 -7.896355893191E-001
  1.589513191834E-001  5.899661774399E-002  2.997957362691E-001 -7.840116768065E-001
  1.618655982178E-001  5.986698486982E-002  2.975191496092E-001 -7.783619607388E-001
  1.648138128702E-001  6.074076067265E-002  2.952327469838E-001 -7.726869750947E-001
  1.677962518056E-001  6.161784627440E-002  2.929367650378E-001 -7.669872591936E-001
  1.708132080832E-001  6.249814181700E-002  2.906314429150E-001 -7.612633577310E-001
  1.738649792215E-001  6.338154646459E-002  2.883170222614E-001 -7.555158208135E-001
  1.769518672648E-001  6.426795840605E-002  2.859937472269E-001 -7.497452039948E-001
  1.800741788507E-001  6.515727485787E-002  2.836618644674E-001 -7.439520683119E-001
  1.832322252791E-001  6.604939206751E-002  2.813216231449E-001 -7.381369803208E-001
  1.864263225826E-001  6.694420531698E-002  2.789732749276E-001 -7.323005121337E-001
  1.896567915983E-001  6.784160892694E-002  2.766170739891E-001 -7.264432414552E-001
  1.929239580409E-001  6.874149626122E-002  2.742532770066E-001 -7.205657516194E-001
  1.962281525771E-001  6.964375973166E-002  2.718821431580E-001 -7.146686316265E-001
  1.995697109023E-001  7.054829080349E-002  2.695039341186E-001 -7.087524761800E-001
  2.029489738173E-001  7.145498000114E-002  2.671189140561E-001 -7.028178857231E-001
  2.063662873085E-001  7.236371691448E-002  2.647273496255E-001 -6.968654664759E-001
  2.098220026275E-001  7.327439020557E-002  2.623295099616E-001 -6.908958304713E-001
  2.133164763746E-001  7.418688761591E-002  2.599256666718E-001 -6.849095955920E-001
  2.168500705817E-001  7.510109597419E-002  2.575160938267E-001 -6.789073856057E-001
  2.204231527988E-001  7.601690120451E-002  2.551010679503E-001 -6.728898302010E-001
  2.240360961807E-001  7.693418833525E-002  2.526808680077E-001 -6.668575650220E-001
  2.276892795770E-001  7.785284150837E-002  2.502557753930E-001 -6.608112317032E-001
  2.313830876220E-001  7.877274398934E-002  2.478260739147E-001 -6.547514779025E-001
  2.351179108282E-001  7.969377817767E-002  2.453920497802E-001 -6.486789573345E-001
  2.388941456809E-001  8.061582561792E-002  2.429539915785E-001 -6.425943298022E-001
  2.427121947345E-001  8.153876701148E-002  2.405121902617E-001 -6.364982612280E-001
  2.465724667110E-001  8.246248222882E-002  2.380669391245E-001 -6.303914236831E-001
  2.504753766009E-001  8.338685032251E-002  2.356185337827E-001 -6.242744954164E-001
  2.544213457654E-001  8.431174954074E-002  2.331672721489E-001 -6.181481608812E-001
  2.584108020414E-001  8.523705734169E-002  2.307134544075E-001 -6.120131107607E-001
  2.624441798480E-001  8.616265040838E-002  2.282573829872E-001 -6.058700419918E-001
  2.665219202956E-001  8.708840466440E-002  2.257993625319E-001 -5.997196577869E-001
  2.706444712976E-001  8.801419529022E-002  2.233396998694E-001 -5.935626676539E-001
  2.748122876832E-001  8.893989674027E-002  2.208787039783E-001 -5.873997874139E-001
  2.790258313137E-001  8.986538276077E-002  2.184166859523E-001 -5.812317392164E-001
  2.832855712010E-001  9.079052640829E-002  2.159539589630E-001 -5.750592515521E-001
  2.875919836279E-001  9.171520006905E-002  2.134908382200E-001 -5.688830592630E-001
  2.919455522717E-001  9.263927547907E-002  2.110276409286E-001 -5.627039035498E-001
  2.963467683296E-001  9.356262374503E-002  2.085646862451E-001 -5.565225319753E-001
  3.007961306479E-001  9.448511536601E-002  2.061022952303E-001 -5.503396984656E-001
  3.052941458522E-001  9.540662025594E-002  2.036407907992E-001 -5.441561633068E-001
  3.098413284823E-001  9.632700776700E-002  2.011804976695E-001 -5.379726931386E-001
  3.144382011281E-001  9.724614671376E-002  1.987217423057E-001 -5.317900609434E-001
  3.190852945695E-001  9.816390539821E-002  1.962648528623E-001 -5.256090460311E-001
  3.237831479192E-001  9.908015163567E-002  1.938101591223E-001 -5.194304340199E-001
  3.285323087679E-001  9.999475278150E-002  1.913579924342E-001 -5.132550168116E-001
  3.333333333333E-001  1.009075757588E-001  1.889086856451E-001 -5.070835925623E-001
  3.381867866117E-001  1.018184870867E-001  1.864625730310E-001 -5.009169656476E-001
  3.430932425333E-001  1.027273529102E-001  1.840199902236E-001 -4.947559466221E-001
  3.480532841203E-001  1.036340390300E-001  1.815812741345E-001 -4.886013521729E-001
  3.530675036492E-001  1.045384109341E-001  1.791467628750E-001 -4.824540050674E-001
  3.581365028158E-001  1.054403338294E-001  1.767167956736E-001 -4.763147340935E-001
  3.632608929041E-001  1.063396726753E-001  1.742917127888E-001 -4.701843739940E-001
  3.684412949588E-001  1.072362922173E-001  1.718718554193E-001 -4.640637653928E-001
  3.736783399619E-001  1.081300570220E-001  1.694575656098E-001 -4.579537547144E-001
  3.789726690123E-001  1.090208315126E-001  1.670491861534E-001 -4.518551940949E-001
  3.843249335105E-001  1.099084800059E-001  1.646470604898E-001 -4.457689412850E-001
  3.897357953460E-001  1.107928667497E-001  1.622515326001E-001 -4.396958595440E-001
  3.952059270903E-001  1.116738559611E-001  1.598629468969E-001 -4.336368175254E-001
  4.007360121927E-001  1.125513118663E-001  1.574816481106E-001 -4.275926891524E-001
  4.063267451812E-001  1.134250987406E-001  1.551079811720E-001 -4.215643534841E-001
  4.119788318683E-001  1.142950809493E-001  1.527422910895E-001 -4.155526945713E-001
  4.176929895600E-001  1.151611229901E-001  1.503849228233E-001 -4.095586013018E-001
  4.234699472710E-001  1.160230895357E-001  1.480362211543E-001 -4.035829672347E-001
  4.293104459435E-001  1.168808454775E-001  1.456965305487E-001 -3.976266904228E-001
  4.352152386716E-001  1.177342559701E-001  1.433661950183E-001 -3.916906732244E-001
  4.411850909306E-001  1.185831864766E-001  1.410455579764E-001 -3.857758221012E-001
  4.472207808110E-001  1.194275028142E-001  1.387349620882E-001 -3.798830474049E-001
  4.533230992589E-001  1.202670712017E-001  1.364347491173E-001 -3.740132631498E-001
  4.594928503202E-001  1.211017583062E-001  1.341452597677E-001 -3.681673867723E-001
  4.657308513924E-001  1.219314312918E-001  1.318668335199E-001 -3.623463388764E-001
  4.720379334802E-001  1.227559578680E-001  1.295998084630E-001 -3.565510429643E-001
  4.784149414579E-001  1.235752063388E-001  1.273445211220E-001 -3.507824251530E-001
  4.848627343381E-001  1.243890456534E-001  1.251013062801E-001 -3.450414138744E-001
  4.913821855461E-001  1.251973454559E-001  1.228704967955E-001 -3.393289395612E-001
  4.979741832006E-001  1.259999761360E-001  1.206524234145E-001 -3.336459343149E-001
  5.046396304008E-001  1.267968088811E-001  1.184474145784E-001 -3.279933315590E-001
  5.113794455212E-001  1.275877157268E-001  1.162557962266E-001 -3.223720656737E-001
  5.181945625116E-001  1.283725696094E-001  1.140778915940E-001 -3.167830716141E-001
  5.250859312060E-001  1.291512444179E-001  1.119140210042E-001 -3.112272845104E-001
  5.320545176366E-001  1.299236150457E-001  1.097645016571E-001 -3.057056392496E-001
  5.391013043575E-001  1.306895574432E-001  1.076296474127E-001 -3.002190700390E-001
  5.462272907741E-001  1.314489486701E-001  1.055097685694E-001 -2.947685099506E-001
  5.534334934816E-001  1.322016669469E-001  1.034051716376E-001 -2.893548904464E-001
  5.607209466109E-001  1.329475917074E-001  1.013161591096E-001 -2.839791408837E-001
  5.680907021827E-001  1.336866036498E-001  9.924302922401E-002 -2.786421880007E-001
  5.755438304707E-001  1.344185847879E-001  9.718607572625E-002 -2.733449553822E-001
  5.830814203728E-001  1.351434185019E-001  9.514558762496E-002 -2.680883629044E-001
  5.907045797917E-001  1.358609895883E-001  9.312184894393E-002 -2.628733261593E-001
  5.984144360243E-001  1.365711843090E-001  9.111513847033E-002 -2.577007558577E-001
  6.062121361613E-001  1.372738904399E-001  8.912572949902E-002 -2.525715572120E-001
  6.140988474955E-001  1.379689973179E-001  8.715388957338E-002 -2.474866292971E-001
  6.220757579409E-001  1.386563958876E-001  8.519988022266E-002 -2.424468643899E-001
  6.301440764614E-001  1.393359787455E-001  8.326395669624E-002 -2.374531472883E-001
  6.383050335109E-001  1.400076401841E-001  8.134636769493E-002 -2.325063546078E-001
  6.465598814833E-001  1.406712762334E-001  7.944735509972E-002 -2.276073540575E-001
  6.549098951744E-001  1.413267847010E-001  7.756715369805E-002 -2.227570036943E-001
  6.633563722545E-001  1.419740652104E-001  7.570599090816E-002 -2.179561511565E-001
  6.719006337539E-001  1.426130192368E-001  7.386408650174E-002 -2.132056328759E-001
  6.805440245593E-001  1.432435501410E-001  7.204165232514E-002 -2.085062732696E-001
  6.892879139233E-001  1.438655632005E-001  7.023889201976E-002 -2.038588839115E-001
  6.981336959871E-001  1.444789656382E-001  6.845600074180E-002 -1.992642626835E-001
  7.070827903152E-001  1.450836666478E-001  6.669316488199E-002 -1.947231929071E-001
  7.161366424455E-001  1.456795774165E-001  6.495056178561E-002 -1.902364424566E-001
  7.252967244510E-001  1.462666111444E-001  6.322835947343E-002 -1.858047628530E-001
  7.345645355186E-001  1.468446830598E-001  6.152671636396E-002 -1.814288883412E-001
  7.439416025400E-001  1.474137104314E-001  5.984578099767E-002 -1.771095349492E-001
  7.534294807203E-001  1.479736125761E-001  5.818569176369E-002 -1.728473995317E-001
  7.630297542000E-001  1.485243108628E-001  5.654657662961E-002 -1.686431587990E-001
  7.727440366954E-001  1.490657287113E-001  5.492855287505E-002 -1.644974683308E-001
  7.825739721536E-001  1.495977915869E-001  5.333172682958E-002 -1.604109615780E-001
  7.925212354258E-001  1.501204269900E-001  5.175619361582E-002 -1.563842488521E-001
  8.025875329584E-001  1.506335644400E-001  5.020203689832E-002 -1.524179163043E-001
  8.127746035011E-001  1.511371354541E-001  4.866932863903E-002 -1.485125248966E-001
  8.230842188350E-001  1.516310735203E-001  4.715812886020E-002 -1.446686093642E-001
  8.335181845190E-001  1.521153140638E-001  4.566848541539E-002 -1.408866771733E-001
  8.440783406568E-001  1.525897944082E-001  4.420043376962E-002 -1.371672074746E-001
  8.547665626839E-001  1.530544537288E-001  4.275399678939E-002 -1.335106500553E-001
  8.655847621758E-001  1.535092330001E-001  4.132918454349E-002 -1.299174242907E-001
  8.765348876780E-001  1.539540749354E-001  3.992599411568E-002 -1.263879180985E-001
  8.876189255584E-001  1.543889239195E-001  3.854440942998E-002 -1.229224868980E-001
  8.988389008829E-001  1.548137259337E-001  3.718440108974E-002 -1.195214525758E-001
  9.101968783143E-001  1.552284284722E-001  3.584592623138E-002 -1.161851024612E-001
  9.216949630368E-001  1.556329804515E-001  3.452892839395E-002 -1.129136883146E-001
  9.333353017046E-001  1.560273321101E-001  3.323333740544E-002 -1.097074253302E-001
  9.451200834176E-001  1.564114349004E-001  3.195906928699E-002 -1.065664911571E-001
  9.570515407237E-001  1.567852413714E-001  3.070602617608E-002 -1.034910249414E-001
  9.691319506484E-001  1.571487050418E-001  2.947409626982E-002 -1.004811263932E-001
  9.813636357544E-001  1.575017802646E-001  2.826315378941E-002 -9.753685488020E-002
  9.937489652293E-001  1.578444220811E-001  2.707305896693E-002 -9.465822855330E-002
  1.006290356005E+000  1.581765860663E-001  2.590365805562E-002 -9.184522350624E-002
  1.018990273907E+000  1.584982281631E-001  2.475478336475E-002 -8.909777297377E-002
  1.031851234841E+000  1.588093045073E-001  2.362625332017E-002 -8.641576657168E-002
  1.044875806003E+000  1.591097712421E-001  2.251787255176E-002 -8.379904958278E-002
  1.058066607138E+000  1.593995843224E-001  2.142943200889E-002 -8.124742229262E-002
  1.071426311823E+000  1.596786993081E-001  2.036070910484E-002 -7.876063937904E-002
  1.084957648792E+000  1.599470711480E-001  1.931146789153E-002 -7.633840935967E-002
  1.098663403298E+000  1.602046539520E-001  1.828145926532E-002 -7.398039410140E-002
  1.112546418516E+000  1.604514007537E-001  1.727042120517E-002 -7.168620839622E-002
  1.126609596985E+000  1.606872632620E-001  1.627807904392E-002 -6.945541960742E-002
  1.140855902095E+000  1.609121916030E-001  1.530414577385E-002 -6.728754739065E-002
  1.155288359613E+000  1.611261340506E-001  1.434832238721E-002 -6.518206349384E-002
  1.169910059257E+000  1.613290367480E-001  1.341029825269E-002 -6.313839164054E-002
  1.184724156317E+000  1.615208434189E-001  1.248975152859E-002 -6.115590750052E-002
  1.199733873325E+000  1.617014950688E-001  1.158634961327E-002 -5.923393875215E-002
  1.214942501771E+000  1.618709296777E-001  1.069974963370E-002 -5.737176524041E-002
  1.230353403874E+000  1.620290818831E-001  9.829598972376E-003 -5.556861923464E-002
  1.245970014403E+000  1.621758826548E-001  8.975535833344E-003 -5.382368578996E-002
  1.261795842559E+000  1.623112589618E-001  8.137189847329E-003 -5.213610321599E-002
  1.277834473907E+000  1.624351334315E-001  7.314182716434E-003 -5.050496365651E-002
  1.294089572372E+000  1.625474240016E-001  6.506128898357E-003 -4.892931378360E-002
  1.310564882294E+000  1.626480435669E-001  5.712636330120E-003 -4.740815560913E-002
  1.327264230548E+000  1.627368996194E-001  4.933307191106E-003 -4.594044741686E-002
  1.344191528724E+000  1.628138938845E-001  4.167738705070E-003 -4.452510481752E-002
  1.361350775387E+000  1.628789219529E-001  3.415523980609E-003 -4.316100192947E-002
  1.378746058390E+000  1.629318729108E-001  2.676252889416E-003 -4.184697268671E-002
  1.396381557275E+000  1.629726289669E-001  1.949512981469E-003 -4.058181227605E-002
  1.414261545744E+000  1.630010650802E-001  1.234890436096E-003 -3.936427870457E-002
  1.432390394201E+000  1.630170485876E-001  5.319710476974E-004 -3.819309449816E-002
  1.450772572390E+000  1.630204388339E-001 -1.596587553432E-004 -3.706694853159E-002
  1.469412652102E+000  1.630110868052E-001 -8.404108602075E-004 -3.598449798974E-002
  1.488315309978E+000  1.629888347672E-001 -1.510694389529E-003 -3.494437045941E-002
  1.507485330398E+000  1.629535159095E-001 -2.170914593726E-003 -3.394516615044E-002
  1.526927608467E+000  1.629049539989E-001 -2.821471718120E-003 -3.298546024413E-002
  1.546647153093E+000  1.628429630421E-001 -3.462759847414E-003 -3.206380536669E-002
  1.566649090169E+000  1.627673469599E-001 -4.095165730341E-003 -3.117873418425E-002
  1.586938665861E+000  1.626778992760E-001 -4.719067587562E-003 -3.032876211600E-002
  1.607521250000E+000  1.625744028203E-001 -5.334833906093E-003 -2.951239016047E-002
  1.628402339588E+000  1.624566294514E-001 -5.942822223842E-003 -2.872810783013E-002
  1.649587562420E+000  1.623243397975E-001 -6.543377908039E-003 -2.797439618792E-002
  1.671082680832E+000  1.621772830215E-001 -7.136832931606E-003 -2.724973097922E-002
  1.692893595565E+000  1.620151966086E-001 -7.723504651745E-003 -2.655258585161E-002
  1.715026349769E+000  1.618378061824E-001 -8.303694595269E-003 -2.588143565402E-002
  1.737487133138E+000  1.616448253498E-001 -8.877687255405E-003 -2.523475980636E-002
  1.760282286187E+000  1.614359555782E-001 -9.445748905025E-003 -2.461104572962E-002
  1.783418304674E+000  1.612108861061E-001 -1.000812643147E-002 -2.400879232579E-002
  1.806901844175E+000  1.609692938926E-001 -1.056504619833E-002 -2.342651349624E-002
  1.830739724818E+000  1.607108436046E-001 -1.111671293966E-002 -2.286274168640E-002
  1.854938936184E+000  1.604351876478E-001 -1.166330869234E-002 -2.231603144381E-002
  1.879506642368E+000  1.601419662417E-001 -1.220499177243E-002 -2.178496297608E-002
  1.904450187236E+000  1.598308075427E-001 -1.274189580135E-002 -2.126814569449E-002
  1.929777099847E+000  1.595013278170E-001 -1.327412878795E-002 -2.076422172849E-002
  1.955495100083E+000  1.591531316664E-001 -1.380177227256E-002 -2.027186939573E-002
  1.981612104475E+000  1.587858123096E-001 -1.432488053905E-002 -1.978980661185E-002
  2.008136232230E+000  1.583989519204E-001 -1.484347990098E-002 -1.931679422373E-002
  2.035075811486E+000  1.579921220276E-001 -1.535756806797E-002 -1.885163924977E-002
  2.062439385788E+000  1.575648839754E-001 -1.586711359814E-002 -1.839319801029E-002
  2.090235720801E+000  1.571167894500E-001 -1.637205544247E-002 -1.794037913119E-002
  2.118473811262E+000  1.566473810722E-001 -1.687230258688E-002 -1.749214640377E-002
  2.147162888201E+000  1.561561930583E-001 -1.736773379732E-002 -1.704752148392E-002
  2.176312426413E+000  1.556427519523E-001 -1.785819747319E-002 -1.660558641380E-002
  2.205932152222E+000  1.551065774291E-001 -1.834351161407E-002 -1.616548594958E-002
  2.236032051522E+000  1.545471831712E-001 -1.882346390420E-002 -1.572642967924E-002
  2.266622378129E+000  1.539640778203E-001 -1.929781191898E-002 -1.528769391494E-002
  2.297713662445E+000  1.533567660038E-001 -1.976628345734E-002 -1.484862334518E-002
  2.329316720450E+000  1.527247494370E-001 -2.022857700301E-002 -1.440863243273E-002
  2.361442663038E+000  1.520675281025E-001 -2.068436231769E-002 -1.396720654551E-002
  2.394102905709E+000  1.513846015054E-001 -2.113328116811E-002 -1.352390280847E-002
  2.427309178642E+000  1.506754700048E-001 -2.157494818862E-002 -1.307835066585E-002
  2.461073537146E+000  1.499396362213E-001 -2.200895188017E-002 -1.263025214469E-002
  2.495408372530E+000  1.491766065188E-001 -2.243485574580E-002 -1.217938181193E-002
  2.530326423398E+000  1.483858925603E-001 -2.285219956228E-002 -1.172558641901E-002
  2.565840787378E+000  1.475670129357E-001 -2.326050078635E-002 -1.126878422986E-002
  2.601964933334E+000  1.467194948592E-001 -2.365925609374E-002 -1.080896402976E-002
  2.638712714049E+000  1.458428759346E-001 -2.404794304782E-002 -1.034618381502E-002
  2.676098379430E+000  1.449367059859E-001 -2.442602189437E-002 -9.880569164798E-003
  2.714136590232E+000  1.440005489492E-001 -2.479293747777E-002 -9.412311299343E-003
  2.752842432351E+000  1.430339848232E-001 -2.514812127332E-002 -8.941664830417E-003
  2.792231431696E+000  1.420366116744E-001 -2.549099352947E-002 -8.468945212359E-003
  2.832319569669E+000  1.410080476919E-001 -2.582096551292E-002 -7.994525904291E-003
  2.873123299289E+000  1.399479332887E-001 -2.613744184882E-002 -7.518835256245E-003
  2.914659561979E+000  1.388559332422E-001 -2.643982294747E-002 -7.042353134209E-003
  2.956945805065E+000  1.377317388714E-001 -2.672750750832E-002 -6.565607301221E-003
  3.000000000000E+000  1.365750702418E-001 -2.699989509121E-002 -6.089169573708E-003
  3.043840661365E+000  1.353856783955E-001 -2.725638874437E-002 -5.613651774236E-003
  3.088486866678E+000  1.341633475961E-001 -2.749639767792E-002 -5.139701503631E-003
  3.133958277047E+000  1.329078975861E-001 -2.771933997152E-002 -4.667997757120E-003
  3.180275158719E+000  1.316191858451E-001 -2.792464530376E-002 -4.199246410604E-003
  3.227458405560E+000  1.302971098464E-001 -2.811175769129E-002 -3.734175604435E-003
  3.275529562509E+000  1.289416092999E-001 -2.828013822496E-002 -3.273531053112E-003
  3.324510850077E+000  1.275526683771E-001 -2.842926779012E-002 -2.818071310087E-003
  3.374425189910E+000  1.261303179082E-001 -2.855864975857E-002 -2.368563017378E-003
  3.425296231502E+000  1.246746375441E-001 -2.866781263916E-002 -1.925776169934E-003
  3.477148380094E+000  1.231857578748E-001 -2.875631267461E-002 -1.490479424575E-003
  3.530006825834E+000  1.216638624951E-001 -2.882373637222E-002 -1.063435483029E-003
  3.583897574256E+000  1.201091900104E-001 -2.886970295631E-002 -6.453965778291E-004
  3.638847478148E+000  1.185220359722E-001 -2.889386673105E-002 -2.371000889168E-004
  3.694884270887E+000  1.169027547364E-001 -2.889591934241E-002  1.607356825394E-004
  3.752036601308E+000  1.152517612331E-001 -2.887559192894E-002  5.474155581325E-004
  3.810334070199E+000  1.135695326417E-001 -2.883265715140E-002  9.222713208962E-004
  3.869807268505E+000  1.118566099592E-001 -2.876693109238E-002  1.284665327632E-003
  3.930487817331E+000  1.101135994552E-001 -2.867827501733E-002  1.633993876149E-003
  3.992408409843E+000  1.083411740022E-001 -2.856659698963E-002  1.969690311178E-003
  4.055602855172E+000  1.065400742733E-001 -2.843185333301E-002  2.291227855355E-003
  4.120106124432E+000  1.047111097965E-001 -2.827404993525E-002  2.598122154431E-003
  4.185954398964E+000  1.028551598573E-001 -2.809324338824E-002  2.889933528682E-003
  4.253185120935E+000  1.009731742385E-001 -2.788954195996E-002  3.166268925351E-003
  4.321837046422E+000  9.906617378767E-002 -2.766310639491E-002  3.426783569743E-003
  4.391950301120E+000  9.713525080315E-002 -2.741415053996E-002  3.671182315377E-003
  4.463566438835E+000  9.518156922660E-002 -2.714294179351E-002  3.899220696193E-003
  4.536728502895E+000  9.320636463303E-002 -2.684980137609E-002  4.110705686303E-003
  4.611481090679E+000  9.121094400682E-002 -2.653510442113E-002  4.305496175003E-003
  4.687870421430E+000  8.919668529341E-002 -2.619927988513E-002  4.483503166798E-003
  4.765944407533E+000  8.716503671528E-002 -2.584281027637E-002  4.644689717910E-003
  4.845752729492E+000  8.511751584128E-002 -2.546623120179E-002  4.789070622158E-003
  4.927346914797E+000  8.305570839801E-002 -2.507013073165E-002  4.916711860241E-003
  5.010780420931E+000  8.098126681188E-002 -2.465514858153E-002  5.027729827168E-003
  5.096108722763E+000  7.889590847054E-002 -2.422197511111E-002  5.122290353060E-003
  5.183389404586E+000  7.680141369241E-002 -2.377135013918E-002  5.200607532604E-003
  5.272682257105E+000  7.469962339335E-002 -2.330406157402E-002  5.262942378245E-003
  5.364049379651E+000  7.259243643957E-002 -2.282094385802E-002  5.309601311660E-003
  5.457555287978E+000  7.048180667659E-002 -2.232287622537E-002  5.340934507302E-003
  5.553267027968E+000  6.836973962445E-002 -2.181078077130E-002  5.357334100763E-003
  5.651254295630E+000  6.625828883038E-002 -2.128562033128E-002  5.359232273551E-003
  5.751589563796E+000  6.414955187102E-002 -2.074839616858E-002  5.347099224543E-003
  5.854348215936E+000  6.204566599749E-002 -2.020014546850E-002  5.321441037004E-003
  5.959608687557E+000  5.994880341833E-002 -1.964193863803E-002  5.282797448668E-003
  6.067452615683E+000  5.786116621682E-002 -1.907487640973E-002  5.231739531015E-003
  6.177964996951E+000  5.578498090151E-002 -1.850008674967E-002  5.168867282643E-003
  6.291234354880E+000  5.372249259101E-002 -1.791872156944E-002  5.094807140546E-003
  6.407352916949E+000  5.167595883686E-002 -1.733195324396E-002  5.010209412217E-003
  6.526416802128E+000  4.964764309128E-002 -1.674097093753E-002  4.915745630894E-003
  6.648526219580E+000  4.763980782986E-002 -1.614697674252E-002  4.812105835891E-003
  6.773785679311E+000  4.565470734318E-002 -1.555118163661E-002  4.699995779973E-003
  6.902304215570E+000  4.369458021481E-002 -1.495480126699E-002  4.580134066032E-003
  7.034195623922E+000  4.176164150789E-002 -1.435905157177E-002  4.453249215967E-003
  7.169578712934E+000  3.985807468670E-002 -1.376514425197E-002  4.320076675679E-003
  7.308577571516E+000  3.798602330423E-002 -1.317428210985E-002  4.181355761404E-003
  7.451321853057E+000  3.614758249210E-002 -1.258765427261E-002  4.037826554226E-003
  7.597947077547E+000  3.434479029356E-002 -1.200643132347E-002  3.890226751478E-003
  7.748594953021E+000  3.257961888596E-002 -1.143176036539E-002  3.739288485846E-003
  7.903413717736E+000  3.085396574376E-002 -1.086476004605E-002  3.585735125262E-003
  8.062558504629E+000  2.916964479816E-002 -1.030651557572E-002  3.430278069015E-003
  8.226191729726E+000  2.752837765435E-002 -9.758073773034E-003  3.273613557943E-003
  8.394483506327E+000  2.593178493177E-002 -9.220438176311E-003  3.116419518914E-003
  8.567612086926E+000  2.438137779679E-002 -8.694564261103E-003  2.959352466104E-003
  8.745764335025E+000  2.287854976106E-002 -8.181354806663E-003  2.803044483632E-003
  8.929136229160E+000  2.142456882144E-002 -7.681655456106E-003  2.648100315954E-003
  9.117933401693E+000  2.002057002012E-002 -7.196250516364E-003  2.495094593880E-003
  9.312371715124E+000  1.866754850460E-002 -6.725859044794E-003  2.344569225194E-003
  9.512677878945E+000  1.736635316788E-002 -6.271131269361E-003  2.197030979363E-003
  9.719090110332E+000  1.611768094871E-002 -5.832645388663E-003  2.052949295963E-003
  9.931858842267E+000  1.492207187002E-002 -5.410904796468E-003  1.912754345773E-003
  1.015124748302E+001  1.377990489079E-002 -5.006335773076E-003  1.776835372347E-003
  1.037753323129E+001  1.269139464248E-002 -4.619285682416E-003  1.645539339919E-003
  1.061100795175E+001  1.165658911600E-002 -4.250021709533E-003  1.519169910847E-003
  1.085197911611E+001  1.067536835834E-002 -3.898730167872E-003  1.397986772504E-003
  1.110077081537E+001  9.747444230145E-003 -3.565516399663E-003  1.282205329411E-003
  1.135772484956E+001  8.872361266885E-003 -3.250405285747E-003  1.171996771718E-003
  1.162320190175E+001  8.049498675744E-003 -2.953342373502E-003  1.067488525808E-003
  1.189758280382E+001  7.278073489949E-003 -2.674195623268E-003  9.687650869448E-004
  1.218126990242E+001  6.557144890340E-003 -2.412757764960E-003  8.758692276524E-004
  1.247468853413E+001  5.885619692021E-003 -2.168749247667E-003  7.888035690212E-004
  1.277828862002E+001  5.262258981505E-003 -1.941821756100E-003  7.075324955592E-004
  1.309254639077E+001  4.685685877322E-003 -1.731562259152E-003  6.319843877521E-004
  1.341796625462E+001  4.154394374779E-003 -1.537497547707E-003  5.620541403654E-004
  1.375508282195E+001  3.666759223670E-003 -1.359099211530E-003  4.976059289513E-004
  1.410446310162E+001  3.221046776293E-003 -1.195788998792E-003  4.384761822344E-004
  1.446670888596E+001  2.815426732431E-003 -1.046944496805E-003  3.844767142640E-004
  1.484245934302E+001  2.447984697780E-003 -9.119050689328E-004  3.353979676304E-004
  1.523239383723E+001  2.116735462839E-003 -7.899779806304E-004  2.910123178058E-004
  1.563723500136E+001  1.819636900184E-003 -6.804446470519E-004  2.510773888921E-004
  1.605775208607E+001  1.554604369228E-003 -5.825669356516E-004  2.153393327678E-004
  1.649476461582E+001  1.319525508629E-003 -4.955934594659E-004  1.835360267923E-004
  1.694914638379E+001  1.112275287199E-003 -4.187658000278E-004  1.554001496985E-004
  1.742182982203E+001  9.307311740777E-004 -3.513246027682E-004  1.306621008756E-004
  1.791381078784E+001  7.727882778531E-004 -2.925154918422E-004  1.090527345909E-004
  1.842615381215E+001  6.363742921768E-004 -2.415947551305E-004  9.030588744720E-005
  1.895999786176E+001  5.194640722415E-004 -1.978347532465E-004  7.416068407350E-005
  1.951656267356E+001  4.200936528708E-004 -1.605290083678E-004  6.036361227109E-005
  2.009715572669E+001  3.363735056581E-004 -1.289969293833E-004  4.867036413444E-005
  2.070317992707E+001  2.665008209369E-004 -1.025881291915E-004  3.884744370511E-005
  2.133614208874E+001  2.087705921310E-004 -8.068628825553E-005  3.067354425085E-005
  2.199766230782E+001  1.615852773504E-004 -6.271251626423E-005  2.394069923261E-005
  2.268948433818E+001  1.234628184225E-004 -4.812816181214E-005  1.845521055930E-005
  2.341348709294E+001  9.304281332216E-005 -3.643701947730E-005  1.403835617641E-005
  2.417169741362E+001  6.909066640562E-005 -2.718688579937E-005  1.052687693112E-005
  2.496630426925E+001  5.049958353177E-005 -1.997042167780E-005  7.773240691023E-006
  2.579967457140E+001  3.629033657482E-005 -1.442528967823E-005  5.645680628676E-006
  2.667437081864E+001  2.560879307785E-005 -1.023355129661E-005  4.028005142076E-006
  2.759317081651E+001  1.772128917676E-005 -7.120331395816E-006  2.819179624313E-006
  2.855908975674E+001  1.200801287760E-005 -4.851784012708E-006  1.932685496013E-006
  2.957540498378E+001  7.954653964386E-006 -3.232423857979E-006  1.295669453725E-006
  3.064568382919E+001  5.142658579245E-006 -2.101918584667E-006  8.479052019768E-007
  3.177381495601E+001  3.238492596009E-006 -1.331465131752E-006  5.406000330841E-007
  3.296404372807E+001  1.982360501912E-006 -8.198957386890E-007  3.350881758379E-007
  3.422101220608E+001  1.176839461335E-006 -4.896723847274E-007  2.014603870165E-007
  3.554980447538E+001  6.758682458858E-007 -2.829300332753E-007  1.171834464326E-007
  3.695599813319E+001  3.744782046770E-007 -1.577180656713E-007  6.576304574858E-008
  3.844572291106E+001  1.995729936062E-007 -8.456624674170E-008  3.549864603466E-008
  4.002572758518E+001  1.019638144588E-007 -4.346880624175E-008  1.836957312137E-008
  4.170345654134E+001  4.975867016066E-008 -2.134157551293E-008  9.079014335410E-009
  4.348713762001E+001  2.309996506782E-008 -9.967331384461E-009  4.268337164301E-009
  4.538588318162E+001  1.015607141213E-008 -4.408404057024E-009  1.900196870721E-009
  4.740980671574E+001  4.207746279510E-009 -1.837241603950E-009  7.970477354944E-010
  4.957015778746E+001  1.633716808674E-009 -7.175014308951E-010  3.132560444590E-010
  5.187947869225E+001  5.907781040443E-010 -2.609536749114E-010  1.146440226590E-010
  5.435178690397E+001  1.976027515488E-010 -8.777781871431E-011  3.880004997801E-011
  5.700278828629E+001  6.066258964296E-011 -2.709702525070E-011  1.204960716501E-011
  5.985012714155E+001  1.694457087859E-011 -7.610145674768E-012  3.403994960754E-012
  6.291368055481E+001  4.264466376709E-012 -1.925479008715E-012  8.661984894267E-013
  6.621590623276E+001  9.563385300233E-013 -4.340551322573E-013  1.963549556884E-013
  6.978225524452E+001  1.887192967268E-013 -8.609024929141E-014  3.915641911828E-014
  7.364166388185E+001  3.230530928345E-014 -1.481014710826E-014  6.771619671024E-015
  7.782714245929E+001  4.719575795082E-015 -2.174092805175E-015  9.991401679879E-016
  8.237648351994E+001  5.775537300913E-016 -2.672992195330E-016  1.234500610171E-016
  8.733311794502E+001  5.794507532896E-017 -2.693962307194E-017  1.250143823856E-017
  9.274715535088E+001  4.649544144885E-018 -2.171169552872E-018  1.012199982487E-018
  9.867665554529E+001  2.899310738750E-019 -1.359642122944E-019  6.366936603304E-020
  1.051891916055E+002  1.358746556558E-020 -6.398121462849E-021  3.008992227674E-021
  1.123637836013E+002  4.601929482701E-022 -2.175582813152E-022  1.027392808021E-022
  1.202933069206E+002  1.075738201852E-023 -5.105064797455E-024  2.420385667839E-024
  1.290875131414E+002  1.643617993063E-025 -7.828741946726E-026  3.725875769271E-026
  1.388768482001E+002  1.538559516342E-027 -7.354266963181E-028  3.512854811799E-028
  1.498173177370E+002  8.166087991910E-030 -3.916615846075E-030  1.877363178984E-030
  1.620967411853E+002  2.238664841741E-032 -1.077199154117E-032  5.180631970193E-033
  1.759428668168E+002  2.830692289993E-035 -1.366306618662E-035  6.592013719229E-036
  1.916340085825E+002  1.437601579975E-038 -6.959558410332E-039  3.367979821579E-039
  2.095131417987E+002  2.472562081478E-042 -1.200376648551E-042  5.825843257407E-043
  2.300068054477E+002  1.164796671319E-046 -5.670061227916E-047  2.759427532859E-047
  2.536507797910E+002  1.151131354826E-051 -5.617854391797E-052  2.741127074549E-052
  2.811254638474E+002  1.700696722873E-057 -8.319968773266E-058  4.069548392126E-058
  3.133053780630E+002  2.429726652021E-064 -1.191360833393E-064  5.840808454288E-065
  3.513296254502E+002  1.902768134652E-072 -9.349864092979E-073  4.593886408172E-073
  3.967041014107E+002  3.855533013199E-082 -1.898368069671E-082  9.346343294912E-083
  4.514529193350E+002  7.366909732898E-094 -3.634138934860E-094  1.792631670792E-094
  5.183481233601E+002  3.330057984172E-108 -1.645630542655E-108  8.131914013703E-109
  6.012676077950E+002  5.143140146490E-126 -2.545763134233E-126  1.260064443549E-126
  7.057700503752E+002  1.693153854478E-148 -8.393447809457E-149  4.160769146453E-149
  8.400513767914E+002  1.985294436576E-177 -9.855280068724E-178  4.892214190221E-178
  1.016602135495E+003  1.621023784028E-215 -8.057117681507E-216  4.004652987937E-216
  1.255220715579E+003  4.677202802522E-267 -2.327391406047E-267  1.158108617801E-267
  1.588815776243E+003  0.000000000000E+000  0.000000000000E+000  0.000000000000E+000
  2.075392011604E+003  0.000000000000E+000  0.000000000000E+000  0.000000000000E+000
  2.825079847528E+003  0.000000000000E+000  0.000000000000E+000  0.000000000000E+000
  4.068408296183E+003  0.000000000000E+000  0.000000000000E+000  0.000000000000E+000
  6.357262947672E+003  0.000000000000E+000  0.000000000000E+000  0.000000000000E+000
  1.130231930164E+004  0.000000000000E+000  0.000000000000E+000  0.000000000000E+000
  2.543105175136E+004  0.000000000000E+000  0.000000000000E+000  0.000000000000E+000
  1.017262069952E+005  0.000000000000E+000  0.000000000000E+000  0.000000000000E+000
