# 1st line: number of mesh points
# abcissa wavefunction wavefunction_1st wavefunction_2nd
500
# Principal QN=   2 , l=   0 , Occupation=   1.0000
  9.830308526563E-006  1.657494204117E+000 -5.276150761298E+000  1.706060771122E+001
  3.932200719722E-005  1.657338608888E+000 -5.275647642571E+000  1.705873770343E+001
  8.847741541467E-005  1.657079302882E+000 -5.274809189951E+000  1.705562134990E+001
  1.573003992805E-004  1.656716315164E+000 -5.273635521315E+000  1.705125913983E+001
  2.457963722418E-004  1.656249686419E+000 -5.272126801677E+000  1.704565175798E+001
  3.539722959954E-004  1.655679468953E+000 -5.270283243172E+000  1.703880008468E+001
  4.818366816529E-004  1.655005726688E+000 -5.268105105035E+000  1.703070519573E+001
  6.293995911626E-004  1.654228535157E+000 -5.265592693578E+000  1.702136836228E+001
  7.966726389935E-004  1.653347981501E+000 -5.262746362162E+000  1.701079105072E+001
  9.836689940782E-004  1.652364164458E+000 -5.259566511162E+000  1.699897492257E+001
  1.190403382016E-003  1.651277194362E+000 -5.256053587933E+000  1.698592183431E+001
  1.416892087541E-003  1.650087193131E+000 -5.252208086764E+000  1.697163383718E+001
  1.663152957245E-003  1.648794294260E+000 -5.248030548833E+000  1.695611317706E+001
  1.929205402573E-003  1.647398642812E+000 -5.243521562161E+000  1.693936229418E+001
  2.215070403073E-003  1.645900395405E+000 -5.238681761547E+000  1.692138382296E+001
  2.520770509919E-003  1.644299720205E+000 -5.233511828516E+000  1.690218059170E+001
  2.846329849692E-003  1.642596796910E+000 -5.228012491253E+000  1.688175562237E+001
  3.191774128432E-003  1.640791816740E+000 -5.222184524528E+000  1.686011213031E+001
  3.557130635959E-003  1.638884982421E+000 -5.216028749629E+000  1.683725352390E+001
  3.942428250463E-003  1.636876508171E+000 -5.209546034280E+000  1.681318340427E+001
  4.347697443358E-003  1.634766619687E+000 -5.202737292559E+000  1.678790556493E+001
  4.772970284417E-003  1.632555554124E+000 -5.195603484804E+000  1.676142399142E+001
  5.218280447175E-003  1.630243560080E+000 -5.188145617530E+000  1.673374286092E+001
  5.683663214611E-003  1.627830897578E+000 -5.180364743319E+000  1.670486654186E+001
  6.169155485101E-003  1.625317838047E+000 -5.172261960728E+000  1.667479959348E+001
  6.674795778653E-003  1.622704664299E+000 -5.163838414170E+000  1.664354676537E+001
  7.200624243425E-003  1.619991670511E+000 -5.155095293809E+000  1.661111299704E+001
  7.746682662519E-003  1.617179162203E+000 -5.146033835438E+000  1.657750341741E+001
  8.313014461060E-003  1.614267456211E+000 -5.136655320354E+000  1.654272334428E+001
  8.899664713569E-003  1.611256880667E+000 -5.126961075232E+000  1.650677828384E+001
  9.506680151615E-003  1.608147774971E+000 -5.116952471988E+000  1.646967393006E+001
  1.013410917176E-002  1.604940489769E+000 -5.106630927638E+000  1.643141616418E+001
  1.078200184380E-002  1.601635386920E+000 -5.095997904158E+000  1.639201105404E+001
  1.145040991929E-002  1.598232839471E+000 -5.085054908326E+000  1.635146485349E+001
  1.213938684040E-002  1.594733231628E+000 -5.073803491569E+000  1.630978400176E+001
  1.284898774901E-002  1.591136958726E+000 -5.062245249802E+000  1.626697512273E+001
  1.357926949620E-002  1.587444427195E+000 -5.050381823255E+000  1.622304502430E+001
  1.433029065191E-002  1.583656054528E+000 -5.038214896303E+000  1.617800069759E+001
  1.510211151509E-002  1.579772269250E+000 -5.025746197283E+000  1.613184931627E+001
  1.589479412397E-002  1.575793510880E+000 -5.012977498309E+000  1.608459823574E+001
  1.670840226680E-002  1.571720229895E+000 -4.999910615080E+000  1.603625499234E+001
  1.754300149280E-002  1.567552887697E+000 -4.986547406680E+000  1.598682730252E+001
  1.839865912351E-002  1.563291956567E+000 -4.972889775372E+000  1.593632306199E+001
  1.927544426443E-002  1.558937919633E+000 -4.958939666389E+000  1.588475034486E+001
  2.017342781695E-002  1.554491270823E+000 -4.944699067712E+000  1.583211740268E+001
  2.109268249069E-002  1.549952514827E+000 -4.930170009849E+000  1.577843266354E+001
  2.203328281612E-002  1.545322167052E+000 -4.915354565602E+000  1.572370473111E+001
  2.299530515754E-002  1.540600753577E+000 -4.900254849828E+000  1.566794238362E+001
  2.397882772639E-002  1.535788811105E+000 -4.884873019191E+000  1.561115457285E+001
  2.498393059493E-002  1.530886886921E+000 -4.869211271915E+000  1.555335042305E+001
  2.601069571024E-002  1.525895538837E+000 -4.853271847521E+000  1.549453922989E+001
  2.705920690860E-002  1.520815335146E+000 -4.837057026558E+000  1.543473045931E+001
  2.812954993023E-002  1.515646854569E+000 -4.820569130332E+000  1.537393374640E+001
  2.922181243436E-002  1.510390686202E+000 -4.803810520625E+000  1.531215889418E+001
  3.033608401473E-002  1.505047429460E+000 -4.786783599400E+000  1.524941587241E+001
  3.147245621542E-002  1.499617694026E+000 -4.769490808508E+000  1.518571481636E+001
  3.263102254705E-002  1.494102099786E+000 -4.751934629381E+000  1.512106602546E+001
  3.381187850339E-002  1.488501276779E+000 -4.734117582723E+000  1.505547996205E+001
  3.501512157837E-002  1.482815865129E+000 -4.716042228180E+000  1.498896725001E+001
  3.624085128345E-002  1.477046514986E+000 -4.697711164021E+000  1.492153867335E+001
  3.748916916538E-002  1.471193886465E+000 -4.679127026792E+000  1.485320517480E+001
  3.876017882444E-002  1.465258649576E+000 -4.660292490976E+000  1.478397785437E+001
  4.005398593302E-002  1.459241484161E+000 -4.641210268633E+000  1.471386796779E+001
  4.137069825459E-002  1.453143079823E+000 -4.621883109041E+000  1.464288692506E+001
  4.271042566323E-002  1.446964135858E+000 -4.602313798321E+000  1.457104628881E+001
  4.407328016341E-002  1.440705361184E+000 -4.582505159059E+000  1.449835777269E+001
  4.545937591035E-002  1.434367474265E+000 -4.562460049912E+000  1.442483323975E+001
  4.686882923075E-002  1.427951203036E+000 -4.542181365213E+000  1.435048470073E+001
  4.830175864396E-002  1.421457284830E+000 -4.521672034561E+000  1.427532431232E+001
  4.975828488365E-002  1.414886466295E+000 -4.500935022400E+000  1.419936437538E+001
  5.123853091993E-002  1.408239503314E+000 -4.479973327600E+000  1.412261733314E+001
  5.274262198188E-002  1.401517160929E+000 -4.458789983010E+000  1.404509576933E+001
  5.427068558066E-002  1.394720213247E+000 -4.437388055020E+000  1.396681240627E+001
  5.582285153302E-002  1.387849443364E+000 -4.415770643100E+000  1.388778010292E+001
  5.739925198530E-002  1.380905643268E+000 -4.393940879338E+000  1.380801185293E+001
  5.900002143803E-002  1.373889613759E+000 -4.371901927957E+000  1.372752078254E+001
  6.062529677088E-002  1.366802164351E+000 -4.349656984835E+000  1.364632014854E+001
  6.227521726827E-002  1.359644113181E+000 -4.327209277006E+000  1.356442333614E+001
  6.394992464542E-002  1.352416286911E+000 -4.304562062154E+000  1.348184385677E+001
  6.564956307496E-002  1.345119520638E+000 -4.281718628092E+000  1.339859534591E+001
  6.737427921404E-002  1.337754657786E+000 -4.258682292240E+000  1.331469156075E+001
  6.912422223211E-002  1.330322550011E+000 -4.235456401080E+000  1.323014637794E+001
  7.089954383907E-002  1.322824057095E+000 -4.212044329614E+000  1.314497379119E+001
  7.270039831418E-002  1.315260046843E+000 -4.188449480796E+000  1.305918790885E+001
  7.452694253540E-002  1.307631394975E+000 -4.164675284966E+000  1.297280295148E+001
  7.637933600943E-002  1.299938985016E+000 -4.140725199266E+000  1.288583324929E+001
  7.825774090225E-002  1.292183708185E+000 -4.116602707049E+000  1.279829323962E+001
  8.016232207035E-002  1.284366463284E+000 -4.092311317269E+000  1.271019746429E+001
  8.209324709253E-002  1.276488156582E+000 -4.067854563874E+000  1.262156056695E+001
  8.405068630235E-002  1.268549701694E+000 -4.043236005170E+000  1.253239729034E+001
  8.603481282122E-002  1.260552019468E+000 -4.018459223189E+000  1.244272247356E+001
  8.804580259214E-002  1.252496037859E+000 -3.993527823039E+000  1.235255104919E+001
  9.008383441408E-002  1.244382691807E+000 -3.968445432237E+000  1.226189804046E+001
  9.214908997710E-002  1.236212923112E+000 -3.943215700042E+000  1.217077855829E+001
  9.424175389809E-002  1.227987680304E+000 -3.917842296770E+000  1.207920779831E+001
  9.636201375725E-002  1.219707918517E+000 -3.892328913095E+000  1.198720103781E+001
  9.851006013526E-002  1.211374599355E+000 -3.866679259343E+000  1.189477363269E+001
  1.006860866512E-001  1.202988690759E+000 -3.840897064773E+000  1.180194101424E+001
  1.028902900012E-001  1.194551166868E+000 -3.814986076847E+000  1.170871868598E+001
  1.051228699979E-001  1.186063007887E+000 -3.788950060482E+000  1.161512222042E+001
  1.073840296104E-001  1.177525199941E+000 -3.762792797303E+000  1.152116725568E+001
  1.096739750056E-001  1.168938734937E+000 -3.736518084871E+000  1.142686949218E+001
  1.119929155896E-001  1.160304610418E+000 -3.710129735907E+000  1.133224468916E+001
  1.143410640503E-001  1.151623829416E+000 -3.683631577501E+000  1.123730866125E+001
  1.167186364011E-001  1.142897400306E+000 -3.657027450314E+000  1.114207727488E+001
  1.191258520249E-001  1.134126336654E+000 -3.630321207761E+000  1.104656644473E+001
  1.215629337189E-001  1.125311657067E+000 -3.603516715188E+000  1.095079213003E+001
  1.240301077413E-001  1.116454385037E+000 -3.576617849037E+000  1.085477033091E+001
  1.265276038575E-001  1.107555548783E+000 -3.549628495997E+000  1.075851708456E+001
  1.290556553882E-001  1.098616181099E+000 -3.522552552145E+000  1.066204846149E+001
  1.316144992580E-001  1.089637319188E+000 -3.495393922073E+000  1.056538056160E+001
  1.342043760450E-001  1.080620004503E+000 -3.468156518014E+000  1.046852951026E+001
  1.368255300316E-001  1.071565282585E+000 -3.440844258941E+000  1.037151145434E+001
  1.394782092560E-001  1.062474202892E+000 -3.413461069668E+000  1.027434255814E+001
  1.421626655646E-001  1.053347818640E+000 -3.386010879933E+000  1.017703899933E+001
  1.448791546661E-001  1.044187186627E+000 -3.358497623473E+000  1.007961696475E+001
  1.476279361856E-001  1.034993367066E+000 -3.330925237092E+000  9.982092646248E+000
  1.504092737207E-001  1.025767423411E+000 -3.303297659707E+000  9.884482236403E+000
  1.532234348983E-001  1.016510422186E+000 -3.275618831398E+000  9.786801924210E+000
  1.560706914324E-001  1.007223432806E+000 -3.247892692439E+000  9.689067890724E+000
  1.589513191834E-001  9.979075274038E-001 -3.220123182321E+000  9.591296304637E+000
  1.618655982178E-001  9.885637806489E-001 -3.192314238767E+000  9.493503317821E+000
  1.648138128702E-001  9.791932695692E-001 -3.164469796735E+000  9.395705060799E+000
  1.677962518056E-001  9.697970733696E-001 -3.136593787417E+000  9.297917638191E+000
  1.708132080832E-001  9.603762732501E-001 -3.108690137220E+000  9.200157124092E+000
  1.738649792215E-001  9.509319522222E-001 -3.080762766750E+000  9.102439557412E+000
  1.769518672648E-001  9.414651949244E-001 -3.052815589777E+000  9.004780937171E+000
  1.800741788507E-001  9.319770874364E-001 -3.024852512200E+000  8.907197217741E+000
  1.832322252791E-001  9.224687170931E-001 -2.996877431002E+000  8.809704304054E+000
  1.864263225826E-001  9.129411722965E-001 -2.968894233191E+000  8.712318046760E+000
  1.896567915983E-001  9.033955423279E-001 -2.940906794749E+000  8.615054237346E+000
  1.929239580409E-001  8.938329171588E-001 -2.912918979559E+000  8.517928603216E+000
  1.962281525771E-001  8.842543872611E-001 -2.884934638335E+000  8.420956802732E+000
  1.995697109023E-001  8.746610434175E-001 -2.856957607545E+000  8.324154420218E+000
  2.029489738173E-001  8.650539765301E-001 -2.828991708326E+000  8.227536960932E+000
  2.063662873085E-001  8.554342774302E-001 -2.801040745397E+000  8.131119845998E+000
  2.098220026275E-001  8.458030366867E-001 -2.773108505966E+000  8.034918407314E+000
  2.133164763746E-001  8.361613444150E-001 -2.745198758638E+000  7.938947882429E+000
  2.168500705817E-001  8.265102900856E-001 -2.717315252309E+000  7.843223409388E+000
  2.204231527988E-001  8.168509623329E-001 -2.689461715070E+000  7.747760021560E+000
  2.240360961807E-001  8.071844487639E-001 -2.661641853101E+000  7.652572642433E+000
  2.276892795770E-001  7.975118357682E-001 -2.633859349568E+000  7.557676080399E+000
  2.313830876220E-001  7.878342083270E-001 -2.606117863511E+000  7.463085023516E+000
  2.351179108282E-001  7.781526498237E-001 -2.578421028745E+000  7.368814034253E+000
  2.388941456809E-001  7.684682418552E-001 -2.550772452748E+000  7.274877544225E+000
  2.427121947345E-001  7.587820640434E-001 -2.523175715561E+000  7.181289848916E+000
  2.465724667110E-001  7.490951938483E-001 -2.495634368681E+000  7.088065102399E+000
  2.504753766009E-001  7.394087063822E-001 -2.468151933962E+000  6.995217312047E+000
  2.544213457654E-001  7.297236742243E-001 -2.440731902516E+000  6.902760333244E+000
  2.584108020414E-001  7.200411672382E-001 -2.413377733623E+000  6.810707864101E+000
  2.624441798480E-001  7.103622523895E-001 -2.386092853640E+000  6.719073440175E+000
  2.665219202956E-001  7.006879935662E-001 -2.358880654918E+000  6.627870429196E+000
  2.706444712976E-001  6.910194514002E-001 -2.331744494725E+000  6.537112025811E+000
  2.748122876832E-001  6.813576830914E-001 -2.304687694179E+000  6.446811246336E+000
  2.790258313137E-001  6.717037422339E-001 -2.277713537184E+000  6.356980923540E+000
  2.832855712010E-001  6.620586786438E-001 -2.250825269379E+000  6.267633701437E+000
  2.875919836279E-001  6.524235381908E-001 -2.224026097098E+000  6.178782030122E+000
  2.919455522717E-001  6.427993626314E-001 -2.197319186335E+000  6.090438160624E+000
  2.963467683296E-001  6.331871894458E-001 -2.170707661728E+000  6.002614139807E+000
  3.007961306479E-001  6.235880516769E-001 -2.144194605550E+000  5.915321805303E+000
  3.052941458522E-001  6.140029777732E-001 -2.117783056716E+000  5.828572780494E+000
  3.098413284823E-001  6.044329914350E-001 -2.091476009809E+000  5.742378469543E+000
  3.144382011281E-001  5.948791114641E-001 -2.065276414114E+000  5.656750052474E+000
  3.190852945695E-001  5.853423516166E-001 -2.039187172673E+000  5.571698480321E+000
  3.237831479192E-001  5.758237204610E-001 -2.013211141360E+000  5.487234470326E+000
  3.285323087679E-001  5.663242212386E-001 -1.987351127972E+000  5.403368501221E+000
  3.333333333333E-001  5.568448517299E-001 -1.961609891342E+000  5.320110808570E+000
  3.381867866117E-001  5.473866041240E-001 -1.935990140468E+000  5.237471380198E+000
  3.430932425333E-001  5.379504648936E-001 -1.910494533674E+000  5.155459951701E+000
  3.480532841203E-001  5.285374146741E-001 -1.885125677789E+000  5.074086002048E+000
  3.530675036492E-001  5.191484281480E-001 -1.859886127346E+000  4.993358749270E+000
  3.581365028158E-001  5.097844739346E-001 -1.834778383817E+000  4.913287146259E+000
  3.632608929041E-001  5.004465144843E-001 -1.809804894865E+000  4.833879876666E+000
  3.684412949588E-001  4.911355059791E-001 -1.784968053635E+000  4.755145350913E+000
  3.736783399619E-001  4.818523982384E-001 -1.760270198061E+000  4.677091702323E+000
  3.789726690123E-001  4.725981346301E-001 -1.735713610217E+000  4.599726783371E+000
  3.843249335105E-001  4.633736519889E-001 -1.711300515689E+000  4.523058162064E+000
  3.897357953460E-001  4.541798805391E-001 -1.687033082986E+000  4.447093118458E+000
  3.952059270903E-001  4.450177438248E-001 -1.662913422984E+000  4.371838641312E+000
  4.007360121927E-001  4.358881586461E-001 -1.638943588401E+000  4.297301424896E+000
  4.063267451812E-001  4.267920350014E-001 -1.615125573317E+000  4.223487865941E+000
  4.119788318683E-001  4.177302760369E-001 -1.591461312723E+000  4.150404060759E+000
  4.176929895600E-001  4.087037780026E-001 -1.567952682111E+000  4.078055802518E+000
  4.234699472710E-001  3.997134302147E-001 -1.544601497108E+000  4.006448578701E+000
  4.293104459435E-001  3.907601150262E-001 -1.521409513146E+000  3.935587568723E+000
  4.352152386716E-001  3.818447078029E-001 -1.498378425175E+000  3.865477641755E+000
  4.411850909306E-001  3.729680769076E-001 -1.475509867420E+000  3.796123354716E+000
  4.472207808110E-001  3.641310836914E-001 -1.452805413185E+000  3.727528950473E+000
  4.533230992589E-001  3.553345824917E-001 -1.430266574693E+000  3.659698356240E+000
  4.594928503202E-001  3.465794206382E-001 -1.407894802986E+000  3.592635182181E+000
  4.657308513924E-001  3.378664384653E-001 -1.385691487856E+000  3.526342720229E+000
  4.720379334802E-001  3.291964693332E-001 -1.363657957839E+000  3.460823943126E+000
  4.784149414579E-001  3.205703396546E-001 -1.341795480248E+000  3.396081503683E+000
  4.848627343381E-001  3.119888689305E-001 -1.320105261259E+000  3.332117734274E+000
  4.913821855461E-001  3.034528697919E-001 -1.298588446048E+000  3.268934646562E+000
  4.979741832006E-001  2.949631480498E-001 -1.277246118980E+000  3.206533931472E+000
  5.046396304008E-001  2.865205027515E-001 -1.256079303846E+000  3.144916959405E+000
  5.113794455212E-001  2.781257262447E-001 -1.235088964156E+000  3.084084780706E+000
  5.181945625116E-001  2.697796042483E-001 -1.214276003487E+000  3.024038126386E+000
  5.250859312060E-001  2.614829159304E-001 -1.193641265878E+000  2.964777409107E+000
  5.320545176366E-001  2.532364339925E-001 -1.173185536285E+000  2.906302724432E+000
  5.391013043575E-001  2.450409247607E-001 -1.152909541086E+000  2.848613852342E+000
  5.462272907741E-001  2.368971482834E-001 -1.132813948648E+000  2.791710259028E+000
  5.534334934816E-001  2.288058584348E-001 -1.112899369936E+000  2.735591098959E+000
  5.607209466109E-001  2.207678030247E-001 -1.093166359190E+000  2.680255217231E+000
  5.680907021827E-001  2.127837239138E-001 -1.073615414650E+000  2.625701152199E+000
  5.755438304707E-001  2.048543571348E-001 -1.054246979336E+000  2.571927138394E+000
  5.830814203728E-001  1.969804330178E-001 -1.035061441884E+000  2.518931109728E+000
  5.907045797917E-001  1.891626763212E-001 -1.016059137435E+000  2.466710702988E+000
  5.984144360243E-001  1.814018063670E-001 -9.972403485798E-001  2.415263261627E+000
  6.062121361613E-001  1.736985371794E-001 -9.786053063548E-001  2.364585839837E+000
  6.140988474955E-001  1.660535776280E-001 -9.601541912914E-001  2.314675206930E+000
  6.220757579409E-001  1.584676315730E-001 -9.418871345170E-001  2.265527851997E+000
  6.301440764614E-001  1.509413980142E-001 -9.238042189069E-001  2.217139988869E+000
  6.383050335109E-001  1.434755712411E-001 -9.059054802865E-001  2.169507561374E+000
  6.465598814833E-001  1.360708409853E-001 -8.881909086811E-001  2.122626248871E+000
  6.549098951744E-001  1.287278925737E-001 -8.706604496140E-001  2.076491472089E+000
  6.633563722545E-001  1.214474070819E-001 -8.533140054498E-001  2.031098399242E+000
  6.719006337539E-001  1.142300614878E-001 -8.361514367827E-001  1.986441952434E+000
  6.805440245593E-001  1.070765288240E-001 -8.191725638665E-001  1.942516814339E+000
  6.892879139233E-001  9.998747832857E-002 -8.023771680857E-001  1.899317435160E+000
  6.981336959871E-001  9.296357559393E-002 -7.857649934648E-001  1.856838039859E+000
  7.070827903152E-001  8.600548271214E-002 -7.693357482143E-001  1.815072635648E+000
  7.161366424455E-001  7.911385841674E-002 -7.530891063105E-001  1.774015019747E+000
  7.252967244510E-001  7.228935821974E-002 -7.370247091064E-001  1.733658787387E+000
  7.345645355186E-001  6.553263454314E-002 -7.211421669717E-001  1.693997340055E+000
  7.439416025400E-001  5.884433684410E-002 -7.054410609584E-001  1.655023893988E+000
  7.534294807203E-001  5.222511173286E-002 -6.899209444896E-001  1.616731488877E+000
  7.630297542000E-001  4.567560308241E-002 -6.745813450673E-001  1.579112996801E+000
  7.727440366954E-001  3.919645212912E-002 -6.594217659975E-001  1.542161131358E+000
  7.825739721536E-001  3.278829756320E-002 -6.444416881271E-001  1.505868456997E+000
  7.925212354258E-001  2.645177560819E-002 -6.296405715909E-001  1.470227398528E+000
  8.025875329584E-001  2.018752008823E-002 -6.150178575631E-001  1.435230250805E+000
  8.127746035011E-001  1.399616248240E-002 -6.005729700113E-001  1.400869188561E+000
  8.230842188350E-001  7.878331964853E-003 -5.863053174471E-001  1.367136276387E+000
  8.335181845190E-001  1.834655429794E-003 -5.722142946700E-001  1.334023478834E+000
  8.440783406568E-001 -4.134242499706E-003 -5.582992845003E-001  1.301522670629E+000
  8.547665626839E-001 -1.002773948018E-002 -5.445596594961E-001  1.269625646976E+000
  8.655847621758E-001 -1.584521547454E-002 -5.309947836502E-001  1.238324133942E+000
  8.765348876780E-001 -2.158605279817E-002 -5.176040140616E-001  1.207609798892E+000
  8.876189255584E-001 -2.724963618550E-002 -5.043867025778E-001  1.177474260964E+000
  8.988389008829E-001 -3.283535287791E-002 -4.913421974019E-001  1.147909101564E+000
  9.101968783143E-001 -3.834259273420E-002 -4.784698446604E-001  1.118905874856E+000
  9.216949630368E-001 -4.377074836442E-002 -4.657689899255E-001  1.090456118229E+000
  9.333353017046E-001 -4.911921528819E-002 -4.532389796888E-001  1.062551362720E+000
  9.451200834176E-001 -5.438739211838E-002 -4.408791627793E-001  1.035183143372E+000
  9.570515407237E-001 -5.957468077108E-002 -4.286888917213E-001  1.008343009494E+000
  9.691319506484E-001 -6.468048670278E-002 -4.166675240275E-001  9.820225348186E-001
  9.813636357544E-001 -6.970421917549E-002 -4.048144234213E-001  9.562133275131E-001
  9.937489652293E-001 -7.464529155071E-002 -3.931289609841E-001  9.309070400387E-001
  1.006290356005E+000 -7.950312161288E-002 -3.816105162222E-001  9.060953788186E-001
  1.018990273907E+000 -8.427713192299E-002 -3.702584780476E-001  8.817701137001E-001
  1.031851234841E+000 -8.896675020300E-002 -3.590722456690E-001  8.579230871819E-001
  1.044875806003E+000 -9.357140975147E-002 -3.480512293880E-001  8.345462233831E-001
  1.058066607138E+000 -9.809054989102E-002 -3.371948512952E-001  8.116315367293E-001
  1.071426311823E+000 -1.025236164478E-001 -3.265025458624E-001  7.891711403305E-001
  1.084957648792E+000 -1.068700622632E-001 -3.159737604266E-001  7.671572540275E-001
  1.098663403298E+000 -1.111293477383E-001 -3.056079555616E-001  7.455822120814E-001
  1.112546418516E+000 -1.153009414104E-001 -2.954046053336E-001  7.244384704836E-001
  1.126609596985E+000 -1.193843205628E-001 -2.853631974373E-001  7.037186138615E-001
  1.140855902095E+000 -1.233789718655E-001 -2.754832332094E-001  6.834153619595E-001
  1.155288359613E+000 -1.272843920494E-001 -2.657642275165E-001  6.635215756704E-001
  1.169910059257E+000 -1.311000886109E-001 -2.562057085149E-001  6.440302625987E-001
  1.184724156317E+000 -1.348255805479E-001 -2.468072172807E-001  6.249345821327E-001
  1.199733873325E+000 -1.384603991256E-001 -2.375683073078E-001  6.062278500093E-001
  1.214942501771E+000 -1.420040886718E-001 -2.284885438735E-001  5.879035423504E-001
  1.230353403874E+000 -1.454562074005E-001 -2.195675032704E-001  5.699552991559E-001
  1.245970014403E+000 -1.488163282623E-001 -2.108047719041E-001  5.523769272373E-001
  1.261795842559E+000 -1.520840398206E-001 -2.021999452584E-001  5.351624025779E-001
  1.277834473907E+000 -1.552589471516E-001 -1.937526267270E-001  5.183058721080E-001
  1.294089572372E+000 -1.583406727673E-001 -1.854624263150E-001  5.018016548837E-001
  1.310564882294E+000 -1.613288575583E-001 -1.773289592117E-001  4.856442426615E-001
  1.327264230548E+000 -1.642231617553E-001 -1.693518442360E-001  4.698282998625E-001
  1.344191528724E+000 -1.670232659074E-001 -1.615307021610E-001  4.543486629203E-001
  1.361350775387E+000 -1.697288718732E-001 -1.538651539186E-001  4.392003390131E-001
  1.378746058390E+000 -1.723397038240E-001 -1.463548186911E-001  4.243785041776E-001
  1.396381557275E+000 -1.748555092547E-001 -1.389993118942E-001  4.098785008095E-001
  1.414261545744E+000 -1.772760600016E-001 -1.317982430579E-001  3.956958345553E-001
  1.432390394201E+000 -1.796011532611E-001 -1.247512136129E-001  3.818261706026E-001
  1.450772572390E+000 -1.818306126087E-001 -1.178578145883E-001  3.682653293810E-001
  1.469412652102E+000 -1.839642890140E-001 -1.111176242314E-001  3.550092816869E-001
  1.488315309978E+000 -1.860020618478E-001 -1.045302055570E-001  3.420541432473E-001
  1.507485330398E+000 -1.879438398780E-001 -9.809510383635E-002  3.293961687441E-001
  1.526927608467E+000 -1.897895622508E-001 -9.181184403633E-002  3.170317453189E-001
  1.546647153093E+000 -1.915391994532E-001 -8.567992822038E-002  3.049573855854E-001
  1.566649090169E+000 -1.931927542529E-001 -7.969883292228E-002  2.931697201764E-001
  1.586938665861E+000 -1.947502626109E-001 -7.386800650557E-002  2.816654898569E-001
  1.607521250000E+000 -1.962117945648E-001 -6.818686652159E-002  2.704415372368E-001
  1.628402339588E+000 -1.975774550762E-001 -6.265479707940E-002  2.594947981206E-001
  1.649587562420E+000 -1.988473848402E-001 -5.727114624180E-002  2.488222925334E-001
  1.671082680832E+000 -2.000217610519E-001 -5.203522346162E-002  2.384211154643E-001
  1.692893595565E+000 -2.011007981260E-001 -4.694629707312E-002  2.282884273733E-001
  1.715026349769E+000 -2.020847483666E-001 -4.200359185357E-002  2.184214445083E-001
  1.737487133138E+000 -2.029739025819E-001 -3.720628667002E-002  2.088174290796E-001
  1.760282286187E+000 -2.037685906418E-001 -3.255351222689E-002  1.994736793463E-001
  1.783418304674E+000 -2.044691819730E-001 -2.804434892951E-002  1.903875196639E-001
  1.806901844175E+000 -2.050760859908E-001 -2.367782487916E-002  1.815562905504E-001
  1.830739724818E+000 -2.055897524621E-001 -1.945291401457E-002  1.729773388244E-001
  1.854938936184E+000 -2.060106717987E-001 -1.536853441492E-002  1.646480078732E-001
  1.879506642368E+000 -2.063393752774E-001 -1.142354677882E-002  1.565656281076E-001
  1.904450187236E+000 -2.065764351853E-001 -7.616753093270E-003  1.487275076601E-001
  1.929777099847E+000 -2.067224648884E-001 -3.946895506098E-003  1.411309233859E-001
  1.955495100083E+000 -2.067781188220E-001 -4.126554144480E-004  1.337731122213E-001
  1.981612104475E+000 -2.067440924026E-001  2.987347218736E-003  1.266512629574E-001
  2.008136232230E+000 -2.066211218602E-001  6.254554309443E-003  1.197625084830E-001
  2.035075811486E+000 -2.064099839917E-001  9.390469848787E-003  1.131039185502E-001
  2.062439385788E+000 -2.061114958353E-001  1.239665984212E-002  1.066724931145E-001
  2.090235720801E+000 -2.057265142683E-001  1.527475198395E-002  1.004651562955E-001
  2.118473811262E+000 -2.052559355285E-001  1.802643506287E-002  9.447875100767E-002
  2.147162888201E+000 -2.047006946634E-001  2.065345809252E-002  8.871003429867E-002
  2.176312426413E+000 -2.040617649082E-001  2.315762916603E-002  8.315567343750E-002
  2.205932152222E+000 -2.033401569983E-001  2.554081403337E-002  7.781224278363E-002
  2.236032051522E+000 -2.025369184189E-001  2.780493440285E-002  7.267622146759E-002
  2.266622378129E+000 -2.016531325976E-001  2.995196596992E-002  6.774399190669E-002
  2.297713662445E+000 -2.006899180454E-001  3.198393617860E-002  6.301183917450E-002
  2.329316720450E+000 -1.996484274514E-001  3.390292172271E-002  5.847595123693E-002
  2.361442663038E+000 -1.985298467403E-001  3.571104579639E-002  5.413242006151E-002
  2.394102905709E+000 -1.973353940967E-001  3.741047510551E-002  4.997724360008E-002
  2.427309178642E+000 -1.960663189675E-001  3.900341665355E-002  4.600632863875E-002
  2.461073537146E+000 -1.947239010483E-001  4.049211431784E-002  4.221549450180E-002
  2.495408372530E+000 -1.933094492646E-001  4.187884523404E-002  3.860047758964E-002
  2.530326423398E+000 -1.918243007560E-001  4.316591600879E-002  3.515693672398E-002
  2.565840787378E+000 -1.902698198728E-001  4.435565878225E-002  3.188045926622E-002
  2.601964933334E+000 -1.886473971967E-001  4.545042716447E-002  2.876656796848E-002
  2.638712714049E+000 -1.869584485938E-001  4.645259207068E-002  2.581072850996E-002
  2.676098379430E+000 -1.852044143111E-001  4.736453748258E-002  2.300835766461E-002
  2.714136590232E+000 -1.833867581271E-001  4.818865616388E-002  2.035483204038E-002
  2.752842432351E+000 -1.815069665655E-001  4.892734535957E-002  1.784549732408E-002
  2.792231431696E+000 -1.795665481834E-001  4.958300250909E-002  1.547567796095E-002
  2.832319569669E+000 -1.775670329425E-001  5.015802100475E-002  1.324068719299E-002
  2.873123299289E+000 -1.755099716734E-001  5.065478602667E-002  1.113583737594E-002
  2.914659561979E+000 -1.733969356403E-001  5.107567048581E-002  9.156450491586E-003
  2.956945805065E+000 -1.712295162161E-001  5.142303110668E-002  7.297868768755E-003
  3.000000000000E+000 -1.690093246729E-001  5.169920468054E-002  5.555465325019E-003
  3.043840661365E+000 -1.667379920950E-001  5.190650451918E-002  3.924654739472E-003
  3.088486866678E+000 -1.644171694199E-001  5.204721713835E-002  2.400903467068E-003
  3.133958277047E+000 -1.620485276094E-001  5.212359919826E-002  9.797400055661E-004
  3.180275158719E+000 -1.596337579552E-001  5.213787472680E-002 -3.432352721798E-004
  3.227458405560E+000 -1.571745725185E-001  5.209223264900E-002 -1.572340705207E-003
  3.275529562509E+000 -1.546727047032E-001  5.198882464381E-002 -2.711804431763E-003
  3.324510850077E+000 -1.521299099606E-001  5.182976334634E-002 -3.765756053442E-003
  3.374425189910E+000 -1.495479666212E-001  5.161712091095E-002 -4.738218947180E-003
  3.425296231502E+000 -1.469286768467E-001  5.135292794683E-002 -5.633103289808E-003
  3.477148380094E+000 -1.442738676958E-001  5.103917283460E-002 -6.454199852662E-003
  3.530006825834E+000 -1.415853922913E-001  5.067780142835E-002 -7.205174615876E-003
  3.583897574256E+000 -1.388651310786E-001  5.027071714376E-002 -7.889564243362E-003
  3.638847478148E+000 -1.361149931594E-001  4.981978142896E-002 -8.510772450335E-003
  3.694884270887E+000 -1.333369176853E-001  4.932681461057E-002 -9.072067285636E-003
  3.752036601308E+000 -1.305328752919E-001  4.879359710317E-002 -9.576579341131E-003
  3.810334070199E+000 -1.277048695540E-001  4.822187096652E-002 -1.002730089034E-002
  3.869807268505E+000 -1.248549384381E-001  4.761334179051E-002 -1.042708594817E-002
  3.930487817331E+000 -1.219851557285E-001  4.696968088421E-002 -1.077865123355E-002
  3.992408409843E+000 -1.190976324009E-001  4.629252774127E-002 -1.108457800667E-002
  4.055602855172E+000 -1.161945179146E-001  4.558349275073E-002 -1.134731474321E-002
  4.120106124432E+000 -1.132780013956E-001  4.484416011878E-002 -1.156918059853E-002
  4.185954398964E+000 -1.103503126784E-001  4.407609096423E-002 -1.175236960669E-002
  4.253185120935E+000 -1.074137231749E-001  4.328082654778E-002 -1.189895555120E-002
  4.321837046422E+000 -1.044705465390E-001  4.245989159294E-002 -1.201089743795E-002
  4.391950301120E+000 -1.015231390912E-001  4.161479765497E-002 -1.209004549450E-002
  4.463566438835E+000 -9.857389997136E-002  4.074704649250E-002 -1.213814761574E-002
  4.536728502895E+000 -9.562527098440E-002  3.985813339599E-002 -1.215685617178E-002
  4.611481090679E+000 -9.267973610526E-002  3.894955042671E-002 -1.214773509200E-002
  4.687870421430E+000 -8.973982060985E-002  3.802278952009E-002 -1.211226713747E-002
  4.765944407533E+000 -8.680808979885E-002  3.707934540777E-002 -1.205186127445E-002
  4.845752729492E+000 -8.388714728276E-002  3.612071831427E-002 -1.196786006242E-002
  4.927346914797E+000 -8.097963279770E-002  3.514841638498E-002 -1.186154697269E-002
  5.010780420931E+000 -7.808821952322E-002  3.416395780497E-002 -1.173415355677E-002
  5.096108722763E+000 -7.521561087556E-002  3.316887257009E-002 -1.158686638828E-002
  5.183389404586E+000 -7.236453675186E-002  3.216470387458E-002 -1.142083370720E-002
  5.272682257105E+000 -6.953774920403E-002  3.115300908291E-002 -1.123717170140E-002
  5.364049379651E+000 -6.673801752371E-002  3.013536025669E-002 -1.103697036697E-002
  5.457555287978E+000 -6.396812272356E-002  2.911334421119E-002 -1.082129889589E-002
  5.553267027968E+000 -6.123085140384E-002  2.808856208036E-002 -1.059121054734E-002
  5.651254295630E+000 -5.852898899772E-002  2.706262837276E-002 -1.034774696610E-002
  5.751589563796E+000 -5.586531239331E-002  2.603716950574E-002 -1.009194191993E-002
  5.854348215936E+000 -5.324258193574E-002  2.501382180913E-002 -9.824824434764E-003
  5.959608687557E+000 -5.066353281802E-002  2.399422899469E-002 -9.547421314629E-003
  6.067452615683E+000 -4.813086587568E-002  2.298003909188E-002 -9.260759040088E-003
  6.177964996951E+000 -4.564723780648E-002  2.197290085549E-002 -8.965865045993E-003
  6.291234354880E+000 -4.321525084364E-002  2.097445965536E-002 -8.663768385692E-003
  6.407352916949E+000 -4.083744191828E-002  1.998635286346E-002 -8.355499794812E-003
  6.526416802128E+000 -3.851627135493E-002  1.901020475841E-002 -8.042091173158E-003
  6.648526219580E+000 -3.625411115207E-002  1.804762097276E-002 -7.724574508211E-003
  6.773785679311E+000 -3.405323290856E-002  1.710018251355E-002 -7.403980268177E-003
  6.902304215570E+000 -3.191579546620E-002  1.616943939185E-002 -7.081335296495E-003
  7.034195623922E+000 -2.984383234779E-002  1.525690390253E-002 -6.757660243370E-003
  7.169578712934E+000 -2.783923908033E-002  1.436404360112E-002 -6.433966573073E-003
  7.308577571516E+000 -2.590376050283E-002  1.349227403000E-002 -6.111253188750E-003
  7.451321853057E+000 -2.403897816822E-002  1.264295125248E-002 -5.790502719211E-003
  7.597947077547E+000 -2.224629795927E-002  1.181736425853E-002 -5.472677514731E-003
  7.748594953021E+000 -2.052693804799E-002  1.101672731247E-002 -5.158715401375E-003
  7.903413717736E+000 -1.888191733761E-002  1.024217231823E-002 -4.849525245765E-003
  8.062558504629E+000 -1.731204453521E-002  9.494741283940E-003 -4.545982384561E-003
  8.226191729726E+000 -1.581790801080E-002  8.775378972895E-003 -4.248923975290E-003
  8.394483506327E+000 -1.439986660586E-002  8.084925833188E-003 -3.959144327420E-003
  8.567612086926E+000 -1.305804155927E-002  7.424111303010E-003 -3.677390274835E-003
  8.745764335025E+000 -1.179230972249E-002  6.793547592491E-003 -3.404356652913E-003
  8.929136229160E+000 -1.060229823695E-002  6.193724046158E-003 -3.140681945275E-003
  9.117933401693E+000 -9.487380845305E-003  5.625002192000E-003 -2.886944166840E-003
  9.312371715124E+000 -8.446676004063E-003  5.087611583821E-003 -2.643657050843E-003
  9.512677878945E+000 -7.479046957396E-003  4.581646542612E-003 -2.411266608001E-003
  9.719090110332E+000 -6.583103920320E-003  4.107063899866E-003 -2.190148125705E-003
  9.931858842267E+000 -5.757208503924E-003  3.663681840881E-003 -1.980603673936E-003
  1.015124748302E+001 -4.999480495084E-003  3.251179938860E-003 -1.782860182280E-003
  1.037753323129E+001 -4.307807078169E-003  2.869100460762E-003 -1.597068148868E-003
  1.061100795175E+001 -3.679854556392E-003  2.516851013346E-003 -1.423301037074E-003
  1.085197911611E+001 -3.113082595537E-003  2.193708582308E-003 -1.261555409240E-003
  1.110077081537E+001 -2.604760972985E-003  1.898824998986E-003 -1.111751838478E-003
  1.135772484956E+001 -2.151988770401E-003  1.631233847657E-003 -9.737366296181E-004
  1.162320190175E+001 -1.751715899651E-003  1.389858802112E-003 -8.472843686002E-004
  1.189758280382E+001 -1.400766799085E-003  1.173523353197E-003 -7.321013061141E-004
  1.218126990242E+001 -1.095866082194E-003  9.809618596650E-004 -6.278295661305E-004
  1.247468853413E+001 -8.336658639211E-004  8.108318235065E-004 -5.340521533468E-004
  1.277828862002E+001 -6.107744331396E-004  6.617272585083E-004 -4.502987157395E-004
  1.309254639077E+001 -4.237858845232E-004  5.321929880033E-004 -3.760519997440E-004
  1.341796625462E+001 -2.693102713966E-004  4.207396755084E-004 -3.107549165106E-004
  1.375508282195E+001 -1.440037951867E-004  3.258593613673E-004 -2.538181187833E-004
  1.410446310162E+001 -4.459850927175E-005  2.460412508535E-004 -2.046279698382E-004
  1.446670888596E+001  3.206901224842E-005  1.797874757934E-004 -1.625547693403E-004
  1.484245934302E+001  8.903060455941E-005  1.256285340663E-004 -1.269610867026E-004
  1.523239383723E+001  1.291616034640E-004  8.213810073242E-005 -9.721004138129E-005
  1.563723500136E+001  1.551586419645E-004  4.794690237907E-005 -7.267336233373E-005
  1.605775208607E+001  1.695206582985E-004  2.175535374511E-005 -5.273905636599E-005
  1.649476461582E+001  1.745335637735E-004  2.344673717649E-006 -3.681851798979E-005
  1.694914638379E+001  1.722589405277E-004 -1.141377303624E-005 -2.435292220895E-005
  1.742182982203E+001  1.645270415259E-004 -2.055112212126E-005 -1.481875668164E-005
  1.791381078784E+001  1.529342495442E-004 -2.599580525233E-005 -7.732370992043E-006
  1.842615381215E+001  1.388450217504E-004 -2.857059706126E-005 -2.653448028703E-006
  1.895999786176E+001  1.233982061208E-004 -2.899194521224E-005  8.126649465581E-007
  1.951656267356E+001  1.075174709987E-004 -2.787154189789E-005  3.013791092231E-006
  2.009715572669E+001  9.192544629619E-005 -2.572001824827E-005  4.250910491118E-006
  2.070317992707E+001  7.716104169215E-005 -2.295256809332E-005  4.779243457701E-006
  2.133614208874E+001  6.359929159982E-005 -1.989623797984E-005  4.810336014971E-006
  2.199766230782E+001  5.147298646185E-005 -1.679856060806E-005  4.515016463094E-006
  2.268948433818E+001  4.089529212678E-005 -1.383716300560E-005  4.027061086281E-006
  2.341348709294E+001  3.188253926901E-005 -1.112995236970E-005  3.447383871427E-006
  2.417169741362E+001  2.437638652312E-005 -8.745474261853E-006  2.848551429929E-006
  2.496630426925E+001  1.826462496092E-005 -6.713051166778E-006  2.279421362175E-006
  2.579967457140E+001  1.339999532104E-005 -5.032344227710E-006  1.769710593482E-006
  2.667437081864E+001  9.616527218958E-006 -3.682035418546E-006  1.334319391459E-006
  2.759317081651E+001  6.743072418700E-006 -2.627397949624E-006  9.772655777941E-007
  2.855908975674E+001  4.613880465333E-006 -1.826604197044E-006  6.951197181375E-007
  2.957540498378E+001  3.076241146640E-006 -1.235706580836E-006  4.798729183672E-007
  3.064568382919E+001  1.995380499043E-006 -8.123106715486E-007  3.212108944365E-007
  3.177381495601E+001  1.256932552858E-006 -5.180345700851E-007  2.082076942465E-007
  3.296404372807E+001  7.674074435968E-007 -3.199083762516E-007  1.304865667546E-007
  3.422101220608E+001  4.531315144253E-007 -1.909080710462E-007  7.892138111671E-008
  3.554980447538E+001  2.581450126303E-007 -1.098373233281E-007  4.596806834943E-008
  3.695599813319E+001  1.415114132083E-007 -6.076901087927E-008  2.572135492082E-008
  3.844572291106E+001  7.442733112879E-008 -3.223843065609E-008  1.378837545151E-008
  4.002572758518E+001  3.743480869641E-008 -1.634700384053E-008  7.059454187756E-009
  4.170345654134E+001  1.794145841585E-008 -7.894645850651E-009  3.440033438884E-009
  4.348713762001E+001  8.161025944046E-009 -3.616941825731E-009  1.589290682362E-009
  4.538588318162E+001  3.507601499396E-009 -1.565144087633E-009  6.931217745528E-010
  4.740980671574E+001  1.417458983836E-009 -6.365629978920E-010  2.839714525919E-010
  4.957015778746E+001  5.356185291516E-010 -2.420054752046E-010  1.087029082332E-010
  5.187947869225E+001  1.880943388758E-010 -8.547653743842E-011  3.864270235323E-011
  5.435178690397E+001  6.096519641688E-011 -2.785655668610E-011  1.267037971802E-011
  5.700278828629E+001  1.809757489113E-011 -8.312305197562E-012  3.802555767572E-012
  5.985012714155E+001  4.877732857988E-012 -2.251458476470E-012  1.035552027824E-012
  6.291368055481E+001  1.182005405246E-012 -5.481588395366E-013  2.534198032081E-013
  6.621590623276E+001  2.546899220217E-013 -1.186430360814E-013  5.511679526704E-014
  6.978225524452E+001  4.818758856735E-014 -2.254329583410E-014  1.052098211858E-014
  7.364166388185E+001  7.891817169605E-015 -3.707014605606E-015  1.737629608465E-015
  7.782714245929E+001  1.100637094571E-015 -5.190085320300E-016  2.442895266197E-016
  8.237648351994E+001  1.282950816698E-016 -6.072194457179E-017  2.869344728120E-017
  8.733311794502E+001  1.223289709419E-017 -5.810271092429E-018  2.755844521910E-018
  9.274715535088E+001  9.307069972298E-019 -4.435484609601E-019  2.111251531442E-019
  9.867665554529E+001  5.489753433280E-020 -2.624670471899E-020  1.253539196405E-020
  1.051891916055E+002  2.427634767075E-021 -1.164219596154E-021  5.578145486248E-022
  1.123637836013E+002  7.738607607964E-023 -3.722052063925E-023  1.788793899528E-023
  1.202933069206E+002  1.698055508707E-024 -8.189935471642E-025  3.947440976608E-025
  1.290875131414E+002  2.428617209870E-026 -1.174464319142E-026  5.676356053466E-027
  1.388768482001E+002  2.121845051471E-028 -1.028707371282E-028  4.984898570467E-029
  1.498173177370E+002  1.047879775208E-030 -5.092537668139E-031  2.473864471241E-031
  1.620967411853E+002  2.664154195283E-033 -1.297704162461E-033  6.318868245236E-034
  1.759428668168E+002  3.113267836192E-036 -1.519766756160E-036  7.416676475870E-037
  1.916340085825E+002  1.455755141295E-039 -7.121065263813E-040  3.482530256091E-040
  2.095131417987E+002  2.295993792652E-043 -1.125322399117E-043  5.514357571627E-044
  2.300068054477E+002  9.875317293159E-048 -4.849105652891E-048  2.380672902839E-048
  2.536507797910E+002  8.868291597941E-053 -4.362252234804E-053  2.145470473798E-053
  2.811254638474E+002  1.184399585799E-058 -5.835609777180E-059  2.874925622139E-059
  3.133053780630E+002  1.520895192408E-065 -7.505202801876E-066  3.703288614400E-066
  3.513296254502E+002  1.063759944004E-073 -5.257034206811E-074  2.597813575593E-074
  3.967041014107E+002  1.911542777433E-083 -9.459647082867E-084  4.681041597315E-084
  4.514529193350E+002  3.213436077203E-095 -1.592263026571E-095  7.889365093200E-096
  5.183481233601E+002  1.266483855621E-109 -6.282901231948E-110  3.116788376495E-110
  6.012676077950E+002  1.687911243319E-127 -8.382768103359E-128  4.163085508504E-128
  7.057700503752E+002  4.737982950544E-150 -2.355434554636E-150  1.170958210108E-150
  8.400513767914E+002  4.670961845360E-179 -2.324269774053E-179  1.156542765983E-179
  1.016602135495E+003  3.153639259073E-217 -1.570573771067E-217  7.821701409862E-218
  1.255220715579E+003  7.373759731065E-269 -3.675067327213E-269  1.831636855760E-269
  1.588815776243E+003  0.000000000000E+000  0.000000000000E+000  0.000000000000E+000
  2.075392011604E+003  0.000000000000E+000  0.000000000000E+000  0.000000000000E+000
  2.825079847528E+003  0.000000000000E+000  0.000000000000E+000  0.000000000000E+000
  4.068408296183E+003  0.000000000000E+000  0.000000000000E+000  0.000000000000E+000
  6.357262947672E+003  0.000000000000E+000  0.000000000000E+000  0.000000000000E+000
  1.130231930164E+004  0.000000000000E+000  0.000000000000E+000  0.000000000000E+000
  2.543105175136E+004  0.000000000000E+000  0.000000000000E+000  0.000000000000E+000
  1.017262069952E+005  0.000000000000E+000  0.000000000000E+000  0.000000000000E+000
