# 1st line: number of mesh points
# abcissa wavefunction wavefunction_1st wavefunction_2nd
500
# Principal QN=   1 , l=   1 , Occupation=   2.0000
  9.830308526563E-006  6.123740312469E-005  6.229275256943E+000 -3.529624224962E+001
  3.932200719722E-005  2.449339630190E-004  6.228234383526E+000 -3.529131054523E+001
  8.847741541467E-005  5.510427335372E-004  6.226499826755E+000 -3.528309174112E+001
  1.573003992805E-004  9.794854787364E-004  6.224071935016E+000 -3.527158689259E+001
  2.457963722418E-004  1.530152684339E-003  6.220951196052E+000 -3.525679747805E+001
  3.539722959954E-004  2.202903573789E-003  6.217138236960E+000 -3.523872539999E+001
  4.818366816529E-004  2.997566128928E-003  6.212633824194E+000 -3.521737298626E+001
  6.293995911626E-004  3.913937115299E-003  6.207438863565E+000 -3.519274299159E+001
  7.966726389935E-004  4.951782112110E-003  6.201554400238E+000 -3.516483859940E+001
  9.836689940782E-004  6.110835546878E-003  6.194981618735E+000 -3.513366342391E+001
  1.190403382016E-003  7.390800734794E-003  6.187721842927E+000 -3.509922151245E+001
  1.416892087541E-003  8.791349922832E-003  6.179776536034E+000 -3.506151734810E+001
  1.663152957245E-003  1.031212433866E-002  6.171147300617E+000 -3.502055585255E+001
  1.929205402573E-003  1.195273424436E-002  6.161835878568E+000 -3.497634238923E+001
  2.215070403073E-003  1.371275899509E-002  6.151844151100E+000 -3.492888276671E+001
  2.520770509919E-003  1.559174710258E-002  6.141174138730E+000 -3.487818324229E+001
  2.846329849692E-003  1.758921630375E-002  6.129828001262E+000 -3.482425052586E+001
  3.191774128432E-003  1.970465363423E-002  6.117808037757E+000 -3.476709178404E+001
  3.557130635959E-003  2.193751550712E-002  6.105116686506E+000 -3.470671464445E+001
  3.942428250463E-003  2.428722779687E-002  6.091756524996E+000 -3.464312720026E+001
  4.347697443358E-003  2.675318592838E-002  6.077730269860E+000 -3.457633801495E+001
  4.772970284417E-003  2.933475497149E-002  6.063040776830E+000 -3.450635612727E+001
  5.218280447175E-003  3.203126974082E-002  6.047691040674E+000 -3.443319105634E+001
  5.683663214611E-003  3.484203490110E-002  6.031684195128E+000 -3.435685280706E+001
  6.169155485101E-003  3.776632507808E-002  6.015023512813E+000 -3.427735187552E+001
  6.674795778653E-003  4.080338497504E-002  5.997712405143E+000 -3.419469925479E+001
  7.200624243425E-003  4.395242949511E-002  5.979754422222E+000 -3.410890644063E+001
  7.746682662519E-003  4.721264386933E-002  5.961153252723E+000 -3.401998543760E+001
  8.313014461060E-003  5.058318379071E-002  5.941912723754E+000 -3.392794876505E+001
  8.899664713569E-003  5.406317555427E-002  5.922036800713E+000 -3.383280946346E+001
  9.506680151615E-003  5.765171620319E-002  5.901529587114E+000 -3.373458110076E+001
  1.013410917176E-002  6.134787368120E-002  5.880395324412E+000 -3.363327777876E+001
  1.078200184380E-002  6.515068699128E-002  5.858638391791E+000 -3.352891413975E+001
  1.145040991929E-002  6.905916636079E-002  5.836263305943E+000 -3.342150537310E+001
  1.213938684040E-002  7.307229341314E-002  5.813274720822E+000 -3.331106722194E+001
  1.284898774901E-002  7.718902134610E-002  5.789677427373E+000 -3.319761598992E+001
  1.357926949620E-002  8.140827511681E-002  5.765476353238E+000 -3.308116854799E+001
  1.433029065191E-002  8.572895163376E-002  5.740676562438E+000 -3.296174234119E+001
  1.510211151509E-002  9.014991995560E-002  5.715283255021E+000 -3.283935539549E+001
  1.589479412397E-002  9.467002149721E-002  5.689301766692E+000 -3.271402632458E+001
  1.670840226680E-002  9.928807024277E-002  5.662737568402E+000 -3.258577433669E+001
  1.754300149280E-002  1.040028529663E-001  5.635596265913E+000 -3.245461924132E+001
  1.839865912351E-002  1.088131294596E-001  5.607883599327E+000 -3.232058145598E+001
  1.927544426443E-002  1.137176327675E-001  5.579605442585E+000 -3.218368201283E+001
  2.017342781695E-002  1.187150694312E-001  5.550767802917E+000 -3.204394256525E+001
  2.109268249069E-002  1.238041197391E-001  5.521376820276E+000 -3.190138539433E+001
  2.203328281612E-002  1.289834379852E-001  5.491438766711E+000 -3.175603341523E+001
  2.299530515754E-002  1.342516527362E-001  5.460960045718E+000 -3.160791018340E+001
  2.397882772639E-002  1.396073671061E-001  5.429947191534E+000 -3.145703990070E+001
  2.498393059493E-002  1.450491590394E-001  5.398406868401E+000 -3.130344742136E+001
  2.601069571024E-002  1.505755816020E-001  5.366345869775E+000 -3.114715825768E+001
  2.705920690860E-002  1.561851632815E-001  5.333771117494E+000 -3.098819858565E+001
  2.812954993023E-002  1.618764082947E-001  5.300689660895E+000 -3.082659525029E+001
  2.922181243436E-002  1.676477969053E-001  5.267108675885E+000 -3.066237577078E+001
  3.033608401473E-002  1.734977857487E-001  5.233035463959E+000 -3.049556834534E+001
  3.147245621542E-002  1.794248081668E-001  5.198477451164E+000 -3.032620185590E+001
  3.263102254705E-002  1.854272745511E-001  5.163442187014E+000 -3.015430587237E+001
  3.381187850339E-002  1.915035726947E-001  5.127937343342E+000 -2.997991065678E+001
  3.501512157837E-002  1.976520681542E-001  5.091970713105E+000 -2.980304716695E+001
  3.624085128345E-002  2.038711046192E-001  5.055550209120E+000 -2.962374705993E+001
  3.748916916538E-002  2.101590042928E-001  5.018683862750E+000 -2.944204269505E+001
  3.876017882444E-002  2.165140682798E-001  4.981379822522E+000 -2.925796713663E+001
  4.005398593302E-002  2.229345769853E-001  4.943646352685E+000 -2.907155415627E+001
  4.137069825459E-002  2.294187905222E-001  4.905491831708E+000 -2.888283823481E+001
  4.271042566323E-002  2.359649491283E-001  4.866924750703E+000 -2.869185456375E+001
  4.407328016341E-002  2.425712735929E-001  4.827953711792E+000 -2.849863904638E+001
  4.545937591035E-002  2.492359656926E-001  4.788587426401E+000 -2.830322829838E+001
  4.686882923075E-002  2.559572086374E-001  4.748834713488E+000 -2.810565964794E+001
  4.830175864396E-002  2.627331675254E-001  4.708704497694E+000 -2.790597113546E+001
  4.975828488365E-002  2.695619898080E-001  4.668205807435E+000 -2.770420151268E+001
  5.123853091993E-002  2.764418057645E-001  4.627347772909E+000 -2.750039024135E+001
  5.274262198188E-002  2.833707289854E-001  4.586139624039E+000 -2.729457749133E+001
  5.427068558066E-002  2.903468568669E-001  4.544590688339E+000 -2.708680413818E+001
  5.582285153302E-002  2.973682711135E-001  4.502710388702E+000 -2.687711176014E+001
  5.739925198530E-002  3.044330382514E-001  4.460508241116E+000 -2.666554263457E+001
  5.900002143803E-002  3.115392101502E-001  4.417993852302E+000 -2.645213973381E+001
  6.062529677088E-002  3.186848245552E-001  4.375176917275E+000 -2.623694672037E+001
  6.227521726827E-002  3.258679056283E-001  4.332067216824E+000 -2.602000794157E+001
  6.394992464542E-002  3.330864644989E-001  4.288674614919E+000 -2.580136842352E+001
  6.564956307496E-002  3.403384998235E-001  4.245009056034E+000 -2.558107386443E+001
  6.737427921404E-002  3.476219983551E-001  4.201080562392E+000 -2.535917062730E+001
  6.912422223211E-002  3.549349355212E-001  4.156899231132E+000 -2.513570573194E+001
  7.089954383907E-002  3.622752760108E-001  4.112475231393E+000 -2.491072684625E+001
  7.270039831418E-002  3.696409743710E-001  4.067818801318E+000 -2.468428227689E+001
  7.452694253540E-002  3.770299756112E-001  4.022940244980E+000 -2.445642095920E+001
  7.637933600943E-002  3.844402158170E-001  3.977849929227E+000 -2.422719244639E+001
  7.825774090225E-002  3.918696227715E-001  3.932558280446E+000 -2.399664689806E+001
  8.016232207035E-002  3.993161165858E-001  3.887075781244E+000 -2.376483506796E+001
  8.209324709253E-002  4.067776103369E-001  3.841412967057E+000 -2.353180829101E+001
  8.405068630235E-002  4.142520107139E-001  3.795580422673E+000 -2.329761846962E+001
  8.603481282122E-002  4.217372186714E-001  3.749588778680E+000 -2.306231805915E+001
  8.804580259214E-002  4.292311300911E-001  3.703448707835E+000 -2.282596005278E+001
  9.008383441408E-002  4.367316364495E-001  3.657170921353E+000 -2.258859796547E+001
  9.214908997710E-002  4.442366254936E-001  3.610766165124E+000 -2.235028581726E+001
  9.424175389809E-002  4.517439819229E-001  3.564245215857E+000 -2.211107811573E+001
  9.636201375725E-002  4.592515880770E-001  3.517618877139E+000 -2.187102983774E+001
  9.851006013526E-002  4.667573246310E-001  3.470897975434E+000 -2.163019641042E+001
  1.006860866512E-001  4.742590712948E-001  3.424093356000E+000 -2.138863369132E+001
  1.028902900012E-001  4.817547075193E-001  3.377215878745E+000 -2.114639794787E+001
  1.051228699979E-001  4.892421132068E-001  3.330276414008E+000 -2.090354583601E+001
  1.073840296104E-001  4.967191694265E-001  3.283285838278E+000 -2.066013437815E+001
  1.096739750056E-001  5.041837591343E-001  3.236255029845E+000 -2.041622094025E+001
  1.119929155896E-001  5.116337678969E-001  3.189194864390E+000 -2.017186320827E+001
  1.143410640503E-001  5.190670846188E-001  3.142116210517E+000 -1.992711916380E+001
  1.167186364011E-001  5.264816022729E-001  3.095029925223E+000 -1.968204705898E+001
  1.191258520249E-001  5.338752186338E-001  3.047946849319E+000 -1.943670539071E+001
  1.215629337189E-001  5.412458370136E-001  3.000877802789E+000 -1.919115287409E+001
  1.240301077413E-001  5.485913669987E-001  2.953833580108E+000 -1.894544841523E+001
  1.265276038575E-001  5.559097251888E-001  2.906824945509E+000 -1.869965108328E+001
  1.290556553882E-001  5.631988359365E-001  2.859862628206E+000 -1.845382008189E+001
  1.316144992580E-001  5.704566320867E-001  2.812957317581E+000 -1.820801471988E+001
  1.342043760450E-001  5.776810557168E-001  2.766119658323E+000 -1.796229438137E+001
  1.368255300316E-001  5.848700588750E-001  2.719360245552E+000 -1.771671849525E+001
  1.394782092560E-001  5.920216043185E-001  2.672689619889E+000 -1.747134650400E+001
  1.421626655646E-001  5.991336662489E-001  2.626118262525E+000 -1.722623783194E+001
  1.448791546661E-001  6.062042310460E-001  2.579656590250E+000 -1.698145185298E+001
  1.476279361856E-001  6.132312979977E-001  2.533314950469E+000 -1.673704785773E+001
  1.504092737207E-001  6.202128800274E-001  2.487103616211E+000 -1.649308502014E+001
  1.532234348983E-001  6.271470044162E-001  2.441032781121E+000 -1.624962236363E+001
  1.560706914324E-001  6.340317135210E-001  2.395112554451E+000 -1.600671872680E+001
  1.589513191834E-001  6.408650654868E-001  2.349352956049E+000 -1.576443272861E+001
  1.618655982178E-001  6.476451349530E-001  2.303763911357E+000 -1.552282273327E+001
  1.648138128702E-001  6.543700137532E-001  2.258355246418E+000 -1.528194681464E+001
  1.677962518056E-001  6.610378116072E-001  2.213136682894E+000 -1.504186272039E+001
  1.708132080832E-001  6.676466568054E-001  2.168117833109E+000 -1.480262783579E+001
  1.738649792215E-001  6.741946968846E-001  2.123308195119E+000 -1.456429914721E+001
  1.769518672648E-001  6.806800992937E-001  2.078717147808E+000 -1.432693320549E+001
  1.800741788507E-001  6.871010520503E-001  2.034353946024E+000 -1.409058608897E+001
  1.832322252791E-001  6.934557643862E-001  1.990227715761E+000 -1.385531336648E+001
  1.864263225826E-001  6.997424673811E-001  1.946347449384E+000 -1.362117006016E+001
  1.896567915983E-001  7.059594145854E-001  1.902722000909E+000 -1.338821060820E+001
  1.929239580409E-001  7.121048826290E-001  1.859360081350E+000 -1.315648882760E+001
  1.962281525771E-001  7.181771718177E-001  1.816270254125E+000 -1.292605787687E+001
  1.995697109023E-001  7.241746067148E-001  1.773460930535E+000 -1.269697021887E+001
  2.029489738173E-001  7.300955367087E-001  1.730940365329E+000 -1.246927758368E+001
  2.063662873085E-001  7.359383365641E-001  1.688716652348E+000 -1.224303093168E+001
  2.098220026275E-001  7.417014069587E-001  1.646797720260E+000 -1.201828041684E+001
  2.133164763746E-001  7.473831750017E-001  1.605191328398E+000 -1.179507535018E+001
  2.168500705817E-001  7.529820947358E-001  1.563905062699E+000 -1.157346416365E+001
  2.204231527988E-001  7.584966476211E-001  1.522946331751E+000 -1.135349437431E+001
  2.240360961807E-001  7.639253430006E-001  1.482322362963E+000 -1.113521254887E+001
  2.276892795770E-001  7.692667185463E-001  1.442040198855E+000 -1.091866426880E+001
  2.313830876220E-001  7.745193406861E-001  1.402106693481E+000 -1.070389409588E+001
  2.351179108282E-001  7.796818050098E-001  1.362528508980E+000 -1.049094553832E+001
  2.388941456809E-001  7.847527366548E-001  1.323312112281E+000 -1.027986101756E+001
  2.427121947345E-001  7.897307906706E-001  1.284463771952E+000 -1.007068183568E+001
  2.465724667110E-001  7.946146523611E-001  1.245989555198E+000 -9.863448143649E+000
  2.504753766009E-001  7.994030376049E-001  1.207895325033E+000 -9.658198910218E+000
  2.544213457654E-001  8.040946931531E-001  1.170186737606E+000 -9.454971891812E+000
  2.584108020414E-001  8.086883969041E-001  1.132869239710E+000 -9.253803603240E+000
  2.624441798480E-001  8.131829581541E-001  1.095948066469E+000 -9.054729289389E+000
  2.665219202956E-001  8.175772178254E-001  1.059428239200E+000 -8.857782897942E+000
  2.706444712976E-001  8.218700486691E-001  1.023314563476E+000 -8.662997053159E+000
  2.748122876832E-001  8.260603554445E-001  9.876116273846E-001 -8.470403030796E+000
  2.790258313137E-001  8.301470750736E-001  9.523237999749E-001 -8.280030734203E+000
  2.832855712010E-001  8.341291767707E-001  9.174552299245E-001 -8.091908671654E+000
  2.875919836279E-001  8.380056621479E-001  8.830098444073E-001 -7.906063934983E+000
  2.919455522717E-001  8.417755652944E-001  8.489913481795E-001 -7.722522179549E+000
  2.963467683296E-001  8.454379528323E-001  8.154032228835E-001 -7.541307605602E+000
  3.007961306479E-001  8.489919239465E-001  7.822487265740E-001 -7.362442941098E+000
  3.052941458522E-001  8.524366103895E-001  7.495308934710E-001 -7.185949425997E+000
  3.098413284823E-001  8.557711764626E-001  7.172525339420E-001 -7.011846798121E+000
  3.144382011281E-001  8.589948189711E-001  6.854162347161E-001 -6.840153280578E+000
  3.190852945695E-001  8.621067671560E-001  6.540243593340E-001 -6.670885570838E+000
  3.237831479192E-001  8.651062826015E-001  6.230790488343E-001 -6.504058831470E+000
  3.285323087679E-001  8.679926591182E-001  5.925822226796E-001 -6.339686682597E+000
  3.333333333333E-001  8.707652226035E-001  5.625355799225E-001 -6.177781196112E+000
  3.381867866117E-001  8.734233308791E-001  5.329406006129E-001 -6.018352891668E+000
  3.430932425333E-001  8.759663735058E-001  5.037985474486E-001 -5.861410734499E+000
  3.480532841203E-001  8.783937715765E-001  4.751104676659E-001 -5.706962135096E+000
  3.530675036492E-001  8.807049774888E-001  4.468771951743E-001 -5.555012950752E+000
  3.581365028158E-001  8.828994746961E-001  4.190993529304E-001 -5.405567489025E+000
  3.632608929041E-001  8.849767774404E-001  3.917773555521E-001 -5.258628513118E+000
  3.684412949588E-001  8.869364304650E-001  3.649114121704E-001 -5.114197249209E+000
  3.736783399619E-001  8.887780087106E-001  3.385015295170E-001 -4.972273395742E+000
  3.789726690123E-001  8.905011169937E-001  3.125475152432E-001 -4.832855134686E+000
  3.843249335105E-001  8.921053896700E-001  2.870489814688E-001 -4.695939144781E+000
  3.897357953460E-001  8.935904902825E-001  2.620053485557E-001 -4.561520616761E+000
  3.952059270903E-001  8.949561111964E-001  2.374158491011E-001 -4.429593270566E+000
  4.007360121927E-001  8.962019732222E-001  2.132795321467E-001 -4.300149374533E+000
  4.063267451812E-001  8.973278252274E-001  1.895952675966E-001 -4.173179766562E+000
  4.119788318683E-001  8.983334437390E-001  1.663617508384E-001 -4.048673877239E+000
  4.176929895600E-001  8.992186325380E-001  1.435775075601E-001 -3.926619754907E+000
  4.234699472710E-001  8.999832222474E-001  1.212408987561E-001 -3.807004092654E+000
  4.293104459435E-001  9.006270699148E-001  9.935012591226E-002 -3.689812257206E+000
  4.352152386716E-001  9.011500585928E-001  7.790323636378E-002 -3.575028319679E+000
  4.411850909306E-001  9.015520969163E-001  5.689812881449E-002 -3.462635088166E+000
  4.472207808110E-001  9.018331186809E-001  3.633255900871E-002 -3.352614142119E+000
  4.533230992589E-001  9.019930824227E-001  1.620414554483E-002 -3.244945868473E+000
  4.594928503202E-001  9.020319710020E-001 -3.489624180421E-003 -3.139609499470E+000
  4.657308513924E-001  9.019497911921E-001 -2.275138790863E-002 -3.036583152128E+000
  4.720379334802E-001  9.017465732758E-001 -4.158390234950E-002 -2.935843869294E+000
  4.784149414579E-001  9.014223706508E-001 -5.999003691647E-002 -2.837367662215E+000
  4.848627343381E-001  9.009772594470E-001 -7.797276738136E-002 -2.741129554564E+000
  4.913821855461E-001  9.004113381560E-001 -9.553516946188E-002 -2.647103627842E+000
  4.979741832006E-001  8.997247272766E-001 -1.126804123560E-001 -2.555263068080E+000
  5.046396304008E-001  8.989175689765E-001 -1.294117522378E-001 -2.465580213760E+000
  5.113794455212E-001  8.979900267739E-001 -1.457325257305E-001 -2.378026604861E+000
  5.181945625116E-001  8.969422852397E-001 -1.616461433703E-001 -2.292573032944E+000
  5.250859312060E-001  8.957745497224E-001 -1.771560830797E-001 -2.209189592181E+000
  5.320545176366E-001  8.944870460984E-001 -1.922658836628E-001 -2.127845731218E+000
  5.391013043575E-001  8.930800205488E-001 -2.069791383428E-001 -2.048510305780E+000
  5.462272907741E-001  8.915537393647E-001 -2.212994883543E-001 -1.971151631901E+000
  5.534334934816E-001  8.899084887833E-001 -2.352306166110E-001 -1.895737539667E+000
  5.607209466109E-001  8.881445748559E-001 -2.487762414622E-001 -1.822235427363E+000
  5.680907021827E-001  8.862623233500E-001 -2.619401105583E-001 -1.750612315899E+000
  5.755438304707E-001  8.842620796868E-001 -2.747259948393E-001 -1.680834903400E+000
  5.830814203728E-001  8.821442089158E-001 -2.871376826662E-001 -1.612869619829E+000
  5.907045797917E-001  8.799090957280E-001 -2.991789741098E-001 -1.546682681519E+000
  5.984144360243E-001  8.775571445089E-001 -3.108536754152E-001 -1.482240145495E+000
  6.062121361613E-001  8.750887794326E-001 -3.221655936578E-001 -1.419507963435E+000
  6.140988474955E-001  8.725044445985E-001 -3.331185316085E-001 -1.358452035167E+000
  6.220757579409E-001  8.698046042102E-001 -3.437162828214E-001 -1.299038261545E+000
  6.301440764614E-001  8.669897427998E-001 -3.539626269632E-001 -1.241232596587E+000
  6.383050335109E-001  8.640603654964E-001 -3.638613253966E-001 -1.185001098739E+000
  6.465598814833E-001  8.610169983396E-001 -3.734161170336E-001 -1.130309981125E+000
  6.549098951744E-001  8.578601886389E-001 -3.826307144727E-001 -1.077125660668E+000
  6.633563722545E-001  8.545905053798E-001 -3.915088004333E-001 -1.025414805939E+000
  6.719006337539E-001  8.512085396744E-001 -4.000540245000E-001 -9.751443836129E-001
  6.805440245593E-001  8.477149052591E-001 -4.082700001886E-001 -9.262817033960E-001
  6.892879139233E-001  8.441102390363E-001 -4.161603023445E-001 -8.787944613208E-001
  6.981336959871E-001  8.403952016626E-001 -4.237284648841E-001 -8.326507812696E-001
  7.070827903152E-001  8.365704781790E-001 -4.309779788881E-001 -7.878192546214E-001
  7.161366424455E-001  8.326367786852E-001 -4.379122910537E-001 -7.442689779087E-001
  7.252967244510E-001  8.285948390553E-001 -4.445348025143E-001 -7.019695883770E-001
  7.345645355186E-001  8.244454216935E-001 -4.508488680298E-001 -6.608912973459E-001
  7.439416025400E-001  8.201893163277E-001 -4.568577955543E-001 -6.210049212777E-001
  7.534294807203E-001  8.158273408404E-001 -4.625648461825E-001 -5.822819104623E-001
  7.630297542000E-001  8.113603421326E-001 -4.679732344762E-001 -5.446943752387E-001
  7.727440366954E-001  8.067891970199E-001 -4.730861291723E-001 -5.082151096766E-001
  7.825739721536E-001  8.021148131571E-001 -4.779066542700E-001 -4.728176126521E-001
  7.925212354258E-001  7.973381299887E-001 -4.824378904939E-001 -4.384761062586E-001
  8.025875329584E-001  7.924601197216E-001 -4.866828771290E-001 -4.051655515025E-001
  8.127746035011E-001  7.874817883173E-001 -4.906446142220E-001 -3.728616612437E-001
  8.230842188350E-001  7.824041764986E-001 -4.943260651398E-001 -3.415409103487E-001
  8.335181845190E-001  7.772283607676E-001 -4.977301594767E-001 -3.111805430358E-001
  8.440783406568E-001  7.719554544314E-001 -5.008597962985E-001 -2.817585773998E-001
  8.547665626839E-001  7.665866086289E-001 -5.037178477123E-001 -2.532538071168E-001
  8.655847621758E-001  7.611230133560E-001 -5.063071627449E-001 -2.256458003374E-001
  8.765348876780E-001  7.555658984840E-001 -5.086305715160E-001 -1.989148957909E-001
  8.876189255584E-001  7.499165347650E-001 -5.106908896875E-001 -1.730421961306E-001
  8.988389008829E-001  7.441762348194E-001 -5.124909231695E-001 -1.480095585645E-001
  9.101968783143E-001  7.383463541017E-001 -5.140334730617E-001 -1.237995828253E-001
  9.216949630368E-001  7.324282918359E-001 -5.153213408088E-001 -1.003955965453E-001
  9.333353017046E-001  7.264234919179E-001 -5.163573335445E-001 -7.778163811252E-002
  9.451200834176E-001  7.203334437765E-001 -5.171442696001E-001 -5.594243709770E-002
  9.570515407237E-001  7.141596831887E-001 -5.176849841492E-001 -3.486339234874E-002
  9.691319506484E-001  7.079037930428E-001 -5.179823349624E-001 -1.453054786421E-002
  9.813636357544E-001  7.015674040429E-001 -5.180392082417E-001  5.069433434922E-003
  9.937489652293E-001  6.951521953492E-001 -5.178585245043E-001  2.394929790464E-002
  1.006290356005E+000  6.886598951476E-001 -5.174432444852E-001  4.212123120858E-002
  1.018990273907E+000  6.820922811430E-001 -5.167963750265E-001  5.959689003058E-002
  1.031851234841E+000  6.754511809704E-001 -5.159209749200E-001  7.638743531132E-002
  1.044875806003E+000  6.687384725169E-001 -5.148201606713E-001  9.250356684284E-002
  1.058066607138E+000  6.619560841512E-001 -5.134971121500E-001  1.079555590476E-001
  1.071426311823E+000  6.551059948517E-001 -5.119550780940E-001  1.227532977613E-001
  1.084957648792E+000  6.481902342316E-001 -5.101973814324E-001  1.369063178346E-001
  1.098663403298E+000  6.412108824527E-001 -5.082274243947E-001  1.504238413602E-001
  1.112546418516E+000  6.341700700249E-001 -5.060486933712E-001  1.633148163319E-001
  1.126609596985E+000  6.270699774866E-001 -5.036647634928E-001  1.755879555358E-001
  1.140855902095E+000  6.199128349616E-001 -5.010793028978E-001  1.872517754723E-001
  1.155288359613E+000  6.127009215880E-001 -4.982960766532E-001  1.983146351074E-001
  1.169910059257E+000  6.054365648176E-001 -4.953189503011E-001  2.087847742489E-001
  1.184724156317E+000  5.981221395808E-001 -4.921518930003E-001  2.186703513486E-001
  1.199733873325E+000  5.907600673157E-001 -4.887989802355E-001  2.279794805273E-001
  1.214942501771E+000  5.833528148593E-001 -4.852643960689E-001  2.367202676290E-001
  1.230353403874E+000  5.759028931989E-001 -4.815524349078E-001  2.449008451095E-001
  1.245970014403E+000  5.684128560839E-001 -4.776675027684E-001  2.525294055749E-001
  1.261795842559E+000  5.608852984956E-001 -4.736141180133E-001  2.596142337865E-001
  1.277834473907E+000  5.533228549787E-001 -4.693969115473E-001  2.661637369627E-001
  1.294089572372E+000  5.457281978318E-001 -4.650206264546E-001  2.721864732115E-001
  1.310564882294E+000  5.381040351612E-001 -4.604901170656E-001  2.776911779409E-001
  1.327264230548E+000  5.304531087993E-001 -4.558103474439E-001  2.826867881035E-001
  1.344191528724E+000  5.227781920907E-001 -4.509863892863E-001  2.871824641452E-001
  1.361350775387E+000  5.150820875489E-001 -4.460234192325E-001  2.911876095382E-001
  1.378746058390E+000  5.073676243901E-001 -4.409267155847E-001  2.947118877951E-001
  1.396381557275E+000  4.996376559466E-001 -4.357016544390E-001  2.977652368746E-001
  1.414261545744E+000  4.918950569670E-001 -4.303537052351E-001  3.003578809024E-001
  1.432390394201E+000  4.841427208098E-001 -4.248884257356E-001  3.025003391511E-001
  1.450772572390E+000  4.763835565362E-001 -4.193114564447E-001  3.042034322356E-001
  1.469412652102E+000  4.686204859111E-001 -4.136285144866E-001  3.054782854997E-001
  1.488315309978E+000  4.608564403201E-001 -4.078453869603E-001  3.063363295856E-001
  1.507485330398E+000  4.530943576113E-001 -4.019679237966E-001  3.067892981973E-001
  1.526927608467E+000  4.453371788713E-001 -3.960020301416E-001  3.068492230841E-001
  1.546647153093E+000  4.375878451461E-001 -3.899536582983E-001  3.065284262908E-001
  1.566649090169E+000  4.298492941167E-001 -3.838287992588E-001  3.058395097360E-001
  1.586938665861E+000  4.221244567396E-001 -3.776334738613E-001  3.047953422000E-001
  1.607521250000E+000  4.144162538655E-001 -3.713737236131E-001  3.034090438178E-001
  1.628402339588E+000  4.067275928457E-001 -3.650556012185E-001  3.016939681914E-001
  1.649587562420E+000  3.990613641385E-001 -3.586851608562E-001  2.996636822499E-001
  1.671082680832E+000  3.914204379284E-001 -3.522684482520E-001  2.973319440013E-001
  1.692893595565E+000  3.838076607694E-001 -3.458114905933E-001  2.947126783340E-001
  1.715026349769E+000  3.762258522638E-001 -3.393202863359E-001  2.918199510382E-001
  1.737487133138E+000  3.686778017906E-001 -3.328007949517E-001  2.886679412312E-001
  1.760282286187E+000  3.611662652930E-001 -3.262589266708E-001  2.852709123785E-001
  1.783418304674E+000  3.536939621378E-001 -3.197005322680E-001  2.816431821138E-001
  1.806901844175E+000  3.462635720588E-001 -3.131313929470E-001  2.777990910685E-001
  1.830739724818E+000  3.388777321935E-001 -3.065572103739E-001  2.737529709277E-001
  1.854938936184E+000  3.315390342248E-001 -2.999835969127E-001  2.695191119332E-001
  1.879506642368E+000  3.242500216370E-001 -2.934160661119E-001  2.651117300594E-001
  1.904450187236E+000  3.170131870961E-001 -2.868600234932E-001  2.605449340868E-001
  1.929777099847E+000  3.098309699625E-001 -2.803207576908E-001  2.558326928011E-001
  1.955495100083E+000  3.027057539432E-001 -2.738034319853E-001  2.509888025393E-001
  1.981612104475E+000  2.956398648920E-001 -2.673130762778E-001  2.460268553051E-001
  2.008136232230E+000  2.886355687624E-001 -2.608545795449E-001  2.409602076671E-001
  2.035075811486E+000  2.816950697184E-001 -2.544326828121E-001  2.358019506488E-001
  2.062439385788E+000  2.748205084074E-001 -2.480519726800E-001  2.305648808078E-001
  2.090235720801E+000  2.680139603978E-001 -2.417168754355E-001  2.252614726953E-001
  2.118473811262E+000  2.612774347826E-001 -2.354316517734E-001  2.199038528708E-001
  2.147162888201E+000  2.546128729505E-001 -2.292003921522E-001  2.145037756366E-001
  2.176312426413E+000  2.480221475219E-001 -2.230270128018E-001  2.090726006420E-001
  2.205932152222E+000  2.415070614496E-001 -2.169152523964E-001  2.036212724898E-001
  2.236032051522E+000  2.350693472804E-001 -2.108686694025E-001  1.981603024628E-001
  2.266622378129E+000  2.287106665729E-001 -2.048906401041E-001  1.926997524680E-001
  2.297713662445E+000  2.224326094658E-001 -1.989843573049E-001  1.872492212804E-001
  2.329316720450E+000  2.162366943907E-001 -1.931528297010E-001  1.818178331467E-001
  2.361442663038E+000  2.101243679214E-001 -1.873988819125E-001  1.764142287915E-001
  2.394102905709E+000  2.040970047501E-001 -1.817251551575E-001  1.710465588456E-001
  2.427309178642E+000  1.981559077819E-001 -1.761341085469E-001  1.657224797011E-001
  2.461073537146E+000  1.923023083360E-001 -1.706280209745E-001  1.604491517716E-001
  2.495408372530E+000  1.865373664434E-001 -1.652089935715E-001  1.552332401212E-001
  2.530326423398E+000  1.808621712273E-001 -1.598789526895E-001  1.500809174045E-001
  2.565840787378E+000  1.752777413566E-001 -1.546396533748E-001  1.449978690392E-001
  2.601964933334E+000  1.697850255564E-001 -1.494926832891E-001  1.399893005198E-001
  2.638712714049E+000  1.643849031657E-001 -1.444394670330E-001  1.350599467578E-001
  2.676098379430E+000  1.590781847268E-001 -1.394812708220E-001  1.302140833228E-001
  2.714136590232E+000  1.538656125962E-001 -1.346192074648E-001  1.254555394415E-001
  2.752842432351E+000  1.487478615611E-001 -1.298542415904E-001  1.207877125989E-001
  2.792231431696E+000  1.437255394540E-001 -1.251871950715E-001  1.162135845757E-001
  2.832319569669E+000  1.387991877501E-001 -1.206187525876E-001  1.117357387441E-001
  2.873123299289E+000  1.339692821398E-001 -1.161494672752E-001  1.073563784367E-001
  2.914659561979E+000  1.292362330664E-001 -1.117797664096E-001  1.030773461985E-001
  2.956945805065E+000  1.246003862206E-001 -1.075099570669E-001  9.890014372672E-002
  3.000000000000E+000  1.200620229861E-001 -1.033402317144E-001  9.482595230029E-002
  3.043840661365E+000  1.156213608312E-001 -9.927067368249E-002  9.085565350353E-002
  3.088486866678E+000  1.112785536424E-001 -9.530126247204E-002  8.698985004922E-002
  3.133958277047E+000  1.070336919999E-001 -9.143187885770E-002  8.322888651109E-002
  3.180275158719E+000  1.028868033953E-001 -8.766230974929E-002  7.957286978326E-002
  3.227458405560E+000  9.883785239293E-002 -8.399225278068E-002  7.602168909245E-002
  3.275529562509E+000  9.488674074177E-002 -8.042132059993E-002  7.257503540002E-002
  3.324510850077E+000  9.103330744222E-002 -7.694904484061E-002  6.923242004403E-002
  3.374425189910E+000  8.727732877847E-002 -7.357487976064E-002  6.599319248605E-002
  3.425296231502E+000  8.361851832599E-002 -7.029820554137E-002  6.285655704411E-002
  3.477148380094E+000  8.005652694730E-002 -6.711833124649E-002  5.982158851102E-002
  3.530006825834E+000  7.659094279008E-002 -6.403449744717E-002  5.688724657660E-002
  3.583897574256E+000  7.322129130343E-002 -6.104587852647E-002  5.405238899258E-002
  3.638847478148E+000  6.994703528937E-002 -5.815158468293E-002  5.131578343967E-002
  3.694884270887E+000  6.676757500758E-002 -5.535066365935E-002  4.867611807827E-002
  3.752036601308E+000  6.368224835204E-002 -5.264210222894E-002  4.613201078502E-002
  3.810334070199E+000  6.069033111866E-002 -5.002482747627E-002  4.368201709945E-002
  3.869807268505E+000  5.779103738265E-002 -4.749770791544E-002  4.132463692533E-002
  3.930487817331E+000  5.498352000425E-002 -4.505955449158E-002  3.905832005111E-002
  3.992408409843E+000  5.226687128001E-002 -4.270912151525E-002  3.688147057264E-002
  4.055602855172E+000  4.964012375591E-002 -4.044510758109E-002  3.479245031793E-002
  4.120106124432E+000  4.710225121622E-002 -3.826615652335E-002  3.278958138887E-002
  4.185954398964E+000  4.465216986029E-002 -3.617085846059E-002  3.087114794714E-002
  4.253185120935E+000  4.228873967605E-002 -3.415775098061E-002  2.903539738186E-002
  4.321837046422E+000  4.001076601632E-002 -3.222532051390E-002  2.728054100317E-002
  4.391950301120E+000  3.781700138032E-002 -3.037200394020E-002  2.560475441052E-002
  4.463566438835E+000  3.570614739893E-002 -2.859619046753E-002  2.400617768474E-002
  4.536728502895E+000  3.367685701820E-002 -2.689622381662E-002  2.248291555078E-002
  4.611481090679E+000  3.172773687131E-002 -2.527040473665E-002  2.103303765199E-002
  4.687870421430E+000  2.985734982509E-002 -2.371699386927E-002  1.965457906767E-002
  4.765944407533E+000  2.806421768269E-002 -2.223421496928E-002  1.834554119319E-002
  4.845752729492E+000  2.634682402012E-002 -2.082025847987E-002  1.710389308677E-002
  4.927346914797E+000  2.470361713046E-002 -1.947328545053E-002  1.592757336889E-002
  5.010780420931E+000  2.313301304624E-002 -1.819143177500E-002  1.481449274009E-002
  5.096108722763E+000  2.163339860769E-002 -1.697281271629E-002  1.376253716060E-002
  5.183389404586E+000  2.020313454221E-002 -1.581552767587E-002  1.276957171198E-002
  5.272682257105E+000  1.884055851940E-002 -1.471766515461E-002  1.183344513640E-002
  5.364049379651E+000  1.754398814521E-002 -1.367730784489E-002  1.095199502498E-002
  5.457555287978E+000  1.631172385965E-002 -1.269253778587E-002  1.012305360276E-002
  5.553267027968E+000  1.514205170395E-002 -1.176144150870E-002  9.344454035097E-003
  5.651254295630E+000  1.403324592608E-002 -1.088211509434E-002  8.614037159595E-003
  5.751589563796E+000  1.298357139730E-002 -1.005266906513E-002  7.929658529439E-003
  5.854348215936E+000  1.199128581777E-002 -9.271233031711E-003  7.289195638972E-003
  5.959608687557E+000  1.105464169531E-002 -8.535960019554E-003  6.690555190922E-003
  6.067452615683E+000  1.017188808866E-002 -7.845030404831E-003  6.131680257514E-003
  6.177964996951E+000  9.341272114854E-003 -7.196655396761E-003  5.610557185004E-003
  6.291234354880E+000  8.561040228666E-003 -6.589080013615E-003  5.125222093194E-003
  6.407352916949E+000  7.829439291827E-003 -6.020585511570E-003  4.673766828365E-003
  6.526416802128E+000  7.144717458605E-003 -5.489491239603E-003  4.254344239668E-003
  6.648526219580E+000  6.505124913834E-003 -4.994155909050E-003  3.865172665161E-003
  6.773785679311E+000  5.908914508108E-003 -4.532978283129E-003  3.504539533966E-003
  6.902304215570E+000  5.354342342734E-003 -4.104397308917E-003  3.170804014885E-003
  7.034195623922E+000  4.839668363685E-003 -3.706891731621E-003  2.862398668564E-003
  7.169578712934E+000  4.363157028770E-003 -3.338979247745E-003  2.577830089129E-003
  7.308577571516E+000  3.923078115303E-003 -2.999215269362E-003  2.315678551133E-003
  7.451321853057E+000  3.517707736212E-003 -2.686191385502E-003  2.074596707629E-003
  7.597947077547E+000  3.145329630666E-003 -2.398533617994E-003  1.853307414230E-003
  7.748594953021E+000  2.804236790575E-003 -2.134900577449E-003  1.650600780859E-003
  7.903413717736E+000  2.492733476644E-003 -1.893981629771E-003  1.465330576642E-003
  8.062558504629E+000  2.209137667046E-003 -1.674495184433E-003  1.296410132934E-003
  8.226191729726E+000  1.951783968281E-003 -1.475187212202E-003  1.142807903956E-003
  8.394483506327E+000  1.719027001584E-003 -1.294830092117E-003  1.003542853239E-003
  8.567612086926E+000  1.509245259863E-003 -1.132221875196E-003  8.776798364603E-004
  8.745764335025E+000  1.320845409861E-003 -9.861860358579E-004  7.643251470778E-004
  8.929136229160E+000  1.152266992930E-003 -8.555717617480E-004  6.626223803227E-004
  9.117933401693E+000  1.001987456048E-003 -7.392548092614E-004  5.717487539444E-004
  9.312371715124E+000  8.685274235764E-004 -6.361389262225E-004  4.909120010593E-004
  9.512677878945E+000  7.504561005230E-004 -5.451578160454E-004  4.193479224588E-004
  9.719090110332E+000  6.463966809309E-004 -4.652775902798E-004  3.563186538269E-004
  9.931858842267E+000  5.550316213370E-004 -3.954996300271E-004  3.011116688623E-004
  1.015124748302E+001  4.751076300802E-004 -3.348637525746E-004  2.530395038162E-004
  1.037753323129E+001  4.054402193956E-004 -2.824515590184E-004  2.114401540836E-004
  1.061100795175E+001  3.449176694247E-004 -2.373898228402E-004  1.756780609251E-004
  1.085197911611E+001  2.925042619426E-004 -1.988537694349E-004  1.451455778011E-004
  1.110077081537E+001  2.472426569547E-004 -1.660700932884E-004  1.192647826922E-004
  1.135772484956E+001  2.082553071812E-004 -1.383195634352E-004  9.748948647125E-005
  1.162320190175E+001  1.747448333518E-004 -1.149390791761E-004  7.930727885492E-005
  1.189758280382E+001  1.459933162754E-004 -9.532305661776E-005  6.424145330839E-005
  1.218126990242E+001  1.213604986200E-004 -7.892405178282E-005  5.185266062684E-005
  1.247468853413E+001  1.002809286458E-004 -6.525255679961E-005  4.174015743172E-005
  1.277828862002E+001  8.226011795348E-005 -5.387594057551E-005  3.354253963622E-005
  1.309254639077E+001  6.686982361102E-005 -4.441654263001E-005  2.693788072785E-005
  1.341796625462E+001  5.374259970371E-005 -3.654896639774E-005  2.164322874493E-005
  1.375508282195E+001  4.256579236754E-005 -2.999665417530E-005  1.741345203398E-005
  1.410446310162E+001  3.307517386755E-005 -2.452785785086E-005  1.403946002666E-005
  1.446670888596E+001  2.504842374818E-005 -1.995114565527E-005  1.134585909611E-005
  1.484245934302E+001  1.829866747182E-005 -1.611060375026E-005  9.188132904193E-006
  1.523239383723E+001  1.266827480563E-005 -1.288090131303E-005  7.449459693907E-006
  1.563723500136E+001  8.023101704705E-006 -1.016238823611E-005  6.037294321604E-006
  1.605775208607E+001  4.247331449651E-006 -7.876385620412E-006  4.879849636905E-006
  1.649476461582E+001  1.239034868671E-006 -5.960811538258E-006  3.922609918529E-006
  1.694914638379E+001 -1.093472258781E-006 -4.366259351749E-006  3.124998936671E-006
  1.742182982203E+001 -2.834441468414E-006 -3.052615002025E-006  2.457307931765E-006
  1.791381078784E+001 -4.062685690927E-006 -1.986265354242E-006  1.897965991599E-006
  1.842615381215E+001 -4.852809978771E-006 -1.137914336641E-006  1.431208962618E-006
  1.895999786176E+001 -5.275771011455E-006 -4.809897219473E-007  1.045175324054E-006
  1.951656267356E+001 -5.398887003609E-006  9.406742519476E-009  7.304305501621E-007
  2.009715572669E+001 -5.285439488923E-006  3.570776207711E-007  4.788973440427E-007
  2.070317992707E+001 -4.994017550854E-006  5.849256566985E-007  2.831493292156E-007
  2.133614208874E+001 -4.577753137588E-006  7.148659526207E-007  1.360114186970E-007
  2.199766230782E+001 -4.083583710202E-006  7.675548020060E-007  3.040167128202E-008
  2.268948433818E+001 -3.551657018334E-006  7.620297384002E-007 -4.065304656795E-008
  2.341348709294E+001 -3.014964367254E-006  7.153432954993E-007 -8.389239268137E-008
  2.417169741362E+001 -2.499255953136E-006  6.422561777563E-007 -1.056463697975E-007
  2.496630426925E+001 -2.023257628346E-006  5.550358572315E-007 -1.116546271818E-007
  2.579967457140E+001 -1.599175802318E-006  4.633859897443E-007 -1.069158893749E-007
  2.667437081864E+001 -1.233448866921E-006  3.745123645153E-007 -9.558931295153E-008
  2.759317081651E+001 -9.276818757430E-007  2.933140206656E-007 -8.095744194593E-008
  2.855908975674E+001 -6.796878312214E-007  2.226749695268E-007 -6.545000665732E-008
  2.957540498378E+001 -4.845546043871E-007  1.638234725915E-007 -5.071978906161E-008
  3.064568382919E+001 -3.356610308370E-007  1.167223292185E-007 -3.775653881195E-008
  3.177381495601E+001 -2.255779401028E-007  8.045487166317E-008 -2.702251839946E-008
  3.296404372807E+001 -1.468077960498E-007  5.357659503327E-008 -1.859343435982E-008
  3.422101220608E+001 -9.233766997123E-008  3.441041712634E-008 -1.229077298512E-008
  3.554980447538E+001 -5.600159481972E-008  2.127307632454E-008 -7.795228825583E-009
  3.695599813319E+001 -3.266725749980E-008  1.262969360160E-008 -4.735237862979E-009
  3.844572291106E+001 -1.827630934786E-008  7.181761178053E-009 -2.748875403176E-009
  4.002572758518E+001 -9.775998124794E-009  3.899827938609E-009 -1.520947699442E-009
  4.170345654134E+001 -4.982058137867E-009  2.015447316848E-009 -7.995962860817E-010
  4.348713762001E+001 -2.409554905165E-009  9.875579466432E-010 -3.979902149816E-010
  4.538588318162E+001 -1.101175271659E-009  4.568477123517E-010 -1.867880805434E-010
  4.740980671574E+001 -4.732170052424E-010  1.985758151111E-010 -8.227986907737E-011
  4.957015778746E+001 -1.901928045718E-010  8.066845257306E-011 -3.384043378645E-011
  5.187947869225E+001 -7.105961251608E-011  3.044357286321E-011 -1.291854565407E-011
  5.435178690397E+001 -2.451277142777E-011  1.060159930878E-011 -4.547102162220E-012
  5.700278828629E+001 -7.747893816548E-012  3.380901816480E-012 -1.464649979291E-012
  5.985012714155E+001 -2.224635159111E-012  9.789480594871E-013 -4.280752536050E-013
  6.291368055481E+001 -5.746431232901E-013  2.548879246219E-013 -1.124384677962E-013
  6.621590623276E+001 -1.320765269443E-013  5.902548336825E-014 -2.625294416124E-014
  6.978225524452E+001 -2.667591172596E-014  1.200664327088E-014 -5.381699457478E-015
  7.364166388185E+001 -4.667730492360E-015  2.115113315544E-015 -9.549795894092E-016
  7.782714245929E+001 -6.961988469809E-016  3.174930194185E-016 -1.443361916860E-016
  8.237648351994E+001 -8.687977426360E-017  3.986111239458E-017 -1.823904814455E-017
  8.733311794502E+001 -8.878970346383E-018  4.097212288033E-018 -1.886234391778E-018
  9.274715535088E+001 -7.249780961016E-019  3.363712022260E-019 -1.557519884817E-019
  9.867665554529E+001 -4.595679795368E-020  2.143342703015E-020 -9.978758521067E-021
  1.051891916055E+002 -2.187399147106E-021  1.025189172747E-021 -4.797664914072E-022
  1.123637836013E+002 -7.517596064746E-023  3.539818629429E-023 -1.664663226147E-023
  1.202933069206E+002 -1.781679041727E-024  8.426645591958E-025 -3.981116480765E-025
  1.290875131414E+002 -2.757785092707E-026  1.309817799484E-026 -6.215231668712E-027
  1.388768482001E+002 -2.613247740630E-028  1.246127926185E-028 -5.937484006007E-029
  1.498173177370E+002 -1.403050944040E-030  6.715795298922E-031 -3.212424139082E-031
  1.620967411853E+002 -3.888151546349E-033  1.867769305972E-033 -8.967288290308E-034
  1.759428668168E+002 -4.966579935854E-036  2.393927437316E-036 -1.153353510920E-036
  1.916340085825E+002 -2.546498027525E-039  1.231376812090E-039 -5.952110007291E-040
  2.095131417987E+002 -4.419101668271E-043  2.143379762133E-043 -1.039264533632E-043
  2.300068054477E+002 -2.099290855670E-047  1.021130647603E-047 -4.965660263984E-048
  2.536507797910E+002 -2.090969971388E-052  1.019831760642E-052 -4.972990076894E-053
  2.811254638474E+002 -3.111896765880E-058  1.521628576107E-058 -7.439066401059E-059
  3.133053780630E+002 -4.476263574133E-065  2.193989785196E-065 -1.075214020508E-065
  3.513296254502E+002 -3.527747166459E-073  1.732951829644E-073 -8.511956953044E-074
  3.967041014107E+002 -7.190366483161E-083  3.539537251904E-083 -1.742232682619E-083
  4.514529193350E+002 -1.381389888342E-094  6.813277281566E-095 -3.360225972633E-095
  5.183481233601E+002 -6.275717697456E-109  3.100893633981E-109 -1.532109351812E-109
  6.012676077950E+002 -9.737410625222E-127  4.819381390552E-127 -2.385195287160E-127
  7.057700503752E+002 -3.219169627264E-149  1.595724353151E-149 -7.909717295411E-150
  8.400513767914E+002 -3.789124652530E-178  1.880884142576E-178 -9.336358958449E-179
  1.016602135495E+003 -3.104624118054E-216  1.543068613641E-216 -7.669309308159E-217
  1.255220715579E+003 -8.985765901146E-268  4.471252157711E-268 -2.224845395422E-268
  1.588815776243E+003  0.000000000000E+000  0.000000000000E+000  0.000000000000E+000
  2.075392011604E+003  0.000000000000E+000  0.000000000000E+000  0.000000000000E+000
  2.825079847528E+003  0.000000000000E+000  0.000000000000E+000  0.000000000000E+000
  4.068408296183E+003  0.000000000000E+000  0.000000000000E+000  0.000000000000E+000
  6.357262947672E+003  0.000000000000E+000  0.000000000000E+000  0.000000000000E+000
  1.130231930164E+004  0.000000000000E+000  0.000000000000E+000  0.000000000000E+000
  2.543105175136E+004  0.000000000000E+000  0.000000000000E+000  0.000000000000E+000
  1.017262069952E+005  0.000000000000E+000  0.000000000000E+000  0.000000000000E+000
