# 1st line: number of mesh points
# abcissa wavefunction wavefunction_1st wavefunction_2nd
500
# Principal QN=   2 , l=   0 , Occupation=   1.9990
  9.830308526563E-006  1.015976964691E+001 -8.255021394568E+001  5.818822745391E+002
  3.932200719722E-005  1.015733535391E+001 -8.253305513830E+001  5.817541537932E+002
  8.847741541467E-005  1.015327911064E+001 -8.250446402252E+001  5.815406763945E+002
  1.573003992805E-004  1.014760228427E+001 -8.246445093927E+001  5.812419280744E+002
  2.457963722418E-004  1.014030678795E+001 -8.241303035813E+001  5.808580287864E+002
  3.539722959954E-004  1.013139507996E+001 -8.235022086965E+001  5.803891326357E+002
  4.818366816529E-004  1.012087016253E+001 -8.227604517548E+001  5.798354277886E+002
  6.293995911626E-004  1.010873558051E+001 -8.219053007621E+001  5.791971363621E+002
  7.966726389935E-004  1.009499541971E+001 -8.209370645723E+001  5.784745142937E+002
  9.836689940782E-004  1.007965430507E+001 -8.198560927221E+001  5.776678511908E+002
  1.190403382016E-003  1.006271739848E+001 -8.186627752456E+001  5.767774701611E+002
  1.416892087541E-003  1.004419039644E+001 -8.173575424669E+001  5.758037276230E+002
  1.663152957245E-003  1.002407952747E+001 -8.159408647712E+001  5.747470130963E+002
  1.929205402573E-003  1.000239154921E+001 -8.144132523551E+001  5.736077489737E+002
  2.215070403073E-003  9.979133745354E+000 -8.127752549557E+001  5.723863902737E+002
  2.520770509919E-003  9.954313922304E+000 -8.110274615584E+001  5.710834243731E+002
  2.846329849692E-003  9.927940405594E+000 -8.091705000844E+001  5.696993707219E+002
  3.191774128432E-003  9.900022036079E+000 -8.072050370578E+001  5.682347805387E+002
  3.557130635959E-003  9.870568165888E+000 -8.051317772517E+001  5.666902364881E+002
  3.942428250463E-003  9.839588654152E+000 -8.029514633148E+001  5.650663523392E+002
  4.347697443358E-003  9.807093862490E+000 -8.006648753782E+001  5.633637726067E+002
  4.772970284417E-003  9.773094650280E+000 -7.982728306417E+001  5.615831721735E+002
  5.218280447175E-003  9.737602369698E+000 -7.957761829418E+001  5.597252558963E+002
  5.683663214611E-003  9.700628860537E+000 -7.931758222998E+001  5.577907581936E+002
  6.169155485101E-003  9.662186444806E+000 -7.904726744514E+001  5.557804426162E+002
  6.674795778653E-003  9.622287921117E+000 -7.876677003575E+001  5.536951014018E+002
  7.200624243425E-003  9.580946558853E+000 -7.847618956971E+001  5.515355550121E+002
  7.746682662519E-003  9.538176092130E+000 -7.817562903421E+001  5.493026516546E+002
  8.313014461060E-003  9.493990713548E+000 -7.786519478141E+001  5.469972667878E+002
  8.899664713569E-003  9.448405067749E+000 -7.754499647245E+001  5.446203026114E+002
  9.506680151615E-003  9.401434244757E+000 -7.721514701976E+001  5.421726875408E+002
  1.013410917176E-002  9.353093773144E+000 -7.687576252764E+001  5.396553756668E+002
  1.078200184380E-002  9.303399612983E+000 -7.652696223132E+001  5.370693462012E+002
  1.145040991929E-002  9.252368148629E+000 -7.616886843438E+001  5.344156029078E+002
  1.213938684040E-002  9.200016181301E+000 -7.580160644462E+001  5.316951735198E+002
  1.284898774901E-002  9.146360921498E+000 -7.542530450845E+001  5.289091091433E+002
  1.357926949620E-002  9.091419981224E+000 -7.504009374382E+001  5.260584836490E+002
  1.433029065191E-002  9.035211366052E+000 -7.464610807172E+001  5.231443930500E+002
  1.510211151509E-002  8.977753467018E+000 -7.424348414626E+001  5.201679548681E+002
  1.589479412397E-002  8.919065052342E+000 -7.383236128352E+001  5.171303074886E+002
  1.670840226680E-002  8.859165259005E+000 -7.341288138899E+001  5.140326095026E+002
  1.754300149280E-002  8.798073584163E+000 -7.298518888387E+001  5.108760390400E+002
  1.839865912351E-002  8.735809876412E+000 -7.254943063009E+001  5.076617930910E+002
  1.927544426443E-002  8.672394326909E+000 -7.210575585423E+001  5.043910868180E+002
  2.017342781695E-002  8.607847460356E+000 -7.165431607036E+001  5.010651528576E+002
  2.109268249069E-002  8.542190125845E+000 -7.119526500173E+001  4.976852406144E+002
  2.203328281612E-002  8.475443487576E+000 -7.072875850158E+001  4.942526155456E+002
  2.299530515754E-002  8.407629015451E+000 -7.025495447292E+001  4.907685584375E+002
  2.397882772639E-002  8.338768475544E+000 -6.977401278742E+001  4.872343646748E+002
  2.498393059493E-002  8.268883920464E+000 -6.928609520346E+001  4.836513435027E+002
  2.601069571024E-002  8.197997679600E+000 -6.879136528342E+001  4.800208172824E+002
  2.705920690860E-002  8.126132349274E+000 -6.828998831016E+001  4.763441207406E+002
  2.812954993023E-002  8.053310782786E+000 -6.778213120282E+001  4.726226002135E+002
  2.922181243436E-002  7.979556080372E+000 -6.726796243209E+001  4.688576128854E+002
  3.033608401473E-002  7.904891579070E+000 -6.674765193472E+001  4.650505260240E+002
  3.147245621542E-002  7.829340842516E+000 -6.622137102766E+001  4.612027162102E+002
  3.263102254705E-002  7.752927650648E+000 -6.568929232167E+001  4.573155685657E+002
  3.381187850339E-002  7.675675989354E+000 -6.515158963449E+001  4.533904759771E+002
  3.501512157837E-002  7.597610040050E+000 -6.460843790370E+001  4.494288383181E+002
  3.624085128345E-002  7.518754169200E+000 -6.406001309928E+001  4.454320616699E+002
  3.748916916538E-002  7.439132917783E+000 -6.350649213586E+001  4.414015575397E+002
  3.876017882444E-002  7.358770990713E+000 -6.294805278487E+001  4.373387420796E+002
  4.005398593302E-002  7.277693246224E+000 -6.238487358649E+001  4.332450353049E+002
  4.137069825459E-002  7.195924685209E+000 -6.181713376161E+001  4.291218603125E+002
  4.271042566323E-002  7.113490440542E+000 -6.124501312367E+001  4.249706425009E+002
  4.407328016341E-002  7.030415766366E+000 -6.066869199064E+001  4.207928087915E+002
  4.545937591035E-002  6.946726027371E+000 -6.008835109704E+001  4.165897868521E+002
  4.686882923075E-002  6.862446688060E+000 -5.950417150615E+001  4.123630043230E+002
  4.830175864396E-002  6.777603302005E+000 -5.891633452243E+001  4.081138880464E+002
  4.975828488365E-002  6.692221501109E+000 -5.832502160423E+001  4.038438632994E+002
  5.123853091993E-002  6.606326984870E+000 -5.773041427677E+001  3.995543530322E+002
  5.274262198188E-002  6.519945509663E+000 -5.713269404561E+001  3.952467771096E+002
  5.427068558066E-002  6.433102878029E+000 -5.653204231048E+001  3.909225515598E+002
  5.582285153302E-002  6.345824928006E+000 -5.592864027966E+001  3.865830878276E+002
  5.739925198530E-002  6.258137522470E+000 -5.532266888489E+001  3.822297920356E+002
  5.900002143803E-002  6.170066538527E+000 -5.471430869691E+001  3.778640642509E+002
  6.062529677088E-002  6.081637856938E+000 -5.410373984172E+001  3.734872977611E+002
  6.227521726827E-002  5.992877351594E+000 -5.349114191743E+001  3.691008783570E+002
  6.394992464542E-002  5.903810879043E+000 -5.287669391207E+001  3.647061836249E+002
  6.564956307496E-002  5.814464268077E+000 -5.226057412208E+001  3.603045822477E+002
  6.737427921404E-002  5.724863309383E+000 -5.164296007179E+001  3.558974333160E+002
  6.912422223211E-002  5.635033745258E+000 -5.102402843376E+001  3.514860856489E+002
  7.089954383907E-002  5.545001259408E+000 -5.040395495021E+001  3.470718771260E+002
  7.270039831418E-002  5.454791466818E+000 -4.978291435540E+001  3.426561340305E+002
  7.452694253540E-002  5.364429903718E+000 -4.916108029913E+001  3.382401704038E+002
  7.637933600943E-002  5.273942017628E+000 -4.853862527145E+001  3.338252874122E+002
  7.825774090225E-002  5.183353157509E+000 -4.791572052845E+001  3.294127727269E+002
  8.016232207035E-002  5.092688564010E+000 -4.729253601937E+001  3.250038999160E+002
  8.209324709253E-002  5.001973359818E+000 -4.666924031498E+001  3.205999278511E+002
  8.405068630235E-002  4.911232540131E+000 -4.604600053729E+001  3.162021001266E+002
  8.603481282122E-002  4.820490963230E+000 -4.542298229057E+001  3.118116444949E+002
  8.804580259214E-002  4.729773341185E+000 -4.480034959392E+001  3.074297723151E+002
  9.008383441408E-002  4.639104230677E+000 -4.417826481520E+001  3.030576780175E+002
  9.214908997710E-002  4.548508023955E+000 -4.355688860646E+001  2.986965385833E+002
  9.424175389809E-002  4.458008939923E+000 -4.293637984097E+001  2.943475130407E+002
  9.636201375725E-002  4.367631015366E+000 -4.231689555180E+001  2.900117419768E+002
  9.851006013526E-002  4.277398096317E+000 -4.169859087198E+001  2.856903470664E+002
  1.006860866512E-001  4.187333829571E+000 -4.108161897634E+001  2.813844306177E+002
  1.028902900012E-001  4.097461654350E+000 -4.046613102507E+001  2.770950751353E+002
  1.051228699979E-001  4.007804794115E+000 -3.985227610891E+001  2.728233429004E+002
  1.073840296104E-001  3.918386248542E+000 -3.924020119616E+001  2.685702755698E+002
  1.096739750056E-001  3.829228785654E+000 -3.863005108142E+001  2.643368937913E+002
  1.119929155896E-001  3.740354934118E+000 -3.802196833615E+001  2.601241968395E+002
  1.143410640503E-001  3.651786975707E+000 -3.741609326106E+001  2.559331622685E+002
  1.167186364011E-001  3.563546937933E+000 -3.681256384032E+001  2.517647455846E+002
  1.191258520249E-001  3.475656586852E+000 -3.621151569768E+001  2.476198799366E+002
  1.215629337189E-001  3.388137420039E+000 -3.561308205448E+001  2.434994758270E+002
  1.240301077413E-001  3.301010659752E+000 -3.501739368951E+001  2.394044208409E+002
  1.265276038575E-001  3.214297246261E+000 -3.442457890089E+001  2.353355793953E+002
  1.290556553882E-001  3.128017831368E+000 -3.383476346981E+001  2.312937925079E+002
  1.316144992580E-001  3.042192772110E+000 -3.324807062627E+001  2.272798775847E+002
  1.342043760450E-001  2.956842124643E+000 -3.266462101677E+001  2.232946282287E+002
  1.368255300316E-001  2.871985638315E+000 -3.208453267397E+001  2.193388140672E+002
  1.394782092560E-001  2.787642749931E+000 -3.150792098834E+001  2.154131805997E+002
  1.421626655646E-001  2.703832578203E+000 -3.093489868178E+001  2.115184490650E+002
  1.448791546661E-001  2.620573918392E+000 -3.036557578322E+001  2.076553163289E+002
  1.476279361856E-001  2.537885237143E+000 -2.980005960625E+001  2.038244547909E+002
  1.504092737207E-001  2.455784667511E+000 -2.923845472870E+001  2.000265123114E+002
  1.532234348983E-001  2.374290004183E+000 -2.868086297420E+001  1.962621121580E+002
  1.560706914324E-001  2.293418698888E+000 -2.812738339572E+001  1.925318529719E+002
  1.589513191834E-001  2.213187856007E+000 -2.757811226112E+001  1.888363087533E+002
  1.618655982178E-001  2.133614228371E+000 -2.703314304061E+001  1.851760288667E+002
  1.648138128702E-001  2.054714213258E+000 -2.649256639615E+001  1.815515380649E+002
  1.677962518056E-001  1.976503848578E+000 -2.595647017288E+001  1.779633365324E+002
  1.708132080832E-001  1.898998809257E+000 -2.542493939234E+001  1.744118999477E+002
  1.738649792215E-001  1.822214403806E+000 -2.489805624767E+001  1.708976795636E+002
  1.769518672648E-001  1.746165571088E+000 -2.437590010072E+001  1.674211023066E+002
  1.800741788507E-001  1.670866877272E+000 -2.385854748092E+001  1.639825708942E+002
  1.832322252791E-001  1.596332512976E+000 -2.334607208609E+001  1.605824639699E+002
  1.864263225826E-001  1.522576290604E+000 -2.283854478500E+001  1.572211362558E+002
  1.896567915983E-001  1.449611641857E+000 -2.233603362173E+001  1.538989187226E+002
  1.929239580409E-001  1.377451615448E+000 -2.183860382183E+001  1.506161187762E+002
  1.962281525771E-001  1.306108874980E+000 -2.134631780012E+001  1.473730204612E+002
  1.995697109023E-001  1.235595697023E+000 -2.085923517028E+001  1.441698846800E+002
  2.029489738173E-001  1.165923969358E+000 -2.037741275601E+001  1.410069494285E+002
  2.063662873085E-001  1.097105189409E+000 -1.990090460388E+001  1.378844300461E+002
  2.098220026275E-001  1.029150462839E+000 -1.942976199772E+001  1.348025194817E+002
  2.133164763746E-001  9.620705023327E-001 -1.896403347462E+001  1.317613885731E+002
  2.168500705817E-001  8.958756265365E-001 -1.850376484234E+001  1.287611863412E+002
  2.204231527988E-001  8.305757591757E-001 -1.804899919827E+001  1.258020402976E+002
  2.240360961807E-001  7.661804283324E-001 -1.759977694979E+001  1.228840567646E+002
  2.276892795770E-001  7.026987658886E-001 -1.715613583595E+001  1.200073212087E+002
  2.313830876220E-001  6.401395071275E-001 -1.671811095058E+001  1.171718985850E+002
  2.351179108282E-001  5.785109904924E-001 -1.628573476662E+001  1.143778336943E+002
  2.388941456809E-001  5.178211574996E-001 -1.585903716165E+001  1.116251515498E+002
  2.427121947345E-001  4.580775528022E-001 -1.543804544475E+001  1.089138577550E+002
  2.465724667110E-001  3.992873244014E-001 -1.502278438429E+001  1.062439388913E+002
  2.504753766009E-001  3.414572240030E-001 -1.461327623701E+001  1.036153629144E+002
  2.544213457654E-001  2.845936075152E-001 -1.420954077802E+001  1.010280795597E+002
  2.584108020414E-001  2.287024356849E-001 -1.381159533177E+001  9.848202075528E+001
  2.624441798480E-001  1.737892748691E-001 -1.341945480405E+001  9.597710104294E+001
  2.665219202956E-001  1.198592979382E-001 -1.303313171478E+001  9.351321800533E+001
  2.706444712976E-001  6.691728530824E-002 -1.265263623164E+001  9.109025269965E+001
  2.748122876832E-001  1.496762609848E-002 -1.227797620452E+001  8.870807009687E+001
  2.790258313137E-001 -3.598568058858E-002 -1.190915720063E+001  8.636651952577E+001
  2.832855712010E-001 -8.593902426802E-002 -1.154618254031E+001  8.406543512143E+001
  2.875919836279E-001 -1.348891815572E-001 -1.118905333346E+001  8.180463627733E+001
  2.919455522717E-001 -1.828333145476E-001 -1.083776851646E+001  7.958392810054E+001
  2.963467683296E-001 -2.297689690664E-001 -1.049232488970E+001  7.740310186938E+001
  3.007961306479E-001 -2.756940728317E-001 -1.015271715546E+001  7.526193549290E+001
  3.052941458522E-001 -3.206069335027E-001 -9.818937956303E+000  7.316019397154E+001
  3.098413284823E-001 -3.645062366295E-001 -9.490977913673E+000  7.109762985850E+001
  3.144382011281E-001 -4.073910435037E-001 -9.168825666931E+000  6.907398372098E+001
  3.190852945695E-001 -4.492607889133E-001 -8.852467912563E+000  6.708898460096E+001
  3.237831479192E-001 -4.901152788040E-001 -8.541889443602E+000  6.514235047474E+001
  3.285323087679E-001 -5.299546878495E-001 -8.237073189210E+000  6.323378871071E+001
  3.333333333333E-001 -5.687795569333E-001 -7.938000254363E+000  6.136299652486E+001
  3.381867866117E-001 -6.065907905431E-001 -7.644649959592E+000  5.952966143338E+001
  3.430932425333E-001 -6.433896540819E-001 -7.356999880742E+000  5.773346170185E+001
  3.480532841203E-001 -6.791777710945E-001 -7.075025888706E+000  5.597406679050E+001
  3.530675036492E-001 -7.139571204149E-001 -6.798702189088E+000  5.425113779503E+001
  3.581365028158E-001 -7.477300332328E-001 -6.528001361758E+000  5.256432788243E+001
  3.632608929041E-001 -7.804991900828E-001 -6.262894400266E+000  5.091328272145E+001
  3.684412949588E-001 -8.122676177564E-001 -6.003350751068E+000  4.929764090711E+001
  3.736783399619E-001 -8.430386861386E-001 -5.749338352540E+000  4.771703437895E+001
  3.789726690123E-001 -8.728161049693E-001 -5.500823673740E+000  4.617108883248E+001
  3.843249335105E-001 -9.016039205307E-001 -5.257771752897E+000  4.465942412348E+001
  3.897357953460E-001 -9.294065122614E-001 -5.020146235583E+000  4.318165466484E+001
  3.952059270903E-001 -9.562285892969E-001 -4.787909412565E+000  4.173738981541E+001
  4.007360121927E-001 -9.820751869372E-001 -4.561022257285E+000  4.032623426074E+001
  4.063267451812E-001 -1.006951663042E+000 -4.339444462971E+000  3.894778838519E+001
  4.119788318683E-001 -1.030863694352E+000 -4.123134479341E+000  3.760164863532E+001
  4.176929895600E-001 -1.053817272736E+000 -3.912049548899E+000  3.628740787412E+001
  4.234699472710E-001 -1.075818701367E+000 -3.706145742789E+000  3.500465572601E+001
  4.293104459435E-001 -1.096874590821E+000 -3.505377996212E+000  3.375297891225E+001
  4.352152386716E-001 -1.116991855099E+000 -3.309700143382E+000  3.253196157670E+001
  4.411850909306E-001 -1.136177707576E+000 -3.119064952023E+000  3.134118560168E+001
  4.472207808110E-001 -1.154439656874E+000 -2.933424157393E+000  3.018023091387E+001
  4.533230992589E-001 -1.171785502644E+000 -2.752728495833E+000  2.904867578008E+001
  4.594928503202E-001 -1.188223331284E+000 -2.576927737846E+000  2.794609709286E+001
  4.657308513924E-001 -1.203761511566E+000 -2.405970720698E+000  2.687207064589E+001
  4.720379334802E-001 -1.218408690176E+000 -2.239805380546E+000  2.582617139911E+001
  4.784149414579E-001 -1.232173787177E+000 -2.078378784106E+000  2.480797373357E+001
  4.848627343381E-001 -1.245065991376E+000 -1.921637159851E+000  2.381705169609E+001
  4.913821855461E-001 -1.257094755611E+000 -1.769525928773E+000  2.285297923372E+001
  4.979741832006E-001 -1.268269791935E+000 -1.621989734691E+000  2.191533041810E+001
  5.046396304008E-001 -1.278601066715E+000 -1.478972474142E+000  2.100367965985E+001
  5.113794455212E-001 -1.288098795629E+000 -1.340417325862E+000  2.011760191301E+001
  5.181945625116E-001 -1.296773438569E+000 -1.206266779862E+000  1.925667286985E+001
  5.250859312060E-001 -1.304635694441E+000 -1.076462666135E+000  1.842046914604E+001
  5.320545176366E-001 -1.311696495862E+000 -9.509461830036E-001  1.760856845646E+001
  5.391013043575E-001 -1.317967003750E+000 -8.296579251292E-001  1.682054978193E+001
  5.462272907741E-001 -1.323458601811E+000 -7.125379112056E-001  1.605599352689E+001
  5.534334934816E-001 -1.328182890910E+000 -5.995256113619E-001  1.531448166850E+001
  5.607209466109E-001 -1.332151683336E+000 -4.905599742971E-001  1.459559789727E+001
  5.680907021827E-001 -1.335376996949E+000 -3.855794541707E-001  1.389892774959E+001
  5.755438304707E-001 -1.337871049208E+000 -2.845220372764E-001  1.322405873240E+001
  5.830814203728E-001 -1.339646251091E+000 -1.873252685239E-001  1.257058044035E+001
  5.907045797917E-001 -1.340715200884E+000 -9.392627775558E-002  1.193808466576E+001
  5.984144360243E-001 -1.341090677855E+000 -4.261805924756E-003  1.132616550169E+001
  6.062121361613E-001 -1.340785635804E+000  8.173176883801E-002  1.073441943849E+001
  6.140988474955E-001 -1.339813196489E+000  1.641184052436E-001  1.016244545415E+001
  6.220757579409E-001 -1.338186642923E+000  2.429623729219E-001  9.609845098895E+000
  6.301440764614E-001 -1.335919412556E+000  3.183282265322E-001  9.076222574205E+000
  6.383050335109E-001 -1.333025090317E+000  3.902807798807E-001  8.561184806816E+000
  6.465598814833E-001 -1.329517401539E+000  4.588850800218E-001  8.064341517950E+000
  6.549098951744E-001 -1.325410204756E+000  5.242063813173E-001  7.585305288170E+000
  6.633563722545E-001 -1.320717484370E+000  5.863101194327E-001  7.123691618228E+000
  6.719006337539E-001 -1.315453343200E+000  6.452618852487E-001  6.679118986263E+000
  6.805440245593E-001 -1.309631994898E+000  7.011273986671E-001  6.251208901698E+000
  6.892879139233E-001 -1.303267756248E+000  7.539724822931E-001  5.839585956184E+000
  6.981336959871E-001 -1.296375039343E+000  8.038630349772E-001  5.443877871948E+000
  7.070827903152E-001 -1.288968343645E+000  8.508650052010E-001  5.063715547856E+000
  7.161366424455E-001 -1.281062247922E+000  8.950443642940E-001  4.698733103527E+000
  7.252967244510E-001 -1.272671402079E+000  9.364670794705E-001  4.348567921801E+000
  7.345645355186E-001 -1.263810518875E+000  9.751990866763E-001  4.012860689864E+000
  7.439416025400E-001 -1.254494365540E+000  1.011306263240E+000  3.691255439309E+000
  7.534294807203E-001 -1.244737755277E+000  1.044854400323E+000  3.383399585401E+000
  7.630297542000E-001 -1.234555538688E+000  1.075909175166E+000  3.088943965799E+000
  7.727440366954E-001 -1.223962595084E+000  1.104536123135E+000  2.807542878968E+000
  7.825739721536E-001 -1.212973823730E+000  1.130800609567E+000  2.538854122501E+000
  7.925212354258E-001 -1.201604134999E+000  1.154767801420E+000  2.282539031541E+000
  8.025875329584E-001 -1.189868441456E+000  1.176502638739E+000  2.038262517491E+000
  8.127746035011E-001 -1.177781648872E+000  1.196069805946E+000  1.805693107164E+000
  8.230842188350E-001 -1.165358647188E+000  1.213533702971E+000  1.584502982504E+000
  8.335181845190E-001 -1.152614301418E+000  1.228958416237E+000  1.374368021018E+000
  8.440783406568E-001 -1.139563442518E+000  1.242407689513E+000  1.174967836982E+000
  8.547665626839E-001 -1.126220858217E+000  1.253944894675E+000  9.859858235215E-001
  8.655847621758E-001 -1.112601283825E+000  1.263633002373E+000  8.071091956133E-001
  8.765348876780E-001 -1.098719393027E+000  1.271534552655E+000  6.380290340310E-001
  8.876189255584E-001 -1.084589788673E+000  1.277711625558E+000  4.784403302579E-001
  8.988389008829E-001 -1.070226993574E+000  1.282225811718E+000  3.280420323520E-001
  9.101968783143E-001 -1.055645441314E+000  1.285138183006E+000  1.865370917344E-001
  9.216949630368E-001 -1.040859467093E+000  1.286509263256E+000  5.363251085333E-002
  9.333353017046E-001 -1.025883298604E+000  1.286398999102E+000 -7.096060834632E-002
  9.451200834176E-001 -1.010731046970E+000  1.284866730973E+000 -1.875270152320E-001
  9.570515407237E-001 -9.954166977395E-001  1.281971164291E+000 -2.963472606765E-001
  9.691319506484E-001 -9.799541019551E-001  1.277770340904E+000 -3.976976467550E-001
  9.813636357544E-001 -9.643569673195E-001  1.272321610819E+000 -4.918501760820E-001
  9.937489652293E-001 -9.486388494556E-001  1.265681604263E+000 -5.790725009389E-001
  1.006290356005E+000 -9.328131432841E-001  1.257906204134E+000 -6.596278723565E-001
  1.018990273907E+000 -9.168930745277E-001  1.249050518882E+000 -7.337750893288E-001
  1.031851234841E+000 -9.008916913561E-001  1.239168855882E+000 -8.017684483456E-001
  1.044875806003E+000 -8.848218561851E-001  1.228314695333E+000 -8.638576934416E-001
  1.058066607138E+000 -8.686962376422E-001  1.216540664758E+000 -9.202879669667E-001
  1.071426311823E+000 -8.525273027126E-001  1.203898514133E+000 -9.712997612925E-001
  1.084957648792E+000 -8.363273090786E-001  1.190439091715E+000 -1.017128871672E+000
  1.098663403298E+000 -8.201082976651E-001  1.176212320611E+000 -1.058006350477E+000
  1.112546418516E+000 -8.038820854049E-001  1.161267176147E+000 -1.094158463041E+000
  1.126609596985E+000 -7.876602582349E-001  1.145651664084E+000 -1.125806645331E+000
  1.140855902095E+000 -7.714541643381E-001  1.129412799731E+000 -1.153167463685E+000
  1.155288359613E+000 -7.552749076409E-001  1.112596588012E+000 -1.176452576836E+000
  1.169910059257E+000 -7.391333415794E-001  1.095248004521E+000 -1.195868700450E+000
  1.184724156317E+000 -7.230400631457E-001  1.077410977637E+000 -1.211617574404E+000
  1.199733873325E+000 -7.070054072254E-001  1.059128371712E+000 -1.223895933018E+000
  1.214942501771E+000 -6.910394412361E-001  1.040441971411E+000 -1.232895478455E+000
  1.230353403874E+000 -6.751519600783E-001  1.021392467220E+000 -1.238802857488E+000
  1.245970014403E+000 -6.593524814077E-001  1.002019442172E+000 -1.241799641840E+000
  1.261795842559E+000 -6.436502412378E-001  9.823613598341E-001 -1.242062312284E+000
  1.277834473907E+000 -6.280541898811E-001  9.624555535813E-001 -1.239762246665E+000
  1.294089572372E+000 -6.125729882373E-001  9.423382171948E-001 -1.235065712037E+000
  1.310564882294E+000 -5.972150044345E-001  9.220443968157E-001 -1.228133861046E+000
  1.327264230548E+000 -5.819883108305E-001  9.016079842776E-001 -1.219122732719E+000
  1.344191528724E+000 -5.669006813791E-001  8.810617118443E-001 -1.208183257773E+000
  1.361350775387E+000 -5.519595893660E-001  8.604371483724E-001 -1.195461268575E+000
  1.378746058390E+000 -5.371722055189E-001  8.397646969143E-001 -1.181097513841E+000
  1.396381557275E+000 -5.225453964929E-001  8.190735937771E-001 -1.165227678170E+000
  1.414261545744E+000 -5.080857237353E-001  7.983919090447E-001 -1.147982406470E+000
  1.432390394201E+000 -4.937994427289E-001  7.777465485705E-001 -1.129487333352E+000
  1.450772572390E+000 -4.796925026145E-001  7.571632574406E-001 -1.109863117506E+000
  1.469412652102E+000 -4.657705461924E-001  7.366666249069E-001 -1.089225481099E+000
  1.488315309978E+000 -4.520389102989E-001  7.162800907812E-001 -1.067685254188E+000
  1.507485330398E+000 -4.385026265568E-001  6.960259532818E-001 -1.045348424150E+000
  1.526927608467E+000 -4.251664224944E-001  6.759253783154E-001 -1.022316190084E+000
  1.546647153093E+000 -4.120347230287E-001  6.559984101757E-001 -9.986850221488E-001
  1.566649090169E+000 -3.991116523057E-001  6.362639836342E-001 -9.745467257759E-001
  1.586938665861E+000 -3.864010358917E-001  6.167399373956E-001 -9.499885106651E-001
  1.607521250000E+000 -3.739064033063E-001  5.974430288837E-001 -9.250930644778E-001
  1.628402339588E+000 -3.616309908886E-001  5.783889503218E-001 -8.999386311060E-001
  1.649587562420E+000 -3.495777449864E-001  5.595923460652E-001 -8.745990933881E-001
  1.671082680832E+000 -3.377493254563E-001  5.410668311403E-001 -8.491440601223E-001
  1.692893595565E+000 -3.261481094638E-001  5.228250109401E-001 -8.236389572128E-001
  1.715026349769E+000 -3.147761955700E-001  5.048785020215E-001 -7.981451227692E-001
  1.737487133138E+000 -3.036354080909E-001  4.872379539475E-001 -7.727199059605E-001
  1.760282286187E+000 -2.927273017161E-001  4.699130721107E-001 -7.474167694134E-001
  1.783418304674E+000 -2.820531663692E-001  4.529126414734E-001 -7.222853949264E-001
  1.806901844175E+000 -2.716140322976E-001  4.362445511557E-001 -6.973717922605E-001
  1.830739724818E+000 -2.614106753728E-001  4.199158197983E-001 -6.727184107494E-001
  1.854938936184E+000 -2.514436225856E-001  4.039326216260E-001 -6.483642534638E-001
  1.879506642368E+000 -2.417131577191E-001  3.883003131334E-001 -6.243449936487E-001
  1.904450187236E+000 -2.322193271830E-001  3.730234603145E-001 -6.006930931426E-001
  1.929777099847E+000 -2.229619459903E-001  3.581058663519E-001 -5.774379224797E-001
  1.955495100083E+000 -2.139406038608E-001  3.435505996851E-001 -5.546058823630E-001
  1.981612104475E+000 -2.051546714332E-001  3.293600223720E-001 -5.322205261915E-001
  2.008136232230E+000 -1.966033065698E-001  3.155358186589E-001 -5.103026833184E-001
  2.035075811486E+000 -1.882854607355E-001  3.020790236744E-001 -4.888705827104E-001
  2.062439385788E+000 -1.801998854373E-001  2.889900521625E-001 -4.679399766759E-001
  2.090235720801E+000 -1.723451387075E-001  2.762687271705E-001 -4.475242643289E-001
  2.118473811262E+000 -1.647195916156E-001  2.639143086100E-001 -4.276346144540E-001
  2.147162888201E+000 -1.573214347960E-001  2.519255216104E-001 -4.082800874410E-001
  2.176312426413E+000 -1.501486849788E-001  2.403005845858E-001 -3.894677559605E-001
  2.205932152222E+000 -1.431991915100E-001  2.290372369426E-001 -3.712028240586E-001
  2.236032051522E+000 -1.364706428532E-001  2.181327663540E-001 -3.534887443558E-001
  2.266622378129E+000 -1.299605730612E-001  2.075840355355E-001 -3.363273330463E-001
  2.297713662445E+000 -1.236663682111E-001  1.973875084581E-001 -3.197188824043E-001
  2.329316720450E+000 -1.175852727954E-001  1.875392759426E-001 -3.036622705197E-001
  2.361442663038E+000 -1.117143960645E-001  1.780350805806E-001 -2.881550680007E-001
  2.394102905709E+000 -1.060507183173E-001  1.688703409395E-001 -2.731936414003E-001
  2.427309178642E+000 -1.005910971369E-001  1.600401750088E-001 -2.587732531416E-001
  2.461073537146E+000 -9.533227357236E-002  1.515394228557E-001 -2.448881577412E-001
  2.495408372530E+000 -9.027087826631E-002  1.433626684651E-001 -2.315316941528E-001
  2.530326423398E+000 -8.540343753160E-002  1.355042607426E-001 -2.186963740777E-001
  2.565840787378E+000 -8.072637938057E-002  1.279583336709E-001 -2.063739661161E-001
  2.601964933334E+000 -7.623603951214E-002  1.207188256137E-001 -1.945555756606E-001
  2.638712714049E+000 -7.192866726317E-002  1.137794977709E-001 -1.832317204626E-001
  2.676098379430E+000 -6.780043153118E-002  1.071339517945E-001 -1.723924018292E-001
  2.714136590232E+000 -6.384742667685E-002  1.007756465813E-001 -1.620271714405E-001
  2.752842432351E+000 -6.006567841507E-002  9.469791426785E-002 -1.521251938041E-001
  2.792231431696E+000 -5.645114970387E-002  8.889397545455E-002 -1.426753043955E-001
  2.832319569669E+000 -5.299974664065E-002  8.335695369658E-002 -1.336660635571E-001
  2.873123299289E+000 -4.970732437545E-002  7.807988930044E-002 -1.250858062612E-001
  2.914659561979E+000 -4.656969305016E-002  7.305575247159E-002 -1.169226878644E-001
  2.956945805065E+000 -4.358262377250E-002  6.827745586161E-002 -1.091647260067E-001
  3.000000000000E+000 -4.074185463245E-002  6.373786656623E-002 -1.017998388311E-001
  3.043840661365E+000 -3.804309676772E-002  5.942981762757E-002 -9.481587971830E-002
  3.088486866678E+000 -3.548204048344E-002  5.534611909520E-002 -8.820066875064E-002
  3.133958277047E+000 -3.305436142963E-002  5.147956870035E-002 -8.194202113051E-002
  3.180275158719E+000 -3.075572683770E-002  4.782296219716E-002 -7.602777279335E-002
  3.227458405560E+000 -2.858180181543E-002  4.436910342255E-002 -7.044580346102E-002
  3.275529562509E+000 -2.652825569705E-002  4.111081412381E-002 -6.518405738700E-002
  3.324510850077E+000 -2.459076844260E-002  3.804094359870E-002 -6.023056204570E-002
  3.374425189910E+000 -2.276503707769E-002  3.515237818859E-002 -5.557344501589E-002
  3.425296231502E+000 -2.104678216214E-002  3.243805065911E-002 -5.120094930251E-002
  3.477148380094E+000 -1.943175427252E-002  2.989094949658E-002 -4.710144733142E-002
  3.530006825834E+000 -1.791574048102E-002  2.750412814144E-002 -4.326345383970E-002
  3.583897574256E+000 -1.649457080945E-002  2.527071417201E-002 -3.967563786797E-002
  3.638847478148E+000 -1.516412463486E-002  2.318391844405E-002 -3.632683404323E-002
  3.694884270887E+000 -1.392033701977E-002  2.123704418310E-002 -3.320605331971E-002
  3.752036601308E+000 -1.275920493801E-002  1.942349601800E-002 -3.030249332252E-002
  3.810334070199E+000 -1.167679336429E-002  1.773678893559E-002 -2.760554841411E-002
  3.869807268505E+000 -1.066924119395E-002  1.617055712823E-002 -2.510481957816E-002
  3.930487817331E+000 -9.732766957655E-003  1.471856269791E-002 -2.279012418896E-002
  3.992408409843E+000 -8.863674294478E-003  1.337470417339E-002 -2.065150570778E-002
  4.055602855172E+000 -8.058357146337E-003  1.213302479003E-002 -1.867924332162E-002
  4.120106124432E+000 -7.313304636612E-003  1.098772047654E-002 -1.686386151434E-002
  4.185954398964E+000 -6.625105596211E-003  9.933147487936E-003 -1.519613953636E-002
  4.253185120935E+000 -5.990452701537E-003  8.963829620662E-003 -1.366712071698E-002
  4.321837046422E+000 -5.406146190578E-003  8.074464943595E-003 -1.226812154377E-002
  4.391950301120E+000 -4.869097125765E-003  7.259931978008E-003 -1.099074041676E-002
  4.463566438835E+000 -4.376330175374E-003  6.515295260161E-003 -9.826865971084E-003
  4.536728502895E+000 -3.924985888961E-003  5.835810222546E-003 -8.768684851822E-003
  4.611481090679E+000 -3.512322446691E-003  5.216927333543E-003 -7.808688817753E-003
  4.687870421430E+000 -3.135716867343E-003  4.654295440602E-003 -6.939681048199E-003
  4.765944407533E+000 -2.792665665186E-003  4.143764268776E-003 -6.154781527889E-003
  4.845752729492E+000 -2.480784951824E-003  3.681386034621E-003 -5.447431389712E-003
  4.927346914797E+000 -2.197809985259E-003  3.263416144810E-003 -4.811396103660E-003
  5.010780420931E+000 -1.941594174946E-003  2.886312959335E-003 -4.240767412287E-003
  5.096108722763E+000 -1.710107558144E-003  2.546736610489E-003 -3.729963928133E-003
  5.183389404586E+000 -1.501434769515E-003  2.241546880916E-003 -3.273730326581E-003
  5.272682257105E+000 -1.313772532371E-003  1.967800156526E-003 -2.867135087935E-003
  5.364049379651E+000 -1.145426706224E-003  1.722745482754E-003 -2.505566764727E-003
  5.457555287978E+000 -9.948089311177E-004  1.503819765291E-003 -2.184728773809E-003
  5.553267027968E+000 -8.604329145218E-004  1.308642168661E-003 -1.900632736981E-003
  5.651254295630E+000 -7.409104112350E-004  1.135007777657E-003 -1.649590418330E-003
  5.751589563796E+000 -6.349469505635E-004  9.808805973570E-004 -1.428204330274E-003
  5.854348215936E+000 -5.413373680072E-004  8.443859769691E-004 -1.233357103107E-003
  5.959608687557E+000 -4.589612006077E-004  7.238025508863E-004 -1.062199733904E-003
  6.067452615683E+000 -3.867780059512E-004  6.175537967673E-004 -9.121388495238E-004
  6.177964996951E+000 -3.238226645016E-004  5.241993151247E-004 -7.808231346594E-004
  6.291234354880E+000 -2.692007234163E-004  4.424259375405E-004 -6.661290889044E-004
  6.407352916949E+000 -2.220838372788E-004  3.710387712056E-004 -5.661462864729E-004
  6.526416802128E+000 -1.817053572632E-004  3.089522858968E-004 -4.791623181182E-004
  6.648526219580E+000 -1.473561151956E-004  2.551815457771E-004 -4.036475968851E-004
  6.773785679311E+000 -1.183804428698E-004  2.088336825641E-004 -3.382402075076E-004
  6.902304215570E+000 -9.417245992770E-005  1.690996987722E-004 -2.817309735867E-004
  7.034195623922E+000 -7.417265577640E-005  1.352466800401E-004 -2.330489072940E-004
  7.169578712934E+000 -5.786478257103E-005  1.066104842324E-004 -1.912471934937E-004
  7.308577571516E+000 -4.477306744012E-005  8.258896230573E-005 -1.554898441987E-004
  7.451321853057E+000 -3.445974311525E-005  6.263575216256E-005 -1.250391405955E-004
  7.597947077547E+000 -2.652288719024E-005  4.625467224119E-005 -9.924395899294E-005
  7.748594953021E+000 -2.059455164752E-005  3.299472677191E-005 -7.752905452812E-005
  7.903413717736E+000 -1.633915631811E-005  2.244571988671E-005 -5.938535292112E-005
  8.062558504629E+000 -1.345211285412E-005  1.423446150808E-005 -4.436127664335E-005
  8.226191729726E+000 -1.165863984333E-005  8.021534580999E-006 -3.205510822446E-005
  8.394483506327E+000 -1.071272511440E-005  3.498581151249E-006 -2.210837072253E-005
  8.567612086926E+000 -1.039618826855E-005  3.860544045387E-007 -1.420018425909E-005
  8.745764335025E+000 -1.051779518211E-005 -1.568624605237E-006 -8.042538566705E-006
  8.929136229160E+000 -1.091237675713E-005 -2.592572921056E-006 -3.376405238886E-006
  9.117933401693E+000 -1.143990659361E-005 -2.888685357491E-006  3.139974510136E-008
  9.312371715124E+000 -1.198449648766E-005 -2.636679938419E-006  2.390702283795E-006
  9.512677878945E+000 -1.245327462277E-005 -1.994019564107E-006  3.889910199436E-006
  9.719090110332E+000 -1.277511883787E-005 -1.096776234609E-006  4.697514193006E-006
  9.931858842267E+000 -1.289922617275E-005 -6.049763785113E-008  4.963255216617E-006
  1.015124748302E+001 -1.279350968772E-005  1.018872713308E-006  4.819058589544E-006
  1.037753323129E+001 -1.244282394609E-005  2.063980972729E-006  4.379826766513E-006
  1.061100795175E+001 -1.184703110545E-005  3.014924908954E-006  3.744171470307E-006
  1.085197911611E+001 -1.101892982528E-005  3.827975558835E-006  2.995152496009E-006
  1.110077081537E+001 -9.982078691068E-006  4.474154469317E-006  2.201075542100E-006
  1.135772484956E+001 -8.768554117524E-006  4.937674674493E-006  1.416385646964E-006
  1.162320190175E+001 -7.416689300013E-006  5.214264880389E-006  6.826769581670E-007
  1.189758280382E+001 -5.968845366335E-006  5.309406184115E-006  2.982437690750E-008
  1.218126990242E+001 -4.469268157497E-006  5.236518573306E-006 -5.227712063757E-007
  1.247468853413E+001 -2.962083854018E-006  5.015140068525E-006 -9.648442307236E-007
  1.277828862002E+001 -1.489483901126E-006  4.669144436522E-006 -1.293861892874E-006
  1.309254639077E+001 -9.014443775661E-008  4.225043803281E-006 -1.513593858990E-006
  1.341796625462E+001  1.202082101992E-006  3.710420265395E-006 -1.632694089477E-006
  1.375508282195E+001  2.359175045860E-006  3.152525915351E-006 -1.663335301905E-006
  1.410446310162E+001  3.359636053925E-006  2.577083876928E-006 -1.619934508260E-006
  1.446670888596E+001  4.188857073740E-006  2.007314425965E-006 -1.518003523829E-006
  1.484245934302E+001  4.839172960004E-006  1.463200576807E-006 -1.373151822360E-006
  1.523239383723E+001  5.309618206348E-006  9.609972322044E-007 -1.200261169635E-006
  1.563723500136E+001  5.605418531403E-006  5.129777325598E-007 -1.012842724571E-006
  1.605775208607E+001  5.737257888371E-006  1.274019900068E-007 -8.225783835610E-007
  1.649476461582E+001  5.720369306074E-006 -1.913181102127E-007 -6.390396563060E-007
  1.694914638379E+001  5.573503403431E-006 -4.422872659347E-007 -4.695698222779E-007
  1.742182982203E+001  5.317831162397E-006 -6.276654740045E-007 -3.193089428041E-007
  1.791381078784E+001  4.975837458422E-006 -7.521159520398E-007 -1.913367826135E-007
  1.842615381215E+001  4.570258952534E-006 -8.222019577913E-007 -8.690597649191E-008
  1.895999786176E+001  4.123114423578E-006 -8.457707168606E-007 -5.736874182948E-009
  1.951656267356E+001  3.654867792456E-006 -8.313592586933E-007  5.365370204690E-008
  2.009715572669E+001  3.183754426294E-006 -7.876519239794E-007  9.361526362031E-008
  2.070317992707E+001  2.725290384146E-006 -7.230130311494E-007  1.170400186495E-007
  2.133614208874E+001  2.291972732634E-006 -6.451111193732E-007  1.270704493198E-007
  2.199766230782E+001  1.893167619318E-006 -5.606437922603E-007  1.268509364082E-007
  2.268948433818E+001  1.535172146569E-006 -4.751649419445E-007  1.193313063549E-007
  2.341348709294E+001  1.221426900072E-006 -3.930094810792E-007  1.071254159642E-007
  2.417169741362E+001  9.528488265040E-007 -3.173050402623E-007  9.242361126006E-008
  2.496630426925E+001  7.282494620988E-007 -2.500557125325E-007  7.695432749357E-008
  2.579967457140E+001  5.448015493850E-007 -1.922800582700E-007  6.198739753496E-008
  2.667437081864E+001  3.985178961688E-007 -1.441843215667E-007  4.836989454098E-008
  2.759317081651E+001  2.847097550633E-007 -1.053521265130E-007  3.658456619306E-008
  2.855908975674E+001  1.983976352739E-007 -7.493366641136E-008  2.682106327574E-008
  2.957540498378E+001  1.346547043389E-007 -5.182030204929E-008  1.905109903470E-008
  3.064568382919E+001  8.887105284081E-008 -3.479418446126E-008  1.310021558660E-008
  3.177381495601E+001  5.693526480422E-008 -2.264659171039E-008  8.710758211117E-009
  3.296404372807E+001  3.533716516227E-008 -1.426268258701E-008  5.592728749984E-009
  3.422101220608E+001  2.120162346761E-008 -8.673922915304E-009  3.461174632491E-009
  3.554980447538E+001  1.226740184742E-008 -5.082216321536E-009  2.060473073337E-009
  3.695599813319E+001  6.827029358681E-009 -2.861576637933E-009  1.177149618973E-009
  3.844572291106E+001  3.643633157689E-009 -1.543961899186E-009  6.436560381559E-010
  4.002572758518E+001  1.858888967342E-009 -7.957391394316E-010  3.358287433453E-010
  4.170345654134E+001  9.032925330820E-010 -3.903695334270E-010  1.666260847985E-010
  4.348713762001E+001  4.164176132870E-010 -1.815709118086E-010  7.831897251164E-011
  4.538588318162E+001  1.813145677887E-010 -7.972247704174E-011  3.472372475232E-011
  4.740980671574E+001  7.419919769446E-011 -3.288203803514E-011  1.445215520673E-011
  4.957015778746E+001  2.838195763190E-011 -1.267100459105E-011  5.616231174516E-012
  5.187947869225E+001  1.008546494330E-011 -4.534056754502E-012  2.025522755069E-012
  5.435178690397E+001  3.306545958360E-012 -1.496286877406E-012  6.733781435287E-013
  5.700278828629E+001  9.924937060919E-013 -4.519149440698E-013  2.047818700612E-013
  5.985012714155E+001  2.703870967304E-013 -1.238380473915E-013  5.647977850774E-014
  6.291368055481E+001  6.620595289373E-014 -3.049053421300E-014  1.399059921723E-014
  6.621590623276E+001  1.440957562960E-014 -6.670968256631E-015  3.078464130032E-015
  6.978225524452E+001  2.752908423942E-015 -1.280788109266E-015  5.942235115629E-016
  7.364166388185E+001  4.551022363208E-016 -2.127296597003E-016  9.919548206381E-017
  7.782714245929E+001  6.404903173641E-017 -3.007168809003E-017  1.408920426365E-017
  8.237648351994E+001  7.531452096324E-018 -3.550986545842E-018  1.671185216555E-018
  8.733311794502E+001  7.242104097515E-019 -3.428189366702E-019  1.620231622537E-019
  9.274715535088E+001  5.555000573175E-020 -2.639513061598E-020  1.252476872143E-020
  9.867665554529E+001  3.302410254962E-021 -1.574799141519E-021  7.500805212926E-022
  1.051891916055E+002  1.471439001690E-022 -7.040606267847E-023  3.365414768583E-023
  1.123637836013E+002  4.724744703366E-024 -2.268000187046E-024  1.087756556911E-024
  1.202933069206E+002  1.044003587859E-025 -5.026789830057E-026  2.418569110719E-026
  1.290875131414E+002  1.503224177201E-027 -7.258836279997E-028  3.502977702011E-028
  1.388768482001E+002  1.321827635927E-029 -6.400387911759E-030  3.097467225687E-030
  1.498173177370E+002  6.568297576235E-032 -3.188666955735E-032  1.547286579810E-032
  1.620967411853E+002  1.679834031514E-034 -8.174984917720E-035  3.976895826199E-035
  1.759428668168E+002  1.974132327611E-037 -9.629483022461E-038  4.695625465195E-038
  1.916340085825E+002  9.280887928749E-041 -4.536976911627E-041  2.217331684980E-041
  2.095131417987E+002  1.471307566315E-044 -7.207376091128E-045  3.529863289423E-045
  2.300068054477E+002  6.359265001066E-049 -3.121229058927E-049  1.531681000037E-049
  2.536507797910E+002  5.737356039175E-054 -2.821146747913E-054  1.387004626920E-054
  2.811254638474E+002  7.696267770208E-060 -3.790888816428E-060  1.867034770696E-060
  3.133053780630E+002  9.923996073934E-067 -4.896072782227E-067  2.415292736250E-067
  3.513296254502E+002  6.968393957210E-075 -3.443096683877E-075  1.701119401987E-075
  3.967041014107E+002  1.256817662139E-084 -6.218708476349E-085  3.076834375026E-085
  4.514529193350E+002  2.120095878971E-096 -1.050393918643E-096  5.203919291260E-097
  5.183481233601E+002  8.382669977969E-111 -4.158209117009E-111  2.062607074555E-111
  6.012676077950E+002  1.120545036826E-128 -5.564678021277E-129  2.763380022278E-129
  7.057700503752E+002  3.154068355189E-151 -1.567938507024E-151  7.794345332430E-152
  8.400513767914E+002  3.117334683002E-180 -1.551135846579E-180  7.718112738983E-181
  1.016602135495E+003  2.109555154228E-218 -1.050576797500E-218  5.231921914734E-219
  1.255220715579E+003  4.942793381472E-270 -2.463443570088E-270  1.227751623141E-270
  1.588815776243E+003  0.000000000000E+000  0.000000000000E+000  0.000000000000E+000
  2.075392011604E+003  0.000000000000E+000  0.000000000000E+000  0.000000000000E+000
  2.825079847528E+003  0.000000000000E+000  0.000000000000E+000  0.000000000000E+000
  4.068408296183E+003  0.000000000000E+000  0.000000000000E+000  0.000000000000E+000
  6.357262947672E+003  0.000000000000E+000  0.000000000000E+000  0.000000000000E+000
  1.130231930164E+004  0.000000000000E+000  0.000000000000E+000  0.000000000000E+000
  2.543105175136E+004  0.000000000000E+000  0.000000000000E+000  0.000000000000E+000
  1.017262069952E+005  0.000000000000E+000  0.000000000000E+000  0.000000000000E+000
