# 1st line: number of mesh points
# abcissa wavefunction wavefunction_1st wavefunction_2nd
500
# Principal QN=   1 , l=   1 , Occupation=   2.0000
  9.830308526563E-006  6.263863542006E-005  6.371814856917E+000 -3.579401421274E+001
  3.932200719722E-005  2.505387137548E-004  6.370759301378E+000 -3.578921680778E+001
  8.847741541467E-005  5.636527531671E-004  6.369000264325E+000 -3.578122157633E+001
  1.573003992805E-004  1.001901623714E-003  6.366538079049E+000 -3.577002918449E+001
  2.457963722418E-004  1.565174557038E-003  6.363373212207E+000 -3.575564056643E+001
  3.539722959954E-004  2.253329159957E-003  6.359506263869E+000 -3.573805692610E+001
  4.818366816529E-004  3.066191431964E-003  6.354937967585E+000 -3.571727973937E+001
  6.293995911626E-004  4.003555786680E-003  6.349669190453E+000 -3.569331075663E+001
  7.966726389935E-004  5.065185077271E-003  6.343700933214E+000 -3.566615200588E+001
  9.836689940782E-004  6.250810625882E-003  6.337034330349E+000 -3.563580579625E+001
  1.190403382016E-003  7.560132257131E-003  6.329670650193E+000 -3.560227472201E+001
  1.416892087541E-003  8.992818335695E-003  6.321611295059E+000 -3.556556166704E+001
  1.663152957245E-003  1.054850580806E-002  6.312857801373E+000 -3.552566980968E+001
  1.929205402573E-003  1.222680024850E-002  6.303411839821E+000 -3.548260262811E+001
  2.215070403073E-003  1.402727590931E-002  6.293275215498E+000 -3.543636390608E+001
  2.520770509919E-003  1.594947577540E-002  6.282449868079E+000 -3.538695773912E+001
  2.846329849692E-003  1.799291162337E-002  6.270937871981E+000 -3.533438854112E+001
  3.191774128432E-003  2.015706408499E-002  6.258741436549E+000 -3.527866105140E+001
  3.557130635959E-003  2.244138271536E-002  6.245862906232E+000 -3.521978034203E+001
  3.942428250463E-003  2.484528606573E-002  6.232304760776E+000 -3.515775182568E+001
  4.347697443358E-003  2.736816176109E-002  6.218069615416E+000 -3.509258126379E+001
  4.772970284417E-003  3.000936658261E-002  6.203160221066E+000 -3.502427477503E+001
  5.218280447175E-003  3.276822655517E-002  6.187579464518E+000 -3.495283884429E+001
  5.683663214611E-003  3.564403703983E-002  6.171330368636E+000 -3.487828033178E+001
  6.169155485101E-003  3.863606283163E-002  6.154416092555E+000 -3.480060648264E+001
  6.674795778653E-003  4.174353826265E-002  6.136839931863E+000 -3.471982493680E+001
  7.200624243425E-003  4.496566731055E-002  6.118605318800E+000 -3.463594373905E+001
  7.746682662519E-003  4.830162371261E-002  6.099715822432E+000 -3.454897134958E+001
  8.313014461060E-003  5.175055108555E-002  6.080175148827E+000 -3.445891665454E+001
  8.899664713569E-003  5.531156305114E-002  6.059987141226E+000 -3.436578897712E+001
  9.506680151615E-003  5.898374336775E-002  6.039155780194E+000 -3.426959808861E+001
  1.013410917176E-002  6.276614606802E-002  6.017685183766E+000 -3.417035421985E+001
  1.078200184380E-002  6.665779560278E-002  5.995579607578E+000 -3.406806807280E+001
  1.145040991929E-002  7.065768699136E-002  5.972843444979E+000 -3.396275083230E+001
  1.213938684040E-002  7.476478597836E-002  5.949481227134E+000 -3.385441417802E+001
  1.284898774901E-002  7.897802919721E-002  5.925497623099E+000 -3.374307029648E+001
  1.357926949620E-002  8.329632434045E-002  5.900897439880E+000 -3.362873189330E+001
  1.433029065191E-002  8.771855033705E-002  5.875685622467E+000 -3.351141220546E+001
  1.510211151509E-002  9.224355753683E-002  5.849867253847E+000 -3.339112501367E+001
  1.589479412397E-002  9.687016790218E-002  5.823447554986E+000 -3.326788465482E+001
  1.670840226680E-002  1.015971752072E-001  5.796431884786E+000 -3.314170603446E+001
  1.754300149280E-002  1.064233452444E-001  5.768825740007E+000 -3.301260463926E+001
  1.839865912351E-002  1.113474160393E-001  5.740634755162E+000 -3.288059654957E+001
  1.927544426443E-002  1.163680980727E-001  5.711864702372E+000 -3.274569845180E+001
  2.017342781695E-002  1.214840745113E-001  5.682521491186E+000 -3.260792765090E+001
  2.109268249069E-002  1.266940014459E-001  5.652611168368E+000 -3.246730208270E+001
  2.203328281612E-002  1.319965081392E-001  5.622139917628E+000 -3.232384032611E+001
  2.299530515754E-002  1.373901972805E-001  5.591114059330E+000 -3.217756161533E+001
  2.397882772639E-002  1.428736452506E-001  5.559540050137E+000 -3.202848585179E+001
  2.498393059493E-002  1.484454023944E-001  5.527424482618E+000 -3.187663361598E+001
  2.601069571024E-002  1.541039933031E-001  5.494774084804E+000 -3.172202617914E+001
  2.705920690860E-002  1.598479171051E-001  5.461595719693E+000 -3.156468551461E+001
  2.812954993023E-002  1.656756477665E-001  5.427896384698E+000 -3.140463430906E+001
  2.922181243436E-002  1.715856344011E-001  5.393683211042E+000 -3.124189597344E+001
  3.033608401473E-002  1.775763015889E-001  5.358963463094E+000 -3.107649465355E+001
  3.147245621542E-002  1.836460497060E-001  5.323744537645E+000 -3.090845524042E+001
  3.263102254705E-002  1.897932552623E-001  5.288033963125E+000 -3.073780338028E+001
  3.381187850339E-002  1.960162712510E-001  5.251839398749E+000 -3.056456548419E+001
  3.501512157837E-002  2.023134275065E-001  5.215168633600E+000 -3.038876873725E+001
  3.624085128345E-002  2.086830310737E-001  5.178029585650E+000 -3.021044110750E+001
  3.748916916538E-002  2.151233665866E-001  5.140430300697E+000 -3.002961135424E+001
  3.876017882444E-002  2.216326966576E-001  5.102378951245E+000 -2.984630903599E+001
  4.005398593302E-002  2.282092622777E-001  5.063883835296E+000 -2.966056451793E+001
  4.137069825459E-002  2.348512832260E-001  5.024953375078E+000 -2.947240897886E+001
  4.271042566323E-002  2.415569584915E-001  4.985596115685E+000 -2.928187441754E+001
  4.407328016341E-002  2.483244667035E-001  4.945820723643E+000 -2.908899365861E+001
  4.545937591035E-002  2.551519665748E-001  4.905635985395E+000 -2.889380035776E+001
  4.686882923075E-002  2.620375973543E-001  4.865050805698E+000 -2.869632900647E+001
  4.830175864396E-002  2.689794792905E-001  4.824074205941E+000 -2.849661493594E+001
  4.975828488365E-002  2.759757141067E-001  4.782715322372E+000 -2.829469432053E+001
  5.123853091993E-002  2.830243854864E-001  4.740983404238E+000 -2.809060418041E+001
  5.274262198188E-002  2.901235595697E-001  4.698887811840E+000 -2.788438238357E+001
  5.427068558066E-002  2.972712854605E-001  4.656438014489E+000 -2.767606764708E+001
  5.582285153302E-002  3.044655957450E-001  4.613643588380E+000 -2.746569953760E+001
  5.739925198530E-002  3.117045070208E-001  4.570514214362E+000 -2.725331847121E+001
  5.900002143803E-002  3.189860204367E-001  4.527059675625E+000 -2.703896571230E+001
  6.062529677088E-002  3.263081222437E-001  4.483289855281E+000 -2.682268337184E+001
  6.227521726827E-002  3.336687843562E-001  4.439214733856E+000 -2.660451440464E+001
  6.394992464542E-002  3.410659649246E-001  4.394844386684E+000 -2.638450260595E+001
  6.564956307496E-002  3.484976089179E-001  4.350188981195E+000 -2.616269260705E+001
  6.737427921404E-002  3.559616487169E-001  4.305258774121E+000 -2.593912987005E+001
  6.912422223211E-002  3.634560047181E-001  4.260064108582E+000 -2.571386068178E+001
  7.089954383907E-002  3.709785859477E-001  4.214615411093E+000 -2.548693214673E+001
  7.270039831418E-002  3.785272906854E-001  4.168923188456E+000 -2.525839217913E+001
  7.452694253540E-002  3.861000070990E-001  4.122998024558E+000 -2.502828949401E+001
  7.637933600943E-002  3.936946138881E-001  4.076850577075E+000 -2.479667359743E+001
  7.825774090225E-002  4.013089809373E-001  4.030491574059E+000 -2.456359477560E+001
  8.016232207035E-002  4.089409699797E-001  3.983931810450E+000 -2.432910408312E+001
  8.209324709253E-002  4.165884352691E-001  3.937182144461E+000 -2.409325333021E+001
  8.405068630235E-002  4.242492242605E-001  3.890253493891E+000 -2.385609506896E+001
  8.603481282122E-002  4.319211783010E-001  3.843156832319E+000 -2.361768257853E+001
  8.804580259214E-002  4.396021333272E-001  3.795903185212E+000 -2.337806984939E+001
  9.008383441408E-002  4.472899205727E-001  3.748503625932E+000 -2.313731156653E+001
  9.214908997710E-002  4.549823672818E-001  3.700969271653E+000 -2.289546309164E+001
  9.424175389809E-002  4.626772974318E-001  3.653311279177E+000 -2.265258044425E+001
  9.636201375725E-002  4.703725324623E-001  3.605540840660E+000 -2.240872028190E+001
  9.851006013526E-002  4.780658920113E-001  3.557669179250E+000 -2.216393987924E+001
  1.006860866512E-001  4.857551946576E-001  3.509707544635E+000 -2.191829710611E+001
  1.028902900012E-001  4.934382586698E-001  3.461667208497E+000 -2.167185040458E+001
  1.051228699979E-001  5.011129027607E-001  3.413559459893E+000 -2.142465876504E+001
  1.073840296104E-001  5.087769468466E-001  3.365395600539E+000 -2.117678170120E+001
  1.096739750056E-001  5.164282128126E-001  3.317186940027E+000 -2.092827922409E+001
  1.119929155896E-001  5.240645252808E-001  3.268944790954E+000 -2.067921181514E+001
  1.143410640503E-001  5.316837123836E-001  3.220680463984E+000 -2.042964039813E+001
  1.167186364011E-001  5.392836065397E-001  3.172405262829E+000 -2.017962631030E+001
  1.191258520249E-001  5.468620452332E-001  3.124130479170E+000 -1.992923127243E+001
  1.215629337189E-001  5.544168717952E-001  3.075867387508E+000 -1.967851735793E+001
  1.240301077413E-001  5.619459361871E-001  3.027627239955E+000 -1.942754696110E+001
  1.265276038575E-001  5.694470957850E-001  2.979421260964E+000 -1.917638276435E+001
  1.290556553882E-001  5.769182161647E-001  2.931260642007E+000 -1.892508770464E+001
  1.316144992580E-001  5.843571718877E-001  2.883156536207E+000 -1.867372493895E+001
  1.342043760450E-001  5.917618472849E-001  2.835120052914E+000 -1.842235780893E+001
  1.368255300316E-001  5.991301372409E-001  2.787162252249E+000 -1.817104980476E+001
  1.394782092560E-001  6.064599479756E-001  2.739294139609E+000 -1.791986452815E+001
  1.421626655646E-001  6.137491978232E-001  2.691526660135E+000 -1.766886565459E+001
  1.448791546661E-001  6.209958180084E-001  2.643870693166E+000 -1.741811689488E+001
  1.476279361856E-001  6.281977534191E-001  2.596337046654E+000 -1.716768195592E+001
  1.504092737207E-001  6.353529633736E-001  2.548936451579E+000 -1.691762450081E+001
  1.532234348983E-001  6.424594223837E-001  2.501679556343E+000 -1.666800810837E+001
  1.560706914324E-001  6.495151209112E-001  2.454576921165E+000 -1.641889623200E+001
  1.589513191834E-001  6.565180661178E-001  2.407639012473E+000 -1.617035215799E+001
  1.618655982178E-001  6.634662826077E-001  2.360876197307E+000 -1.592243896332E+001
  1.648138128702E-001  6.703578131625E-001  2.314298737731E+000 -1.567521947299E+001
  1.677962518056E-001  6.771907194664E-001  2.267916785271E+000 -1.542875621686E+001
  1.708132080832E-001  6.839630828223E-001  2.221740375370E+000 -1.518311138617E+001
  1.738649792215E-001  6.906730048576E-001  2.175779421886E+000 -1.493834678969E+001
  1.769518672648E-001  6.973186082186E-001  2.130043711621E+000 -1.469452380955E+001
  1.800741788507E-001  7.038980372532E-001  2.084542898902E+000 -1.445170335690E+001
  1.832322252791E-001  7.104094586806E-001  2.039286500214E+000 -1.420994582730E+001
  1.864263225826E-001  7.168510622482E-001  1.994283888890E+000 -1.396931105606E+001
  1.896567915983E-001  7.232210613736E-001  1.949544289876E+000 -1.372985827345E+001
  1.929239580409E-001  7.295176937723E-001  1.905076774565E+000 -1.349164605988E+001
  1.962281525771E-001  7.357392220696E-001  1.860890255714E+000 -1.325473230122E+001
  1.995697109023E-001  7.418839343954E-001  1.816993482454E+000 -1.301917414407E+001
  2.029489738173E-001  7.479501449631E-001  1.773395035395E+000 -1.278502795133E+001
  2.063662873085E-001  7.539361946294E-001  1.730103321836E+000 -1.255234925791E+001
  2.098220026275E-001  7.598404514366E-001  1.687126571086E+000 -1.232119272679E+001
  2.133164763746E-001  7.656613111349E-001  1.644472829912E+000 -1.209161210536E+001
  2.168500705817E-001  7.713971976848E-001  1.602149958101E+000 -1.186366018228E+001
  2.204231527988E-001  7.770465637394E-001  1.560165624173E+000 -1.163738874473E+001
  2.240360961807E-001  7.826078911053E-001  1.518527301223E+000 -1.141284853627E+001
  2.276892795770E-001  7.880796911811E-001  1.477242262922E+000 -1.119008921535E+001
  2.313830876220E-001  7.934605053742E-001  1.436317579671E+000 -1.096915931441E+001
  2.351179108282E-001  7.987489054943E-001  1.395760114922E+000 -1.075010619988E+001
  2.388941456809E-001  8.039434941230E-001  1.355576521670E+000 -1.053297603288E+001
  2.427121947345E-001  8.090429049601E-001  1.315773239125E+000 -1.031781373093E+001
  2.465724667110E-001  8.140458031449E-001  1.276356489569E+000 -1.010466293056E+001
  2.504753766009E-001  8.189508855523E-001  1.237332275409E+000 -9.893565951005E+000
  2.544213457654E-001  8.237568810639E-001  1.198706376428E+000 -9.684563758983E+000
  2.584108020414E-001  8.284625508135E-001  1.160484347239E+000 -9.477695934674E+000
  2.624441798480E-001  8.330666884063E-001  1.122671514962E+000 -9.273000638940E+000
  2.665219202956E-001  8.375681201115E-001  1.085272977108E+000 -9.070514581876E+000
  2.706444712976E-001  8.419657050288E-001  1.048293599697E+000 -8.870272992734E+000
  2.748122876832E-001  8.462583352281E-001  1.011738015601E+000 -8.672309591310E+000
  2.790258313137E-001  8.504449358618E-001  9.756106231235E-001 -8.476656560854E+000
  2.832855712010E-001  8.545244652506E-001  9.399155848253E-001 -8.283344522551E+000
  2.875919836279E-001  8.584959149426E-001  9.046568265876E-001 -8.092402511666E+000
  2.919455522717E-001  8.623583097441E-001  8.698380369313E-001 -7.903857955387E+000
  2.963467683296E-001  8.661107077251E-001  8.354626665871E-001 -7.717736652441E+000
  3.007961306479E-001  8.697522001968E-001  8.015339283250E-001 -7.534062754537E+000
  3.052941458522E-001  8.732819116633E-001  7.680547970433E-001 -7.352858749686E+000
  3.098413284823E-001  8.766989997465E-001  7.350280101221E-001 -7.174145447468E+000
  3.144382011281E-001  8.800026550853E-001  7.024560680426E-001 -6.997941966272E+000
  3.190852945695E-001  8.831921012091E-001  6.703412352742E-001 -6.824265722578E+000
  3.237831479192E-001  8.862665943862E-001  6.386855414309E-001 -6.653132422322E+000
  3.285323087679E-001  8.892254234476E-001  6.074907826981E-001 -6.484556054371E+000
  3.333333333333E-001  8.920679095867E-001  5.767585235299E-001 -6.318548886172E+000
  3.381867866117E-001  8.947934061361E-001  5.464900986170E-001 -6.155121461591E+000
  3.430932425333E-001  8.974012983210E-001  5.166866151239E-001 -5.994282600981E+000
  3.480532841203E-001  8.998910029917E-001  4.873489551956E-001 -5.836039403506E+000
  3.530675036492E-001  9.022619683345E-001  4.584777787298E-001 -5.680397251749E+000
  3.581365028158E-001  9.045136735632E-001  4.300735264140E-001 -5.527359818615E+000
  3.632608929041E-001  9.066456285909E-001  4.021364230237E-001 -5.376929076559E+000
  3.684412949588E-001  9.086573736852E-001  3.746664809777E-001 -5.229105309135E+000
  3.736783399619E-001  9.105484791055E-001  3.476635041467E-001 -5.083887124880E+000
  3.789726690123E-001  9.123185447255E-001  3.211270919102E-001 -4.941271473537E+000
  3.843249335105E-001  9.139671996416E-001  2.950566434553E-001 -4.801253664610E+000
  3.897357953460E-001  9.154941017682E-001  2.694513623127E-001 -4.663827388248E+000
  3.952059270903E-001  9.168989374220E-001  2.443102611210E-001 -4.528984738431E+000
  4.007360121927E-001  9.181814208968E-001  2.196321666133E-001 -4.396716238461E+000
  4.063267451812E-001  9.193412940291E-001  1.954157248170E-001 -4.267010868714E+000
  4.119788318683E-001  9.203783257579E-001  1.716594064579E-001 -4.139856096640E+000
  4.176929895600E-001  9.212923116797E-001  1.483615125596E-001 -4.015237908956E+000
  4.234699472710E-001  9.220830735996E-001  1.255201802271E-001 -3.893140846018E+000
  4.293104459435E-001  9.227504590815E-001  1.031333886041E-001 -3.773548038299E+000
  4.352152386716E-001  9.232943409988E-001  8.119896499302E-002 -3.656441244939E+000
  4.411850909306E-001  9.237146170872E-001  5.971459112408E-002 -3.541800894299E+000
  4.472207808110E-001  9.240112095019E-001  3.867780956257E-002 -3.429606126465E+000
  4.533230992589E-001  9.241840643806E-001  1.808603023936E-002 -3.319834837621E+000
  4.594928503202E-001  9.242331514158E-001 -2.063462908418E-003 -3.212463726227E+000
  4.657308513924E-001  9.241584634356E-001 -2.177350520132E-002 -3.107468340909E+000
  4.720379334802E-001  9.239600159983E-001 -4.104704440112E-002 -3.004823129991E+000
  4.784149414579E-001  9.236378470003E-001 -5.988713382934E-002 -2.904501492559E+000
  4.848627343381E-001  9.231920163007E-001 -7.829692543699E-002 -2.806475830978E+000
  4.913821855461E-001  9.226226053639E-001 -9.627966284158E-002 -2.710717604737E+000
  4.979741832006E-001  9.219297169229E-001 -1.138386743485E-001 -2.617197385542E+000
  5.046396304008E-001  9.211134746647E-001 -1.309773659736E-001 -2.525884913518E+000
  5.113794455212E-001  9.201740229404E-001 -1.476992144850E-001 -2.436749154419E+000
  5.181945625116E-001  9.191115265012E-001 -1.640077604810E-001 -2.349758357721E+000
  5.250859312060E-001  9.179261702630E-001 -1.799066015226E-001 -2.264880115465E+000
  5.320545176366E-001  9.166181591005E-001 -1.953993853387E-001 -2.182081421730E+000
  5.391013043575E-001  9.151877176744E-001 -2.104898031223E-001 -2.101328732593E+000
  5.462272907741E-001  9.136350902909E-001 -2.251815829350E-001 -2.022588026445E+000
  5.534334934816E-001  9.119605407976E-001 -2.394784832396E-001 -1.945824864519E+000
  5.607209466109E-001  9.101643525153E-001 -2.533842865776E-001 -1.871004451489E+000
  5.680907021827E-001  9.082468282097E-001 -2.669027934109E-001 -1.798091695990E+000
  5.755438304707E-001  9.062082901013E-001 -2.800378161442E-001 -1.727051270925E+000
  5.830814203728E-001  9.040490799176E-001 -2.927931733464E-001 -1.657847673387E+000
  5.907045797917E-001  9.017695589866E-001 -3.051726841895E-001 -1.590445284071E+000
  5.984144360243E-001  8.993701083749E-001 -3.171801631188E-001 -1.524808426006E+000
  6.062121361613E-001  8.968511290681E-001 -3.288194147740E-001 -1.460901422477E+000
  6.140988474955E-001  8.942130421981E-001 -3.400942291754E-001 -1.398688653958E+000
  6.220757579409E-001  8.914562893143E-001 -3.510083771902E-001 -1.338134613938E+000
  6.301440764614E-001  8.885813327018E-001 -3.615656062947E-001 -1.279203963477E+000
  6.383050335109E-001  8.855886557450E-001 -3.717696366447E-001 -1.221861584337E+000
  6.465598814833E-001  8.824787633377E-001 -3.816241574684E-001 -1.166072630571E+000
  6.549098951744E-001  8.792521823392E-001 -3.911328237926E-001 -1.111802578407E+000
  6.633563722545E-001  8.759094620763E-001 -4.002992535140E-001 -1.059017274302E+000
  6.719006337539E-001  8.724511748902E-001 -4.091270248254E-001 -1.007682981033E+000
  6.805440245593E-001  8.688779167277E-001 -4.176196740055E-001 -9.577664216951E-001
  6.892879139233E-001  8.651903077761E-001 -4.257806935799E-001 -9.092348214957E-001
  6.981336959871E-001  8.613889931406E-001 -4.336135308599E-001 -8.620559472124E-001
  7.070827903152E-001  8.574746435616E-001 -4.411215868642E-001 -8.161981442252E-001
  7.161366424455E-001  8.534479561720E-001 -4.483082156266E-001 -7.716303710088E-001
  7.252967244510E-001  8.493096552917E-001 -4.551767238929E-001 -7.283222309980E-001
  7.345645355186E-001  8.450604932565E-001 -4.617303712069E-001 -6.862440017391E-001
  7.439416025400E-001  8.407012512807E-001 -4.679723703854E-001 -6.453666612518E-001
  7.534294807203E-001  8.362327403494E-001 -4.739058883799E-001 -6.056619115353E-001
  7.630297542000E-001  8.316558021381E-001 -4.795340475194E-001 -5.671021991602E-001
  7.727440366954E-001  8.269713099571E-001 -4.848599271324E-001 -5.296607329011E-001
  7.825739721536E-001  8.221801697163E-001 -4.898865655367E-001 -4.933114983733E-001
  7.925212354258E-001  8.172833209081E-001 -4.946169623912E-001 -4.580292696474E-001
  8.025875329584E-001  8.122817376033E-001 -4.990540813979E-001 -4.237896178302E-001
  8.127746035011E-001  8.071764294583E-001 -5.032008533423E-001 -3.905689166076E-001
  8.230842188350E-001  8.019684427263E-001 -5.070601794581E-001 -3.583443447601E-001
  8.335181845190E-001  7.966588612712E-001 -5.106349351010E-001 -3.270938856732E-001
  8.440783406568E-001  7.912488075783E-001 -5.139279737145E-001 -2.967963238756E-001
  8.547665626839E-001  7.857394437565E-001 -5.169421310689E-001 -2.674312386510E-001
  8.655847621758E-001  7.801319725289E-001 -5.196802297540E-001 -2.389789947837E-001
  8.765348876780E-001  7.744276382054E-001 -5.221450839025E-001 -2.114207305061E-001
  8.876189255584E-001  7.686277276335E-001 -5.243395041230E-001 -1.847383427323E-001
  8.988389008829E-001  7.627335711200E-001 -5.262663026163E-001 -1.589144696721E-001
  9.101968783143E-001  7.567465433218E-001 -5.279282984508E-001 -1.339324709305E-001
  9.216949630368E-001  7.506680640968E-001 -5.293283229702E-001 -1.097764052120E-001
  9.333353017046E-001  7.444995993121E-001 -5.304692253039E-001 -8.643100575626E-002
  9.451200834176E-001  7.382426616035E-001 -5.313538779546E-001 -6.388165364580E-002
  9.570515407237E-001  7.318988110804E-001 -5.319851824304E-001 -4.211434913308E-002
  9.691319506484E-001  7.254696559714E-001 -5.323660748934E-001 -2.111568114677E-002
  9.813636357544E-001  7.189568532052E-001 -5.324995317919E-001 -8.727951432773E-004
  9.937489652293E-001  7.123621089218E-001 -5.323885754484E-001  1.862664052092E-002
  1.006290356005E+000  7.056871789086E-001 -5.320362795675E-001  3.739446951401E-002
  1.018990273907E+000  6.989338689569E-001 -5.314457746364E-001  5.544208356194E-002
  1.031851234841E+000  6.921040351335E-001 -5.306202531837E-001  7.278045939594E-002
  1.044875806003E+000  6.851995839641E-001 -5.295629748670E-001  8.942019641567E-002
  1.058066607138E+000  6.782224725224E-001 -5.282772713569E-001  1.053715548663E-001
  1.071426311823E+000  6.711747084223E-001 -5.267665509895E-001  1.206444943249E-001
  1.084957648792E+000  6.640583497091E-001 -5.250343031550E-001  1.352487122905E-001
  1.098663403298E+000  6.568755046451E-001 -5.230841023970E-001  1.491936826720E-001
  1.112546418516E+000  6.496283313887E-001 -5.209196121925E-001  1.624886939695E-001
  1.126609596985E+000  6.423190375615E-001 -5.185445883880E-001  1.751428869456E-001
  1.140855902095E+000  6.349498797030E-001 -5.159628822668E-001  1.871652915879E-001
  1.155288359613E+000  6.275231626101E-001 -5.131784432235E-001  1.985648631685E-001
  1.169910059257E+000  6.200412385596E-001 -5.101953210264E-001  2.093505172105E-001
  1.184724156317E+000  6.125065064129E-001 -5.070176676460E-001  2.195311631805E-001
  1.199733873325E+000  6.049214106014E-001 -5.036497386345E-001  2.291157367329E-001
  1.214942501771E+000  5.972884399931E-001 -5.000958940402E-001  2.381132303410E-001
  1.230353403874E+000  5.896101266410E-001 -4.963605988437E-001  2.465327221610E-001
  1.245970014403E+000  5.818890444113E-001 -4.924484229065E-001  2.543834029860E-001
  1.261795842559E+000  5.741278074967E-001 -4.883640404240E-001  2.616746011578E-001
  1.277834473907E+000  5.663290688122E-001 -4.841122288769E-001  2.684158053210E-001
  1.294089572372E+000  5.584955182782E-001 -4.796978674797E-001  2.746166849137E-001
  1.310564882294E+000  5.506298809932E-001 -4.751259351259E-001  2.802871083072E-001
  1.327264230548E+000  5.427349152972E-001 -4.704015078320E-001  2.854371585195E-001
  1.344191528724E+000  5.348134107322E-001 -4.655297556880E-001  2.900771464462E-001
  1.361350775387E+000  5.268681859013E-001 -4.605159393208E-001  2.942176215663E-001
  1.378746058390E+000  5.189020862324E-001 -4.553654058829E-001  2.978693800968E-001
  1.396381557275E+000  5.109179816503E-001 -4.500835845790E-001  3.010434705895E-001
  1.414261545744E+000  5.029187641634E-001 -4.446759817485E-001  3.037511969762E-001
  1.432390394201E+000  4.949073453697E-001 -4.391481755210E-001  3.060041190877E-001
  1.450772572390E+000  4.868866538887E-001 -4.335058100669E-001  3.078140506878E-001
  1.469412652102E+000  4.788596327251E-001 -4.277545894665E-001  3.091930550789E-001
  1.488315309978E+000  4.708292365718E-001 -4.219002712229E-001  3.101534383515E-001
  1.507485330398E+000  4.627984290570E-001 -4.159486594464E-001  3.107077403655E-001
  1.526927608467E+000  4.547701799452E-001 -4.099055977391E-001  3.108687235636E-001
  1.546647153093E+000  4.467474622973E-001 -4.037769618116E-001  3.106493597326E-001
  1.566649090169E+000  4.387332495980E-001 -3.975686518617E-001  3.100628148387E-001
  1.586938665861E+000  4.307305128576E-001 -3.912865847517E-001  3.091224320736E-001
  1.607521250000E+000  4.227422176971E-001 -3.849366860146E-001  3.078417132615E-001
  1.628402339588E+000  4.147713214225E-001 -3.785248817268E-001  3.062342987810E-001
  1.649587562420E+000  4.068207700969E-001 -3.720570902816E-001  3.043139461666E-001
  1.671082680832E+000  3.988934956180E-001 -3.655392140978E-001  3.020945075588E-001
  1.692893595565E+000  3.909924128087E-001 -3.589771313006E-001  2.995899061767E-001
  1.715026349769E+000  3.831204165268E-001 -3.523766874084E-001  2.968141119891E-001
  1.737487133138E+000  3.752803788041E-001 -3.457436870597E-001  2.937811167619E-001
  1.760282286187E+000  3.674751460179E-001 -3.390838858155E-001  2.905049086598E-001
  1.783418304674E+000  3.597075361058E-001 -3.324029820678E-001  2.869994465778E-001
  1.806901844175E+000  3.519803358277E-001 -3.257066090865E-001  2.832786343745E-001
  1.830739724818E+000  3.442962980825E-001 -3.190003272356E-001  2.793562951758E-001
  1.854938936184E+000  3.366581392856E-001 -3.122896163862E-001  2.752461459109E-001
  1.879506642368E+000  3.290685368127E-001 -3.055798685530E-001  2.709617722349E-001
  1.904450187236E+000  3.215301265156E-001 -2.988763807810E-001  2.665166039845E-001
  1.929777099847E+000  3.140455003153E-001 -2.921843483038E-001  2.619238913045E-001
  1.955495100083E+000  3.066172038767E-001 -2.855088579951E-001  2.571966815697E-001
  1.981612104475E+000  2.992477343700E-001 -2.788548821338E-001  2.523477972199E-001
  2.008136232230E+000  2.919395383222E-001 -2.722272724977E-001  2.473898146106E-001
  2.035075811486E+000  2.846950095635E-001 -2.656307548020E-001  2.423350439701E-001
  2.062439385788E+000  2.775164872707E-001 -2.590699234958E-001  2.371955105439E-001
  2.090235720801E+000  2.704062541117E-001 -2.525492369266E-001  2.319829369914E-001
  2.118473811262E+000  2.633665344931E-001 -2.460730128814E-001  2.267087270882E-001
  2.147162888201E+000  2.563994929137E-001 -2.396454245128E-001  2.213839507765E-001
  2.176312426413E+000  2.495072324253E-001 -2.332704966540E-001  2.160193305924E-001
  2.205932152222E+000  2.426917932031E-001 -2.269521025274E-001  2.106252294864E-001
  2.236032051522E+000  2.359551512261E-001 -2.206939608470E-001  2.052116400456E-001
  2.266622378129E+000  2.292992170694E-001 -2.144996333169E-001  1.997881751116E-001
  2.297713662445E+000  2.227258348076E-001 -2.083725225252E-001  1.943640597835E-001
  2.329316720450E+000  2.162367810312E-001 -2.023158702296E-001  1.889481247822E-001
  2.361442663038E+000  2.098337639738E-001 -1.963327560336E-001  1.835488011479E-001
  2.394102905709E+000  2.035184227514E-001 -1.904260964496E-001  1.781741162368E-001
  2.427309178642E+000  1.972923267113E-001 -1.845986443429E-001  1.728316909731E-001
  2.461073537146E+000  1.911569748900E-001 -1.788529887529E-001  1.675287383163E-001
  2.495408372530E+000  1.851137955781E-001 -1.731915550856E-001  1.622720628912E-001
  2.530326423398E+000  1.791641459896E-001 -1.676166056700E-001  1.570680617355E-001
  2.565840787378E+000  1.733093120332E-001 -1.621302406738E-001  1.519227261105E-001
  2.601964933334E+000  1.675505081814E-001 -1.567343993693E-001  1.468416443274E-001
  2.638712714049E+000  1.618888774352E-001 -1.514308617432E-001  1.418300055374E-001
  2.676098379430E+000  1.563254913771E-001 -1.462212504415E-001  1.368926044375E-001
  2.714136590232E+000  1.508613503105E-001 -1.411070330420E-001  1.320338468460E-001
  2.752842432351E+000  1.454973834768E-001 -1.360895246436E-001  1.272577561040E-001
  2.792231431696E+000  1.402344493458E-001 -1.311698907636E-001  1.225679802603E-001
  2.832319569669E+000  1.350733359704E-001 -1.263491505322E-001  1.179678000026E-001
  2.873123299289E+000  1.300147613997E-001 -1.216281801710E-001  1.134601372981E-001
  2.914659561979E+000  1.250593741395E-001 -1.170077167440E-001  1.090475647118E-001
  2.956945805065E+000  1.202077536529E-001 -1.124883621647E-001  1.047323153695E-001
  3.000000000000E+000  1.154604108887E-001 -1.080705874449E-001  1.005162935376E-001
  3.043840661365E+000  1.108177888292E-001 -1.037547371660E-001  9.640108579075E-002
  3.088486866678E+000  1.062802630435E-001 -9.954103415342E-002  9.238797273896E-002
  3.133958277047E+000  1.018481422357E-001 -9.542958433217E-002  8.847794128675E-002
  3.180275158719E+000  9.752166877527E-002 -9.142038173887E-002  8.467169739316E-002
  3.227458405560E+000  9.330101919627E-002 -8.751331366454E-002  8.096967930117E-002
  3.275529562509E+000  8.918630465213E-002 -8.370816589863E-002  7.737207120112E-002
  3.324510850077E+000  8.517757131351E-002 -8.000462804350E-002  7.387881728872E-002
  3.374425189910E+000  8.127480069549E-002 -7.640229886575E-002  7.048963617367E-002
  3.425296231502E+000  7.747790990146E-002 -7.290069164896E-002  6.720403558927E-002
  3.477148380094E+000  7.378675177170E-002 -6.949923951043E-002  6.402132734750E-002
  3.530006825834E+000  7.020111492510E-002 -6.619730064271E-002  6.094064247741E-002
  3.583897574256E+000  6.672072368386E-002 -6.299416343977E-002  5.796094647838E-002
  3.638847478148E+000  6.334523787257E-002 -5.988905146656E-002  5.508105461270E-002
  3.694884270887E+000  6.007425248435E-002 -5.688112823060E-002  5.229964715592E-002
  3.752036601308E+000  5.690729720948E-002 -5.396950171451E-002  4.961528451714E-002
  3.810334070199E+000  5.384383582385E-002 -5.115322862929E-002  4.702642213637E-002
  3.869807268505E+000  5.088326543750E-002 -4.843131834998E-002  4.453142506170E-002
  3.930487817331E+000  4.802491560683E-002 -4.580273649789E-002  4.212858210602E-002
  3.992408409843E+000  4.526804731706E-002 -4.326640813658E-002  3.981611948132E-002
  4.055602855172E+000  4.261185184557E-002 -4.082122055343E-002  3.759221380860E-002
  4.120106124432E+000  4.005544952036E-002 -3.846602560316E-002  3.545500440345E-002
  4.185954398964E+000  3.759788839234E-002 -3.619964159585E-002  3.340260474096E-002
  4.253185120935E+000  3.523814284396E-002 -3.402085471849E-002  3.143311300964E-002
  4.321837046422E+000  3.297511216156E-002 -3.192841998643E-002  2.954462167205E-002
  4.391950301120E+000  3.080761910257E-002 -2.992106172926E-002  2.773522596021E-002
  4.463566438835E+000  2.873440849341E-002 -2.799747362404E-002  2.600303124574E-002
  4.536728502895E+000  2.675414589761E-002 -2.615631829780E-002  2.434615923940E-002
  4.611481090679E+000  2.486541639769E-002 -2.439622653053E-002  2.276275299048E-002
  4.687870421430E+000  2.306672353737E-002 -2.271579609902E-002  2.125098067394E-002
  4.765944407533E+000  2.135648847388E-002 -2.111359031097E-002  1.980903817256E-002
  4.845752729492E+000  1.973304939195E-002 -1.958813628795E-002  1.843515048029E-002
  4.927346914797E+000  1.819466123278E-002 -1.813792306335E-002  1.712757197396E-002
  5.010780420931E+000  1.673949579172E-002 -1.676139956956E-002  1.588458561996E-002
  5.096108722763E+000  1.536564223831E-002 -1.545697259447E-002  1.470450120286E-002
  5.183389404586E+000  1.407110811038E-002 -1.422300479262E-002  1.358565268116E-002
  5.272682257105E+000  1.285382083213E-002 -1.305781284014E-002  1.252639479279E-002
  5.364049379651E+000  1.171162980179E-002 -1.195966582419E-002  1.152509904826E-002
  5.457555287978E+000  1.064230908991E-002 -1.092678395795E-002  1.058014926196E-002
  5.553267027968E+000  9.643560782963E-003 -9.957337710290E-003  9.689936781927E-003
  5.651254295630E+000  8.713018999966E-003 -9.049447435091E-003  8.852855584871E-003
  5.751589563796E+000  7.848254600729E-003 -8.201183579357E-003  8.067297406142E-003
  5.854348215936E+000  7.046780595329E-003 -7.410567540748E-003  7.331647073155E-003
  5.959608687557E+000  6.306058253399E-003 -6.675573235103E-003  6.644278205844E-003
  6.067452615683E+000  5.623503900598E-003 -5.994129422158E-003  6.003549438613E-003
  6.177964996951E+000  4.996496377436E-003 -5.364122823723E-003  5.407801305261E-003
  6.291234354880E+000  4.422385123138E-003 -4.783402053057E-003  4.855353911637E-003
  6.407352916949E+000  3.898498834408E-003 -4.249782357413E-003  4.344505500694E-003
  6.526416802128E+000  3.422154636250E-003 -3.761051158098E-003  3.873531991529E-003
  6.648526219580E+000  2.990667689579E-003 -3.314974354279E-003  3.440687548587E-003
  6.773785679311E+000  2.601361148564E-003 -2.909303338519E-003  3.044206209964E-003
  6.902304215570E+000  2.251576369772E-003 -2.541782654277E-003  2.682304575513E-003
  7.034195623922E+000  1.938683265528E-003 -2.210158208582E-003  2.353185526893E-003
  7.169578712934E+000  1.660090685791E-003 -1.912185937492E-003  2.055042923699E-003
  7.308577571516E+000  1.413256706520E-003 -1.645640808055E-003  1.786067193060E-003
  7.451321853057E+000  1.195698698223E-003 -1.408326028817E-003  1.544451705488E-003
  7.597947077547E+000  1.005003046416E-003 -1.198082331839E-003  1.328399807894E-003
  7.748594953021E+000  8.388343961562E-004 -1.012797182996E-003  1.136132366361E-003
  7.903413717736E+000  6.949442958672E-004 -8.504137743331E-004  9.658956568719E-004
  8.062558504629E+000  5.711791213582E-004 -7.089396525712E-004  8.159694323179E-004
  8.226191729726E+000  4.654871692728E-004 -5.864548416829E-004  6.846749889155E-004
  8.394483506327E+000  3.759248201246E-004 -4.811193246566E-004  5.703830549433E-004
  8.567612086926E+000  3.006616844447E-004 -3.911797601699E-004  4.715213293292E-004
  8.745764335025E+000  2.379846611668E-004 -3.149753236184E-004  3.865815070259E-004
  8.929136229160E+000  1.863008549360E-004 -2.509425785311E-004  3.141256419589E-004
  9.117933401693E+000  1.441393181926E-004 -1.976193034570E-004  2.527917161851E-004
  9.312371715124E+000  1.101516042383E-004 -1.536472204666E-004  2.012983051940E-004
  9.512677878945E+000  8.311113858126E-005 -1.177735939236E-004  1.584482533447E-004
  9.719090110332E+000  6.191143716675E-005 -8.885169156114E-005  1.231312994985E-004
  9.931858842267E+000  4.556322109011E-005 -6.584012350509E-005  9.432562016161E-005
  1.015124748302E+001  3.319049751572E-005 -4.780109805144E-005  7.109828503849E-005
  1.037753323129E+001  2.402569523259E-005 -3.389765508798E-005  5.260464696624E-005
  1.061100795175E+001  1.740396004101E-005 -2.338995839326E-005  3.808671390614E-005
  1.085197911611E+001  1.275672949676E-005 -1.563074606735E-005  2.687057424234E-005
  1.110077081537E+001  9.604718012224E-006 -1.006005351389E-005  1.836296736804E-005
  1.135772484956E+001  7.550451578166E-006 -6.199335262780E-006  1.204710883294E-005
  1.162320190175E+001  6.270496170374E-006 -3.645120162580E-006  7.477892707966E-006
  1.189758280382E+001  5.507525094519E-006 -2.062338868631E-006  4.276602969154E-006
  1.218126990242E+001  5.062368071536E-006 -1.177463030801E-006  2.125270442736E-006
  1.247468853413E+001  4.786178867919E-006 -7.715922062789E-007  7.608121863602E-007
  1.277828862002E+001  4.572848947161E-006 -6.736174942100E-007 -3.091372658712E-008
  1.309254639077E+001  4.351782293215E-006 -7.535805510055E-007 -4.210128739735E-007
  1.341796625462E+001  4.081131671512E-006 -9.163334614401E-007 -5.433047160442E-007
  1.375508282195E+001  3.741579671688E-006 -1.095589476621E-006 -4.998185964750E-007
  1.410446310162E+001  3.330729506144E-006 -1.248437526987E-006 -3.659519464919E-007
  1.446670888596E+001  2.858151344879E-006 -1.350375362337E-006 -1.952247241101E-007
  1.484245934302E+001  2.341110583687E-006 -1.390897857208E-006 -2.358230522117E-008
  1.523239383723E+001  1.800985484670E-006 -1.369659119210E-006  1.267829536942E-007
  1.563723500136E+001  1.260363665055E-006 -1.293210161752E-006  2.441041482573E-007
  1.605775208607E+001  7.407904450870E-007 -1.172298574767E-006  3.242033102402E-007
  1.649476461582E+001  2.611275182294E-007 -1.019703261295E-006  3.681293764057E-007
  1.694914638379E+001 -1.635318961064E-007 -8.485661938435E-007  3.802427818954E-007
  1.742182982203E+001 -5.224550830403E-007 -6.711744450624E-007  3.667100382975E-007
  1.791381078784E+001 -8.094399193065E-007 -4.981395031385E-007  3.343654243803E-007
  1.842615381215E+001 -1.022638420464E-006 -3.379170279872E-007  2.898931293778E-007
  1.895999786176E+001 -1.164111016409E-006 -1.966085883419E-007  2.392816292471E-007
  1.951656267356E+001 -1.239188095024E-006 -7.798733033786E-008  1.875024497253E-007
  2.009715572669E+001 -1.255712157771E-006  1.630828304780E-008  1.383674349872E-007
  2.070317992707E+001 -1.223228442577E-006  8.646481833034E-008  9.452184381212E-008
  2.133614208874E+001 -1.152184317199E-006  1.341155040309E-007  5.753469931728E-008
  2.199766230782E+001 -1.053188420603E-006  1.619343972005E-007  2.805252284582E-008
  2.268948433818E+001 -9.363697939223E-007  1.732376323560E-007  5.987633610419E-009
  2.341348709294E+001 -8.108655418454E-007  1.716191048993E-007 -9.282613586857E-009
  2.417169741362E+001 -6.844534309472E-007  1.606405080258E-007 -1.872411706500E-008
  2.496630426925E+001 -5.633338710593E-007  1.435882509689E-007 -2.347531256214E-008
  2.579967457140E+001 -4.520545977705E-007  1.233027366994E-007 -2.470622131936E-008
  2.667437081864E+001 -3.535617441855E-007  1.020790821915E-007 -2.351174644424E-008
  2.759317081651E+001 -2.693534701505E-007  8.163293266985E-008 -2.083995823615E-008
  2.855908975674E+001 -1.997073941602E-007  6.312082787640E-008 -1.745302300288E-008
  2.957540498378E+001 -1.439510364957E-007  4.720182906894E-008 -1.391610203153E-008
  3.064568382919E+001 -1.007453637968E-007  3.412591072100E-008 -1.060804403610E-008
  3.177381495601E+001 -6.835506657257E-008  2.383492778466E-008 -7.747029556954E-009
  3.296404372807E+001 -4.488485837904E-008  1.606360911193E-008 -5.424447752774E-009
  3.422101220608E+001 -2.846808101207E-008  1.043068512520E-008 -3.641073359614E-009
  3.554980447538E+001 -1.740131809496E-008  6.513515613763E-009 -2.340881290636E-009
  3.695599813319E+001 -1.022563322283E-008  3.902976938664E-009 -1.439364744639E-009
  3.844572291106E+001 -5.760660168810E-009  2.238453082976E-009 -8.447761712916E-010
  4.002572758518E+001 -3.101535109821E-009  1.225196710473E-009 -4.720802668306E-010
  4.170345654134E+001 -1.590359641568E-009  6.378713268005E-010 -2.504418675734E-010
  4.348713762001E+001 -7.736517974330E-010  3.147079119186E-010 -1.256935316462E-010
  4.538588318162E+001 -3.555079610247E-010  1.465220662089E-010 -5.944356123937E-011
  4.740980671574E+001 -1.535709702654E-010  6.407160134948E-011 -2.636993503935E-011
  4.957015778746E+001 -6.202678638569E-011  2.617504783088E-011 -1.091652119584E-011
  5.187947869225E+001 -2.328267554941E-011  9.930579691995E-012 -4.192681623376E-012
  5.435178690397E+001 -8.067202364548E-012  3.475429124875E-012 -1.484090464311E-012
  5.700278828629E+001 -2.560571151083E-012  1.113528359805E-012 -4.805537230006E-013
  5.985012714155E+001 -7.381468294090E-013  3.238494847405E-013 -1.411434922023E-013
  6.291368055481E+001 -1.913932009876E-013  8.467190910560E-014 -3.724360427874E-014
  6.621590623276E+001 -4.414858502007E-014  1.968500382436E-014 -8.733449437574E-015
  6.978225524452E+001 -8.947389774529E-015  4.019107381653E-015 -1.797559892498E-015
  7.364166388185E+001 -1.570710164573E-015  7.105032429877E-016 -3.201903594764E-016
  7.782714245929E+001 -2.350000089482E-016  1.070062110382E-016 -4.856704769246E-017
  8.237648351994E+001 -2.941251745637E-017  1.347688791302E-017 -6.157864014069E-018
  8.733311794502E+001 -3.014344962891E-018  1.389382023946E-018 -6.388524304487E-019
  9.274715535088E+001 -2.467817096837E-019  1.143870378791E-019 -5.290986514962E-020
  9.867665554529E+001 -1.568336559773E-020  7.308193235697E-021 -3.399413865602E-021
  1.051891916055E+002 -7.482818646687E-022  3.504466377043E-022 -1.638750511612E-022
  1.123637836013E+002 -2.577581929055E-023  1.212943708407E-023 -5.700327561190E-024
  1.202933069206E+002 -6.122236634629E-025  2.894018470763E-025 -1.366493874715E-025
  1.290875131414E+002 -9.496008402833E-027  4.508086646363E-027 -2.138118722882E-027
  1.388768482001E+002 -9.016044798879E-029  4.297630905970E-029 -2.046887968888E-029
  1.498173177370E+002 -4.849760141735E-031  2.320607206848E-031 -1.109659936851E-031
  1.620967411853E+002 -1.346354770560E-033  6.465763049530E-034 -3.103376298793E-034
  1.759428668168E+002 -1.722673420889E-036  8.301498172693E-037 -3.998575277063E-037
  1.916340085825E+002 -8.846656237074E-040  4.277044347048E-040 -2.066991668303E-040
  2.095131417987E+002 -1.537526049218E-043  7.456227781492E-044 -3.614733004890E-044
  2.300068054477E+002 -7.314377893158E-048  3.557378548634E-048 -1.729691604460E-048
  2.536507797910E+002 -7.295139502504E-053  3.557696418720E-053 -1.734649370704E-053
  2.811254638474E+002 -1.087070695170E-058  5.315017739529E-059 -2.598228755891E-059
  3.133053780630E+002 -1.565531470193E-065  7.672761033172E-066 -3.759953793227E-066
  3.513296254502E+002 -1.235164446902E-073  6.067236849088E-074 -2.979961989654E-074
  3.967041014107E+002 -2.520159319618E-083  1.240525519383E-083 -6.105868206631E-084
  4.514529193350E+002 -4.846320190159E-095  2.390222426950E-095 -1.178791599085E-095
  5.183481233601E+002 -2.203677370547E-109  1.088832998830E-109 -5.379648225817E-110
  6.012676077950E+002 -3.422058586277E-127  1.693665842349E-127 -8.382099260340E-128
  7.057700503752E+002 -1.132187379472E-149  5.612119401413E-150 -2.781791272427E-150
  8.400513767914E+002 -1.333569073583E-178  6.619647591480E-179 -3.285841033982E-179
  1.016602135495E+003 -1.093351966852E-216  5.434175053803E-217 -2.700859875885E-217
  1.255220715579E+003 -3.166306891771E-268  1.575525324707E-268 -7.839608531083E-269
  1.588815776243E+003  0.000000000000E+000  0.000000000000E+000  0.000000000000E+000
  2.075392011604E+003  0.000000000000E+000  0.000000000000E+000  0.000000000000E+000
  2.825079847528E+003  0.000000000000E+000  0.000000000000E+000  0.000000000000E+000
  4.068408296183E+003  0.000000000000E+000  0.000000000000E+000  0.000000000000E+000
  6.357262947672E+003  0.000000000000E+000  0.000000000000E+000  0.000000000000E+000
  1.130231930164E+004  0.000000000000E+000  0.000000000000E+000  0.000000000000E+000
  2.543105175136E+004  0.000000000000E+000  0.000000000000E+000  0.000000000000E+000
  1.017262069952E+005  0.000000000000E+000  0.000000000000E+000  0.000000000000E+000
