# 1st line: number of mesh points
# rho and r_seitz are calculated from total density
# zeta and r_seitz only correct of rho > 1d-12

# abcissa rho drho ddrho zeta r_seitz
500
  9.830308526563E-006  1.757439390041E+002 -1.065854548858E+003  6.715117187730E+003  0.000000000000E+000  2.574820547353E-001
  3.932200719722E-005  1.757125080630E+002 -1.065656527675E+003  6.713826747715E+003  0.000000000000E+000  2.574974063664E-001
  8.847741541467E-005  1.756601333917E+002 -1.065326559632E+003  6.711676468630E+003  0.000000000000E+000  2.575229955570E-001
  1.573003992805E-004  1.755868303320E+002 -1.064864745598E+003  6.708667031698E+003  0.000000000000E+000  2.575588270165E-001
  2.457963722418E-004  1.754926203548E+002 -1.064271226734E+003  6.704799390254E+003  0.000000000000E+000  2.576049073407E-001
  3.539722959954E-004  1.753775310524E+002 -1.063546184442E+003  6.700074769377E+003  0.000000000000E+000  2.576612450140E-001
  4.818366816529E-004  1.752415961284E+002 -1.062689840297E+003  6.694494665402E+003  0.000000000000E+000  2.577278504131E-001
  6.293995911626E-004  1.750848553860E+002 -1.061702455962E+003  6.688060845335E+003  0.000000000000E+000  2.578047358102E-001
  7.966726389935E-004  1.749073547132E+002 -1.060584333088E+003  6.680775346159E+003  0.000000000000E+000  2.578919153787E-001
  9.836689940782E-004  1.747091460667E+002 -1.059335813203E+003  6.672640474033E+003  0.000000000000E+000  2.579894051976E-001
  1.190403382016E-003  1.744902874531E+002 -1.057957277584E+003  6.663658803385E+003  0.000000000000E+000  2.580972232583E-001
  1.416892087541E-003  1.742508429081E+002 -1.056449147106E+003  6.653833175899E+003  0.000000000000E+000  2.582153894712E-001
  1.663152957245E-003  1.739908824733E+002 -1.054811882090E+003  6.643166699398E+003  0.000000000000E+000  2.583439256732E-001
  1.929205402573E-003  1.737104821716E+002 -1.053045982127E+003  6.631662746622E+003  0.000000000000E+000  2.584828556363E-001
  2.215070403073E-003  1.734097239790E+002 -1.051151985888E+003  6.619324953897E+003  0.000000000000E+000  2.586322050767E-001
  2.520770509919E-003  1.730886957959E+002 -1.049130470918E+003  6.606157219703E+003  0.000000000000E+000  2.587920016643E-001
  2.846329849692E-003  1.727474914147E+002 -1.046982053424E+003  6.592163703143E+003  0.000000000000E+000  2.589622750337E-001
  3.191774128432E-003  1.723862104868E+002 -1.044707388033E+003  6.577348822296E+003  0.000000000000E+000  2.591430567952E-001
  3.557130635959E-003  1.720049584861E+002 -1.042307167552E+003  6.561717252478E+003  0.000000000000E+000  2.593343805475E-001
  3.942428250463E-003  1.716038466712E+002 -1.039782122698E+003  6.545273924396E+003  0.000000000000E+000  2.595362818900E-001
  4.347697443358E-003  1.711829920451E+002 -1.037133021827E+003  6.528024022201E+003  0.000000000000E+000  2.597487984369E-001
  4.772970284417E-003  1.707425173132E+002 -1.034360670636E+003  6.509972981438E+003  0.000000000000E+000  2.599719698318E-001
  5.218280447175E-003  1.702825508388E+002 -1.031465911862E+003  6.491126486899E+003  0.000000000000E+000  2.602058377627E-001
  5.683663214611E-003  1.698032265966E+002 -1.028449624960E+003  6.471490470372E+003  0.000000000000E+000  2.604504459783E-001
  6.169155485101E-003  1.693046841243E+002 -1.025312725766E+003  6.451071108288E+003  0.000000000000E+000  2.607058403052E-001
  6.674795778653E-003  1.687870684722E+002 -1.022056166151E+003  6.429874819282E+003  0.000000000000E+000  2.609720686653E-001
  7.200624243425E-003  1.682505301502E+002 -1.018680933657E+003  6.407908261641E+003  0.000000000000E+000  2.612491810949E-001
  7.746682662519E-003  1.676952250738E+002 -1.015188051120E+003  6.385178330662E+003  0.000000000000E+000  2.615372297638E-001
  8.313014461060E-003  1.671213145069E+002 -1.011578576279E+003  6.361692155914E+003  0.000000000000E+000  2.618362689961E-001
  8.899664713569E-003  1.665289650035E+002 -1.007853601375E+003  6.337457098403E+003  0.000000000000E+000  2.621463552913E-001
  9.506680151615E-003  1.659183483470E+002 -1.004014252729E+003  6.312480747644E+003  0.000000000000E+000  2.624675473464E-001
  1.013410917176E-002  1.652896414878E+002 -1.000061690311E+003  6.286770918636E+003  0.000000000000E+000  2.627999060793E-001
  1.078200184380E-002  1.646430264786E+002 -9.959971073015E+002  6.260335648749E+003  0.000000000000E+000  2.631434946525E-001
  1.145040991929E-002  1.639786904079E+002 -9.918217296249E+002  6.233183194512E+003  0.000000000000E+000  2.634983784985E-001
  1.213938684040E-002  1.632968253319E+002 -9.875368154853E+002  6.205322028322E+003  0.000000000000E+000  2.638646253455E-001
  1.284898774901E-002  1.625976282042E+002 -9.831436548802E+002  6.176760835051E+003  0.000000000000E+000  2.642423052442E-001
  1.357926949620E-002  1.618813008034E+002 -9.786435691046E+002  6.147508508571E+003  0.000000000000E+000  2.646314905961E-001
  1.433029065191E-002  1.611480496598E+002 -9.740379102421E+002  6.117574148192E+003  0.000000000000E+000  2.650322561824E-001
  1.510211151509E-002  1.603980859786E+002 -9.693280606433E+002  6.086967055012E+003  0.000000000000E+000  2.654446791936E-001
  1.589479412397E-002  1.596316255634E+002 -9.645154323922E+002  6.055696728180E+003  0.000000000000E+000  2.658688392610E-001
  1.670840226680E-002  1.588488887359E+002 -9.596014667603E+002  6.023772861081E+003  0.000000000000E+000  2.663048184887E-001
  1.754300149280E-002  1.580501002556E+002 -9.545876336492E+002  5.991205337432E+003  0.000000000000E+000  2.667527014869E-001
  1.839865912351E-002  1.572354892359E+002 -9.494754310207E+002  5.958004227304E+003  0.000000000000E+000  2.672125754060E-001
  1.927544426443E-002  1.564052890606E+002 -9.442663843158E+002  5.924179783054E+003  0.000000000000E+000  2.676845299724E-001
  2.017342781695E-002  1.555597372967E+002 -9.389620458626E+002  5.889742435193E+003  0.000000000000E+000  2.681686575250E-001
  2.109268249069E-002  1.546990756071E+002 -9.335639942723E+002  5.854702788160E+003  0.000000000000E+000  2.686650530531E-001
  2.203328281612E-002  1.538235496607E+002 -9.280738338248E+002  5.819071616036E+003  0.000000000000E+000  2.691738142355E-001
  2.299530515754E-002  1.529334090410E+002 -9.224931938432E+002  5.782859858175E+003  0.000000000000E+000  2.696950414810E-001
  2.397882772639E-002  1.520289071539E+002 -9.168237280580E+002  5.746078614766E+003  0.000000000000E+000  2.702288379698E-001
  2.498393059493E-002  1.511103011331E+002 -9.110671139605E+002  5.708739142319E+003  0.000000000000E+000  2.707753096962E-001
  2.601069571024E-002  1.501778517438E+002 -9.052250521464E+002  5.670852849093E+003  0.000000000000E+000  2.713345655136E-001
  2.705920690860E-002  1.492318232863E+002 -8.992992656497E+002  5.632431290445E+003  0.000000000000E+000  2.719067171794E-001
  2.812954993023E-002  1.482724834965E+002 -8.932914992663E+002  5.593486164116E+003  0.000000000000E+000  2.724918794021E-001
  2.922181243436E-002  1.473001034457E+002 -8.872035188685E+002  5.554029305459E+003  0.000000000000E+000  2.730901698904E-001
  3.033608401473E-002  1.463149574395E+002 -8.810371107106E+002  5.514072682598E+003  0.000000000000E+000  2.737017094021E-001
  3.147245621542E-002  1.453173229142E+002 -8.747940807247E+002  5.473628391528E+003  0.000000000000E+000  2.743266217964E-001
  3.263102254705E-002  1.443074803331E+002 -8.684762538089E+002  5.432708651157E+003  0.000000000000E+000  2.749650340865E-001
  3.381187850339E-002  1.432857130803E+002 -8.620854731061E+002  5.391325798293E+003  0.000000000000E+000  2.756170764939E-001
  3.501512157837E-002  1.422523073544E+002 -8.556235992748E+002  5.349492282574E+003  0.000000000000E+000  2.762828825050E-001
  3.624085128345E-002  1.412075520601E+002 -8.490925097529E+002  5.307220661345E+003  0.000000000000E+000  2.769625889286E-001
  3.748916916538E-002  1.401517386990E+002 -8.424940980123E+002  5.264523594484E+003  0.000000000000E+000  2.776563359556E-001
  3.876017882444E-002  1.390851612594E+002 -8.358302728075E+002  5.221413839183E+003  0.000000000000E+000  2.783642672200E-001
  4.005398593302E-002  1.380081161044E+002 -8.291029574165E+002  5.177904244676E+003  0.000000000000E+000  2.790865298621E-001
  4.137069825459E-002  1.369209018600E+002 -8.223140888747E+002  5.134007746930E+003  0.000000000000E+000  2.798232745934E-001
  4.271042566323E-002  1.358238193009E+002 -8.154656172034E+002  5.089737363287E+003  0.000000000000E+000  2.805746557632E-001
  4.407328016341E-002  1.347171712361E+002 -8.085595046303E+002  5.045106187066E+003  0.000000000000E+000  2.813408314274E-001
  4.545937591035E-002  1.336012623936E+002 -8.015977248060E+002  5.000127382137E+003  0.000000000000E+000  2.821219634194E-001
  4.686882923075E-002  1.324763993038E+002 -7.945822620140E+002  4.954814177446E+003  0.000000000000E+000  2.829182174221E-001
  4.830175864396E-002  1.313428901825E+002 -7.875151103751E+002  4.909179861512E+003  0.000000000000E+000  2.837297630435E-001
  4.975828488365E-002  1.302010448122E+002 -7.803982730478E+002  4.863237776899E+003  0.000000000000E+000  2.845567738933E-001
  5.123853091993E-002  1.290511744243E+002 -7.732337614235E+002  4.817001314650E+003  0.000000000000E+000  2.853994276619E-001
  5.274262198188E-002  1.278935915785E+002 -7.660235943178E+002  4.770483908703E+003  0.000000000000E+000  2.862579062022E-001
  5.427068558066E-002  1.267286100434E+002 -7.587697971572E+002  4.723699030274E+003  0.000000000000E+000  2.871323956132E-001
  5.582285153302E-002  1.255565446751E+002 -7.514744011633E+002  4.676660182229E+003  0.000000000000E+000  2.880230863260E-001
  5.739925198530E-002  1.243777112962E+002 -7.441394425329E+002  4.629380893434E+003  0.000000000000E+000  2.889301731928E-001
  5.900002143803E-002  1.231924265735E+002 -7.367669616153E+002  4.581874713082E+003  0.000000000000E+000  2.898538555780E-001
  6.062529677088E-002  1.220010078960E+002 -7.293590020880E+002  4.534155205019E+003  0.000000000000E+000  2.907943374516E-001
  6.227521726827E-002  1.208037732517E+002 -7.219176101288E+002  4.486235942050E+003  0.000000000000E+000  2.917518274864E-001
  6.394992464542E-002  1.196010411045E+002 -7.144448335875E+002  4.438130500240E+003  0.000000000000E+000  2.927265391564E-001
  6.564956307496E-002  1.183931302708E+002 -7.069427211554E+002  4.389852453209E+003  0.000000000000E+000  2.937186908399E-001
  6.737427921404E-002  1.171803597957E+002 -6.994133215338E+002  4.341415366426E+003  0.000000000000E+000  2.947285059236E-001
  6.912422223211E-002  1.159630488286E+002 -6.918586826026E+002  4.292832791503E+003  0.000000000000E+000  2.957562129111E-001
  7.089954383907E-002  1.147415164995E+002 -6.842808505876E+002  4.244118260488E+003  0.000000000000E+000  2.968020455343E-001
  7.270039831418E-002  1.135160817947E+002 -6.766818692287E+002  4.195285280170E+003  0.000000000000E+000  2.978662428671E-001
  7.452694253540E-002  1.122870634320E+002 -6.690637789486E+002  4.146347326389E+003  0.000000000000E+000  2.989490494435E-001
  7.637933600943E-002  1.110547797370E+002 -6.614286160219E+002  4.097317838357E+003  0.000000000000E+000  3.000507153789E-001
  7.825774090225E-002  1.098195485182E+002 -6.537784117463E+002  4.048210212996E+003  0.000000000000E+000  3.011714964938E-001
  8.016232207035E-002  1.085816869436E+002 -6.461151916148E+002  3.999037799292E+003  0.000000000000E+000  3.023116544429E-001
  8.209324709253E-002  1.073415114159E+002 -6.384409744911E+002  3.949813892668E+003  0.000000000000E+000  3.034714568462E-001
  8.405068630235E-002  1.060993374497E+002 -6.307577717862E+002  3.900551729385E+003  0.000000000000E+000  3.046511774252E-001
  8.603481282122E-002  1.048554795471E+002 -6.230675866393E+002  3.851264480962E+003  0.000000000000E+000  3.058510961424E-001
  8.804580259214E-002  1.036102510755E+002 -6.153724131016E+002  3.801965248634E+003  0.000000000000E+000  3.070714993448E-001
  9.008383441408E-002  1.023639641445E+002 -6.076742353236E+002  3.752667057835E+003  0.000000000000E+000  3.083126799121E-001
  9.214908997710E-002  1.011169294837E+002 -5.999750267477E+002  3.703382852721E+003  0.000000000000E+000  3.095749374089E-001
  9.424175389809E-002  9.986945632122E+001 -5.922767493040E+002  3.654125490732E+003  0.000000000000E+000  3.108585782410E-001
  9.636201375725E-002  9.862185226266E+001 -5.845813526132E+002  3.604907737187E+003  0.000000000000E+000  3.121639158173E-001
  9.851006013526E-002  9.737442317065E+001 -5.768907731933E+002  3.555742259940E+003  0.000000000000E+000  3.134912707156E-001
  1.006860866512E-001  9.612747304524E+001 -5.692069336732E+002  3.506641624067E+003  0.000000000000E+000  3.148409708535E-001
  1.028902900012E-001  9.488130390508E+001 -5.615317420130E+002  3.457618286616E+003  0.000000000000E+000  3.162133516643E-001
  1.051228699979E-001  9.363621566934E+001 -5.538670907303E+002  3.408684591402E+003  0.000000000000E+000  3.176087562788E-001
  1.073840296104E-001  9.239250604068E+001 -5.462148561351E+002  3.359852763868E+003  0.000000000000E+000  3.190275357113E-001
  1.096739750056E-001  9.115047038913E+001 -5.385768975710E+002  3.311134906001E+003  0.000000000000E+000  3.204700490524E-001
  1.119929155896E-001  8.991040163697E+001 -5.309550566664E+002  3.262542991310E+003  0.000000000000E+000  3.219366636665E-001
  1.143410640503E-001  8.867259014484E+001 -5.233511565924E+002  3.214088859876E+003  0.000000000000E+000  3.234277553961E-001
  1.167186364011E-001  8.743732359889E+001 -5.157670013319E+002  3.165784213469E+003  0.000000000000E+000  3.249437087715E-001
  1.191258520249E-001  8.620488689925E+001 -5.082043749565E+002  3.117640610733E+003  0.000000000000E+000  3.264849172277E-001
  1.215629337189E-001  8.497556204978E+001 -5.006650409144E+002  3.069669462459E+003  0.000000000000E+000  3.280517833268E-001
  1.240301077413E-001  8.374962804914E+001 -4.931507413288E+002  3.021882026923E+003  0.000000000000E+000  3.296447189884E-001
  1.265276038575E-001  8.252736078335E+001 -4.856631963064E+002  2.974289405317E+003  0.000000000000E+000  3.312641457256E-001
  1.290556553882E-001  8.130903291985E+001 -4.782041032584E+002  2.926902537258E+003  0.000000000000E+000  3.329104948895E-001
  1.316144992580E-001  8.009491380300E+001 -4.707751362322E+002  2.879732196391E+003  0.000000000000E+000  3.345842079205E-001
  1.342043760450E-001  7.888526935139E+001 -4.633779452560E+002  2.832788986077E+003  0.000000000000E+000  3.362857366077E-001
  1.368255300316E-001  7.768036195665E+001 -4.560141556956E+002  2.786083335181E+003  0.000000000000E+000  3.380155433558E-001
  1.394782092560E-001  7.648045038412E+001 -4.486853676250E+002  2.739625493955E+003  0.000000000000E+000  3.397741014606E-001
  1.421626655646E-001  7.528578967532E+001 -4.413931552096E+002  2.693425530019E+003  0.000000000000E+000  3.415618953935E-001
  1.448791546661E-001  7.409663105226E+001 -4.341390661039E+002  2.647493324449E+003  0.000000000000E+000  3.433794210939E-001
  1.476279361856E-001  7.291322182371E+001 -4.269246208635E+002  2.601838567965E+003  0.000000000000E+000  3.452271862717E-001
  1.504092737207E-001  7.173580529345E+001 -4.197513123717E+002  2.556470757239E+003  0.000000000000E+000  3.471057107184E-001
  1.532234348983E-001  7.056462067065E+001 -4.126206052816E+002  2.511399191297E+003  0.000000000000E+000  3.490155266292E-001
  1.560706914324E-001  6.939990298224E+001 -4.055339354731E+002  2.466632968056E+003  0.000000000000E+000  3.509571789339E-001
  1.589513191834E-001  6.824188298763E+001 -3.984927095268E+002  2.422180980958E+003  0.000000000000E+000  3.529312256396E-001
  1.618655982178E-001  6.709078709551E+001 -3.914983042136E+002  2.378051915740E+003  0.000000000000E+000  3.549382381833E-001
  1.648138128702E-001  6.594683728307E+001 -3.845520660015E+002  2.334254247314E+003  0.000000000000E+000  3.569788017964E-001
  1.677962518056E-001  6.481025101752E+001 -3.776553105788E+002  2.290796236780E+003  0.000000000000E+000  3.590535158808E-001
  1.708132080832E-001  6.368124118007E+001 -3.708093223959E+002  2.247685928563E+003  0.000000000000E+000  3.611629943969E-001
  1.738649792215E-001  6.256001599229E+001 -3.640153542242E+002  2.204931147677E+003  0.000000000000E+000  3.633078662646E-001
  1.769518672648E-001  6.144677894513E+001 -3.572746267334E+002  2.162539497126E+003  0.000000000000E+000  3.654887757768E-001
  1.800741788507E-001  6.034172873044E+001 -3.505883280874E+002  2.120518355433E+003  0.000000000000E+000  3.677063830268E-001
  1.832322252791E-001  5.924505917510E+001 -3.439576135590E+002  2.078874874316E+003  0.000000000000E+000  3.699613643494E-001
  1.864263225826E-001  5.815695917791E+001 -3.373836051643E+002  2.037615976488E+003  0.000000000000E+000  3.722544127769E-001
  1.896567915983E-001  5.707761264919E+001 -3.308673913159E+002  1.996748353610E+003  0.000000000000E+000  3.745862385097E-001
  1.929239580409E-001  5.600719845314E+001 -3.244100264967E+002  1.956278464376E+003  0.000000000000E+000  3.769575694030E-001
  1.962281525771E-001  5.494589035303E+001 -3.180125309532E+002  1.916212532755E+003  0.000000000000E+000  3.793691514691E-001
  1.995697109023E-001  5.389385695935E+001 -3.116758904097E+002  1.876556546366E+003  0.000000000000E+000  3.818217493970E-001
  2.029489738173E-001  5.285126168077E+001 -3.054010558030E+002  1.837316255005E+003  0.000000000000E+000  3.843161470891E-001
  2.063662873085E-001  5.181826267818E+001 -2.991889430380E+002  1.798497169331E+003  0.000000000000E+000  3.868531482166E-001
  2.098220026275E-001  5.079501282161E+001 -2.930404327647E+002  1.760104559684E+003  0.000000000000E+000  3.894335767925E-001
  2.133164763746E-001  4.978165965033E+001 -2.869563701763E+002  1.722143455071E+003  0.000000000000E+000  3.920582777656E-001
  2.168500705817E-001  4.877834533595E+001 -2.809375648293E+002  1.684618642299E+003  0.000000000000E+000  3.947281176333E-001
  2.204231527988E-001  4.778520664868E+001 -2.749847904853E+002  1.647534665263E+003  0.000000000000E+000  3.974439850766E-001
  2.240360961807E-001  4.680237492670E+001 -2.690987849745E+002  1.610895824386E+003  0.000000000000E+000  4.002067916160E-001
  2.276892795770E-001  4.582997604880E+001 -2.632802500820E+002  1.574706176224E+003  0.000000000000E+000  4.030174722910E-001
  2.313830876220E-001  4.486813041013E+001 -2.575298514559E+002  1.538969533218E+003  0.000000000000E+000  4.058769863623E-001
  2.351179108282E-001  4.391695290129E+001 -2.518482185381E+002  1.503689463612E+003  0.000000000000E+000  4.087863180387E-001
  2.388941456809E-001  4.297655289064E+001 -2.462359445179E+002  1.468869291524E+003  0.000000000000E+000  4.117464772304E-001
  2.427121947345E-001  4.204703420988E+001 -2.406935863077E+002  1.434512097176E+003  0.000000000000E+000  4.147585003272E-001
  2.465724667110E-001  4.112849514301E+001 -2.352216645421E+002  1.400620717288E+003  0.000000000000E+000  4.178234510052E-001
  2.504753766009E-001  4.022102841855E+001 -2.298206635996E+002  1.367197745622E+003  0.000000000000E+000  4.209424210622E-001
  2.544213457654E-001  3.932472120516E+001 -2.244910316469E+002  1.334245533696E+003  0.000000000000E+000  4.241165312822E-001
  2.584108020414E-001  3.843965511058E+001 -2.192331807067E+002  1.301766191644E+003  0.000000000000E+000  4.273469323312E-001
  2.624441798480E-001  3.756590618396E+001 -2.140474867479E+002  1.269761589248E+003  0.000000000000E+000  4.306348056853E-001
  2.665219202956E-001  3.670354492155E+001 -2.089342897990E+002  1.238233357117E+003  0.000000000000E+000  4.339813645919E-001
  2.706444712976E-001  3.585263627581E+001 -2.038938940842E+002  1.207182888028E+003  0.000000000000E+000  4.373878550665E-001
  2.748122876832E-001  3.501323966781E+001 -1.989265681823E+002  1.176611338426E+003  0.000000000000E+000  4.408555569245E-001
  2.790258313137E-001  3.418540900317E+001 -1.940325452086E+002  1.146519630073E+003  0.000000000000E+000  4.443857848519E-001
  2.832855712010E-001  3.336919269118E+001 -1.892120230191E+002  1.116908451858E+003  0.000000000000E+000  4.479798895151E-001
  2.875919836279E-001  3.256463366748E+001 -1.844651644376E+002  1.087778261759E+003  0.000000000000E+000  4.516392587109E-001
  2.919455522717E-001  3.177176941996E+001 -1.797920975047E+002  1.059129288954E+003  0.000000000000E+000  4.553653185600E-001
  2.963467683296E-001  3.099063201811E+001 -1.751929157495E+002  1.030961536083E+003  0.000000000000E+000  4.591595347443E-001
  3.007961306479E-001  3.022124814563E+001 -1.706676784830E+002  1.003274781664E+003  0.000000000000E+000  4.630234137906E-001
  3.052941458522E-001  2.946363913640E+001 -1.662164111135E+002  9.760685826495E+002  0.000000000000E+000  4.669585044028E-001
  3.098413284823E-001  2.871782101372E+001 -1.618391054839E+002  9.493422771319E+002  0.000000000000E+000  4.709663988433E-001
  3.144382011281E-001  2.798380453283E+001 -1.575357202294E+002  9.230949871886E+002  0.000000000000E+000  4.750487343681E-001
  3.190852945695E-001  2.726159522665E+001 -1.533061811575E+002  8.973256218700E+002  0.000000000000E+000  4.792071947152E-001
  3.237831479192E-001  2.655119345479E+001 -1.491503816477E+002  8.720328803241E+002  0.000000000000E+000  4.834435116501E-001
  3.285323087679E-001  2.585259445562E+001 -1.450681830728E+002  8.472152550568E+002  0.000000000000E+000  4.877594665713E-001
  3.333333333333E-001  2.516578840157E+001 -1.410594152390E+002  8.228710353239E+002  0.000000000000E+000  4.921568921762E-001
  3.381867866117E-001  2.449076045751E+001 -1.371238768469E+002  7.989983106531E+002  0.000000000000E+000  4.966376741926E-001
  3.430932425333E-001  2.382749084212E+001 -1.332613359713E+002  7.755949744917E+002  0.000000000000E+000  5.012037531767E-001
  3.480532841203E-001  2.317595489235E+001 -1.294715305602E+002  7.526587279781E+002  0.000000000000E+000  5.058571263811E-001
  3.530675036492E-001  2.253612313074E+001 -1.257541689520E+002  7.301870838317E+002  0.000000000000E+000  5.105998496961E-001
  3.581365028158E-001  2.190796133571E+001 -1.221089304112E+002  7.081773703593E+002  0.000000000000E+000  5.154340396669E-001
  3.632608929041E-001  2.129143061465E+001 -1.185354656817E+002  6.866267355740E+002  0.000000000000E+000  5.203618755910E-001
  3.684412949588E-001  2.068648747980E+001 -1.150333975564E+002  6.655321514215E+002  0.000000000000E+000  5.253856016971E-001
  3.736783399619E-001  2.009308392680E+001 -1.116023214650E+002  6.448904181110E+002  0.000000000000E+000  5.305075294119E-001
  3.789726690123E-001  1.951116751600E+001 -1.082418060760E+002  6.246981685467E+002  0.000000000000E+000  5.357300397165E-001
  3.843249335105E-001  1.894068145622E+001 -1.049513939155E+002  6.049518728541E+002  0.000000000000E+000  5.410555855970E-001
  3.897357953460E-001  1.838156469109E+001 -1.017306020007E+002  5.856478429979E+002  0.000000000000E+000  5.464866945936E-001
  3.952059270903E-001  1.783375198778E+001 -9.857892248707E+001  5.667822374872E+002  0.000000000000E+000  5.520259714519E-001
  4.007360121927E-001  1.729717402813E+001 -9.549582333017E+001  5.483510661619E+002  0.000000000000E+000  5.576761008814E-001
  4.063267451812E-001  1.677175750198E+001 -9.248074895970E+001  5.303501950564E+002  0.000000000000E+000  5.634398504260E-001
  4.119788318683E-001  1.625742520274E+001 -8.953312096655E+001  5.127753513363E+002  0.000000000000E+000  5.693200734502E-001
  4.176929895600E-001  1.575409612502E+001 -8.665233880128E+001  4.956221283014E+002  0.000000000000E+000  5.753197122477E-001
  4.234699472710E-001  1.526168556430E+001 -8.383778048382E+001  4.788859904513E+002  0.000000000000E+000  5.814418012765E-001
  4.293104459435E-001  1.478010521845E+001 -8.108880332346E+001  4.625622786078E+002  0.000000000000E+000  5.876894705259E-001
  4.352152386716E-001  1.430926329116E+001 -7.840474464846E+001  4.466462150885E+002  0.000000000000E+000  5.940659490225E-001
  4.411850909306E-001  1.384906459698E+001 -7.578492254466E+001  4.311329089272E+002  0.000000000000E+000  6.005745684794E-001
  4.472207808110E-001  1.339941066812E+001 -7.322863660216E+001  4.160173611338E+002  0.000000000000E+000  6.072187670957E-001
  4.533230992589E-001  1.296019986258E+001 -7.073516866948E+001  4.012944699907E+002  0.000000000000E+000  6.140020935127E-001
  4.594928503202E-001  1.253132747393E+001 -6.830378361428E+001  3.869590363773E+002  0.000000000000E+000  6.209282109336E-001
  4.657308513924E-001  1.211268584213E+001 -6.593373009005E+001  3.730057691190E+002  0.000000000000E+000  6.280009014124E-001
  4.720379334802E-001  1.170416446583E+001 -6.362424130778E+001  3.594292903545E+002  0.000000000000E+000  6.352240703209E-001
  4.784149414579E-001  1.130565011552E+001 -6.137453581195E+001  3.462241409142E+002  0.000000000000E+000  6.426017509999E-001
  4.848627343381E-001  1.091702694779E+001 -5.918381825999E+001  3.333847857069E+002  0.000000000000E+000  6.501381096028E-001
  4.913821855461E-001  1.053817662046E+001 -5.705128020439E+001  3.209056191055E+002  0.000000000000E+000  6.578374501383E-001
  4.979741832006E-001  1.016897840839E+001 -5.497610087669E+001  3.087809703285E+002  0.000000000000E+000  6.657042197227E-001
  5.046396304008E-001  9.809309320007E+000 -5.295744797243E+001  2.970051088109E+002  0.000000000000E+000  6.737430140469E-001
  5.113794455212E-001  9.459044214296E+000 -5.099447843643E+001  2.855722495571E+002  0.000000000000E+000  6.819585830690E-001
  5.181945625116E-001  9.118055918228E+000 -4.908633924730E+001  2.744765584728E+002  0.000000000000E+000  6.903558369399E-001
  5.250859312060E-001  8.786215344475E+000 -4.723216820069E+001  2.637121576672E+002  0.000000000000E+000  6.989398521709E-001
  5.320545176366E-001  8.463391609287E+000 -4.543109469011E+001  2.532731307224E+002  0.000000000000E+000  7.077158780520E-001
  5.391013043575E-001  8.149452150430E+000 -4.368224048481E+001  2.431535279220E+002  0.000000000000E+000  7.166893433302E-001
  5.462272907741E-001  7.844262845058E+000 -4.198472050369E+001  2.333473714352E+002  0.000000000000E+000  7.258658631559E-001
  5.534334934816E-001  7.547688127398E+000 -4.033764358456E+001  2.238486604495E+002  0.000000000000E+000  7.352512463072E-001
  5.607209466109E-001  7.259591106139E+000 -3.874011324785E+001  2.146513762468E+002  0.000000000000E+000  7.448515027005E-001
  5.680907021827E-001  6.979833681403E+000 -3.719122845405E+001  2.057494872183E+002  0.000000000000E+000  7.546728511950E-001
  5.755438304707E-001  6.708276661178E+000 -3.569008435408E+001  1.971369538119E+002  0.000000000000E+000  7.647217277008E-001
  5.830814203728E-001  6.444779877105E+000 -3.423577303175E+001  1.888077334069E+002  0.000000000000E+000  7.750047935973E-001
  5.907045797917E-001  6.189202299494E+000 -3.282738423768E+001  1.807557851119E+002  0.000000000000E+000  7.855289444699E-001
  5.984144360243E-001  5.941402151464E+000 -3.146400611375E+001  1.729750744795E+002  0.000000000000E+000  7.963013191704E-001
  6.062121361613E-001  5.701237022092E+000 -3.014472590751E+001  1.654595781347E+002  0.000000000000E+000  8.073293092079E-001
  6.140988474955E-001  5.468563978454E+000 -2.886863067575E+001  1.582032883104E+002  0.000000000000E+000  8.186205684737E-001
  6.220757579409E-001  5.243239676460E+000 -2.763480797653E+001  1.512002172867E+002  0.000000000000E+000  8.301830233035E-001
  6.301440764614E-001  5.025120470365E+000 -2.644234654900E+001  1.444444017296E+002  0.000000000000E+000  8.420248828788E-001
  6.383050335109E-001  4.814062520859E+000 -2.529033698038E+001  1.379299069240E+002  0.000000000000E+000  8.541546499652E-001
  6.465598814833E-001  4.609921901625E+000 -2.417787235934E+001  1.316508308981E+002  0.000000000000E+000  8.665811319868E-001
  6.549098951744E-001  4.412554704274E+000 -2.310404891536E+001  1.256013084342E+002  0.000000000000E+000  8.793134524280E-001
  6.633563722545E-001  4.221817141554E+000 -2.206796664324E+001  1.197755149633E+002  0.000000000000E+000  8.923610625550E-001
  6.719006337539E-001  4.037565648732E+000 -2.106872991241E+001  1.141676703395E+002  0.000000000000E+000  9.057337534436E-001
  6.805440245593E-001  3.859656983074E+000 -2.010544806032E+001  1.087720424903E+002  0.000000000000E+000  9.194416682928E-001
  6.892879139233E-001  3.687948321312E+000 -1.917723596948E+001  1.035829509418E+002  0.000000000000E+000  9.334953150032E-001
  6.981336959871E-001  3.522297355036E+000 -1.828321462766E+001  9.859477021322E+001  0.000000000000E+000  9.479055789878E-001
  7.070827903152E-001  3.362562383908E+000 -1.742251167077E+001  9.380193308060E+001  0.000000000000E+000  9.626837361783E-001
  7.161366424455E-001  3.208602406631E+000 -1.659426190797E+001  8.919893370579E+001  0.000000000000E+000  9.778414661797E-001
  7.252967244510E-001  3.060277209601E+000 -1.579760782862E+001  8.478033062934E+001  0.000000000000E+000  9.933908655173E-001
  7.345645355186E-001  2.917447453157E+000 -1.503170009074E+001  8.054074962505E+001  0.000000000000E+000  1.009344460906E+000
  7.439416025400E-001  2.779974755377E+000 -1.429569799057E+001  7.647488641483E+001  0.000000000000E+000  1.025715222463E+000
  7.534294807203E-001  2.647721773355E+000 -1.358876991301E+001  7.257750924221E+001  0.000000000000E+000  1.042516576760E+000
  7.630297542000E-001  2.520552281885E+000 -1.291009376256E+001  6.884346130363E+001  0.000000000000E+000  1.059762419610E+000
  7.727440366954E-001  2.398331249524E+000 -1.225885737466E+001  6.526766303638E+001  0.000000000000E+000  1.077467128443E+000
  7.825739721536E-001  2.280924911956E+000 -1.163425890704E+001  6.184511426272E+001  0.000000000000E+000  1.095645574110E+000
  7.925212354258E-001  2.168200842637E+000 -1.103550721117E+001  5.857089618978E+001  0.000000000000E+000  1.114313131945E+000
  8.025875329584E-001  2.060028020664E+000 -1.046182218333E+001  5.544017326507E+001  0.000000000000E+000  1.133485691844E+000
  8.127746035011E-001  1.956276895830E+000 -9.912435095599E+000  5.244819488778E+001  0.000000000000E+000  1.153179667127E+000
  8.230842188350E-001  1.856819450853E+000 -9.386588906308E+000  4.959029697619E+001  0.000000000000E+000  1.173412001888E+000
  8.335181845190E-001  1.761529260729E+000 -8.883538550243E+000  4.686190339198E+001  0.000000000000E+000  1.194200176486E+000
  8.440783406568E-001  1.670281549195E+000 -8.402551208393E+000  4.425852722207E+001  0.000000000000E+000  1.215562210799E+000
  8.547665626839E-001  1.582953242297E+000 -7.942906557383E+000  4.177577191941E+001  0.000000000000E+000  1.237516664791E+000
  8.655847621758E-001  1.499423019029E+000 -7.503896998638E+000  3.940933230384E+001  0.000000000000E+000  1.260082635882E+000
  8.765348876780E-001  1.419571359046E+000 -7.084827867378E+000  3.715499542479E+001  0.000000000000E+000  1.283279752528E+000
  8.876189255584E-001  1.343280587454E+000 -6.685017621602E+000  3.500864128757E+001  0.000000000000E+000  1.307128163360E+000
  8.988389008829E-001  1.270434916662E+000 -6.303798011214E+000  3.296624344537E+001  0.000000000000E+000  1.331648521104E+000
  9.101968783143E-001  1.200920485313E+000 -5.940514227508E+000  3.102386945916E+001  0.000000000000E+000  1.356861960439E+000
  9.216949630368E-001  1.134625394305E+000 -5.594525033250E+000  2.917768122812E+001  0.000000000000E+000  1.382790068806E+000
  9.333353017046E-001  1.071439739910E+000 -5.265202873616E+000  2.742393519317E+001  0.000000000000E+000  1.409454849084E+000
  9.451200834176E-001  1.011255644013E+000 -4.951933968286E+000  2.575898241652E+001  0.000000000000E+000  1.436878672879E+000
  9.570515407237E-001  9.539672814941E-001 -4.654118385024E+000  2.417926854038E+001  0.000000000000E+000  1.465084223079E+000
  9.691319506484E-001  8.994709047838E-001 -4.371170095091E+000  2.268133362799E+001  0.000000000000E+000  1.494094424102E+000
  9.813636357544E-001  8.476648656184E-001 -4.102517010870E+000  2.126181189051E+001  0.000000000000E+000  1.523932358161E+000
  9.937489652293E-001  7.984496340332E-001 -3.847601006119E+000  1.991743130318E+001  0.000000000000E+000  1.554621165644E+000
  1.006290356005E+000  7.517278146323E-001 -3.605877919260E+000  1.864501311466E+001  0.000000000000E+000  1.586183927564E+000
  1.018990273907E+000  7.074041601776E-001 -3.376817540174E+000  1.744147125329E+001  0.000000000000E+000  1.618643527824E+000
  1.031851234841E+000  6.653855825432E-001 -3.159903580971E+000  1.630381163428E+001  0.000000000000E+000  1.652022492881E+000
  1.044875806003E+000  6.255811610839E-001 -2.954633631216E+000  1.522913137194E+001  0.000000000000E+000  1.686342806228E+000
  1.058066607138E+000  5.879021484714E-001 -2.760519098132E+000  1.421461790115E+001  0.000000000000E+000  1.721625694962E+000
  1.071426311823E+000  5.522619740528E-001 -2.577085132304E+000  1.325754801236E+001  0.000000000000E+000  1.757891385613E+000
  1.084957648792E+000  5.185762447901E-001 -2.403870539428E+000  1.235528680439E+001  0.000000000000E+000  1.795158826350E+000
  1.098663403298E+000  4.867627438409E-001 -2.240427678648E+000  1.150528655962E+001  0.000000000000E+000  1.833445372697E+000
  1.112546418516E+000  4.567414268441E-001 -2.086322348074E+000  1.070508554587E+001  0.000000000000E+000  1.872766434040E+000
  1.126609596985E+000  4.284344159753E-001 -1.941133658022E+000  9.952306749621E+000  0.000000000000E+000  1.913135078416E+000
  1.140855902095E+000  4.017659918395E-001 -1.804453892597E+000  9.244656544956E+000  0.000000000000E+000  1.954561593534E+000
  1.155288359613E+000  3.766625832698E-001 -1.675888360188E+000  8.579923302930E+000  0.000000000000E+000  1.997053002579E+000
  1.169910059257E+000  3.530527551033E-001 -1.555055233474E+000  7.955975945791E+000  0.000000000000E+000  2.040612534234E+000
  1.184724156317E+000  3.308671940046E-001 -1.441585379553E+000  7.370762450631E+000  0.000000000000E+000  2.085239047559E+000
  1.199733873325E+000  3.100386924128E-001 -1.335122180786E+000  6.822308306966E+000  0.000000000000E+000  2.130926413845E+000
  1.214942501771E+000  2.905021306822E-001 -1.235321346958E+000  6.308714932704E+000  0.000000000000E+000  2.177662859586E+000
  1.230353403874E+000  2.721944574955E-001 -1.141850719357E+000  5.828158052919E+000  0.000000000000E+000  2.225430276994E+000
  1.245970014403E+000  2.550546686214E-001 -1.054390067371E+000  5.378886045787E+000  0.000000000000E+000  2.274203511438E+000
  1.261795842559E+000  2.390237840949E-001 -9.726308781894E-001  4.959218259972E+000  0.000000000000E+000  2.323949638427E+000
  1.277834473907E+000  2.240448238945E-001 -8.962761401955E-001  4.567543307649E+000  0.000000000000E+000  2.374627246628E+000
  1.294089572372E+000  2.100627821935E-001 -8.250401206329E-001  4.202317337288E+000  0.000000000000E+000  2.426185747511E+000
  1.310564882294E+000  1.970246002602E-001 -7.586481381059E-001  3.862062290194E+000  0.000000000000E+000  2.478564736668E+000
  1.327264230548E+000  1.848791380836E-001 -6.968363304776E-001  3.545364144700E+000  0.000000000000E+000  2.531693436304E+000
  1.344191528724E+000  1.735771447982E-001 -6.393514187108E-001  3.250871151787E+000  0.000000000000E+000  2.585490252612E+000
  1.361350775387E+000  1.630712279841E-001 -5.859504671845E-001  2.977292065782E+000  0.000000000000E+000  2.639862485383E+000
  1.378746058390E+000  1.533158219147E-001 -5.364006410066E-001  2.723394373640E+000  0.000000000000E+000  2.694706229731E+000
  1.396381557275E+000  1.442671548260E-001 -4.904789608270E-001  2.488002526185E+000  0.000000000000E+000  2.749906510781E+000
  1.414261545744E+000  1.358832152784E-001 -4.479720556404E-001  2.269996174534E+000  0.000000000000E+000  2.805337690977E+000
  1.432390394201E+000  1.281237176831E-001 -4.086759140523E-001  2.068308414772E+000  0.000000000000E+000  2.860864185765E+000
  1.450772572390E+000  1.209500670625E-001 -3.723956344616E-001  1.881924043802E+000  0.000000000000E+000  2.916341516345E+000
  1.469412652102E+000  1.143253231120E-001 -3.389451746008E-001  1.709877829114E+000  0.000000000000E+000  2.971617717688E+000
  1.488315309978E+000  1.082141636332E-001 -3.081471008499E-001  1.551252795079E+000  0.000000000000E+000  3.026535106005E+000
  1.507485330398E+000  1.025828474020E-001 -2.798323377274E-001  1.405178528187E+000  0.000000000000E+000  3.080932392678E+000
  1.526927608467E+000  9.739917653780E-002 -2.538399179403E-001  1.270829503497E+000  0.000000000000E+000  3.134647112098E+000
  1.546647153093E+000  9.263245843647E-002 -2.300167333546E-001  1.147423434391E+000  0.000000000000E+000  3.187518310000E+000
  1.566649090169E+000  8.825346732991E-002 -2.082172872330E-001  1.034219647572E+000  0.000000000000E+000  3.239389418345E+000
  1.586938665861E+000  8.423440553172E-002 -1.883034480633E-001  9.305174850602E-001  0.000000000000E+000  3.290111224459E+000
  1.607521250000E+000  8.054886442911E-002 -1.701442052837E-001  8.356547348011E-001  0.000000000000E+000  3.339544827846E+000
  1.628402339588E+000  7.717178527835E-002 -1.536154271948E-001  7.490060913191E-001  0.000000000000E+000  3.387564469790E+000
  1.649587562420E+000  7.407941986061E-002 -1.385996213244E-001  6.699816477101E-001  0.000000000000E+000  3.434060119762E+000
  1.671082680832E+000  7.124929105306E-002 -1.249856975005E-001  5.980254201004E-001  0.000000000000E+000  3.478939709654E+000
  1.692893595565E+000  6.866015336928E-002 -1.126687338635E-001  5.326139055568E-001  0.000000000000E+000  3.522130921808E+000
  1.715026349769E+000  6.629195352154E-002 -1.015497460369E-001  4.732546742878E-001  0.000000000000E+000  3.563582458713E+000
  1.737487133138E+000  6.412579105622E-002 -9.153545965629E-002  4.194849968362E-001  0.000000000000E+000  3.603264749493E+000
  1.760282286187E+000  6.214387911251E-002 -8.253808644310E-002  3.708705068334E-001  0.000000000000E+000  3.641170078339E+000
  1.783418304674E+000  6.032950535352E-002 -7.447510399309E-002  3.270038997579E-001  0.000000000000E+000  3.677312150454E+000
  1.806901844175E+000  5.866699311740E-002 -6.726903943586E-002  2.875036680235E-001  0.000000000000E+000  3.711725139080E+000
  1.830739724818E+000  5.714166283529E-002 -6.084725710862E-002  2.520128726086E-001  0.000000000000E+000  3.744462280689E+000
  1.854938936184E+000  5.573979376176E-002 -5.514175037416E-002  2.201979513356E-001  0.000000000000E+000  3.775594102771E+000
  1.879506642368E+000  5.444858606221E-002 -5.008893770157E-002  1.917475638110E-001  0.000000000000E+000  3.805206379035E+000
  1.904450187236E+000  5.325612330059E-002 -4.562946311668E-002  1.663714729486E-001  0.000000000000E+000  3.833397910221E+000
  1.929777099847E+000  5.215133537011E-002 -4.170800111898E-002  1.437994629141E-001  0.000000000000E+000  3.860278225665E+000
  1.955495100083E+000  5.112396190789E-002 -3.827306615209E-002  1.237802932585E-001  0.000000000000E+000  3.885965292486E+000
  1.981612104475E+000  5.016451623404E-002 -3.527682670561E-002  1.060806889370E-001  0.000000000000E+000  3.910583307098E+000
  2.008136232230E+000  4.926424985396E-002 -3.267492411785E-002  9.048436585423E-002  0.000000000000E+000  3.934260629373E+000
  2.035075811486E+000  4.841511756197E-002 -3.042629614117E-002  7.679109152138E-002  0.000000000000E+000  3.957127904397E+000
  2.062439385788E+000  4.760974318261E-002 -2.849300532406E-002  6.481578036576E-002  0.000000000000E+000  3.979316401854E+000
  2.090235720801E+000  4.684138598507E-002 -2.684007225743E-002  5.438762319507E-002  0.000000000000E+000  4.000956589330E+000
  2.118473811262E+000  4.610390780459E-002 -2.543531372580E-002  4.534925028332E-002  0.000000000000E+000  4.022176943997E+000
  2.147162888201E+000  4.539174090322E-002 -2.424918579808E-002  3.755592751886E-002  0.000000000000E+000  4.043102997556E+000
  2.176312426413E+000  4.469985660063E-002 -2.325463188637E-002  3.087478503105E-002  0.000000000000E+000  4.063856601915E+000
  2.205932152222E+000  4.402373470421E-002 -2.242693579545E-002  2.518407769454E-002  0.000000000000E+000  4.084555398006E+000
  2.236032051522E+000  4.335933376553E-002 -2.174357977982E-002  2.037247689494E-002  0.000000000000E+000  4.105312466854E+000
  2.266622378129E+000  4.270306218856E-002 -2.118410761942E-002  1.633839292921E-002  0.000000000000E+000  4.126236140518E+000
  2.297713662445E+000  4.205175021271E-002 -2.072999271892E-002  1.298932740553E-002  0.000000000000E+000  4.147429950242E+000
  2.329316720450E+000  4.140262279173E-002 -2.036451123012E-002  1.024125500194E-002  0.000000000000E+000  4.168992689904E+000
  2.361442663038E+000  4.075327338703E-002 -2.007262019005E-002  8.018033938626E-003  0.000000000000E+000  4.191018574336E+000
  2.394102905709E+000  4.010163869137E-002 -1.984084066155E-002  6.250844516182E-003  0.000000000000E+000  4.213597473934E+000
  2.427309178642E+000  3.944597429662E-002 -1.965714585616E-002  4.877655070128E-003  0.000000000000E+000  4.236815209175E+000
  2.461073537146E+000  3.878483131605E-002 -1.951085421213E-002  3.842714690192E-003  0.000000000000E+000  4.260753890852E+000
  2.495408372530E+000  3.811703396920E-002 -1.939252739316E-002  3.096072051309E-003  0.000000000000E+000  4.285492294041E+000
  2.530326423398E+000  3.744165813413E-002 -1.929387316603E-002  2.593119701151E-003  0.000000000000E+000  4.311106255900E+000
  2.565840787378E+000  3.675801086890E-002 -1.920765310712E-002  2.294163146311E-003  0.000000000000E+000  4.337669089311E+000
  2.601964933334E+000  3.606561090123E-002 -1.912759507982E-002  2.164014075643E-003  0.000000000000E+000  4.365252006100E+000
  2.638712714049E+000  3.536417008181E-002 -1.904831041663E-002  2.171607054754E-003  0.000000000000E+000  4.393924545077E+000
  2.676098379430E+000  3.465357579390E-002 -1.896521573084E-002  2.289639019907E-003  0.000000000000E+000  4.423755001481E+000
  2.714136590232E+000  3.393387430851E-002 -1.887445927420E-002  2.494230892920E-003  0.000000000000E+000  4.454810855506E+000
  2.752842432351E+000  3.320525507142E-002 -1.877285174837E-002  2.764610630867E-003  0.000000000000E+000  4.487159198575E+000
  2.792231431696E+000  3.246803590531E-002 -1.865780146890E-002  3.082817015733E-003  0.000000000000E+000  4.520867156808E+000
  2.832319569669E+000  3.172264910713E-002 -1.852725377229E-002  3.433423479818E-003  0.000000000000E+000  4.556002311804E+000
  2.873123299289E+000  3.096962841821E-002 -1.837963454788E-002  3.803281252874E-003  0.000000000000E+000  4.592633119424E+000
  2.914659561979E+000  3.020959684165E-002 -1.821379776863E-002  4.181281106878E-003  0.000000000000E+000  4.630829327702E+000
  2.956945805065E+000  2.944325527936E-002 -1.802897688686E-002  4.558132964470E-003  0.000000000000E+000  4.670662395427E+000
  3.000000000000E+000  2.867137195828E-002 -1.782473995391E-002  4.926162627597E-003  0.000000000000E+000  4.712205913255E+000
  3.043840661365E+000  2.789477261369E-002 -1.760094831609E-002  5.279124874256E-003  0.000000000000E+000  4.755536029505E+000
  3.088486866678E+000  2.711433139536E-002 -1.735771873338E-002  5.612032163750E-003  0.000000000000E+000  4.800731883038E+000
  3.133958277047E+000  2.633096246073E-002 -1.709538876196E-002  5.920998184873E-003  0.000000000000E+000  4.847876045885E+000
  3.180275158719E+000  2.554561221800E-002 -1.681448523754E-002  6.203095477362E-003  0.000000000000E+000  4.897054978501E+000
  3.227458405560E+000  2.475925218107E-002 -1.651569569275E-002  6.456226354942E-003  0.000000000000E+000  4.948359500767E+000
  3.275529562509E+000  2.397287239739E-002 -1.619984253949E-002  6.679006358795E-003  0.000000000000E+000  5.001885282115E+000
  3.324510850077E+000  2.318747540943E-002 -1.586785984548E-002  6.870659473375E-003  0.000000000000E+000  5.057733354410E+000
  3.374425189910E+000  2.240407071060E-002 -1.552077253362E-002  7.030924342464E-003  0.000000000000E+000  5.116010651520E+000
  3.425296231502E+000  2.162366965629E-002 -1.515967783352E-002  7.159970732245E-003  0.000000000000E+000  5.176830579838E+000
  3.477148380094E+000  2.084728079174E-002 -1.478572881561E-002  7.258325500100E-003  0.000000000000E+000  5.240313624388E+000
  3.530006825834E+000  2.007590555888E-002 -1.440011984095E-002  7.326807342774E-003  0.000000000000E+000  5.306587995571E+000
  3.583897574256E+000  1.931053434582E-002 -1.400407376327E-002  7.366469615457E-003  0.000000000000E+000  5.375790322090E+000
  3.638847478148E+000  1.855214284406E-002 -1.359883072394E-002  7.378550534084E-003  0.000000000000E+000  5.448066396138E+000
  3.694884270887E+000  1.780168867998E-002 -1.318563838599E-002  7.364430096618E-003  0.000000000000E+000  5.523571977565E+000
  3.752036601308E+000  1.706010828976E-002 -1.276574345896E-002  7.325593084996E-003  0.000000000000E+000  5.602473664475E+000
  3.810334070199E+000  1.632831400845E-002 -1.234038437342E-002  7.263597537600E-003  0.000000000000E+000  5.684949838497E+000
  3.869807268505E+000  1.560719134714E-002 -1.191078497122E-002  7.180048112216E-003  0.000000000000E+000  5.771191693947E+000
  3.930487817331E+000  1.489759643403E-002 -1.147814908532E-002  7.076573791171E-003  0.000000000000E+000  5.861404361174E+000
  3.992408409843E+000  1.420035359895E-002 -1.104365589176E-002  6.954809413433E-003  0.000000000000E+000  5.955808135620E+000
  4.055602855172E+000  1.351625308289E-002 -1.060845592479E-002  6.816380552446E-003  0.000000000000E+000  6.054639825546E+000
  4.120106124432E+000  1.284604885809E-002 -1.017366765559E-002  6.662891293175E-003  0.000000000000E+000  6.158154233034E+000
  4.185954398964E+000  1.219045654668E-002 -9.740374543950E-003  6.495914496784E-003  0.000000000000E+000  6.266625784732E+000
  4.253185120935E+000  1.155015142945E-002 -9.309622482131E-003  6.316984176369E-003  0.000000000000E+000  6.380350331002E+000
  4.321837046422E+000  1.092576653938E-002 -8.882417559031E-003  6.127589641814E-003  0.000000000000E+000  6.499647134627E+000
  4.391950301120E+000  1.031789083775E-002 -8.459724082681E-003  5.929171105905E-003  0.000000000000E+000  6.624861073118E+000
  4.463566438835E+000  9.727067473799E-003 -8.042462807992E-003  5.723116477126E-003  0.000000000000E+000  6.756365082028E+000
  4.536728502895E+000  9.153792131681E-003 -7.631509325877E-003  5.510759096685E-003  0.000000000000E+000  6.894562870542E+000
  4.611481090679E+000  8.598511471711E-003 -7.227692578563E-003  5.293376208311E-003  0.000000000000E+000  7.039891945152E+000
  4.687870421430E+000  8.061621675133E-003 -6.831793474355E-003  5.072187978831E-003  0.000000000000E+000  7.192826982439E+000
  4.765944407533E+000  7.543467104398E-003 -6.444543583047E-003  4.848356915496E-003  0.000000000000E+000  7.353883598162E+000
  4.845752729492E+000  7.044339093012E-003 -6.066623900728E-003  4.622987552293E-003  0.000000000000E+000  7.523622566977E+000
  4.927346914797E+000  6.564474880948E-003 -5.698663679649E-003  4.397126301983E-003  0.000000000000E+000  7.702654555547E+000
  5.010780420931E+000  6.104056713187E-003 -5.341239325232E-003  4.171761393216E-003  0.000000000000E+000  7.891645441658E+000
  5.096108722763E+000  5.663211120183E-003 -4.994873368010E-003  3.947822832879E-003  0.000000000000E+000  8.091322303612E+000
  5.183389404586E+000  5.242008399840E-003 -4.660033523333E-003  3.726182352610E-003  0.000000000000E+000  8.302480177895E+000
  5.272682257105E+000  4.840462320994E-003 -4.337131856011E-003  3.507653315276E-003  0.000000000000E+000  8.525989699427E+000
  5.364049379651E+000  4.458530068318E-003 -4.026524070579E-003  3.292990572120E-003  0.000000000000E+000  8.762805758035E+000
  5.457555287978E+000  4.096112448026E-003 -3.728508950672E-003  3.082890274187E-003  0.000000000000E+000  9.013977327875E+000
  5.553267027968E+000  3.753054372705E-003 -3.443327972887E-003  2.877989652644E-003  0.000000000000E+000  9.280658654082E+000
  5.651254295630E+000  3.429145642052E-003 -3.171165121620E-003  2.678866791623E-003  0.000000000000E+000  9.564122014020E+000
  5.751589563796E+000  3.124122034228E-003 -2.912146931635E-003  2.486040424402E-003  0.000000000000E+000  9.865772310303E+000
  5.854348215936E+000  2.837666719961E-003 -2.666342784476E-003  2.299969789062E-003  0.000000000000E+000  1.018716380085E+001
  5.959608687557E+000  2.569412008435E-003 -2.433765483424E-003  2.121054583251E-003  0.000000000000E+000  1.053001932950E+001
  6.067452615683E+000  2.318941430447E-003 -2.214372129424E-003  1.949635059549E-003  0.000000000000E+000  1.089625249178E+001
  6.177964996951E+000  2.085792160294E-003 -2.008065317342E-003  1.785992303077E-003  0.000000000000E+000  1.128799325696E+001
  6.291234354880E+000  1.869457773385E-003 -1.814694668140E-003  1.630348731651E-003  0.000000000000E+000  1.170761767408E+001
  6.407352916949E+000  1.669391331840E-003 -1.634058708006E-003  1.482868856016E-003  0.000000000000E+000  1.215778242088E+001
  6.526416802128E+000  1.485008785179E-003 -1.465907100430E-003  1.343660333587E-003  0.000000000000E+000  1.264146511699E+001
  6.648526219580E+000  1.315692667959E-003 -1.309943231486E-003  1.212775343891E-003  0.000000000000E+000  1.316201152511E+001
  6.773785679311E+000  1.160796070735E-003 -1.165827142533E-003  1.090212307607E-003  0.000000000000E+000  1.372319101711E+001
  6.902304215570E+000  1.019646855278E-003 -1.033178798093E-003  9.759179639932E-004  0.000000000000E+000  1.432926200059E+001
  7.034195623922E+000  8.915520796139E-004 -9.115816700002E-004  8.697898136439E-004  0.000000000000E+000  1.498504940446E+001
  7.169578712934E+000  7.758025932495E-004 -8.005866122540E-004  7.716789251973E-004  0.000000000000E+000  1.569603683586E+001
  7.308577571516E+000  6.716777581383E-004 -6.997159943005E-004  6.813930959861E-004  0.000000000000E+000  1.646847667852E+001
  7.451321853057E+000  5.784502465773E-004 -6.084680541189E-004  5.987003478632E-004  0.000000000000E+000  1.730952225244E+001
  7.597947077547E+000  4.953908634775E-004 -5.263214264437E-004  5.233327307941E-004  0.000000000000E+000  1.822738725943E+001
  7.748594953021E+000  4.217733374675E-004 -4.527397960294E-004  4.549903984694E-004  0.000000000000E+000  1.923153918656E+001
  7.903413717736E+000  3.568790231903E-004 -3.871766211553E-004  3.933459123855E-004  0.000000000000E+000  2.033293525382E+001
  8.062558504629E+000  3.000014560805E-004 -3.290798687771E-004  3.380487237747E-004  0.000000000000E+000  2.154431204454E+001
  8.226191729726E+000  2.504507009567E-004 -2.778966999973E-004  2.887297766549E-004  0.000000000000E+000  2.288054339508E+001
  8.394483506327E+000  2.075574370525E-004 -2.330780430131E-004  2.450061703017E-004  0.000000000000E+000  2.435908579990E+001
  8.567612086926E+000  1.706767246823E-004 -1.940829905159E-004  2.064858158158E-004  0.000000000000E+000  2.600053702902E+001
  8.745764335025E+000  1.391914026512E-004 -1.603829597780E-004  1.727720193224E-004  0.000000000000E+000  2.782934263152E+001
  8.929136229160E+000  1.125150707675E-004 -1.314655564200E-004  1.434679238244E-004  0.000000000000E+000  2.987469767477E+001
  9.117933401693E+000  9.009461836212E-005 -1.068380871507E-004  1.181807429477E-004  0.000000000000E+000  3.217170923385E+001
  9.312371715124E+000  7.141226747748E-005 -8.603067257488E-005  9.652572280242E-005  0.000000000000E+000  3.476291158991E+001
  9.512677878945E+000  5.598710823021E-005 -6.859891841986E-005  7.812977295094E-005  0.000000000000E+000  3.770026527337E+001
  9.719090110332E+000  4.337611358877E-005 -5.412611210438E-005  6.263471396909E-005  0.000000000000E+000  4.104783025674E+001
  9.931858842267E+000  3.317463121513E-005 -4.222492129091E-005  4.970009718662E-005  0.000000000000E+000  4.488539488798E+001
  1.015124748302E+001  2.501636081994E-005 -3.253858168551E-005  3.900556173110E-005  0.000000000000E+000  4.931348637815E+001
  1.037753323129E+001  1.857283636099E-005 -2.474157259186E-005  3.025270472163E-005  0.000000000000E+000  5.446042265326E+001
  1.061100795175E+001  1.355244303095E-005 -1.853979025209E-005  2.316645206733E-005  0.000000000000E+000  6.049245658336E+001
  1.085197911611E+001  9.699008971529E-006 -1.367024044610E-005  1.749592945782E-005  0.000000000000E+000  6.762874027822E+001
  1.110077081537E+001  6.790020650820E-006 -9.900282776637E-006  1.301484538615E-005  0.000000000000E+000  7.616405416206E+001
  1.135772484956E+001  4.634518497362E-006 -7.026469135794E-006  9.521409982806E-006  0.000000000000E+000  8.650453546561E+001
  1.162320190175E+001  3.070735377320E-006 -4.873027637188E-006  6.837824615194E-006  0.000000000000E+000  9.922618346774E+001
  1.189758280382E+001  1.963544559084E-006 -3.290050442864E-006  4.809387180004E-006  0.000000000000E+000  1.151755154356E+002
  1.218126990242E+001  1.201785731333E-006 -2.151449105927E-006  3.303266376083E-006  0.000000000000E+000  1.356536250332E+002
  1.247468853413E+001  6.955373093932E-007 -1.352744050570E-006  2.207004638405E-006  0.000000000000E+000  1.627797115544E+002
  1.277828862002E+001  3.734006634223E-007 -8.087554749397E-007  1.426813562018E-006  0.000000000000E+000  2.002851376095E+002
  1.309254639077E+001  1.798571208456E-007 -4.512612498566E-007  8.857273703540E-007  0.000000000000E+000  2.555040994518E+002
  1.341796625462E+001  7.275183559303E-008 -2.266833749772E-007  5.216792226190E-007  0.000000000000E+000  3.454822715529E+002
  1.375508282195E+001  2.095018523974E-008 -9.385844021618E-008  2.855619738134E-007  0.000000000000E+000  5.231719636603E+002
  1.410446310162E+001  2.202655763208E-009 -2.193963525833E-008  1.393295917132E-007  0.000000000000E+000  1.108472376903E+003
  1.446670888596E+001  1.243678462286E-009  1.153143392375E-008  5.418811435276E-008  0.000000000000E+000  1.341130523957E+003
  1.484245934302E+001  8.139118603256E-009  2.235503412339E-008  8.916224101493E-009  0.000000000000E+000  7.169925215766E+002
  1.523239383723E+001  1.688661982369E-008  2.118813008335E-008 -1.165427142795E-008  0.000000000000E+000  5.621594421546E+002
  1.563723500136E+001  2.426330079939E-008  1.483648537726E-008 -1.797796635146E-008  0.000000000000E+000  4.981847824706E+002
  1.605775208607E+001  2.890684244353E-008  7.326347308008E-009 -1.694535833022E-008  0.000000000000E+000  4.699376056347E+002
  1.649476461582E+001  3.060916502510E-008  7.663840506525E-010 -1.284164872962E-008  0.000000000000E+000  4.610590919835E+002
  1.694914638379E+001  2.979692611319E-008 -3.982677638348E-009 -8.122351648346E-009  0.000000000000E+000  4.652109518757E+002
  1.742182982203E+001  2.717008570806E-008 -6.808311344072E-009 -4.019870926189E-009  0.000000000000E+000  4.797445857331E+002
  1.791381078784E+001  2.346875365032E-008 -7.990918522736E-009 -1.000077127385E-009  0.000000000000E+000  5.037446067685E+002
  1.842615381215E+001  1.933928806733E-008 -7.966458058238E-009  9.090769364488E-010  0.000000000000E+000  5.373124752609E+002
  1.895999786176E+001  1.527286586285E-008 -7.180980430413E-009  1.893666479754E-009  0.000000000000E+000  5.812998877269E+002
  1.951656267356E+001  1.159312382794E-008 -6.013053810533E-009  2.211816844779E-009  0.000000000000E+000  6.372457191699E+002
  2.009715572669E+001  8.473551038466E-009 -4.743098462113E-009  2.112566365119E-009  0.000000000000E+000  7.074329244740E+002
  2.070317992707E+001  5.969674496215E-009 -3.552310071042E-009  1.797195553598E-009  0.000000000000E+000  7.950422365518E+002
  2.133614208874E+001  4.055332203826E-009 -2.537748199496E-009  1.407903760130E-009  0.000000000000E+000  9.044091331888E+002
  2.199766230782E+001  2.656154683113E-009 -1.733934182977E-009  1.032149615190E-009  0.000000000000E+000  1.041412126960E+003
  2.268948433818E+001  1.676556775151E-009 -1.134661158598E-009  7.142596665617E-010  0.000000000000E+000  1.214043728712E+003
  2.341348709294E+001  1.018961749964E-009 -7.114808396461E-010  4.688038738832E-010  0.000000000000E+000  1.433247273746E+003
  2.417169741362E+001  5.956264527576E-010 -4.274111863182E-010  2.925842681086E-010  0.000000000000E+000  1.714151063574E+003
  2.496630426925E+001  3.343816283960E-010 -2.458125299324E-010  1.738253860614E-010  0.000000000000E+000  2.077907841999E+003
  2.579967457140E+001  1.799772833803E-010 -1.351859380364E-010  9.831492521428E-011  0.000000000000E+000  2.554472240230E+003
  2.667437081864E+001  9.269025420253E-011 -7.098204641508E-011  5.290336633374E-011  0.000000000000E+000  3.186855660807E+003
  2.759317081651E+001  4.557259146905E-011 -3.551516181030E-011  2.704917955208E-011  0.000000000000E+000  4.037747681938E+003
  2.855908975674E+001  2.133597434002E-011 -1.689392076011E-011  1.311760243952E-011  0.000000000000E+000  5.199994984897E+003
  2.957540498378E+001  9.484475256951E-012 -7.619849324620E-012  6.020069925613E-012  0.000000000000E+000  6.813485179822E+003
  3.064568382919E+001  3.990411122006E-012 -3.249007620488E-012  2.607456819414E-012  0.000000000000E+000  9.092874650005E+003
  3.177381495601E+001  1.583377828389E-012 -1.305169151636E-012  1.062502900958E-012  0.000000000000E+000  1.237406040672E+004
  3.296404372807E+001  5.902115726504E-013 -4.920869265475E-013  4.058568713480E-013  0.000000000000E+000  0.000000000000E+000
  3.422101220608E+001  2.057784692627E-013 -1.733938365846E-013  1.447347330520E-013  0.000000000000E+000  0.000000000000E+000
  3.554980447538E+001  6.678440982876E-014 -5.683218249618E-014  4.796660888516E-014  0.000000000000E+000  0.000000000000E+000
  3.695599813319E+001  2.006906938782E-014 -1.723655324696E-014  1.469758138646E-014  0.000000000000E+000  0.000000000000E+000
  3.844572291106E+001  5.551448149132E-015 -4.809276764784E-015  4.140103271609E-015  0.000000000000E+000  0.000000000000E+000
  4.002572758518E+001  1.404397662193E-015 -1.226547305900E-015  1.065296941859E-015  0.000000000000E+000  0.000000000000E+000
  4.170345654134E+001  3.225909221212E-016 -2.838954266440E-016  2.486265955319E-016  0.000000000000E+000  0.000000000000E+000
  4.348713762001E+001  6.674584901090E-017 -5.916326202043E-017  5.221756914819E-017  0.000000000000E+000  0.000000000000E+000
  4.538588318162E+001  1.232877446415E-017 -1.100248522912E-017  9.781823671357E-018  0.000000000000E+000  0.000000000000E+000
  4.740980671574E+001  2.013378524171E-018 -1.796098975019E-018  1.606816286986E-018  0.000000000000E+000  0.000000000000E+000
  4.957015778746E+001  2.859786966615E-019 -2.636609297250E-019  2.007474738024E-019  0.000000000000E+000  0.000000000000E+000
  5.187947869225E+001  3.152835782364E-020 -2.844561319796E-020  5.556085462562E-020  0.000000000000E+000  0.000000000000E+000
  5.435178690397E+001  6.643284067058E-021 -6.154373991016E-021  0.000000000000E+000  0.000000000000E+000  0.000000000000E+000
  5.700278828629E+001  0.000000000000E+000  0.000000000000E+000  0.000000000000E+000  0.000000000000E+000  0.000000000000E+000
  5.985012714155E+001  0.000000000000E+000  0.000000000000E+000  0.000000000000E+000  0.000000000000E+000  0.000000000000E+000
  6.291368055481E+001  0.000000000000E+000  0.000000000000E+000  0.000000000000E+000  0.000000000000E+000  0.000000000000E+000
  6.621590623276E+001  0.000000000000E+000  0.000000000000E+000  0.000000000000E+000  0.000000000000E+000  0.000000000000E+000
  6.978225524452E+001  0.000000000000E+000  0.000000000000E+000  0.000000000000E+000  0.000000000000E+000  0.000000000000E+000
  7.364166388185E+001  0.000000000000E+000  0.000000000000E+000  0.000000000000E+000  0.000000000000E+000  0.000000000000E+000
  7.782714245929E+001  0.000000000000E+000  0.000000000000E+000  0.000000000000E+000  0.000000000000E+000  0.000000000000E+000
  8.237648351994E+001  0.000000000000E+000  0.000000000000E+000  0.000000000000E+000  0.000000000000E+000  0.000000000000E+000
  8.733311794502E+001  0.000000000000E+000  0.000000000000E+000  0.000000000000E+000  0.000000000000E+000  0.000000000000E+000
  9.274715535088E+001  0.000000000000E+000  0.000000000000E+000  0.000000000000E+000  0.000000000000E+000  0.000000000000E+000
  9.867665554529E+001  0.000000000000E+000  0.000000000000E+000  0.000000000000E+000  0.000000000000E+000  0.000000000000E+000
  1.051891916055E+002  0.000000000000E+000  0.000000000000E+000  0.000000000000E+000  0.000000000000E+000  0.000000000000E+000
  1.123637836013E+002  0.000000000000E+000  0.000000000000E+000  0.000000000000E+000  0.000000000000E+000  0.000000000000E+000
  1.202933069206E+002  0.000000000000E+000  0.000000000000E+000  0.000000000000E+000  0.000000000000E+000  0.000000000000E+000
  1.290875131414E+002  0.000000000000E+000  0.000000000000E+000  0.000000000000E+000  0.000000000000E+000  0.000000000000E+000
  1.388768482001E+002  0.000000000000E+000  0.000000000000E+000  0.000000000000E+000  0.000000000000E+000  0.000000000000E+000
  1.498173177370E+002  0.000000000000E+000  0.000000000000E+000  0.000000000000E+000  0.000000000000E+000  0.000000000000E+000
  1.620967411853E+002  0.000000000000E+000  0.000000000000E+000  0.000000000000E+000  0.000000000000E+000  0.000000000000E+000
  1.759428668168E+002  0.000000000000E+000  0.000000000000E+000  0.000000000000E+000  0.000000000000E+000  0.000000000000E+000
  1.916340085825E+002  0.000000000000E+000  0.000000000000E+000  0.000000000000E+000  0.000000000000E+000  0.000000000000E+000
  2.095131417987E+002  0.000000000000E+000  0.000000000000E+000  0.000000000000E+000  0.000000000000E+000  0.000000000000E+000
  2.300068054477E+002  0.000000000000E+000  0.000000000000E+000  0.000000000000E+000  0.000000000000E+000  0.000000000000E+000
  2.536507797910E+002  0.000000000000E+000  0.000000000000E+000  0.000000000000E+000  0.000000000000E+000  0.000000000000E+000
  2.811254638474E+002  0.000000000000E+000  0.000000000000E+000  0.000000000000E+000  0.000000000000E+000  0.000000000000E+000
  3.133053780630E+002  0.000000000000E+000  0.000000000000E+000  0.000000000000E+000  0.000000000000E+000  0.000000000000E+000
  3.513296254502E+002  0.000000000000E+000  0.000000000000E+000  0.000000000000E+000  0.000000000000E+000  0.000000000000E+000
  3.967041014107E+002  0.000000000000E+000  0.000000000000E+000  0.000000000000E+000  0.000000000000E+000  0.000000000000E+000
  4.514529193350E+002  0.000000000000E+000  0.000000000000E+000  0.000000000000E+000  0.000000000000E+000  0.000000000000E+000
  5.183481233601E+002  0.000000000000E+000  0.000000000000E+000  0.000000000000E+000  0.000000000000E+000  0.000000000000E+000
  6.012676077950E+002  0.000000000000E+000  0.000000000000E+000  0.000000000000E+000  0.000000000000E+000  0.000000000000E+000
  7.057700503752E+002  0.000000000000E+000  0.000000000000E+000  0.000000000000E+000  0.000000000000E+000  0.000000000000E+000
  8.400513767914E+002  0.000000000000E+000  0.000000000000E+000  0.000000000000E+000  0.000000000000E+000  0.000000000000E+000
  1.016602135495E+003  0.000000000000E+000  0.000000000000E+000  0.000000000000E+000  0.000000000000E+000  0.000000000000E+000
  1.255220715579E+003  0.000000000000E+000  0.000000000000E+000  0.000000000000E+000  0.000000000000E+000  0.000000000000E+000
  1.588815776243E+003  0.000000000000E+000  0.000000000000E+000  0.000000000000E+000  0.000000000000E+000  0.000000000000E+000
  2.075392011604E+003  0.000000000000E+000  0.000000000000E+000  0.000000000000E+000  0.000000000000E+000  0.000000000000E+000
  2.825079847528E+003  0.000000000000E+000  0.000000000000E+000  0.000000000000E+000  0.000000000000E+000  0.000000000000E+000
  4.068408296183E+003  0.000000000000E+000  0.000000000000E+000  0.000000000000E+000  0.000000000000E+000  0.000000000000E+000
  6.357262947672E+003  0.000000000000E+000  0.000000000000E+000  0.000000000000E+000  0.000000000000E+000  0.000000000000E+000
  1.130231930164E+004  0.000000000000E+000  0.000000000000E+000  0.000000000000E+000  0.000000000000E+000  0.000000000000E+000
  2.543105175136E+004  0.000000000000E+000  0.000000000000E+000  0.000000000000E+000  0.000000000000E+000  0.000000000000E+000
  1.017262069952E+005  0.000000000000E+000  0.000000000000E+000  0.000000000000E+000  0.000000000000E+000  0.000000000000E+000
