# 1st line: number of mesh points
# rho and r_seitz are calculated from total density
# zeta and r_seitz only correct of rho > 1d-12

# abcissa rho drho ddrho zeta r_seitz
500
  9.830308526563E-006  1.622158800260E+003 -1.970730614356E+004  2.452221092829E+005  2.600624038662E-005  1.227465504349E-001
  3.932200719722E-005  1.621577704955E+003 -1.970007548758E+004  2.451298468756E+005  2.600629358623E-005  1.227612108333E-001
  8.847741541467E-005  1.620609635788E+003 -1.968802980788E+004  2.449761472634E+005  2.600638155515E-005  1.227856497204E-001
  1.573003992805E-004  1.619255226838E+003 -1.967117721908E+004  2.447611169677E+005  2.600650324616E-005  1.228198744336E-001
  2.457963722418E-004  1.617515364938E+003 -1.964952907007E+004  2.444849049626E+005  2.600665719451E-005  1.228638952516E-001
  3.539722959954E-004  1.615391188807E+003 -1.962309993253E+004  2.441477025181E+005  2.600684151127E-005  1.229177254000E-001
  4.818366816529E-004  1.612884087926E+003 -1.959190758606E+004  2.437497430006E+005  2.600705388722E-005  1.229813810596E-001
  6.293995911626E-004  1.609995701178E+003 -1.955597300015E+004  2.432913016278E+005  2.600729158820E-005  1.230548813756E-001
  7.966726389935E-004  1.606727915230E+003 -1.951532031288E+004  2.427726951815E+005  2.600755145149E-005  1.231382484692E-001
  9.836689940782E-004  1.603082862684E+003 -1.946997680643E+004  2.421942816759E+005  2.600782988732E-005  1.232315074505E-001
  1.190403382016E-003  1.599062919983E+003 -1.941997287941E+004  2.415564599836E+005  2.600812287163E-005  1.233346864333E-001
  1.416892087541E-003  1.594670705079E+003 -1.936534201604E+004  2.408596694194E+005  2.600842594420E-005  1.234478165523E-001
  1.663152957245E-003  1.589909074869E+003 -1.930612075228E+004  2.401043892816E+005  2.600873420675E-005  1.235709319810E-001
  1.929205402573E-003  1.584781122394E+003 -1.924234863883E+004  2.392911383527E+005  2.600904231547E-005  1.237040699524E-001
  2.215070403073E-003  1.579290173813E+003 -1.917406820119E+004  2.384204743594E+005  2.600934447949E-005  1.238472707812E-001
  2.520770509919E-003  1.573439785156E+003 -1.910132489669E+004  2.374929933920E+005  2.600963445366E-005  1.240005778876E-001
  2.846329849692E-003  1.567233738848E+003 -1.902416706870E+004  2.365093292859E+005  2.600990553335E-005  1.241640378236E-001
  3.191774128432E-003  1.560676040021E+003 -1.894264589792E+004  2.354701529636E+005  2.601015055227E-005  1.243377003004E-001
  3.557130635959E-003  1.553770912616E+003 -1.885681535090E+004  2.343761717396E+005  2.601036187314E-005  1.245216182190E-001
  3.942428250463E-003  1.546522795273E+003 -1.876673212586E+004  2.332281285893E+005  2.601053138095E-005  1.247158477012E-001
  4.347697443358E-003  1.538936337020E+003 -1.867245559582E+004  2.320268013811E+005  2.601065047787E-005  1.249204481240E-001
  4.772970284417E-003  1.531016392768E+003 -1.857404774918E+004  2.307730020747E+005  2.601071007494E-005  1.251354821552E-001
  5.218280447175E-003  1.522768018609E+003 -1.847157312776E+004  2.294675758855E+005  2.601070058532E-005  1.253610157914E-001
  5.683663214611E-003  1.514196466933E+003 -1.836509876243E+004  2.281114004161E+005  2.601061191428E-005  1.255971183979E-001
  6.169155485101E-003  1.505307181357E+003 -1.825469410639E+004  2.267053847572E+005  2.601043345387E-005  1.258438627514E-001
  6.674795778653E-003  1.496105791493E+003 -1.814043096614E+004  2.252504685572E+005  2.601015407125E-005  1.261013250838E-001
  7.200624243425E-003  1.486598107532E+003 -1.802238343032E+004  2.237476210634E+005  2.600976209961E-005  1.263695851292E-001
  7.746682662519E-003  1.476790114682E+003 -1.790062779642E+004  2.221978401351E+005  2.600924532923E-005  1.266487261728E-001
  8.313014461060E-003  1.466687967437E+003 -1.777524249550E+004  2.206021512298E+005  2.600859099628E-005  1.269388351021E-001
  8.899664713569E-003  1.456297983712E+003 -1.764630801498E+004  2.189616063648E+005  2.600778577369E-005  1.272400024605E-001
  9.506680151615E-003  1.445626638826E+003 -1.751390681969E+004  2.172772830541E+005  2.600681575770E-005  1.275523225035E-001
  1.013410917176E-002  1.434680559355E+003 -1.737812327106E+004  2.155502832228E+005  2.600566645609E-005  1.278758932572E-001
  1.078200184380E-002  1.423466516867E+003 -1.723904354485E+004  2.137817321008E+005  2.600432277839E-005  1.282108165796E-001
  1.145040991929E-002  1.411991421520E+003 -1.709675554723E+004  2.119727770959E+005  2.600276902244E-005  1.285571982240E-001
  1.213938684040E-002  1.400262315568E+003 -1.695134882957E+004  2.101245866486E+005  2.600098885693E-005  1.289151479060E-001
  1.284898774901E-002  1.388286366751E+003 -1.680291450182E+004  2.082383490708E+005  2.599896531305E-005  1.292847793720E-001
  1.357926949620E-002  1.376070861597E+003 -1.665154514472E+004  2.063152713678E+005  2.599668076936E-005  1.296662104717E-001
  1.433029065191E-002  1.363623198627E+003 -1.649733472096E+004  2.043565780468E+005  2.599411693159E-005  1.300595632329E-001
  1.510211151509E-002  1.350950881491E+003 -1.634037848531E+004  2.023635099132E+005  2.599125482445E-005  1.304649639392E-001
  1.589479412397E-002  1.338061512027E+003 -1.618077289385E+004  2.003373228552E+005  2.598807477221E-005  1.308825432109E-001
  1.670840226680E-002  1.324962783254E+003 -1.601861551250E+004  1.982792866196E+005  2.598455637723E-005  1.313124360895E-001
  1.754300149280E-002  1.311662472316E+003 -1.585400492488E+004  1.961906835790E+005  2.598067851371E-005  1.317547821242E-001
  1.839865912351E-002  1.298168433373E+003 -1.568704063954E+004  1.940728074932E+005  2.597641930030E-005  1.322097254633E-001
  1.927544426443E-002  1.284488590461E+003 -1.551782299691E+004  1.919269622652E+005  2.597175608494E-005  1.326774149474E-001
  2.017342781695E-002  1.270630930312E+003 -1.534645307577E+004  1.897544606942E+005  2.596666542593E-005  1.331580042077E-001
  2.109268249069E-002  1.256603495157E+003 -1.517303259967E+004  1.875566232265E+005  2.596112307302E-005  1.336516517663E-001
  2.203328281612E-002  1.242414375522E+003 -1.499766384311E+004  1.853347767062E+005  2.595510394376E-005  1.341585211417E-001
  2.299530515754E-002  1.228071703002E+003 -1.482044953785E+004  1.830902531276E+005  2.594858210544E-005  1.346787809570E-001
  2.397882772639E-002  1.213583643057E+003 -1.464149277927E+004  1.808243883897E+005  2.594153075249E-005  1.352126050528E-001
  2.498393059493E-002  1.198958387803E+003 -1.446089693301E+004  1.785385210555E+005  2.593392218116E-005  1.357601726037E-001
  2.601069571024E-002  1.184204148837E+003 -1.427876554196E+004  1.762339911167E+005  2.592572777436E-005  1.363216682392E-001
  2.705920690860E-002  1.169329150075E+003 -1.409520223368E+004  1.739121387661E+005  2.591691796576E-005  1.368972821689E-001
  2.812954993023E-002  1.154341620637E+003 -1.391031062840E+004  1.715743031786E+005  2.590746222260E-005  1.374872103122E-001
  2.922181243436E-002  1.139249787771E+003 -1.372419424772E+004  1.692218213021E+005  2.589732902163E-005  1.380916544325E-001
  3.033608401473E-002  1.124061869830E+003 -1.353695642402E+004  1.668560266606E+005  2.588648581562E-005  1.387108222761E-001
  3.147245621542E-002  1.108786069308E+003 -1.334870021084E+004  1.644782481701E+005  2.587489901467E-005  1.393449277165E-001
  3.263102254705E-002  1.093430565940E+003 -1.315952829418E+004  1.620898089687E+005  2.586253394943E-005  1.399941909030E-001
  3.381187850339E-002  1.078003509886E+003 -1.296954290487E+004  1.596920252631E+005  2.584935485005E-005  1.406588384152E-001
  3.501512157837E-002  1.062513014986E+003 -1.277884573223E+004  1.572862051913E+005  2.583532481211E-005  1.413391034222E-001
  3.624085128345E-002  1.046967152113E+003 -1.258753783888E+004  1.548736477051E+005  2.582040576803E-005  1.420352258484E-001
  3.748916916538E-002  1.031373942619E+003 -1.239571957700E+004  1.524556414709E+005  2.580455845232E-005  1.427474525442E-001
  3.876017882444E-002  1.015741351886E+003 -1.220349050606E+004  1.500334637926E+005  2.578774237427E-005  1.434760374628E-001
  4.005398593302E-002  1.000077282987E+003 -1.201094931205E+004  1.476083795557E+005  2.576991578350E-005  1.442212418437E-001
  4.137069825459E-002  9.843895704678E+002 -1.181819372844E+004  1.451816401955E+005  2.575103563055E-005  1.449833344018E-001
  4.271042566323E-002  9.686859742462E+002 -1.162532045877E+004  1.427544826893E+005  2.573105753988E-005  1.457625915239E-001
  4.407328016341E-002  9.529741736476E+002 -1.143242510117E+004  1.403281285744E+005  2.570993576933E-005  1.465592974715E-001
  4.545937591035E-002  9.372617615742E+002 -1.123960207461E+004  1.379037829923E+005  2.568762317509E-005  1.473737445904E-001
  4.686882923075E-002  9.215562388166E+002 -1.104694454730E+004  1.354826337609E+005  2.566407116991E-005  1.482062335287E-001
  4.830175864396E-002  9.058650085141E+002 -1.085454436696E+004  1.330658504747E+005  2.563922969206E-005  1.490570734611E-001
  4.975828488365E-002  8.901953707676E+002 -1.066249199331E+004  1.306545836354E+005  2.561304715876E-005  1.499265823217E-001
  5.123853091993E-002  8.745545174112E+002 -1.047087643270E+004  1.282499638116E+005  2.558547042753E-005  1.508150870451E-001
  5.274262198188E-002  8.589495269481E+002 -1.027978517494E+004  1.258531008305E+005  2.555644475987E-005  1.517229238148E-001
  5.427068558066E-002  8.433873596536E+002 -1.008930413250E+004  1.234650830010E+005  2.552591376881E-005  1.526504383219E-001
  5.582285153302E-002  8.278748528523E+002 -9.899517581966E+003  1.210869763699E+005  2.549381938455E-005  1.535979860310E-001
  5.739925198530E-002  8.124187163707E+002 -9.710508108014E+003  1.187198240107E+005  2.546010180972E-005  1.545659324570E-001
  5.900002143803E-002  7.970255281723E+002 -9.522356549728E+003  1.163646453467E+005  2.542469946758E-005  1.555546534504E-001
  6.062529677088E-002  7.817017301763E+002 -9.335141949486E+003  1.140224355086E+005  2.538754896409E-005  1.565645354929E-001
  6.227521726827E-002  7.664536242647E+002 -9.148941504355E+003  1.116941647268E+005  2.534858503420E-005  1.575959760035E-001
  6.394992464542E-002  7.512873684812E+002 -8.963830520073E+003  1.093807777590E+005  2.530774050361E-005  1.586493836552E-001
  6.564956307496E-002  7.362089734230E+002 -8.779882367631E+003  1.070831933542E+005  2.526494623073E-005  1.597251787026E-001
  6.737427921404E-002  7.212242988305E+002 -8.597168442502E+003  1.048023037519E+005  2.522013106716E-005  1.608237933206E-001
  6.912422223211E-002  7.063390503753E+002 -8.415758126528E+003  1.025389742185E+005  2.517322180123E-005  1.619456719561E-001
  7.089954383907E-002  6.915587766496E+002 -8.235718752498E+003  1.002940426199E+005  2.512414311237E-005  1.630912716908E-001
  7.270039831418E-002  6.768888663580E+002 -8.057115571424E+003  9.806831903122E+004  2.507281751984E-005  1.642610626170E-001
  7.452694253540E-002  6.623345457139E+002 -7.880011722542E+003  9.586258538326E+004  2.501916533393E-005  1.654555282269E-001
  7.637933600943E-002  6.479008760410E+002 -7.704468206030E+003  9.367759514588E+004  2.496310460328E-005  1.666751658152E-001
  7.825774090225E-002  6.335927515812E+002 -7.530543858466E+003  9.151407304874E+004  2.490455106151E-005  1.679204868958E-001
  8.016232207035E-002  6.194148975092E+002 -7.358295331021E+003  8.937271483869E+004  2.484341808646E-005  1.691920176330E-001
  8.209324709253E-002  6.053718681544E+002 -7.187777070377E+003  8.725418707422E+004  2.477961663952E-005  1.704902992881E-001
  8.405068630235E-002  5.914680454296E+002 -7.019041302385E+003  8.515912695657E+004  2.471305521967E-005  1.718158886811E-001
  8.603481282122E-002  5.777076374668E+002 -6.852138018422E+003  8.308814219733E+004  2.464363981464E-005  1.731693586690E-001
  8.804580259214E-002  5.640946774592E+002 -6.687114964466E+003  8.104181092238E+004  2.457127385512E-005  1.745512986403E-001
  9.008383441408E-002  5.506330227083E+002 -6.524017632852E+003  7.902068161172E+004  2.449585816044E-005  1.759623150273E-001
  9.214908997710E-002  5.373263538762E+002 -6.362889256688E+003  7.702527307488E+004  2.441729089955E-005  1.774030318356E-001
  9.424175389809E-002  5.241781744394E+002 -6.203770806914E+003  7.505607446152E+004  2.433546754258E-005  1.788740911923E-001
  9.636201375725E-002  5.111918103452E+002 -6.046700991973E+003  7.311354530678E+004  2.425028082373E-005  1.803761539136E-001
  9.851006013526E-002  4.983704098664E+002 -5.891716260059E+003  7.119811561076E+004  2.416162069648E-005  1.819099000910E-001
  1.006860866512E-001  4.857169436533E+002 -5.738850803909E+003  6.931018595173E+004  2.406937430033E-005  1.834760296988E-001
  1.028902900012E-001  4.732342049809E+002 -5.588136568096E+003  6.745012763229E+004  2.397342592610E-005  1.850752632218E-001
  1.051228699979E-001  4.609248101868E+002 -5.439603258791E+003  6.561828285800E+004  2.387365698947E-005  1.867083423048E-001
  1.073840296104E-001  4.487911992995E+002 -5.293278355934E+003  6.381496494773E+004  2.376994600512E-005  1.883760304243E-001
  1.096739750056E-001  4.368356368511E+002 -5.149187127778E+003  6.204045857490E+004  2.366216856588E-005  1.900791135825E-001
  1.119929155896E-001  4.250602128731E+002 -5.007352647750E+003  6.029502003901E+004  2.355019733241E-005  1.918184010257E-001
  1.143410640503E-001  4.134668440707E+002 -4.867795813568E+003  5.857887756655E+004  2.343390202679E-005  1.935947259860E-001
  1.167186364011E-001  4.020572751719E+002 -4.730535368569E+003  5.689223164044E+004  2.331314943309E-005  1.954089464483E-001
  1.191258520249E-001  3.908330804468E+002 -4.595587925177E+003  5.523525535714E+004  2.318780340863E-005  1.972619459420E-001
  1.215629337189E-001  3.797956653941E+002 -4.462967990458E+003  5.360809481058E+004  2.305772490357E-005  1.991546343596E-001
  1.240301077413E-001  3.689462685893E+002 -4.332687993691E+003  5.201086950178E+004  2.292277199435E-005  2.010879488014E-001
  1.265276038575E-001  3.582859636895E+002 -4.204758315881E+003  5.044367277346E+004  2.278279992627E-005  2.030628544477E-001
  1.290556553882E-001  3.478156615913E+002 -4.079187321164E+003  4.890657226836E+004  2.263766116990E-005  2.050803454582E-001
  1.316144992580E-001  3.375361127362E+002 -3.955981390018E+003  4.739961041044E+004  2.248720550150E-005  2.071414459005E-001
  1.342043760450E-001  3.274479095575E+002 -3.835144954200E+003  4.592280490782E+004  2.233128008626E-005  2.092472107068E-001
  1.368255300316E-001  3.175514890651E+002 -3.716680533360E+003  4.447614927641E+004  2.216972959512E-005  2.113987266597E-001
  1.394782092560E-001  3.078471355608E+002 -3.600588773225E+003  4.305961338317E+004  2.200239633429E-005  2.135971134078E-001
  1.421626655646E-001  2.983349834800E+002 -3.486868485295E+003  4.167314400778E+004  2.182912040608E-005  2.158435245108E-001
  1.448791546661E-001  2.890150203537E+002 -3.375516687965E+003  4.031666542178E+004  2.164973988583E-005  2.181391485146E-001
  1.476279361856E-001  2.798870898845E+002 -3.266528648992E+003  3.899007998388E+004  2.146409104478E-005  2.204852100561E-001
  1.504092737207E-001  2.709508951315E+002 -3.159897929223E+003  3.769326875037E+004  2.127200859196E-005  2.228829709980E-001
  1.532234348983E-001  2.622060017973E+002 -3.055616427511E+003  3.642609209950E+004  2.107332595582E-005  2.253337315933E-001
  1.560706914324E-001  2.536518416114E+002 -2.953674426723E+003  3.518839036859E+004  2.086787561424E-005  2.278388316785E-001
  1.589513191834E-001  2.452877158046E+002 -2.854060640763E+003  3.397998450280E+004  2.065548946075E-005  2.303996518959E-001
  1.618655982178E-001  2.371127986668E+002 -2.756762262531E+003  3.280067671428E+004  2.043599922481E-005  2.330176149428E-001
  1.648138128702E-001  2.291261411827E+002 -2.661765012722E+003  3.165025115071E+004  2.020923694880E-005  2.356941868477E-001
  1.677962518056E-001  2.213266747398E+002 -2.569053189386E+003  3.052847457182E+004  1.997503551911E-005  2.384308782716E-001
  1.708132080832E-001  2.137132149011E+002 -2.478609718169E+003  2.943509703305E+004  1.973322927459E-005  2.412292458320E-001
  1.738649792215E-001  2.062844652375E+002 -2.390416203146E+003  2.836985257480E+004  1.948365467970E-005  2.440908934483E-001
  1.769518672648E-001  1.990390212123E+002 -2.304452978158E+003  2.733245991661E+004  1.922615108623E-005  2.470174737055E-001
  1.800741788507E-001  1.919753741131E+002 -2.220699158580E+003  2.632262315461E+004  1.896056158127E-005  2.500106892330E-001
  1.832322252791E-001  1.850919150234E+002 -2.139132693429E+003  2.534003246165E+004  1.868673393947E-005  2.530722940944E-001
  1.864263225826E-001  1.783869388286E+002 -2.059730417734E+003  2.438436478853E+004  1.840452167885E-005  2.562040951852E-001
  1.896567915983E-001  1.718586482498E+002 -1.982468105084E+003  2.345528456562E+004  1.811378524256E-005  2.594079536310E-001
  1.929239580409E-001  1.655051578996E+002 -1.907320520277E+003  2.255244440352E+004  1.781439331268E-005  2.626857861825E-001
  1.962281525771E-001  1.593244983536E+002 -1.834261471991E+003  2.167548579196E+004  1.750622426828E-005  2.660395665984E-001
  1.995697109023E-001  1.533146202317E+002 -1.763263865398E+003  2.082403979572E+004  1.718916780594E-005  2.694713270099E-001
  2.029489738173E-001  1.474733982834E+002 -1.694299754643E+003  1.999772774660E+004  1.686312673713E-005  2.729831592556E-001
  2.063662873085E-001  1.417986354710E+002 -1.627340395123E+003  1.919616193064E+004  1.652801897732E-005  2.765772161778E-001
  2.098220026275E-001  1.362880670460E+002 -1.562356295481E+003  1.841894626934E+004  1.618377974940E-005  2.802557128679E-001
  2.133164763746E-001  1.309393646112E+002 -1.499317269254E+003  1.766567699428E+004  1.583036402940E-005  2.840209278458E-001
  2.168500705817E-001  1.257501401650E+002 -1.438192486097E+003  1.693594331399E+004  1.546774922946E-005  2.878752041591E-001
  2.204231527988E-001  1.207179501220E+002 -1.378950522528E+003  1.622932807236E+004  1.509593817978E-005  2.918209503839E-001
  2.240360961807E-001  1.158402993034E+002 -1.321559412115E+003  1.554540839772E+004  1.471496240619E-005  2.958606415063E-001
  2.276892795770E-001  1.111146448942E+002 -1.265986695059E+003  1.488375634177E+004  1.432488574985E-005  2.999968196626E-001
  2.313830876220E-001  1.065384003612E+002 -1.212199467092E+003  1.424393950768E+004  1.392580835539E-005  3.042320947125E-001
  2.351179108282E-001  1.021089393264E+002 -1.160164427655E+003  1.362552166650E+004  1.351787104520E-005  3.085691446155E-001
  2.388941456809E-001  9.782359939271E+001 -1.109847927281E+003  1.302806336138E+004  1.310126015853E-005  3.130107155796E-001
  2.427121947345E-001  9.367968591666E+001 -1.061216014140E+003  1.245112249874E+004  1.267621283640E-005  3.175596219435E-001
  2.465724667110E-001  8.967447572372E+001 -1.014234479699E+003  1.189425492600E+004  1.224302284006E-005  3.222187457534E-001
  2.504753766009E-001  8.580522076266E+001 -9.688689034334E+002  1.135701499505E+004  1.180204693090E-005  3.269910359880E-001
  2.544213457654E-001  8.206915169480E+001 -9.250846965670E+002  1.083895611117E+004  1.135371186114E-005  3.318795073798E-001
  2.584108020414E-001  7.846348141448E+001 -8.828471447772E+002  1.033963126672E+004  1.089852201076E-005  3.368872387775E-001
  2.624441798480E-001  7.498540849727E+001 -8.421214498392E+002  9.858593559258E+003  1.043706775868E-005  3.420173709846E-001
  2.665219202956E-001  7.163212057261E+001 -8.028727701680E+002  9.395396693593E+003  9.970034590841E-006  3.472731040046E-001
  2.706444712976E-001  6.840079761771E+001 -7.650662602225E+002  8.949595467444E+003  9.498213075554E-006  3.526576936155E-001
  2.748122876832E-001  6.528861516990E+001 -7.286671087437E+002  8.520746240355E+003  9.022509676981E-006  3.581744471871E-001
  2.790258313137E-001  6.229274745460E+001 -6.936405757957E+002  8.108407385563E+003  8.543958545051E-006  3.638267186465E-001
  2.832855712010E-001  5.941037042647E+001 -6.599520285864E+002  7.712139724572E+003  8.063734290442E-006  3.696179024873E-001
  2.875919836279E-001  5.663866472145E+001 -6.275669760426E+002  7.331506944203E+003  7.583165833117E-006  3.755514267102E-001
  2.919455522717E-001  5.397481851748E+001 -5.964511021217E+002  6.966075995954E+003  7.103751369707E-006  3.816307445678E-001
  2.963467683296E-001  5.141603030216E+001 -5.665702978412E+002  6.615417477520E+003  6.627174507029E-006  3.878593249805E-001
  3.007961306479E-001  4.895951154552E+001 -5.378906920124E+002  6.279105996370E+003  6.155321622781E-006  3.942406414747E-001
  3.052941458522E-001  4.660248927647E+001 -5.103786806668E+002  5.956720515329E+003  5.690300485390E-006  4.007781594864E-001
  3.098413284823E-001  4.434220856165E+001 -4.840009551648E+002  5.647844680114E+003  5.234460148566E-006  4.074753218592E-001
  3.144382011281E-001  4.217593488554E+001 -4.587245289826E+002  5.352067128858E+003  4.790412160113E-006  4.143355323557E-001
  3.190852945695E-001  4.010095643104E+001 -4.345167631711E+002  5.068981783633E+003  4.361053032981E-006  4.213621369906E-001
  3.237831479192E-001  3.811458625967E+001 -4.113453904879E+002  4.798188124080E+003  3.949587985219E-006  4.285584029838E-001
  3.285323087679E-001  3.621416439104E+001 -3.891785382020E+002  4.539291443233E+003  3.559555850836E-006  4.359274951230E-001
  3.333333333333E-001  3.439705978124E+001 -3.679847495760E+002  4.291903085688E+003  3.194855068323E-006  4.434724493222E-001
  3.381867866117E-001  3.266067219993E+001 -3.477330040318E+002  4.055640668281E+003  2.859770599937E-006  4.511961431564E-001
  3.430932425333E-001  3.100243400629E+001 -3.283927360078E+002  3.830128283494E+003  2.559001531874E-006  4.591012631563E-001
  3.480532841203E-001  2.941981182409E+001 -3.099338525187E+002  3.614996685797E+003  2.297689128532E-006  4.671902686539E-001
  3.530675036492E-001  2.791030811608E+001 -2.923267494310E+002  3.409883461203E+003  2.081444946393E-006  4.754653519801E-001
  3.581365028158E-001  2.647146265864E+001 -2.755423264685E+002  3.214433180304E+003  1.916378543944E-006  4.839283948404E-001
  3.632608929041E-001  2.510085391697E+001 -2.595520009652E+002  3.028297535109E+003  1.809124262691E-006  4.925809207235E-001
  3.684412949588E-001  2.379610032218E+001 -2.443277203841E+002  2.851135460007E+003  1.766866383188E-006  5.014240432411E-001
  3.736783399619E-001  2.255486145096E+001 -2.298419736230E+002  2.682613237213E+003  1.797361819355E-006  5.104584103536E-001
  3.789726690123E-001  2.137483910921E+001 -2.160678011286E+002  2.522404587066E+003  1.908959444668E-006  5.196841445121E-001
  3.843249335105E-001  2.025377832095E+001 -2.029788038442E+002  2.370190743571E+003  2.110614848471E-006  5.291007788333E-001
  3.897357953460E-001  1.918946822389E+001 -1.905491510156E+002  2.225660515604E+003  2.411899344640E-006  5.387071895426E-001
  3.952059270903E-001  1.817974287342E+001 -1.787535868817E+002  2.088510334192E+003  2.823001656790E-006  5.485015250507E-001
  4.007360121927E-001  1.722248195646E+001 -1.675674362794E+002  1.958444286318E+003  3.354720737645E-006  5.584811321920E-001
  4.063267451812E-001  1.631561141732E+001 -1.569666091906E+002  1.835174135698E+003  4.018447909197E-006  5.686424803362E-001
  4.119788318683E-001  1.545710399725E+001 -1.469276042628E+002  1.718419331002E+003  4.826136383433E-006  5.789810842985E-001
  4.176929895600E-001  1.464497968984E+001 -1.374275113345E+002  1.607907001978E+003  5.790256175109E-006  5.894914272066E-001
  4.234699472710E-001  1.387730611439E+001 -1.284440129982E+002  1.503371943986E+003  6.923732310028E-006  6.001668847449E-001
  4.293104459435E-001  1.315219880933E+001 -1.199553852338E+002  1.404556591407E+003  8.239864273845E-006  6.109996524672E-001
  4.352152386716E-001  1.246782144822E+001 -1.119404971460E+002  1.311210980438E+003  9.752224779033E-006  6.219806781600E-001
  4.411850909306E-001  1.182238598048E+001 -1.043788098419E+002  1.223092701768E+003  1.147453611569E-005  6.330996015179E-001
  4.472207808110E-001  1.121415269931E+001 -9.725037448170E+001  1.139966843642E+003  1.342052274358E-005  6.443447036702E-001
  4.533230992589E-001  1.064143023943E+001 -9.053582953957E+001  1.061605925808E+003  1.560373929966E-005  6.557028693336E-001
  4.594928503202E-001  1.010257550691E+001 -8.421639731015E+001  9.877898248596E+002  1.803737385326E-005  6.671595645588E-001
  4.657308513924E-001  9.595993543985E+000 -7.827387969621E+001  9.183056914801E+002  2.073402716149E-005  6.786988331551E-001
  4.720379334802E-001  9.120137331129E+000 -7.269065331417E+001  8.529478600774E+002  2.370546972277E-005  6.903033148920E-001
  4.784149414579E-001  8.673507529323E+000 -6.744966395352E+001  7.915177513210E+002  2.696237960458E-005  7.019542884732E-001
  4.848627343381E-001  8.254652164978E+000 -6.253442042625E+001  7.338237680663E+002  3.051406548273E-005  7.136317420185E-001
  4.913821855461E-001  7.862166260294E+000 -5.792898784252E+001  6.796811851573E+002  3.436818059676E-005  7.253144733614E-001
  4.979741832006E-001  7.494691411715E+000 -5.361798034816E+001  6.289120335879E+002  3.853043498661E-005  7.369802218613E-001
  5.046396304008E-001  7.150915319167E+000 -4.958655335984E+001  5.813449794952E+002  4.300431456474E-005  7.486058326209E-001
  5.113794455212E-001  6.829571268790E+000 -4.582039533289E+001  5.368151984514E+002  4.779081679120E-005  7.601674530149E-001
  5.181945625116E-001  6.529437571833E+000 -4.230571909672E+001  4.951642455076E+002  5.288821362580E-005  7.716407602881E-001
  5.250859312060E-001  6.249336962380E+000 -3.902925279199E+001  4.562399214374E+002  5.829185276231E-005  7.830012177070E-001
  5.320545176366E-001  5.988135956576E+000 -3.597823044343E+001  4.198961356140E+002  6.399400802730E-005  7.942243554124E-001
  5.391013043575E-001  5.744744175959E+000 -3.314038220126E+001  3.859927659432E+002  6.998378904640E-005  8.052860707819E-001
  5.462272907741E-001  5.518113637505E+000 -3.050392428379E+001  3.543955162650E+002  7.624711883492E-005  8.161629418653E-001
  5.534334934816E-001  5.307238012961E+000 -2.805754865291E+001  3.249757716196E+002  8.276678578486E-005  8.268325463769E-001
  5.607209466109E-001  5.111151859966E+000 -2.579041245334E+001  2.976104517654E+002  8.952257378864E-005  8.372737779218E-001
  5.680907021827E-001  4.928929827467E+000 -2.369212724594E+001  2.721818633175E+002  9.649147102451E-005  8.474671506598E-001
  5.755438304707E-001  4.759685837855E+000 -2.175274806422E+001  2.485775508663E+002  1.036479543680E-004  8.573950835420E-001
  5.830814203728E-001  4.602572248210E+000 -1.996276232255E+001  2.266901474172E+002  1.109643428054E-004  8.670421556253E-001
  5.907045797917E-001  4.456778992984E+000 -1.831307860357E+001  2.064172244799E+002  1.184112099449E-004  8.763953247726E-001
  5.984144360243E-001  4.321532710397E+000 -1.679501535121E+001  1.876611421217E+002  1.259578425662E-004  8.854441032606E-001
  6.062121361613E-001  4.196095854771E+000 -1.540028949499E+001  1.703288992811E+002  1.335727301517E-004  8.941806853756E-001
  6.140988474955E-001  4.079765796931E+000 -1.412100503015E+001  1.543319846266E+002  1.412240687908E-004  9.026000238829E-001
  6.220757579409E-001  3.971873914787E+000 -1.294964157703E+001  1.395862282272E+002  1.488802623746E-004  9.106998542036E-001
  6.301440764614E-001  3.871784676088E+000 -1.187904294243E+001  1.260116542886E+002  1.565104046750E-004  9.184806670936E-001
  6.383050335109E-001  3.778894715320E+000 -1.090240570412E+001  1.135323351922E+002  1.640847272340E-004  9.259456324806E-001
  6.465598814833E-001  3.692631906606E+000 -1.001326783929E+001  1.020762470590E+002  1.715750001387E-004  9.331004787626E-001
  6.549098951744E-001  3.612454434422E+000 -9.205497415999E+000  9.157512704732E+001  1.789548757399E-004  9.399533332204E-001
  6.633563722545E-001  3.537849863860E+000 -8.473281366079E+000  8.196433257632E+001  1.862001681936E-004  9.465145301936E-001
  6.719006337539E-001  3.468334212079E+000 -7.811114356801E+000  7.318270265456E+001  1.932890652092E-004  9.527963942785E-001
  6.805440245593E-001  3.403451022540E+000 -7.213787777434E+000  6.517242147721E+001  2.002022712764E-004  9.588130060355E-001
  6.892879139233E-001  3.342770443505E+000 -6.676378855936E+000  5.787888444261E+001  2.069230845566E-004  9.645799575699E-001
  6.981336959871E-001  3.285888312246E+000 -6.194239919910E+000  5.125056672460E+001  2.134374119816E-004  9.701141049184E-001
  7.070827903152E-001  3.232425246286E+000 -5.762987814966E+000  4.523889452378E+001  2.197337288274E-004  9.754333235027E-001
  7.161366424455E-001  3.182025742961E+000 -5.378493492609E+000  3.979811910808E+001  2.258029905086E-004  9.805562720652E-001
  7.252967244510E-001  3.134357288478E+000 -5.036871778808E+000  3.488519374006E+001  2.316385048038E-004  9.855021695540E-001
  7.345645355186E-001  3.089109477596E+000 -4.734471333399E+000  3.045965357665E+001  2.372357732318E-004  9.902905884356E-001
  7.439416025400E-001  3.045993144959E+000 -4.467864809565E+000  2.648349861463E+001  2.425923098403E-004  9.949412669413E-001
  7.534294807203E-001  3.004739509048E+000 -4.233839221666E+000  2.292107974443E+001  2.477074453349E-004  9.994739418436E-001
  7.630297542000E-001  2.965099329637E+000 -4.029386528817E+000  1.973898796332E+001  2.525821235690E-004  1.003908202537E+000
  7.727440366954E-001  2.926842079573E+000 -3.851694440721E+000  1.690594678911E+001  2.572186965826E-004  1.008263366492E+000
  7.825739721536E-001  2.889755131615E+000 -3.698137451395E+000  1.439270790507E+001  2.616207232862E-004  1.012558375576E+000
  7.925212354258E-001  2.853642961009E+000 -3.566268105634E+000  1.217195005747E+001  2.657927759053E-004  1.016811712254E+000
  8.025875329584E-001  2.818326364404E+000 -3.453808502199E+000  1.021818121797E+001  2.697402573606E-004  1.021041334372E+000
  8.127746035011E-001  2.783641695636E+000 -3.358642037020E+000  8.507644014466E+000  2.734692318200E-004  1.025264626966E+000
  8.230842188350E-001  2.749440118857E+000 -3.278805388876E+000  7.018224425913E+000  2.769862698062E-004  1.029498369412E+000
  8.335181845190E-001  2.715586879413E+000 -3.212480749375E+000  5.729363728929E+000  2.802983087582E-004  1.033758716179E+000
  8.440783406568E-001  2.681960592816E+000 -3.157988298328E+000  4.621973676721E+000  2.834125291089E-004  1.038061189445E+000
  8.547665626839E-001  2.648452552094E+000 -3.113778924982E+000  3.678354884186E+000  2.863362457427E-004  1.042420681891E+000
  8.655847621758E-001  2.614966053749E+000 -3.078427194939E+000  2.882118386672E+000  2.890768142020E-004  1.046851468085E+000
  8.765348876780E-001  2.581415742497E+000 -3.050624562024E+000  2.218110334018E+000  2.916415508009E-004  1.051367222984E+000
  8.876189255584E-001  2.547726974907E+000 -3.029172823791E+000  1.672339776078E+000  2.940376656493E-004  1.055981046221E+000
  8.988389008829E-001  2.513835202021E+000 -3.012977818824E+000  1.231909490862E+000  2.962722074901E-004  1.060705490961E+000
  9.101968783143E-001  2.479685370965E+000 -3.001043363533E+000  8.849498018827E-001  2.983520191702E-004  1.065552596302E+000
  9.216949630368E-001  2.445231345549E+000 -2.992465425645E+000  6.205553270752E-001  3.002837026094E-004  1.070533922263E+000
  9.333353017046E-001  2.410435345776E+000 -2.986426531181E+000  4.287245978364E-001  3.020735921273E-004  1.075660586612E+000
  9.451200834176E-001  2.375267406180E+000 -2.982190401331E+000  3.003024833474E-001  3.037277350591E-004  1.080943302847E+000
  9.570515407237E-001  2.339704852832E+000 -2.979096815238E+000  2.269253522684E-001  3.052518786422E-004  1.086392418785E+000
  9.691319506484E-001  2.303731798878E+000 -2.976556694406E+000  2.009689012083E-001  3.066514622621E-004  1.092017955314E+000
  9.813636357544E-001  2.267338658367E+000 -2.974047404125E+000  2.154985770468E-001  3.079316142163E-004  1.097829644939E+000
  9.937489652293E-001  2.230521678185E+000 -2.971108267050E+000  2.642225181707E-001  3.090971521886E-004  1.103836969854E+000
  1.006290356005E+000  2.193282487804E+000 -2.967336283827E+000  3.414469380107E-001  3.101525868575E-004  1.110049199305E+000
  1.018990273907E+000  2.155627666597E+000 -2.962382055440E+000  4.420338729083E-001  3.111021279341E-004  1.116475426114E+000
  1.031851234841E+000  2.117568328414E+000 -2.955945901811E+000  5.613612152771E-001  3.119496921845E-004  1.123124602242E+000
  1.044875806003E+000  2.079119723104E+000 -2.947774170981E+000  6.952849522536E-001  3.126989129612E-004  1.130005573327E+000
  1.058066607138E+000  2.040300854667E+000 -2.937655733132E+000  8.401035295395E-001  3.133531508581E-004  1.137127112184E+000
  1.071426311823E+000  2.001134115696E+000 -2.925418653584E+000  9.925242599235E-001  3.139155051530E-004  1.144497951250E+000
  1.084957648792E+000  1.961644937748E+000 -2.910927038844E+000  1.149631695994E+000  3.143888257928E-004  1.152126814005E+000
  1.098663403298E+000  1.921861457317E+000 -2.894078049748E+000  1.308857886843E+000  3.147757256298E-004  1.160022445415E+000
  1.112546418516E+000  1.881814197026E+000 -2.874799075714E+000  1.467954439068E+000  3.150785927699E-004  1.168193641445E+000
  1.126609596985E+000  1.841535761690E+000 -2.853045064134E+000  1.624966303124E+000  3.152996028565E-004  1.176649277722E+000
  1.140855902095E+000  1.801060548883E+000 -2.828795998975E+000  1.778207207001E+000  3.154407311398E-004  1.185398337412E+000
  1.155288359613E+000  1.760424473646E+000 -2.802054522683E+000  1.926236660385E+000  3.155037642707E-004  1.194449938414E+000
  1.169910059257E+000  1.719664706992E+000 -2.772843695591E+000  2.067838453754E+000  3.154903116884E-004  1.203813359945E+000
  1.184724156317E+000  1.678819427824E+000 -2.741204887106E+000  2.202000578377E+000  3.154018165827E-004  1.213498068618E+000
  1.199733873325E+000  1.637927587950E+000 -2.707195793040E+000  2.327896494873E+000  3.152395663649E-004  1.223513744107E+000
  1.214942501771E+000  1.597028689831E+000 -2.670888573619E+000  2.444867679764E+000  3.150047026010E-004  1.233870304498E+000
  1.230353403874E+000  1.556162576730E+000 -2.632368106794E+000  2.552407381428E+000  3.146982304154E-004  1.244577931426E+000
  1.245970014403E+000  1.515369234942E+000 -2.591730351663E+000  2.650145518928E+000  3.143210273252E-004  1.255647095095E+000
  1.261795842559E+000  1.474688607782E+000 -2.549080816954E+000  2.737834659366E+000  3.138738515132E-004  1.267088579284E+000
  1.277834473907E+000  1.434160421014E+000 -2.504533129694E+000  2.815337011679E+000  3.133573495315E-004  1.278913506437E+000
  1.294089572372E+000  1.393824019436E+000 -2.458207699377E+000  2.882612377142E+000  3.127720634518E-004  1.291133362946E+000
  1.310564882294E+000  1.353718214319E+000 -2.410230473109E+000  2.939706999271E+000  3.121184374560E-004  1.303760024720E+000
  1.327264230548E+000  1.313881141415E+000 -2.360731777406E+000  2.986743258260E+000  3.113968239131E-004  1.316805783143E+000
  1.344191528724E+000  1.274350129277E+000 -2.309845242505E+000  3.023910157584E+000  3.106074888963E-004  1.330283371534E+000
  1.361350775387E+000  1.235161577598E+000 -2.257706805243E+000  3.051454552927E+000  3.097506172321E-004  1.344205992198E+000
  1.378746058390E+000  1.196350845346E+000 -2.204453786737E+000  3.069673076097E+000  3.088263170484E-004  1.358587344193E+000
  1.396381557275E+000  1.157952148413E+000 -2.150224041286E+000  3.078904709091E+000  3.078346238605E-004  1.373441651904E+000
  1.414261545744E+000  1.119998466551E+000 -2.095155173108E+000  3.079523965979E+000  3.067755042091E-004  1.388783694538E+000
  1.432390394201E+000  1.082521459351E+000 -2.039383817673E+000  3.071934642690E+000  3.056488588924E-004  1.404628836669E+000
  1.450772572390E+000  1.045551391022E+000 -1.983044984596E+000  3.056564097182E+000  3.044545257852E-004  1.420993059925E+000
  1.469412652102E+000  1.009117063759E+000 -1.926271459183E+000  3.033858024830E+000  3.031922822956E-004  1.437892995953E+000
  1.488315309978E+000  9.732457594323E-001 -1.869193259887E+000  3.004275696063E+000  3.018618474589E-004  1.455345960787E+000
  1.507485330398E+000  9.379631894112E-001 -1.811937149084E+000  2.968285625519E+000  3.004628837202E-004  1.473369990739E+000
  1.526927608467E+000  9.032934522539E-001 -1.754626194680E+000  2.926361643986E+000  2.989949984062E-004  1.491983879958E+000
  1.546647153093E+000  8.692589990556E-001 -1.697379380217E+000  2.878979346428E+000  2.974577449127E-004  1.511207219792E+000
  1.566649090169E+000  8.358806062111E-001 -1.640311261223E+000  2.826612891215E+000  2.958506236599E-004  1.531060440110E+000
  1.586938665861E+000  8.031773553540E-001 -1.583531665672E+000  2.769732127446E+000  2.941730828082E-004  1.551564852725E+000
  1.607521250000E+000  7.711666202333E-001 -1.527145436491E+000  2.708800028875E+000  2.924245187703E-004  1.572742697099E+000
  1.628402339588E+000  7.398640602779E-001 -1.471252214142E+000  2.644270414461E+000  2.906042765602E-004  1.594617188496E+000
  1.649587562420E+000  7.092836205969E-001 -1.415946257360E+000  2.576585936953E+000  2.887116499840E-004  1.617212568768E+000
  1.671082680832E+000  6.794375381560E-001 -1.361316300191E+000  2.506176322203E+000  2.867458817182E-004  1.640554159962E+000
  1.692893595565E+000  6.503363538647E-001 -1.307445443526E+000  2.433456843028E+000  2.847061632929E-004  1.664668420975E+000
  1.715026349769E+000  6.219889303011E-001 -1.254411079339E+000  2.358827012516E+000  2.825916350010E-004  1.689583007454E+000
  1.737487133138E+000  5.944024747935E-001 -1.202284845913E+000  2.282669482577E+000  2.804013857896E-004  1.715326835186E+000
  1.760282286187E+000  5.675825675734E-001 -1.151132612319E+000  2.205349134372E+000  2.781344531243E-004  1.741930147239E+000
  1.783418304674E+000  5.415331947056E-001 -1.101014490452E+000  2.127212348000E+000  2.757898228847E-004  1.769424585094E+000
  1.806901844175E+000  5.162567854949E-001 -1.051984872945E+000  2.048586439455E+000  2.733664293119E-004  1.797843264083E+000
  1.830739724818E+000  4.917542540636E-001 -1.004092495279E+000  1.969779253418E+000  2.708631550354E-004  1.827220853413E+000
  1.854938936184E+000  4.680250447900E-001 -9.573805204352E-001  1.891078900979E+000  2.682788312111E-004  1.857593661119E+000
  1.879506642368E+000  4.450671812896E-001 -9.118866444161E-001  1.812753631759E+000  2.656122377972E-004  1.888999724288E+000
  1.904450187236E+000  4.228773186227E-001 -8.676432210029E-001  1.735051830331E+000  2.628621040134E-004  1.921478904927E+000
  1.929777099847E+000  4.014507984047E-001 -8.246774040927E-001  1.658202127141E+000  2.600271089856E-004  1.955072991879E+000
  1.955495100083E+000  3.807817064971E-001 -7.830113059912E-001  1.582413614431E+000  2.571058826326E-004  1.989825809219E+000
  1.981612104475E+000  3.608629329554E-001 -7.426621700400E-001  1.507876157946E+000  2.540970068106E-004  2.025783331590E+000
  2.008136232230E+000  3.416862339116E-001 -7.036425559745E-001  1.434760795457E+000  2.509990167340E-004  2.062993806975E+000
  2.035075811486E+000  3.232422950724E-001 -6.659605364296E-001  1.363220213354E+000  2.478104027202E-004  2.101507887441E+000
  2.062439385788E+000  3.055207965149E-001 -6.296199030348E-001  1.293389292834E+000  2.445296122617E-004  2.141378768432E+000
  2.090235720801E+000  2.885104784705E-001 -5.946203805682E-001  1.225385717407E+000  2.411550524541E-004  2.182662337219E+000
  2.118473811262E+000  2.721992077910E-001 -5.609578476746E-001  1.159310633714E+000  2.376850928110E-004  2.225417331190E+000
  2.147162888201E+000  2.565740448000E-001 -5.286245626935E-001  1.095249357894E+000  2.341180684569E-004  2.269705506681E+000
  2.176312426413E+000  2.416213102411E-001 -4.976093931847E-001  1.033272119987E+000  2.304522837275E-004  2.315591819132E+000
  2.205932152222E+000  2.273266520443E-001 -4.678980477934E-001  9.734348391765E-001  2.266860161928E-004  2.363144615399E+000
  2.236032051522E+000  2.136751116453E-001 -4.394733091496E-001  9.157799229328E-001  2.228175210722E-004  2.412435839133E+000
  2.266622378129E+000  2.006511896004E-001 -4.123152665580E-001  8.603370834669E-001  2.188450360842E-004  2.463541250188E+000
  2.297713662445E+000  1.882389102589E-001 -3.864015472998E-001  8.071241652118E-001  2.147667866886E-004  2.516540659125E+000
  2.329316720450E+000  1.764218852634E-001 -3.617075454350E-001  7.561479774140E-001  2.105809917189E-004  2.571518177960E+000
  2.361442663038E+000  1.651833756677E-001 -3.382066470697E-001  7.074051262762E-001  2.062858693848E-004  2.628562488377E+000
  2.394102905709E+000  1.545063524753E-001 -3.158704511260E-001  6.608828414696E-001  2.018796436183E-004  2.687767128783E+000
  2.427309178642E+000  1.443735554189E-001 -2.946689847308E-001  6.165597922252E-001  1.973605507138E-004  2.749230801646E+000
  2.461073537146E+000  1.347675498162E-001 -2.745709124221E-001  5.744068886131E-001  1.927268462370E-004  2.813057702719E+000
  2.495408372530E+000  1.256707813572E-001 -2.555437384520E-001  5.343880640209E-001  1.879768121297E-004  2.879357873899E+000
  2.530326423398E+000  1.170656286922E-001 -2.375540015463E-001  4.964610352535E-001  1.831087639630E-004  2.948247581608E+000
  2.565840787378E+000  1.089344537079E-001 -2.205674615678E-001  4.605780370840E-001  1.781210582661E-004  3.019849722770E+000
  2.601964933334E+000  1.012596493970E-001 -2.045492776084E-001  4.266865284923E-001  1.730120998292E-004  3.094294260680E+000
  2.638712714049E+000  9.402368524159E-002 -1.894641771179E-001  3.947298682323E-001  1.677803489332E-004  3.171718693236E+000
  2.676098379430E+000  8.720915004855E-002 -1.752766157584E-001  3.646479577587E-001  1.624243283665E-004  3.252268556299E+000
  2.714136590232E+000  8.079879218962E-002 -1.619509277469E-001  3.363778499314E-001  1.569426301488E-004  3.336097965184E+000
  2.752842432351E+000  7.477555721587E-002 -1.494514665268E-001  3.098543222859E-001  1.513339218418E-004  3.423370197633E+000
  2.792231431696E+000  6.912262282951E-002 -1.377427356789E-001  2.850104140111E-001  1.455969523282E-004  3.514258321937E+000
  2.832319569669E+000  6.382343121064E-002 -1.267895100481E-001  2.617779261183E-001  1.397305569354E-004  3.608945874291E+000
  2.873123299289E+000  5.886171870953E-002 -1.165569471294E-001  2.400878846003E-001  1.337336617673E-004  3.707627589905E+000
  2.914659561979E+000  5.422154292712E-002 -1.070106888112E-001  2.198709666802E-001  1.276052871324E-004  3.810510192876E+000
  2.956945805065E+000  4.988730721801E-002 -9.811695363243E-002  2.010578905231E-001  1.213445499218E-004  3.917813250435E+000
  3.000000000000E+000  4.584378266017E-002 -8.984261975446E-002  1.835797690359E-001  1.149506648221E-004  4.029770097755E+000
  3.043840661365E+000  4.207612754521E-002 -8.215529889696E-002  1.673684286090E-001  1.084229442327E-004  4.146628840315E+000
  3.088486866678E+000  3.856990445142E-002 -7.502340152236E-002  1.523566938509E-001  1.017607967781E-004  4.268653441540E+000
  3.133958277047E+000  3.531109496883E-002 -6.841619358807E-002  1.384786395467E-001  9.496372433306E-005  4.396124904450E+000
  3.180275158719E+000  3.228611215245E-002 -6.230384521321E-002  1.256698112163E-001  8.803131744272E-005  4.529342557047E+000
  3.227458405560E+000  2.948181078489E-002 -5.665747162944E-002  1.138674157735E-001  8.096324912077E-005  4.668625452385E+000
  3.275529562509E+000  2.688549553437E-002 -5.144916680275E-002  1.030104838841E-001  7.375926695454E-005  4.814313895624E+000
  3.324510850077E+000  2.448492709797E-002 -4.665203012641E-002  9.304000569244E-002  6.641918353496E-005  4.966771111909E+000
  3.374425189910E+000  2.226832642287E-002 -4.224018659338E-002  8.389904163592E-002  5.894286523705E-005  5.126385070661E+000
  3.425296231502E+000  2.022437710074E-002 -3.818880086081E-002  7.553281009244E-002  5.133021942531E-005  5.293570483874E+000
  3.477148380094E+000  1.834222603210E-002 -3.447408561993E-002  6.788875361185E-002  4.358118020681E-005  5.468770998254E+000
  3.530006825834E+000  1.661148245889E-002 -3.107330468178E-002  6.091658546868E-002  3.569569288408E-005  5.652461603660E+000
  3.583897574256E+000  1.502221546383E-002 -2.796477118370E-002  5.456831824395E-002  2.767369737504E-005  5.845151283219E+000
  3.638847478148E+000  1.356495003584E-002 -2.512784131346E-002  4.879827609885E-002  1.951511081866E-005  6.047385933845E+000
  3.694884270887E+000  1.223066180054E-002 -2.254290393804E-002  4.356309234667E-002  1.121980976108E-005  6.259751589762E+000
  3.752036601308E+000  1.101077051459E-002 -2.019136651259E-002  3.882169386260E-002  2.787612268251E-006  6.482877985958E+000
  3.810334070199E+000  9.897132422197E-003 -1.805563763235E-002  3.453527379715E-002 -5.781739538200E-006  6.717442503526E+000
  3.869807268505E+000  8.882031571043E-003 -1.611910657736E-002  3.066725397950E-002 -1.448859607149E-005  6.964174544568E+000
  3.930487817331E+000  7.958170184326E-003 -1.436612018532E-002  2.718323831476E-002 -2.333341541958E-005  7.223860390846E+000
  3.992408409843E+000  7.118658184116E-003 -1.278195737457E-002  2.405095839528E-002 -3.231677647727E-005  7.497348607887E+000
  4.055602855172E+000  6.357001960109E-003 -1.135280162456E-002  2.124021246284E-002 -4.143938947752E-005  7.785556064779E+000
  4.120106124432E+000  5.667092476280E-003 -1.006571170755E-002  1.872279877672E-002 -5.070210332193E-005  8.089474649765E+000
  4.185954398964E+000  5.043192806248E-003 -8.908590951246E-003  1.647244436387E-002 -6.010590915975E-005  8.410178772938E+000
  4.253185120935E+000  4.479925186256E-003 -7.870155298825E-003  1.446473005176E-002 -6.965193963236E-005  8.748833760334E+000
  4.321837046422E+000  3.972257672502E-003 -6.939900419136E-003  1.267701261303E-002 -7.934146336950E-005  9.106705258485E+000
  4.391950301120E+000  3.515490487165E-003 -6.108068106978E-003  1.108834478377E-002 -8.917587431292E-005  9.485169785566E+000
  4.463566438835E+000  3.105242134770E-003 -5.365612200164E-003  9.679393853928E-003 -9.915667559786E-005  9.885726584828E+000
  4.536728502895E+000  2.737435367582E-003 -4.704164227105E-003  8.432359469139E-003 -1.092854579332E-004  1.031001095856E+001
  4.611481090679E+000  2.408283075440E-003 -4.115998985596E-003  7.330891227379E-003 -1.195638724174E-004  1.075980928667E+001
  4.687870421430E+000  2.114274171890E-003 -3.594000240333E-003  6.360006601333E-003 -1.299935981015E-004  1.123707596393E+001
  4.765944407533E+000  1.852159544609E-003 -3.131626713340E-003  5.506009667332E-003 -1.405763046906E-004  1.174395252428E+001
  4.845752729492E+000  1.618938133994E-003 -2.722878528030E-003  4.756411074021E-003 -1.513136110133E-004  1.228278926031E+001
  4.927346914797E+000  1.411843199375E-003 -2.362264253886E-003  4.099849638011E-003 -1.622070401305E-004  1.285616969193E+001
  5.010780420931E+000  1.228328827732E-003 -2.044768684926E-003  3.526015909414E-003 -1.732579721155E-004  1.346693829139E+001
  5.096108722763E+000  1.066056734942E-003 -1.765821471134E-003  3.025578007171E-003 -1.844675957813E-004  1.411823193302E+001
  5.183389404586E+000  9.228834046496E-004 -1.521266708041E-003  2.590109982303E-003 -1.958368607559E-004  1.481351560736E+001
  5.272682257105E+000  7.968476047377E-004 -1.307333575654E-003  2.212022926734E-003 -2.073664314828E-004  1.555662302179E+001
  5.364049379651E+000  6.861583162601E-004 -1.120608104153E-003  1.884499006218E-003 -2.190566448310E-004  1.635180280560E+001
  5.457555287978E+000  5.891831044760E-004 -9.580061301692E-004  1.601428558327E-003 -2.309074730310E-004  1.720377114849E+001
  5.553267027968E+000  5.044369564879E-004 -8.167474942433E-004  1.357350360619E-003 -2.429184937541E-004  1.811777183101E+001
  5.651254295630E+000  4.305716048658E-004 -6.943315173090E-004  1.147395140279E-003 -2.550888690812E-004  1.909964475541E+001
  5.751589563796E+000  3.663653516402E-004 -5.885137817546E-004  9.672323648591E-004 -2.674173351158E-004  2.015590426023E+001
  5.854348215936E+000  3.107134021847E-004 -4.972842309847E-004  8.130203244396E-004 -2.799022038962E-004  2.129382870490E+001
  5.959608687557E+000  2.626187138318E-004 -4.188465903895E-004  6.813594887360E-004 -2.925413792249E-004  2.252156304620E+001
  6.067452615683E+000  2.211833596175E-004 -3.515991023239E-004  5.692490983843E-004 -3.053323879453E-004  2.384823640207E+001
  6.177964996951E+000  1.856004033680E-004 -2.941165581367E-004  4.740469279234E-004 -3.182724280815E-004  2.528409691488E+001
  6.291234354880E+000  1.551462784637E-004 -2.451336014913E-004  3.934321387471E-004 -3.313584352687E-004  2.684066659233E+001
  6.407352916949E+000  1.291736590985E-004 -2.035292692275E-004  3.253711234545E-004 -3.445871687216E-004  2.853091922611E+001
  6.526416802128E+000  1.071048097138E-004 -1.683127288555E-004  2.680862284689E-004 -3.579553180636E-004  3.036948497360E+001
  6.648526219580E+000  8.842539558353E-005 -1.386101654863E-004  2.200272293823E-004 -3.714596321113E-004  3.237288574229E+001
  6.773785679311E+000  7.267873528324E-005 -1.136527656289E-004  1.798454231257E-004 -3.850970704900E-004  3.455980614906E+001
  6.902304215570E+000  5.946047401767E-005 -9.276574086578E-005  1.463701926669E-004 -3.988649786100E-004  3.695140554153E+001
  7.034195623922E+000  4.841365553158E-005 -7.535833099702E-005  1.185878934395E-004 -4.127612857555E-004  3.957167737394E+001
  7.169578712934E+000  3.922416958399E-005 -6.091472385355E-005  9.562290610487E-005 -4.267847247189E-004  4.244786312850E+001
  7.308577571516E+000  3.161655172357E-005 -4.898582764727E-005  7.672069752901E-005 -4.409350695462E-004  4.561092896775E+001
  7.451321853057E+000  2.535011233241E-005 -3.918183144910E-005  6.123273104886E-005 -4.552133848672E-004  4.909611439522E+001
  7.597947077547E+000  2.021537256697E-005 -3.116549014423E-005  4.860306822203E-005 -4.696222758809E-004  5.294356338937E+001
  7.748594953021E+000  1.603078585716E-005 -2.464607194989E-005  3.835650728591E-005 -4.841661221337E-004  5.719904976151E+001
  7.903413717736E+000  1.263972495506E-005 -1.937390920576E-005  3.008810845389E-005 -4.988512698532E-004  6.191480988067E+001
  8.062558504629E+000  9.907716066621E-006 -1.513549653481E-005  2.345396283382E-005 -5.136861475191E-004  6.715049743763E+001
  8.226191729726E+000  7.719903260602E-006 -1.174908446644E-005  1.816306999207E-005 -5.286812568762E-004  7.297427666234E+001
  8.394483506327E+000  5.978728032565E-006 -9.060721031560E-006  1.397019875421E-005 -5.438489779215E-004  7.946407252788E+001
  8.567612086926E+000  4.601810517942E-006 -6.940698483433E-006  1.066961641540E-005 -5.592031132294E-004  8.670899930155E+001
  8.745764335025E+000  3.520020313694E-006 -5.280366965349E-006  8.089582760137E-006 -5.747580875057E-004  9.481099296025E+001
  8.929136229160E+000  2.675726117960E-006 -3.989281444386E-006  6.087516761304E-006 -5.905277179673E-004  1.038866795869E+002
  9.117933401693E+000  2.021214384422E-006 -2.992652387870E-006  4.545755137371E-006 -6.065234881941E-004  1.140695228207E+002
  9.312371715124E+000  1.517267890045E-006 -2.229074338950E-006  3.367832709593E-006 -6.227523041251E-004  1.255123119093E+002
  9.512677878945E+000  1.131895532671E-006 -1.648509655966E-006  2.475224388556E-006 -6.392137989102E-004  1.383900829428E+002
  9.719090110332E+000  8.392048333107E-007 -1.210507171796E-006  1.804497374056E-006 -6.558973983960E-004  1.529036171633E+002
  9.931858842267E+000  6.184085619694E-007 -8.826374089333E-007  1.304829611548E-006 -6.727795710408E-004  1.692837432211E+002
  1.015124748302E+001  4.529566964379E-007 -6.391273049713E-007  9.358566497406E-007 -6.898219611677E-004  1.877968009939E+002
  1.037753323129E+001  3.297846304777E-007 -4.596782515196E-007  6.658138251145E-007 -7.069714183504E-004  2.087518250352E+002
  1.061100795175E+001  2.386682439464E-007 -3.284517450826E-007  4.699442863080E-007 -7.241632256406E-004  2.325103049033E+002
  1.085197911611E+001  1.716762001742E-007 -2.332072229628E-007  3.291459601528E-007 -7.413289951027E-004  2.594998159581E+002
  1.110077081537E+001  1.227097021282E-007 -1.645768425400E-007  2.288323909940E-007 -7.584106125921E-004  2.902334410655E+002
  1.135772484956E+001  8.711995938939E-008 -1.154621767129E-007  1.579837112195E-007 -7.753811640573E-004  3.253378034333E+002
  1.162320190175E+001  6.139381479791E-008 -8.053813587659E-008  1.083650671966E-007 -7.922729364753E-004  3.655938473677E+002
  1.189758280382E+001  4.289835546055E-008 -5.584994989464E-008  7.389083926098E-008 -8.092114969114E-004  4.119965099105E+002
  1.218126990242E+001  2.967587244864E-008 -3.848977977223E-008  5.011411262485E-008 -8.264538293904E-004  4.658426557368E+002
  1.247468853413E+001  2.028120740119E-008 -2.634047245962E-008  3.382217215436E-008 -8.444279264415E-004  5.288621458485E+002
  1.277828862002E+001  1.365429331265E-008 -1.787508972965E-008  2.272034009109E-008 -8.637711230468E-004  6.034167234352E+002
  1.309254639077E+001  9.021517928791E-009 -1.200207987151E-008  1.518822984184E-008 -8.853636422222E-004  6.928095720600E+002
  1.341796625462E+001  5.820369551485E-009 -7.947255427701E-009  1.009438808450E-008 -9.103476790804E-004  8.017831004907E+002
  1.375508282195E+001  3.642630517095E-009 -5.165027403017E-009  6.657255021879E-009 -9.400957723558E-004  9.373505625053E+002
  1.410446310162E+001  2.192135625261E-009 -3.272570211361E-009  4.342295832227E-009 -9.759936643947E-004  1.110242747533E+003
  1.446670888596E+001  1.253793852853E-009 -2.001709831307E-009  2.786961350032E-009 -1.018539806082E-003  1.337514111712E+003
  1.484245934302E+001  6.711737362999E-010 -1.164314428570E-009  1.746759232041E-009 -1.063849420180E-003  1.647259801330E+003
  1.523239383723E+001  3.304757194006E-010 -6.278126120937E-010  1.057120443302E-009 -1.089796756026E-003  2.086062099464E+003
  1.563723500136E+001  1.491636668542E-010 -2.981736622807E-010  6.069184076679E-010 -1.001577305571E-003  2.719481244252E+003
  1.605775208607E+001  6.791031201441E-011 -1.082698954053E-010  3.204502608744E-010 -4.989034424518E-004  3.535046869652E+003
  1.649476461582E+001  4.483552107736E-011 -1.002178251125E-011  1.454472933379E-010  4.629922348691E-004  4.059753620099E+003
  1.694914638379E+001  5.128836968621E-011  3.088033187589E-011  4.527824440394E-011  7.553345329796E-004  3.881808620443E+003
  1.742182982203E+001  6.864865062353E-011  3.856251034619E-011 -6.021739272968E-012  5.344968622631E-004  3.522327633195E+003
  1.791381078784E+001  8.580337605488E-011  2.948483096719E-011 -2.689296818221E-011  2.981219175363E-004  3.269933793246E+003
  1.842615381215E+001  9.709119644938E-011  1.430515712370E-011 -3.026646726953E-011  1.255300506340E-004  3.137958053919E+003
  1.895999786176E+001  1.006049496541E-010 -6.566257295659E-013 -2.492363233856E-011  2.921645764445E-006  3.100991926564E+003
  1.951656267356E+001  9.680367949758E-011 -1.221599869192E-011 -1.649318963541E-011 -8.682276939940E-005  3.141061670038E+003
  2.009715572669E+001  8.741617703350E-011 -1.932160470247E-011 -8.247858050896E-012 -1.550933341716E-004  3.249699086871E+003
  2.070317992707E+001  7.462580998265E-011 -2.223515351485E-011 -1.774941642687E-012 -2.089589407493E-004  3.425658493073E+003
  2.133614208874E+001  6.051944805746E-011 -2.189186823212E-011  2.457007947761E-012 -2.528491260904E-004  3.673460988298E+003
  2.199766230782E+001  4.676980873783E-011 -1.943901848846E-011  4.637069751688E-012 -2.896156719862E-004  4.002996591193E+003
  2.268948433818E+001  3.450737270093E-011 -1.594004339872E-011  5.262117538610E-012 -3.211492952740E-004  4.429993816900E+003
  2.341348709294E+001  2.432984174835E-011 -1.221980077935E-011  4.897268275062E-012 -3.487383203398E-004  4.977301973091E+003
  2.417169741362E+001  1.639606858767E-011 -8.817594205727E-012  4.035278233792E-012 -3.732821700344E-004  5.677108260014E+003
  2.496630426925E+001  1.055728438345E-011 -6.011388482488E-012  3.034918293335E-012 -3.954222338469E-004  6.574403343435E+003
  2.579967457140E+001  6.489366778159E-012 -3.879239218942E-012  2.114143011881E-012 -4.156243420080E-004  7.732257548206E+003
  2.667437081864E+001  3.803008717642E-012 -2.370937740905E-012  1.374448122967E-012 -4.342322298470E-004  9.239844120788E+003
  2.759317081651E+001  2.121247487624E-012 -1.371970996004E-012  8.371430012258E-013 -4.515030648607E-004  1.122474898780E+004
  2.855908975674E+001  1.123810720433E-012 -7.508465755379E-013  4.784601858718E-013 -4.676315190737E-004  1.387211545453E+004
  2.957540498378E+001  5.641159070062E-013 -3.879719599881E-013  2.566348734544E-013  0.000000000000E+000  0.000000000000E+000
  3.064568382919E+001  2.675390046471E-013 -1.888487637307E-013  1.290579580226E-013  0.000000000000E+000  0.000000000000E+000
  3.177381495601E+001  1.194946797070E-013 -8.635538816855E-014  6.073679438777E-014  0.000000000000E+000  0.000000000000E+000
  3.296404372807E+001  5.008070839496E-014 -3.697436489832E-014  2.668027056269E-014  0.000000000000E+000  0.000000000000E+000
  3.422101220608E+001  1.961452757959E-014 -1.476730463740E-014  1.090395788948E-014  0.000000000000E+000  0.000000000000E+000
  3.554980447538E+001  7.146386865605E-015 -5.477849922592E-015  4.129803400964E-015  0.000000000000E+000  0.000000000000E+000
  3.695599813319E+001  2.409814401204E-015 -1.878023589589E-015  1.442918886312E-015  0.000000000000E+000  0.000000000000E+000
  3.844572291106E+001  7.478351174052E-016 -5.918098303642E-016  4.626396215629E-016  0.000000000000E+000  0.000000000000E+000
  4.002572758518E+001  2.122324029009E-016 -1.703618099221E-016  1.353141370465E-016  0.000000000000E+000  0.000000000000E+000
  4.170345654134E+001  5.469540929567E-017 -4.449099404816E-017  3.586077871464E-017  0.000000000000E+000  0.000000000000E+000
  4.348713762001E+001  1.270070218027E-017 -1.045994988685E-017  8.546401362797E-018  0.000000000000E+000  0.000000000000E+000
  4.538588318162E+001  2.625596835675E-018 -2.186154105503E-018  1.807438731603E-018  0.000000000000E+000  0.000000000000E+000
  4.740980671574E+001  4.821635714959E-019 -4.208985579935E-019  3.543236573984E-019  0.000000000000E+000  0.000000000000E+000
  4.957015778746E+001  7.929996163678E-020 -6.458114579105E-020  4.748125489351E-020  0.000000000000E+000  0.000000000000E+000
  5.187947869225E+001  9.758470159936E-021 -8.284510848052E-021  1.123817240153E-020  0.000000000000E+000  0.000000000000E+000
  5.435178690397E+001  1.645496141684E-021 -1.260334772289E-021 -8.447060636030E-023  0.000000000000E+000  0.000000000000E+000
  5.700278828629E+001  2.097454709783E-023 -3.167233525243E-022  2.827320389900E-022  0.000000000000E+000  0.000000000000E+000
  5.985012714155E+001  2.750505889103E-023  0.000000000000E+000  0.000000000000E+000  0.000000000000E+000  0.000000000000E+000
  6.291368055481E+001  0.000000000000E+000  0.000000000000E+000  0.000000000000E+000  0.000000000000E+000  0.000000000000E+000
  6.621590623276E+001  0.000000000000E+000  0.000000000000E+000  0.000000000000E+000  0.000000000000E+000  0.000000000000E+000
  6.978225524452E+001  0.000000000000E+000  0.000000000000E+000  0.000000000000E+000  0.000000000000E+000  0.000000000000E+000
  7.364166388185E+001  0.000000000000E+000  0.000000000000E+000  0.000000000000E+000  0.000000000000E+000  0.000000000000E+000
  7.782714245929E+001  0.000000000000E+000  0.000000000000E+000  0.000000000000E+000  0.000000000000E+000  0.000000000000E+000
  8.237648351994E+001  0.000000000000E+000  0.000000000000E+000  0.000000000000E+000  0.000000000000E+000  0.000000000000E+000
  8.733311794502E+001  0.000000000000E+000  0.000000000000E+000  0.000000000000E+000  0.000000000000E+000  0.000000000000E+000
  9.274715535088E+001  0.000000000000E+000  0.000000000000E+000  0.000000000000E+000  0.000000000000E+000  0.000000000000E+000
  9.867665554529E+001  0.000000000000E+000  0.000000000000E+000  0.000000000000E+000  0.000000000000E+000  0.000000000000E+000
  1.051891916055E+002  0.000000000000E+000  0.000000000000E+000  0.000000000000E+000  0.000000000000E+000  0.000000000000E+000
  1.123637836013E+002  0.000000000000E+000  0.000000000000E+000  0.000000000000E+000  0.000000000000E+000  0.000000000000E+000
  1.202933069206E+002  0.000000000000E+000  0.000000000000E+000  0.000000000000E+000  0.000000000000E+000  0.000000000000E+000
  1.290875131414E+002  0.000000000000E+000  0.000000000000E+000  0.000000000000E+000  0.000000000000E+000  0.000000000000E+000
  1.388768482001E+002  0.000000000000E+000  0.000000000000E+000  0.000000000000E+000  0.000000000000E+000  0.000000000000E+000
  1.498173177370E+002  0.000000000000E+000  0.000000000000E+000  0.000000000000E+000  0.000000000000E+000  0.000000000000E+000
  1.620967411853E+002  0.000000000000E+000  0.000000000000E+000  0.000000000000E+000  0.000000000000E+000  0.000000000000E+000
  1.759428668168E+002  0.000000000000E+000  0.000000000000E+000  0.000000000000E+000  0.000000000000E+000  0.000000000000E+000
  1.916340085825E+002  0.000000000000E+000  0.000000000000E+000  0.000000000000E+000  0.000000000000E+000  0.000000000000E+000
  2.095131417987E+002  0.000000000000E+000  0.000000000000E+000  0.000000000000E+000  0.000000000000E+000  0.000000000000E+000
  2.300068054477E+002  0.000000000000E+000  0.000000000000E+000  0.000000000000E+000  0.000000000000E+000  0.000000000000E+000
  2.536507797910E+002  0.000000000000E+000  0.000000000000E+000  0.000000000000E+000  0.000000000000E+000  0.000000000000E+000
  2.811254638474E+002  0.000000000000E+000  0.000000000000E+000  0.000000000000E+000  0.000000000000E+000  0.000000000000E+000
  3.133053780630E+002  0.000000000000E+000  0.000000000000E+000  0.000000000000E+000  0.000000000000E+000  0.000000000000E+000
  3.513296254502E+002  0.000000000000E+000  0.000000000000E+000  0.000000000000E+000  0.000000000000E+000  0.000000000000E+000
  3.967041014107E+002  0.000000000000E+000  0.000000000000E+000  0.000000000000E+000  0.000000000000E+000  0.000000000000E+000
  4.514529193350E+002  0.000000000000E+000  0.000000000000E+000  0.000000000000E+000  0.000000000000E+000  0.000000000000E+000
  5.183481233601E+002  0.000000000000E+000  0.000000000000E+000  0.000000000000E+000  0.000000000000E+000  0.000000000000E+000
  6.012676077950E+002  0.000000000000E+000  0.000000000000E+000  0.000000000000E+000  0.000000000000E+000  0.000000000000E+000
  7.057700503752E+002  0.000000000000E+000  0.000000000000E+000  0.000000000000E+000  0.000000000000E+000  0.000000000000E+000
  8.400513767914E+002  0.000000000000E+000  0.000000000000E+000  0.000000000000E+000  0.000000000000E+000  0.000000000000E+000
  1.016602135495E+003  0.000000000000E+000  0.000000000000E+000  0.000000000000E+000  0.000000000000E+000  0.000000000000E+000
  1.255220715579E+003  0.000000000000E+000  0.000000000000E+000  0.000000000000E+000  0.000000000000E+000  0.000000000000E+000
  1.588815776243E+003  0.000000000000E+000  0.000000000000E+000  0.000000000000E+000  0.000000000000E+000  0.000000000000E+000
  2.075392011604E+003  0.000000000000E+000  0.000000000000E+000  0.000000000000E+000  0.000000000000E+000  0.000000000000E+000
  2.825079847528E+003  0.000000000000E+000  0.000000000000E+000  0.000000000000E+000  0.000000000000E+000  0.000000000000E+000
  4.068408296183E+003  0.000000000000E+000  0.000000000000E+000  0.000000000000E+000  0.000000000000E+000  0.000000000000E+000
  6.357262947672E+003  0.000000000000E+000  0.000000000000E+000  0.000000000000E+000  0.000000000000E+000  0.000000000000E+000
  1.130231930164E+004  0.000000000000E+000  0.000000000000E+000  0.000000000000E+000  0.000000000000E+000  0.000000000000E+000
  2.543105175136E+004  0.000000000000E+000  0.000000000000E+000  0.000000000000E+000  0.000000000000E+000  0.000000000000E+000
  1.017262069952E+005  0.000000000000E+000  0.000000000000E+000  0.000000000000E+000  0.000000000000E+000  0.000000000000E+000
