# 1st line: number of mesh points
# rho and r_seitz are calculated from total density
# zeta and r_seitz only correct of rho > 1d-12

# abcissa rho drho ddrho zeta r_seitz
500
  9.830308526563E-006  1.757439400342E+002 -1.065854556772E+003  6.715117246285E+003  1.592089747249E-005  2.574820542323E-001
  3.932200719722E-005  1.757125090928E+002 -1.065656535587E+003  6.713826806257E+003  1.592065138918E-005  2.574974058634E-001
  8.847741541467E-005  1.756601344211E+002 -1.065326567541E+003  6.711676527151E+003  1.592024121473E-005  2.575229950540E-001
  1.573003992805E-004  1.755868313608E+002 -1.064864753503E+003  6.708667090190E+003  1.591966689568E-005  2.575588265135E-001
  2.457963722418E-004  1.754926213829E+002 -1.064271234634E+003  6.704799448709E+003  1.591892835737E-005  2.576049068376E-001
  3.539722959954E-004  1.753775320797E+002 -1.063546192336E+003  6.700074827786E+003  1.591802550306E-005  2.576612445109E-001
  4.818366816529E-004  1.752415971547E+002 -1.062689848184E+003  6.694494723756E+003  1.591695821528E-005  2.577278499099E-001
  6.293995911626E-004  1.750848564111E+002 -1.061702463839E+003  6.688060903627E+003  1.591572635453E-005  2.578047353071E-001
  7.966726389935E-004  1.749073557370E+002 -1.060584340956E+003  6.680775404380E+003  1.591432975889E-005  2.578919148755E-001
  9.836689940782E-004  1.747091470890E+002 -1.059335821061E+003  6.672640532174E+003  1.591276824595E-005  2.579894046944E-001
  1.190403382016E-003  1.744902884738E+002 -1.057957285429E+003  6.663658861439E+003  1.591104160969E-005  2.580972227550E-001
  1.416892087541E-003  1.742508439270E+002 -1.056449154938E+003  6.653833233857E+003  1.590914962263E-005  2.582153889678E-001
  1.663152957245E-003  1.739908834904E+002 -1.054811889908E+003  6.643166757253E+003  1.590709203488E-005  2.583439251698E-001
  1.929205402573E-003  1.737104831866E+002 -1.053045989930E+003  6.631662804365E+003  1.590486857365E-005  2.584828551329E-001
  2.215070403073E-003  1.734097249918E+002 -1.051151993673E+003  6.619325011519E+003  1.590247894324E-005  2.586322045732E-001
  2.520770509919E-003  1.730886968062E+002 -1.049130478686E+003  6.606157277198E+003  1.589992282484E-005  2.587920011608E-001
  2.846329849692E-003  1.727474924225E+002 -1.046982061173E+003  6.592163760501E+003  1.589719987618E-005  2.589622745301E-001
  3.191774128432E-003  1.723862114919E+002 -1.044707395763E+003  6.577348879510E+003  1.589430973141E-005  2.591430562916E-001
  3.557130635959E-003  1.720049594884E+002 -1.042307175261E+003  6.561717309540E+003  1.589125200073E-005  2.593343800438E-001
  3.942428250463E-003  1.716038476705E+002 -1.039782130385E+003  6.545273981298E+003  1.588802626959E-005  2.595362813862E-001
  4.347697443358E-003  1.711829930413E+002 -1.037133029491E+003  6.528024078935E+003  1.588463209887E-005  2.597487979331E-001
  4.772970284417E-003  1.707425183062E+002 -1.034360678276E+003  6.509973037997E+003  1.588106902486E-005  2.599719693279E-001
  5.218280447175E-003  1.702825518284E+002 -1.031465919477E+003  6.491126543275E+003  1.587733655735E-005  2.602058372586E-001
  5.683663214611E-003  1.698032275827E+002 -1.028449632549E+003  6.471490526557E+003  1.587343418091E-005  2.604504454742E-001
  6.169155485101E-003  1.693046851067E+002 -1.025312733328E+003  6.451071164275E+003  1.586936135349E-005  2.607058398010E-001
  6.674795778653E-003  1.687870694507E+002 -1.022056173684E+003  6.429874875064E+003  1.586511750634E-005  2.609720681610E-001
  7.200624243425E-003  1.682505311248E+002 -1.018680941161E+003  6.407908317209E+003  1.586070204322E-005  2.612491805905E-001
  7.746682662519E-003  1.676952260443E+002 -1.015188058593E+003  6.385178386009E+003  1.585611434006E-005  2.615372292593E-001
  8.313014461060E-003  1.671213154732E+002 -1.011578583722E+003  6.361692211033E+003  1.585135374440E-005  2.618362684915E-001
  8.899664713569E-003  1.665289659654E+002 -1.007853608785E+003  6.337457153287E+003  1.584641957469E-005  2.621463547865E-001
  9.506680151615E-003  1.659183493044E+002 -1.004014260105E+003  6.312480802286E+003  1.584131111992E-005  2.624675468415E-001
  1.013410917176E-002  1.652896424406E+002 -1.000061697654E+003  6.286770973030E+003  1.583602763884E-005  2.627999055743E-001
  1.078200184380E-002  1.646430274266E+002 -9.959971146089E+002  6.260335702886E+003  1.583056835920E-005  2.631434941474E-001
  1.145040991929E-002  1.639786913511E+002 -9.918217368962E+002  6.233183248386E+003  1.582493247706E-005  2.634983779933E-001
  1.213938684040E-002  1.632968262701E+002 -9.875368227195E+002  6.205322081927E+003  1.581911915682E-005  2.638646248402E-001
  1.284898774901E-002  1.625976291372E+002 -9.831436620765E+002  6.176760888379E+003  1.581312752948E-005  2.642423047387E-001
  1.357926949620E-002  1.618813017313E+002 -9.786435762621E+002  6.147508561616E+003  1.580695669170E-005  2.646314900906E-001
  1.433029065191E-002  1.611480505822E+002 -9.740379173598E+002  6.117574200948E+003  1.580060570674E-005  2.650322556767E-001
  1.510211151509E-002  1.603980868956E+002 -9.693280677204E+002  6.086967107472E+003  1.579407360140E-005  2.654446786877E-001
  1.589479412397E-002  1.596316264748E+002 -9.645154394278E+002  6.055696780338E+003  1.578735936620E-005  2.658688387550E-001
  1.670840226680E-002  1.588488896417E+002 -9.596014737537E+002  6.023772912930E+003  1.578046195536E-005  2.663048179826E-001
  1.754300149280E-002  1.580501011554E+002 -9.545876405994E+002  5.991205388967E+003  1.577338028361E-005  2.667527009806E-001
  1.839865912351E-002  1.572354901299E+002 -9.494754379269E+002  5.958004278518E+003  1.576611322753E-005  2.672125748996E-001
  1.927544426443E-002  1.564052899485E+002 -9.442663911773E+002  5.924179833943E+003  1.575865962319E-005  2.676845294658E-001
  2.017342781695E-002  1.555597381785E+002 -9.389620526785E+002  5.889742485750E+003  1.575101826540E-005  2.681686570183E-001
  2.109268249069E-002  1.546990764827E+002 -9.335640010419E+002  5.854702838379E+003  1.574318790620E-005  2.686650525462E-001
  2.203328281612E-002  1.538235505299E+002 -9.280738405473E+002  5.819071665912E+003  1.573516725484E-005  2.691738137285E-001
  2.299530515754E-002  1.529334099038E+002 -9.224932005180E+002  5.782859907703E+003  1.572695497571E-005  2.696950409739E-001
  2.397882772639E-002  1.520289080102E+002 -9.168237346842E+002  5.746078663939E+003  1.571854968637E-005  2.702288374625E-001
  2.498393059493E-002  1.511103019826E+002 -9.110671205374E+002  5.708739191134E+003  1.570994995833E-005  2.707753091888E-001
  2.601069571024E-002  1.501778525867E+002 -9.052250586734E+002  5.670852897544E+003  1.570115431431E-005  2.713345650060E-001
  2.705920690860E-002  1.492318241224E+002 -8.992992721261E+002  5.632431338527E+003  1.569216122629E-005  2.719067166716E-001
  2.812954993023E-002  1.482724843256E+002 -8.932915056914E+002  5.593486211824E+003  1.568296911615E-005  2.724918788942E-001
  2.922181243436E-002  1.473001042679E+002 -8.872035252418E+002  5.554029352789E+003  1.567357635171E-005  2.730901693823E-001
  3.033608401473E-002  1.463149582546E+002 -8.810371170313E+002  5.514072729545E+003  1.566398124716E-005  2.737017088938E-001
  3.147245621542E-002  1.453173237222E+002 -8.747940869923E+002  5.473628438087E+003  1.565418206056E-005  2.743266212880E-001
  3.263102254705E-002  1.443074811338E+002 -8.684762600228E+002  5.432708697325E+003  1.564417699230E-005  2.749650335779E-001
  3.381187850339E-002  1.432857138737E+002 -8.620854792656E+002  5.391325844065E+003  1.563396418329E-005  2.756170759852E-001
  3.501512157837E-002  1.422523081404E+002 -8.556236053796E+002  5.349492327947E+003  1.562354171340E-005  2.762828819961E-001
  3.624085128345E-002  1.412075528387E+002 -8.490925158023E+002  5.307220706313E+003  1.561290759987E-005  2.769625884196E-001
  3.748916916538E-002  1.401517394701E+002 -8.424941040058E+002  5.264523639045E+003  1.560205979480E-005  2.776563354465E-001
  3.876017882444E-002  1.390851620228E+002 -8.358302787446E+002  5.221413883332E+003  1.559099618311E-005  2.783642667107E-001
  4.005398593302E-002  1.380081168602E+002 -8.291029632967E+002  5.177904288411E+003  1.557971458166E-005  2.790865293526E-001
  4.137069825459E-002  1.369209026081E+002 -8.223140946977E+002  5.134007790247E+003  1.556821273567E-005  2.798232740837E-001
  4.271042566323E-002  1.358238200412E+002 -8.154656229686E+002  5.089737406182E+003  1.555648831697E-005  2.805746552534E-001
  4.407328016341E-002  1.347171719686E+002 -8.085595103373E+002  5.045106229537E+003  1.554453892354E-005  2.813408309175E-001
  4.545937591035E-002  1.336012631182E+002 -8.015977304545E+002  5.000127424181E+003  1.553236207329E-005  2.821219629093E-001
  4.686882923075E-002  1.324764000206E+002 -7.945822676035E+002  4.954814219059E+003  1.551995520501E-005  2.829182169119E-001
  4.830175864396E-002  1.313428908912E+002 -7.875151159053E+002  4.909179902692E+003  1.550731567500E-005  2.837297625332E-001
  4.975828488365E-002  1.302010455130E+002 -7.803982785183E+002  4.863237817644E+003  1.549444075389E-005  2.845567733828E-001
  5.123853091993E-002  1.290511751170E+002 -7.732337668341E+002  4.817001354958E+003  1.548132762390E-005  2.853994271513E-001
  5.274262198188E-002  1.278935922631E+002 -7.660235996681E+002  4.770483948570E+003  1.546797337674E-005  2.862579056914E-001
  5.427068558066E-002  1.267286107199E+002 -7.587698024469E+002  4.723699069698E+003  1.545437501051E-005  2.871323951023E-001
  5.582285153302E-002  1.255565453434E+002 -7.514744063922E+002  4.676660221210E+003  1.544052942618E-005  2.880230858150E-001
  5.739925198530E-002  1.243777119563E+002 -7.441394477006E+002  4.629380931968E+003  1.542643342508E-005  2.889301726817E-001
  5.900002143803E-002  1.231924272254E+002 -7.367669667218E+002  4.581874751168E+003  1.541208370519E-005  2.898538550667E-001
  6.062529677088E-002  1.220010085396E+002 -7.293590071329E+002  4.534155242656E+003  1.539747685811E-005  2.907943369402E-001
  6.227521726827E-002  1.208037738870E+002 -7.219176151120E+002  4.486235979237E+003  1.538260936589E-005  2.917518269749E-001
  6.394992464542E-002  1.196010417316E+002 -7.144448385088E+002  4.438130536974E+003  1.536747759690E-005  2.927265386448E-001
  6.564956307496E-002  1.183931308896E+002 -7.069427260146E+002  4.389852489490E+003  1.535207780267E-005  2.937186903282E-001
  6.737427921404E-002  1.171803604061E+002 -6.994133263308E+002  4.341415402253E+003  1.533640611314E-005  2.947285054118E-001
  6.912422223211E-002  1.159630494307E+002 -6.918586873373E+002  4.292832826874E+003  1.532045853399E-005  2.957562123993E-001
  7.089954383907E-002  1.147415170933E+002 -6.842808552599E+002  4.244118295403E+003  1.530423094202E-005  2.968020450223E-001
  7.270039831418E-002  1.135160823801E+002 -6.766818738386E+002  4.195285314629E+003  1.528771908022E-005  2.978662423550E-001
  7.452694253540E-002  1.122870640091E+002 -6.690637834959E+002  4.146347360391E+003  1.527091855458E-005  2.989490489315E-001
  7.637933600943E-002  1.110547803057E+002 -6.614286205067E+002  4.097317871902E+003  1.525382482840E-005  3.000507148667E-001
  7.825774090225E-002  1.098195490785E+002 -6.537784161685E+002  4.048210246083E+003  1.523643321910E-005  3.011714959816E-001
  8.016232207035E-002  1.085816874955E+002 -6.461151959745E+002  3.999037831922E+003  1.521873889131E-005  3.023116539306E-001
  8.209324709253E-002  1.073415119595E+002 -6.384409787882E+002  3.949813924840E+003  1.520073685424E-005  3.034714563339E-001
  8.405068630235E-002  1.060993379849E+002 -6.307577760207E+002  3.900551761099E+003  1.518242195385E-005  3.046511769129E-001
  8.603481282122E-002  1.048554800740E+002 -6.230675908114E+002  3.851264512219E+003  1.516378887025E-005  3.058510956301E-001
  8.804580259214E-002  1.036102515941E+002 -6.153724172113E+002  3.801965279435E+003  1.514483210961E-005  3.070714988325E-001
  9.008383441408E-002  1.023639646548E+002 -6.076742393710E+002  3.752667088180E+003  1.512554600092E-005  3.083126793999E-001
  9.214908997710E-002  1.011169299857E+002 -5.999750307328E+002  3.703382882611E+003  1.510592468715E-005  3.095749368966E-001
  9.424175389809E-002  9.986945681491E+001 -5.922767532271E+002  3.654125520167E+003  1.508596212179E-005  3.108585777288E-001
  9.636201375725E-002  9.862185274809E+001 -5.845813564744E+002  3.604907766169E+003  1.506565206114E-005  3.121639153052E-001
  9.851006013526E-002  9.737442364785E+001 -5.768907769927E+002  3.555742288470E+003  1.504498805768E-005  3.134912702035E-001
  1.006860866512E-001  9.612747351425E+001 -5.692069374110E+002  3.506641652146E+003  1.502396345391E-005  3.148409703414E-001
  1.028902900012E-001  9.488130436591E+001 -5.615317456894E+002  3.457618314245E+003  1.500257137500E-005  3.162133511524E-001
  1.051228699979E-001  9.363621612203E+001 -5.538670943456E+002  3.408684618582E+003  1.498080472109E-005  3.176087557670E-001
  1.073840296104E-001  9.239250648527E+001 -5.462148596894E+002  3.359852790602E+003  1.495865616053E-005  3.190275351996E-001
  1.096739750056E-001  9.115047082565E+001 -5.385769010646E+002  3.311134932290E+003  1.493611812174E-005  3.204700485408E-001
  1.119929155896E-001  8.991040206546E+001 -5.309550600995E+002  3.262543017156E+003  1.491318278510E-005  3.219366631551E-001
  1.143410640503E-001  8.867259056534E+001 -5.233511599654E+002  3.214088885281E+003  1.488984207542E-005  3.234277548848E-001
  1.167186364011E-001  8.743732401144E+001 -5.157670046450E+002  3.165784238434E+003  1.486608765178E-005  3.249437082604E-001
  1.191258520249E-001  8.620488730390E+001 -5.082043782100E+002  3.117640635262E+003  1.484191090006E-005  3.264849167168E-001
  1.215629337189E-001  8.497556244657E+001 -5.006650441087E+002  3.069669486553E+003  1.481730292387E-005  3.280517828162E-001
  1.240301077413E-001  8.374962843812E+001 -4.931507444641E+002  3.021882050585E+003  1.479225453384E-005  3.296447184780E-001
  1.265276038575E-001  8.252736116458E+001 -4.856631993832E+002  2.974289428549E+003  1.476675623914E-005  3.312641452155E-001
  1.290556553882E-001  8.130903329337E+001 -4.782041062770E+002  2.926902560063E+003  1.474079823694E-005  3.329104943797E-001
  1.316144992580E-001  8.009491416887E+001 -4.707751391930E+002  2.879732218771E+003  1.471437040167E-005  3.345842074111E-001
  1.342043760450E-001  7.888526970967E+001 -4.633779481593E+002  2.832789008036E+003  1.468746227436E-005  3.362857360986E-001
  1.368255300316E-001  7.768036230739E+001 -4.560141585420E+002  2.786083356721E+003  1.466006305224E-005  3.380155428471E-001
  1.394782092560E-001  7.648045072738E+001 -4.486853704148E+002  2.739625515079E+003  1.463216157693E-005  3.397741009523E-001
  1.421626655646E-001  7.528579001117E+001 -4.413931579432E+002  2.693425550731E+003  1.460374632213E-005  3.415618948856E-001
  1.448791546661E-001  7.409663138076E+001 -4.341390687818E+002  2.647493344751E+003  1.457480538170E-005  3.433794205865E-001
  1.476279361856E-001  7.291322214492E+001 -4.269246234861E+002  2.601838587861E+003  1.454532645807E-005  3.452271857647E-001
  1.504092737207E-001  7.173580560745E+001 -4.197513149396E+002  2.556470776732E+003  1.451529684728E-005  3.471057102120E-001
  1.532234348983E-001  7.056462097750E+001 -4.126206077952E+002  2.511399210391E+003  1.448470342761E-005  3.490155261233E-001
  1.560706914324E-001  6.939990328201E+001 -4.055339379329E+002  2.466632986753E+003  1.445353264473E-005  3.509571784286E-001
  1.589513191834E-001  6.824188328039E+001 -3.984927119333E+002  2.422180999263E+003  1.442177049798E-005  3.529312251349E-001
  1.618655982178E-001  6.709078738133E+001 -3.914983065674E+002  2.378051933656E+003  1.438940252523E-005  3.549382376793E-001
  1.648138128702E-001  6.594683756203E+001 -3.845520683030E+002  2.334254264845E+003  1.435641378818E-005  3.569788012930E-001
  1.677962518056E-001  6.481025128970E+001 -3.776553128286E+002  2.290796253931E+003  1.432278885723E-005  3.590535153781E-001
  1.708132080832E-001  6.368124144553E+001 -3.708093245945E+002  2.247685945337E+003  1.428851179500E-005  3.611629938950E-001
  1.738649792215E-001  6.256001625112E+001 -3.640153563722E+002  2.204931164077E+003  1.425356613983E-005  3.633078657636E-001
  1.769518672648E-001  6.144677919742E+001 -3.572746288314E+002  2.162539513156E+003  1.421793488939E-005  3.654887752766E-001
  1.800741788507E-001  6.034172897625E+001 -3.505883301358E+002  2.120518371099E+003  1.418160048331E-005  3.677063825275E-001
  1.832322252791E-001  5.924505941452E+001 -3.439576155586E+002  2.078874889621E+003  1.414454478500E-005  3.699613638510E-001
  1.864263225826E-001  5.815695941102E+001 -3.373836071155E+002  2.037615991436E+003  1.410674906346E-005  3.722544122795E-001
  1.896567915983E-001  5.707761287608E+001 -3.308673932194E+002  1.996748368205E+003  1.406819397537E-005  3.745862380134E-001
  1.929239580409E-001  5.600719867387E+001 -3.244100283531E+002  1.956278478623E+003  1.402885954399E-005  3.769575689078E-001
  1.962281525771E-001  5.494589056771E+001 -3.180125327631E+002  1.916212546658E+003  1.398872514167E-005  3.793691509750E-001
  1.995697109023E-001  5.389385716806E+001 -3.116758921738E+002  1.876556559929E+003  1.394776946778E-005  3.818217489041E-001
  2.029489738173E-001  5.285126188360E+001 -3.054010575218E+002  1.837316268234E+003  1.390597052899E-005  3.843161465975E-001
  2.063662873085E-001  5.181826287521E+001 -2.991889447122E+002  1.798497182229E+003  1.386330561809E-005  3.868531477262E-001
  2.098220026275E-001  5.079501301293E+001 -2.930404343948E+002  1.760104572256E+003  1.381975129145E-005  3.894335763036E-001
  2.133164763746E-001  4.978165983603E+001 -2.869563717630E+002  1.722143467322E+003  1.377528334828E-005  3.920582772781E-001
  2.168500705817E-001  4.877834551612E+001 -2.809375663733E+002  1.684618654234E+003  1.372987680708E-005  3.947281171473E-001
  2.204231527988E-001  4.778520682341E+001 -2.749847919872E+002  1.647534676885E+003  1.368350588258E-005  3.974439845922E-001
  2.240360961807E-001  4.680237509608E+001 -2.690987864350E+002  1.610895835701E+003  1.363614396344E-005  4.002067911333E-001
  2.276892795770E-001  4.582997621291E+001 -2.632802515017E+002  1.574706187236E+003  1.358776358653E-005  4.030174718100E-001
  2.313830876220E-001  4.486813056908E+001 -2.575298528355E+002  1.538969543932E+003  1.353833641503E-005  4.058769858830E-001
  2.351179108282E-001  4.391695305516E+001 -2.518482198782E+002  1.503689474033E+003  1.348783321122E-005  4.087863175613E-001
  2.388941456809E-001  4.297655303952E+001 -2.462359458192E+002  1.468869301656E+003  1.343622381422E-005  4.117464767549E-001
  2.427121947345E-001  4.204703435387E+001 -2.406935875709E+002  1.434512107024E+003  1.338347711295E-005  4.147584998537E-001
  2.465724667110E-001  4.112849528219E+001 -2.352216657678E+002  1.400620726857E+003  1.332956102236E-005  4.178234505339E-001
  2.504753766009E-001  4.022102855302E+001 -2.298206647885E+002  1.367197754917E+003  1.327444245561E-005  4.209424205931E-001
  2.544213457654E-001  3.932472133501E+001 -2.244910327996E+002  1.334245542722E+003  1.321808730037E-005  4.241165308154E-001
  2.584108020414E-001  3.843965523590E+001 -2.192331818240E+002  1.301766200405E+003  1.316046039268E-005  4.273469318668E-001
  2.624441798480E-001  3.756590630484E+001 -2.140474878304E+002  1.269761597750E+003  1.310152549062E-005  4.306348052233E-001
  2.665219202956E-001  3.670354503809E+001 -2.089342908474E+002  1.238233365363E+003  1.304124524886E-005  4.339813641326E-001
  2.706444712976E-001  3.585263638810E+001 -2.038938950991E+002  1.207182896024E+003  1.297958119313E-005  4.373878546099E-001
  2.748122876832E-001  3.501323977594E+001 -1.989265691644E+002  1.176611346176E+003  1.291649369546E-005  4.408555564706E-001
  2.790258313137E-001  3.418540910723E+001 -1.940325461585E+002  1.146519637583E+003  1.285194194929E-005  4.443857844010E-001
  2.832855712010E-001  3.336919279126E+001 -1.892120239375E+002  1.116908459132E+003  1.278588394423E-005  4.479798890672E-001
  2.875919836279E-001  3.256463376367E+001 -1.844651653252E+002  1.087778268802E+003  1.271827644500E-005  4.516392582662E-001
  2.919455522717E-001  3.177176951236E+001 -1.797920983621E+002  1.059129295770E+003  1.264907496593E-005  4.553653181186E-001
  2.963467683296E-001  3.099063210680E+001 -1.751929165774E+002  1.030961542678E+003  1.257823375118E-005  4.591595343063E-001
  3.007961306479E-001  3.022124823070E+001 -1.706676792820E+002  1.003274788042E+003  1.250570575345E-005  4.630234133562E-001
  3.052941458522E-001  2.946363921794E+001 -1.662164118844E+002  9.760685888153E+002  1.243144261558E-005  4.669585039720E-001
  3.098413284823E-001  2.871782109182E+001 -1.618391062272E+002  9.493422830903E+002  1.235539465285E-005  4.709663984164E-001
  3.144382011281E-001  2.798380460757E+001 -1.575357209458E+002  9.230949929441E+002  1.227751083824E-005  4.750487339452E-001
  3.190852945695E-001  2.726159529813E+001 -1.533061818475E+002  8.973256274272E+002  1.219773878929E-005  4.792071942964E-001
  3.237831479192E-001  2.655119352309E+001 -1.491503823121E+002  8.720328856877E+002  1.211602475732E-005  4.834435112356E-001
  3.285323087679E-001  2.585259452082E+001 -1.450681837122E+002  8.472152602313E+002  1.203231362071E-005  4.877594661612E-001
  3.333333333333E-001  2.516578846376E+001 -1.410594158540E+002  8.228710403138E+002  1.194654888117E-005  4.921568917708E-001
  3.381867866117E-001  2.449076051677E+001 -1.371238774381E+002  7.989983154628E+002  1.185867266252E-005  4.966376737921E-001
  3.430932425333E-001  2.382749089854E+001 -1.332613365394E+002  7.755949791258E+002  1.176862571658E-005  5.012037527812E-001
  3.480532841203E-001  2.317595494600E+001 -1.294715311057E+002  7.526587324410E+002  1.167634743075E-005  5.058571259907E-001
  3.530675036492E-001  2.253612318171E+001 -1.257541694755E+002  7.301870881276E+002  1.158177584423E-005  5.105998493111E-001
  3.581365028158E-001  2.190796138409E+001 -1.221089309134E+002  7.081773744927E+002  1.148484766750E-005  5.154340392876E-001
  3.632608929041E-001  2.129143066051E+001 -1.185354661631E+002  6.866267395492E+002  1.138549831173E-005  5.203618752174E-001
  3.684412949588E-001  2.068648752321E+001 -1.150333980177E+002  6.655321552426E+002  1.128366192333E-005  5.253856013295E-001
  3.736783399619E-001  2.009308396785E+001 -1.116023219066E+002  6.448904217823E+002  1.117927142703E-005  5.305075290506E-001
  3.789726690123E-001  1.951116755476E+001 -1.082418064985E+002  6.246981720722E+002  1.107225858302E-005  5.357300393617E-001
  3.843249335105E-001  1.894068149277E+001 -1.049513943196E+002  6.049518762379E+002  1.096255404721E-005  5.410555852490E-001
  3.897357953460E-001  1.838156472550E+001 -1.017306023868E+002  5.856478462441E+002  1.085008745180E-005  5.464866942526E-001
  3.952059270903E-001  1.783375202013E+001 -9.857892285581E+001  5.667822405998E+002  1.073478749089E-005  5.520259711181E-001
  4.007360121927E-001  1.729717405848E+001 -9.549582368206E+001  5.483510691448E+002  1.061658202669E-005  5.576761005552E-001
  4.063267451812E-001  1.677175753041E+001 -9.248074929527E+001  5.303501979134E+002  1.049539821026E-005  5.634398501076E-001
  4.119788318683E-001  1.625742522932E+001 -8.953312128632E+001  5.127753540713E+002  1.037116261782E-005  5.693200731399E-001
  4.176929895600E-001  1.575409614982E+001 -8.665233910576E+001  4.956221309181E+002  1.024380141027E-005  5.753197119458E-001
  4.234699472710E-001  1.526168558738E+001 -8.383778077352E+001  4.788859929535E+002  1.011324051240E-005  5.814418009833E-001
  4.293104459435E-001  1.478010523989E+001 -8.108880359886E+001  4.625622809990E+002  9.979405816962E-006  5.876894702418E-001
  4.352152386716E-001  1.430926331101E+001 -7.840474491006E+001  4.466462173724E+002  9.842223415663E-006  5.940659487479E-001
  4.411850909306E-001  1.384906461531E+001 -7.578492279294E+001  4.311329111071E+002  9.701619859459E-006  6.005745682145E-001
  4.472207808110E-001  1.339941068498E+001 -7.322863683760E+001  4.160173632134E+002  9.557522450881E-006  6.072187668409E-001
  4.533230992589E-001  1.296019987805E+001 -7.073516889252E+001  4.012944719732E+002  9.409859573772E-006  6.140020932684E-001
  4.594928503202E-001  1.253132748806E+001 -6.830378382538E+001  3.869590382661E+002  9.258561060126E-006  6.209282107002E-001
  4.657308513924E-001  1.211268585498E+001 -6.593373028965E+001  3.730057709174E+002  9.103558603345E-006  6.280009011903E-001
  4.720379334802E-001  1.170416447746E+001 -6.362424149631E+001  3.594292920656E+002  8.944786217126E-006  6.352240701105E-001
  4.784149414579E-001  1.130565012597E+001 -6.137453598984E+001  3.462241425412E+002  8.782180749484E-006  6.426017508018E-001
  4.848627343381E-001  1.091702695713E+001 -5.918381842766E+001  3.333847872528E+002  8.615682452565E-006  6.501381094173E-001
  4.913821855461E-001  1.053817662874E+001 -5.705128036224E+001  3.209056205733E+002  8.445235618766E-006  6.578374499659E-001
  4.979741832006E-001  1.016897841566E+001 -5.497610102511E+001  3.087809717212E+002  8.270789287575E-006  6.657042195640E-001
  5.046396304008E-001  9.809309326322E+000 -5.295744811181E+001  2.970051101313E+002  8.092298028057E-006  6.737430139023E-001
  5.113794455212E-001  9.459044219701E+000 -5.099447856714E+001  2.855722508081E+002  7.909722809653E-006  6.819585829391E-001
  5.181945625116E-001  9.118055922771E+000 -4.908633936972E+001  2.744765596570E+002  7.723031965335E-006  6.903558368253E-001
  5.250859312060E-001  8.786215348202E+000 -4.723216831517E+001  2.637121587873E+002  7.532202259669E-006  6.989398520721E-001
  5.320545176366E-001  8.463391612243E+000 -4.543109479700E+001  2.532731317810E+002  7.337220071409E-006  7.077158779697E-001
  5.391013043575E-001  8.149452152659E+000 -4.368224058445E+001  2.431535289217E+002  7.138082699289E-006  7.166893432649E-001
  5.462272907741E-001  7.844262846602E+000 -4.198472059642E+001  2.333473723784E+002  6.934799809874E-006  7.258658631082E-001
  5.534334934816E-001  7.547688128297E+000 -4.033764367069E+001  2.238486613385E+002  6.727395034702E-006  7.352512462780E-001
  5.607209466109E-001  7.259591106434E+000 -3.874011332769E+001  2.146513770840E+002  6.515907735805E-006  7.448515026905E-001
  5.680907021827E-001  6.979833681131E+000 -3.719122852790E+001  2.057494880061E+002  6.300394955940E-006  7.546728512048E-001
  5.755438304707E-001  6.708276660378E+000 -3.569008442223E+001  1.971369545524E+002  6.080933571100E-006  7.647217277312E-001
  5.830814203728E-001  6.444779875812E+000 -3.423577309450E+001  1.888077341022E+002  5.857622665491E-006  7.750047936492E-001
  5.907045797917E-001  6.189202297742E+000 -3.282738429530E+001  1.807557857641E+002  5.630586153372E-006  7.855289445440E-001
  5.984144360243E-001  5.941402149287E+000 -3.146400616650E+001  1.729750750906E+002  5.399975669872E-006  7.963013192677E-001
  6.062121361613E-001  5.701237019522E+000 -3.014472595564E+001  1.654595787067E+002  5.165973759808E-006  8.073293093293E-001
  6.140988474955E-001  5.468563975522E+000 -2.886863071952E+001  1.582032888451E+002  4.928797391567E-006  8.186205686200E-001
  6.220757579409E-001  5.243239673195E+000 -2.763480801617E+001  1.512002177860E+002  4.688701834282E-006  8.301830234759E-001
  6.301440764614E-001  5.025120466796E+000 -2.644234658476E+001  1.444444021952E+002  4.445984926331E-006  8.420248830781E-001
  6.383050335109E-001  4.814062517013E+000 -2.529033701247E+001  1.379299073577E+002  4.200991783776E-006  8.541546501927E-001
  6.465598814833E-001  4.609921897529E+000 -2.417787238798E+001  1.316508313014E+002  3.954119984590E-006  8.665811322435E-001
  6.549098951744E-001  4.412554699953E+000 -2.310404894075E+001  1.256013088088E+002  3.705825281453E-006  8.793134527150E-001
  6.633563722545E-001  4.221817137031E+000 -2.206796666558E+001  1.197755153108E+002  3.456627893483E-006  8.923610628737E-001
  6.719006337539E-001  4.037565644031E+000 -2.106872993189E+001  1.141676706612E+002  3.207119437117E-006  9.057337537951E-001
  6.805440245593E-001  3.859656978216E+000 -2.010544807713E+001  1.087720427877E+002  2.957970556167E-006  9.194416686785E-001
  6.892879139233E-001  3.687948316318E+000 -1.917723598378E+001  1.035829512162E+002  2.709939324132E-006  9.334953154245E-001
  6.981336959871E-001  3.522297349926E+000 -1.828321463963E+001  9.859477046599E+001  2.463880493581E-006  9.479055794462E-001
  7.070827903152E-001  3.362562378701E+000 -1.742251168058E+001  9.380193331297E+001  2.220755676569E-006  9.626837366752E-001
  7.161366424455E-001  3.208602401345E+000 -1.659426191577E+001  8.919893391898E+001  1.981644549266E-006  9.778414667168E-001
  7.252967244510E-001  3.060277204252E+000 -1.579760783455E+001  8.478033082448E+001  1.747757178728E-006  9.933908660961E-001
  7.345645355186E-001  2.917447447760E+000 -1.503170009493E+001  8.054074980325E+001  1.520447584253E-006  1.009344461528E+000
  7.439416025400E-001  2.779974749949E+000 -1.429569799317E+001  7.647488657714E+001  1.301228652061E-006  1.025715223130E+000
  7.534294807203E-001  2.647721767909E+000 -1.358876991414E+001  7.257750938965E+001  1.091788533463E-006  1.042516577474E+000
  7.630297542000E-001  2.520552276436E+000 -1.291009376234E+001  6.884346143716E+001  8.940086695698E-007  1.059762420374E+000
  7.727440366954E-001  2.398331244082E+000 -1.225885737320E+001  6.526766315691E+001  7.099835950417E-007  1.077467129258E+000
  7.825739721536E-001  2.280924906534E+000 -1.163425890447E+001  6.184511437113E+001  5.420426917881E-007  1.095645574979E+000
  7.925212354258E-001  2.168200837247E+000 -1.103550720757E+001  5.857089628690E+001  3.927740687599E-007  1.114313132869E+000
  8.025875329584E-001  2.060028015314E+000 -1.046182217881E+001  5.544017335169E+001  2.650507640346E-007  1.133485692825E+000
  8.127746035011E-001  1.956276890530E+000 -9.912435090245E+000  5.244819496464E+001  1.620594777629E-007  1.153179668168E+000
  8.230842188350E-001  1.856819445613E+000 -9.386588900209E+000  4.959029704402E+001  8.733205932472E-008  1.173412002992E+000
  8.335181845190E-001  1.761529255555E+000 -8.883538543481E+000  4.686190345145E+001  4.477998405419E-008  1.194200177655E+000
  8.440783406568E-001  1.670281544096E+000 -8.402551201044E+000  4.425852727381E+001  3.873206960906E-008  1.215562212036E+000
  8.547665626839E-001  1.582953237280E+000 -7.942906549520E+000  4.177577196403E+001  7.397569267660E-008  1.237516666099E+000
  8.655847621758E-001  1.499423014099E+000 -7.503896990327E+000  3.940933234191E+001  1.558017801480E-007  1.260082637263E+000
  8.765348876780E-001  1.419571354210E+000 -7.084827858684E+000  3.715499545685E+001  2.900538530293E-007  1.283279753986E+000
  8.876189255584E-001  1.343280582716E+000 -6.685017612584E+000  3.500864131412E+001  4.831814015519E-007  1.307128164897E+000
  8.988389008829E-001  1.270434912026E+000 -6.303798001927E+000  3.296624346688E+001  7.422978763919E-007  1.331648522723E+000
  9.101968783143E-001  1.200920480784E+000 -5.940514218003E+000  3.102386947609E+001  1.075243562268E-006  1.356861962144E+000
  9.216949630368E-001  1.134625389886E+000 -5.594525023575E+000  2.917768124089E+001  1.490653588950E-006  1.382790070601E+000
  9.333353017046E-001  1.071439735605E+000 -5.265202863814E+000  2.742393520216E+001  1.998031295988E-006  1.409454850971E+000
  9.451200834176E-001  1.011255639824E+000 -4.951933958399E+000  2.575898242210E+001  2.607827132532E-006  1.436878674863E+000
  9.570515407237E-001  9.539672774233E-001 -4.654118375089E+000  2.417926854289E+001  3.331523195569E-006  1.465084225163E+000
  9.691319506484E-001  8.994709008332E-001 -4.371170085142E+000  2.268133362776E+001  4.181723435755E-006  1.494094426289E+000
  9.813636357544E-001  8.476648617894E-001 -4.102517000940E+000  2.126181188782E+001  5.172249432812E-006  1.523932360455E+000
  9.937489652293E-001  7.984496303269E-001 -3.847600996236E+000  1.991743129831E+001  6.318241492021E-006  1.554621168049E+000
  1.006290356005E+000  7.517278110495E-001 -3.605877909450E+000  1.864501310787E+001  7.636264628889E-006  1.586183930084E+000
  1.018990273907E+000  7.074041567188E-001 -3.376817530461E+000  1.744147124482E+001  9.144418748803E-006  1.618643530462E+000
  1.031851234841E+000  6.653855792086E-001 -3.159903571377E+000  1.630381162434E+001  1.086245203946E-005  1.652022495640E+000
  1.044875806003E+000  6.255811578734E-001 -2.954633621760E+000  1.522913136073E+001  1.281187621385E-005  1.686342809112E+000
  1.058066607138E+000  5.879021453846E-001 -2.760519088831E+000  1.421461788887E+001  1.501608178951E-005  1.721625697975E+000
  1.071426311823E+000  5.522619710891E-001 -2.577085123174E+000  1.325754799916E+001  1.750045104951E-005  1.757891388758E+000
  1.084957648792E+000  5.185762419487E-001 -2.403870530481E+000  1.235528679043E+001  2.029246568757E-005  1.795158829628E+000
  1.098663403298E+000  4.867627411208E-001 -2.240427669897E+000  1.150528654504E+001  2.342180538358E-005  1.833445376112E+000
  1.112546418516E+000  4.567414242441E-001 -2.086322339528E+000  1.070508553080E+001  2.692043269325E-005  1.872766437594E+000
  1.126609596985E+000  4.284344134939E-001 -1.941133649691E+000  9.952306734182E+000  3.082265864556E-005  1.913135082110E+000
  1.140855902095E+000  4.017659894752E-001 -1.804453884489E+000  9.244656529249E+000  3.516518234599E-005  1.954561597368E+000
  1.155288359613E+000  3.766625810210E-001 -1.675888352308E+000  8.579923287049E+000  3.998709668691E-005  1.997053006553E+000
  1.169910059257E+000  3.530527529679E-001 -1.555055225826E+000  7.955975929821E+000  4.532985099304E-005  2.040612538348E+000
  1.184724156317E+000  3.308671919808E-001 -1.441585372142E+000  7.370762434648E+000  5.123716014231E-005  2.085239051810E+000
  1.199733873325E+000  3.100386904984E-001 -1.335122173615E+000  6.822308291039E+000  5.775484843964E-005  2.130926418231E+000
  1.214942501771E+000  2.905021288751E-001 -1.235321340028E+000  6.308714916892E+000  6.493061539271E-005  2.177662864101E+000
  1.230353403874E+000  2.721944557933E-001 -1.141850712670E+000  5.828158037274E+000  7.281370968172E-005  2.225430281633E+000
  1.245970014403E+000  2.550546670218E-001 -1.054390060927E+000  5.378886030357E+000  8.145449713841E-005  2.274203516193E+000
  1.261795842559E+000  2.390237825953E-001 -9.726308719871E-001  4.959218244795E+000  9.090390872100E-005  2.323949643287E+000
  1.277834473907E+000  2.240448224924E-001 -8.962761342343E-001  4.567543292760E+000  1.012127554406E-004  2.374627251582E+000
  1.294089572372E+000  2.100627808863E-001 -8.250401149112E-001  4.202317322717E+000  1.124308992829E-004  2.426185752543E+000
  1.310564882294E+000  1.970245990454E-001 -7.586481326214E-001  3.862062275966E+000  1.246062725930E-004  2.478564741762E+000
  1.327264230548E+000  1.848791369584E-001 -6.968363252277E-001  3.545364130835E+000  1.377837434249E-004  2.531693441440E+000
  1.344191528724E+000  1.735771437599E-001 -6.393514136924E-001  3.250871138302E+000  1.520038312009E-004  2.585490257767E+000
  1.361350775387E+000  1.630712270299E-001 -5.859504623941E-001  2.977292052690E+000  1.673012857700E-004  2.639862490532E+000
  1.378746058390E+000  1.533158210419E-001 -5.364006364405E-001  2.723394360952E+000  1.837035535684E-004  2.694706234844E+000
  1.396381557275E+000  1.442671540318E-001 -4.904789564810E-001  2.488002513908E+000  2.012291668055E-004  2.749906515827E+000
  1.414261545744E+000  1.358832145599E-001 -4.479720515102E-001  2.269996162673E+000  2.198861048748E-004  2.805337695922E+000
  1.432390394201E+000  1.281237170377E-001 -4.086759101332E-001  2.068308403331E+000  2.396701907174E-004  2.860864190570E+000
  1.450772572390E+000  1.209500664871E-001 -3.723956307490E-001  1.881924032781E+000  2.605635974352E-004  2.916341520969E+000
  1.469412652102E+000  1.143253226039E-001 -3.389451710897E-001  1.709877818513E+000  2.825335506442E-004  2.971617722090E+000
  1.488315309978E+000  1.082141631897E-001 -3.081470975352E-001  1.551252784895E+000  3.055313182192E-004  3.026535110140E+000
  1.507485330398E+000  1.025828470202E-001 -2.798323346040E-001  1.405178518418E+000  3.294915795471E-004  3.080932396501E+000
  1.526927608467E+000  9.739917621485E-002 -2.538399150028E-001  1.270829494137E+000  3.543322597443E-004  3.134647115562E+000
  1.546647153093E+000  9.263245816966E-002 -2.300167305977E-001  1.147423425434E+000  3.799548995376E-004  3.187518313060E+000
  1.566649090169E+000  8.825346711648E-002 -2.082172846513E-001  1.034219639012E+000  4.062456084665E-004  3.239389420957E+000
  1.586938665861E+000  8.423440536894E-002 -1.883034456512E-001  9.305174768913E-001  4.330766185299E-004  3.290111226578E+000
  1.607521250000E+000  8.054886431427E-002 -1.701442030359E-001  8.356547270149E-001  4.603084192534E-004  3.339544829433E+000
  1.628402339588E+000  7.717178520878E-002 -1.536154251055E-001  7.490060839073E-001  4.877924162845E-004  3.387564470808E+000
  1.649587562420E+000  7.407941983367E-002 -1.385996193883E-001  6.699816406643E-001  5.153740176977E-004  3.434060120178E+000
  1.671082680832E+000  7.124929106612E-002 -1.249856957120E-001  5.980254134116E-001  5.428960192009E-004  3.478939709442E+000
  1.692893595565E+000  6.866015341979E-002 -1.126687322171E-001  5.326138992160E-001  5.702021350866E-004  3.522130920944E+000
  1.715026349769E+000  6.629195360697E-002 -1.015497445270E-001  4.732546682858E-001  5.971405090234E-004  3.563582457182E+000
  1.737487133138E+000  6.412579117407E-002 -9.153545827749E-002  4.194849911634E-001  6.235670392290E-004  3.603264747286E+000
  1.760282286187E+000  6.214387926035E-002 -8.253808518994E-002  3.708705014802E-001  6.493483662603E-004  3.641170075452E+000
  1.783418304674E+000  6.032950552895E-002 -7.447510286016E-002  3.270038947148E-001  6.743643970058E-004  3.677312146889E+000
  1.806901844175E+000  5.866699331807E-002 -6.726903841781E-002  2.875036632808E-001  6.985102726073E-004  3.711725134848E+000
  1.830739724818E+000  5.714166305891E-002 -6.084725620013E-002  2.520128681566E-001  7.216977271336E-004  3.744462275804E+000
  1.854938936184E+000  5.573979400610E-002 -5.514174956998E-002  2.201979471646E-001  7.438558238321E-004  3.775594097254E+000
  1.879506642368E+000  5.444858632507E-002 -5.008893699650E-002  1.917475599115E-001  7.649310929000E-004  3.805206372912E+000
  1.904450187236E+000  5.325612357985E-002 -4.562946250558E-002  1.663714693108E-001  7.848871258940E-004  3.833397903520E+000
  1.929777099847E+000  5.215133566371E-002 -4.170800059679E-002  1.437994595286E-001  8.037037051806E-004  3.860278218421E+000
  1.955495100083E+000  5.112396221383E-002 -3.827306571383E-002  1.237802901156E-001  8.213755613691E-004  3.885965284734E+000
  1.981612104475E+000  5.016451655037E-002 -3.527682634635E-002  1.060806860273E-001  8.379108576515E-004  3.910583298878E+000
  2.008136232230E+000  4.926425017883E-002 -3.267492383277E-002  9.048436316841E-002  8.533294984603E-004  3.934260620725E+000
  2.035075811486E+000  4.841511789357E-002 -3.042629592553E-002  7.679108905007E-002  8.676613523632E-004  3.957127895363E+000
  2.062439385788E+000  4.760974351921E-002 -2.849300517321E-002  6.481577809974E-002  8.809444674671E-004  3.979316392477E+000
  2.090235720801E+000  4.684138632501E-002 -2.684007216681E-002  5.438762112518E-002  8.932233435381E-004  4.000956579651E+000
  2.118473811262E+000  4.610390814629E-002 -2.543531369096E-002  4.534924840050E-002  9.045473101619E-004  4.022176934061E+000
  2.147162888201E+000  4.539174124517E-002 -2.424918581468E-002  3.755592581414E-002  9.149690457978E-004  4.043102987403E+000
  2.176312426413E+000  4.469985694140E-002 -2.325463195017E-002  3.087478349557E-002  9.245432594167E-004  4.063856591588E+000
  2.205932152222E+000  4.402373504244E-002 -2.242693590232E-002  2.518407631954E-002  9.333255451237E-004  4.084555387545E+000
  2.236032051522E+000  4.335933409995E-002 -2.174357992577E-002  2.037247567179E-002  9.413714109992E-004  4.105312456299E+000
  2.266622378129E+000  4.270306251796E-002 -2.118410780056E-002  1.633839184939E-002  9.487354763480E-004  4.126236129909E+000
  2.297713662445E+000  4.205175053597E-002 -2.072999293151E-002  1.298932646067E-002  9.554708265299E-004  4.147429939614E+000
  2.329316720450E+000  4.140262310783E-002 -2.036451147054E-002  1.024125418380E-002  9.616285112525E-004  4.168992679295E+000
  2.361442663038E+000  4.075327369500E-002 -2.007262045482E-002  8.018033239128E-003  9.672571704056E-004  4.191018563779E+000
  2.394102905709E+000  4.010163899034E-002 -1.984084094733E-002  6.250843927408E-003  9.724027708358E-004  4.213597463462E+000
  2.427309178642E+000  3.944597458579E-002 -1.965714615976E-002  4.877654584338E-003  9.771084376940E-004  4.236815198822E+000
  2.461073537146E+000  3.878483159471E-002 -1.951085453049E-002  3.842714299829E-003  9.814143647852E-004  4.260753880648E+000
  2.495408372530E+000  3.811703423673E-002 -1.939252772339E-002  3.096071749012E-003  9.853577895897E-004  4.285492284015E+000
  2.530326423398E+000  3.744165838996E-002 -1.929387350538E-002  2.593119479772E-003  9.889730200645E-004  4.311106246081E+000
  2.565840787378E+000  3.675801111255E-002 -1.920765345299E-002  2.294162998915E-003  9.922915018871E-004  4.337669079727E+000
  2.601964933334E+000  3.606561113230E-002 -1.912759542977E-002  2.164013995529E-003  9.953419163390E-004  4.365251996777E+000
  2.638712714049E+000  3.536417029998E-002 -1.904831076840E-002  2.171607035458E-003  9.981503005107E-004  4.393924536041E+000
  2.676098379430E+000  3.465357599893E-002 -1.896521608228E-002  2.289639055214E-003  1.000740182879E-003  4.423754992757E+000
  2.714136590232E+000  3.393387450020E-002 -1.887445962335E-002  2.494230976873E-003  1.003132728531E-003  4.454810847118E+000
  2.752842432351E+000  3.320525524968E-002 -1.877285209342E-002  2.764610757776E-003  1.005346889411E-003  4.487159190546E+000
  2.792231431696E+000  3.246803607008E-002 -1.865780180819E-002  3.082817180177E-003  1.007399555905E-003  4.520867149160E+000
  2.832319569669E+000  3.172264925844E-002 -1.852725410432E-002  3.433423676657E-003  1.009305706876E-003  4.556002304560E+000
  2.873123299289E+000  3.096962855614E-002 -1.837963487130E-002  3.803281477250E-003  1.011078555982E-003  4.592633112606E+000
  2.914659561979E+000  3.020959696635E-002 -1.821379808224E-002  4.181281354220E-003  1.012729692597E-003  4.630829321330E+000
  2.956945805065E+000  2.944325539103E-002 -1.802897718960E-002  4.558133230494E-003  1.014269216215E-003  4.670662389522E+000
  3.000000000000E+000  2.867137205716E-002 -1.782474024486E-002  4.926162908308E-003  1.015705863501E-003  4.712205907838E+000
  3.043840661365E+000  2.789477270009E-002 -1.760094859448E-002  5.279125165950E-003  1.017047127525E-003  4.755536024595E+000
  3.088486866678E+000  2.711433146963E-002 -1.735771899857E-002  5.612032463007E-003  1.018299368891E-003  4.800731878655E+000
  3.133958277047E+000  2.633096252325E-002 -1.709538901342E-002  5.920998488560E-003  1.019467918705E-003  4.847876042048E+000
  3.180275158719E+000  2.554561226920E-002 -1.681448547489E-002  6.203095782625E-003  1.020557173440E-003  4.897054975229E+000
  3.227458405560E+000  2.475925222141E-002 -1.651569591571E-002  6.456226659200E-003  1.021570681848E-003  4.948359498079E+000
  3.275529562509E+000  2.397287242736E-002 -1.619984274790E-002  6.679006659734E-003  1.022511224180E-003  5.001885280031E+000
  3.324510850077E+000  2.318747542955E-002 -1.586786003927E-002  6.870659768942E-003  1.023380883990E-003  5.057733352947E+000
  3.374425189910E+000  2.240407072141E-002 -1.552077271283E-002  7.030924630855E-003  1.024181112854E-003  5.116010650697E+000
  3.425296231502E+000  2.162366965836E-002 -1.515967799828E-002  7.159971011897E-003  1.024912788342E-003  5.176830579673E+000
  3.477148380094E+000  2.084728078564E-002 -1.478572896613E-002  7.258325769680E-003  1.025576265593E-003  5.240313624899E+000
  3.530006825834E+000  2.007590554519E-002 -1.440011997751E-002  7.326807601167E-003  1.026171422842E-003  5.306587996777E+000
  3.583897574256E+000  1.931053432514E-002 -1.400407388622E-002  7.366469861755E-003  1.026697701230E-003  5.375790324009E+000
  3.638847478148E+000  1.855214281699E-002 -1.359883083371E-002  7.378550767575E-003  1.027154139231E-003  5.448066398787E+000
  3.694884270887E+000  1.780168864712E-002 -1.318563848306E-002  7.364430316768E-003  1.027539402000E-003  5.523571980964E+000
  3.752036601308E+000  1.706010825170E-002 -1.276574354383E-002  7.325593291441E-003  1.027851805914E-003  5.602473668641E+000
  3.810334070199E+000  1.632831396579E-002 -1.234038444667E-002  7.263597730131E-003  1.028089338583E-003  5.684949843448E+000
  3.869807268505E+000  1.560719130045E-002 -1.191078503343E-002  7.180048290763E-003  1.028249674564E-003  5.771191699701E+000
  3.930487817331E+000  1.489759638389E-002 -1.147814913712E-002  7.076573955796E-003  1.028330186970E-003  5.861404367750E+000
  3.992408409843E+000  1.420035354591E-002 -1.104365593380E-002  6.954809564310E-003  1.028327955173E-003  5.955808143035E+000
  4.055602855172E+000  1.351625302748E-002 -1.060845595772E-002  6.816380689852E-003  1.028239768737E-003  6.054639833819E+000
  4.120106124432E+000  1.284604880084E-002 -1.017366768008E-002  6.662891417477E-003  1.028062127689E-003  6.158154242183E+000
  4.185954398964E+000  1.219045648808E-002 -9.740374560677E-003  6.495914608425E-003  1.027791239228E-003  6.266625794774E+000
  4.253185120935E+000  1.155015136996E-002 -9.309622491766E-003  6.316984275859E-003  1.027423010894E-003  6.380350341955E+000
  4.321837046422E+000  1.092576647945E-002 -8.882417562238E-003  6.127589729715E-003  1.026953040217E-003  6.499647146510E+000
  4.391950301120E+000  1.031789077781E-002 -8.459724080115E-003  5.929171182826E-003  1.026376600797E-003  6.624861085947E+000
  4.463566438835E+000  9.727067414230E-003 -8.042462800293E-003  5.723116543708E-003  1.025688624750E-003  6.756365095820E+000
  4.536728502895E+000  9.153792072844E-003 -7.631509313665E-003  5.510759153593E-003  1.024883681365E-003  6.894562885314E+000
  4.611481090679E+000  8.598511413938E-003 -7.227692562439E-003  5.293376256228E-003  1.023955951814E-003  7.039891960919E+000
  4.687870421430E+000  8.061621618723E-003 -6.831793454893E-003  5.072188018445E-003  1.022899199647E-003  7.192826999216E+000
  4.765944407533E+000  7.543467049620E-003 -6.444543560795E-003  4.848356947496E-003  1.021706736780E-003  7.353883615962E+000
  4.845752729492E+000  7.044339040105E-003 -6.066623876205E-003  4.622987577364E-003  1.020371384579E-003  7.523622585813E+000
  4.927346914797E+000  6.564474830118E-003 -5.698663653340E-003  4.397126320796E-003  1.018885429571E-003  7.702654575428E+000
  5.010780420931E+000  6.104056664611E-003 -5.341239297593E-003  4.171761406425E-003  1.017240573229E-003  7.891645462592E+000
  5.096108722763E+000  5.663211074007E-003 -4.994873339461E-003  3.947822841118E-003  1.015427875133E-003  8.091322325603E+000
  5.183389404586E+000  5.242008356182E-003 -4.660033494261E-003  3.726182356486E-003  1.013437688706E-003  8.302480200945E+000
  5.272682257105E+000  4.840462279941E-003 -4.337131826766E-003  3.507653315367E-003  1.011259588574E-003  8.525989723531E+000
  5.364049379651E+000  4.458530029933E-003 -4.026524041478E-003  3.292990568972E-003  1.008882288405E-003  8.762805783183E+000
  5.457555287978E+000  4.096112412344E-003 -3.728508921998E-003  3.082890268315E-003  1.006293547874E-003  9.013977354049E+000
  5.553267027968E+000  3.753054339737E-003 -3.443327944886E-003  2.877989644525E-003  1.003480067167E-003  9.280658681257E+000
  5.651254295630E+000  3.429145611786E-003 -3.171165094507E-003  2.678866781698E-003  1.000427367123E-003  9.564122042159E+000
  5.751589563796E+000  3.124122006630E-003 -2.912146905591E-003  2.486040413077E-003  9.971196527500E-004  9.865772339355E+000
  5.854348215936E+000  2.837666694977E-003 -2.666342759653E-003  2.299969776704E-003  9.935396574377E-004  1.018716383074E+001
  5.959608687557E+000  2.569411985994E-003 -2.433765459942E-003  2.121054570191E-003  9.896684646368E-004  1.053001936015E+001
  6.067452615683E+000  2.318941410462E-003 -2.214372107374E-003  1.949635046081E-003  9.854853031544E-004  1.089625252309E+001
  6.177964996951E+000  2.085792142663E-003 -2.008065296791E-003  1.785992289460E-003  9.809673114132E-004  1.128799328877E+001
  6.291234354880E+000  1.869457757995E-003 -1.814694649129E-003  1.630348718109E-003  9.760892650539E-004  1.170761770621E+001
  6.407352916949E+000  1.669391318566E-003 -1.634058690554E-003  1.482868842741E-003  9.708232610661E-004  1.215778245310E+001
  6.526416802128E+000  1.485008773890E-003 -1.465907084534E-003  1.343660320740E-003  9.651383501221E-004  1.264146514903E+001
  6.648526219580E+000  1.315692658517E-003 -1.309943217125E-003  1.212775331603E-003  9.590001069197E-004  1.316201155660E+001
  6.773785679311E+000  1.160796062996E-003 -1.165827129672E-003  1.090212295980E-003  9.523701259772E-004  1.372319104761E+001
  6.902304215570E+000  1.019646849098E-003 -1.033178786678E-003  9.759179531071E-004  9.452054273132E-004  1.432926202954E+001
  7.034195623922E+000  8.915520748472E-004 -9.115816599693E-004  8.697898035530E-004  9.374577526314E-004  1.498504943117E+001
  7.169578712934E+000  7.758025897509E-004 -8.005866035332E-004  7.716789159357E-004  9.290727276991E-004  1.569603685946E+001
  7.308577571516E+000  6.716777557651E-004 -6.997159868081E-004  6.813930875692E-004  9.199888602445E-004  1.646847669791E+001
  7.451321853057E+000  5.784502451908E-004 -6.084680477673E-004  5.987003402901E-004  9.101363344007E-004  1.730952226627E+001
  7.597947077547E+000  4.953908629439E-004 -5.263214211413E-004  5.233327240497E-004  8.994355517632E-004  1.822738726598E+001
  7.748594953021E+000  4.217733376592E-004 -4.527397916819E-004  4.549903925266E-004  8.877953546861E-004  1.923153918364E+001
  7.903413717736E+000  3.568790239870E-004 -3.871766176679E-004  3.933459072074E-004  8.751108479718E-004  2.033293523869E+001
  8.062558504629E+000  3.000014573697E-004 -3.290798660556E-004  3.380487193167E-004  8.612607088942E-004  2.154431201368E+001
  8.226191729726E+000  2.504507026346E-004 -2.778966979495E-004  2.887297728663E-004  8.461038396135E-004  2.288054334398E+001
  8.394483506327E+000  2.075574390244E-004 -2.330780415501E-004  2.450061671278E-004  8.294751664344E-004  2.435908572275E+001
  8.567612086926E+000  1.706767268628E-004 -1.940829895531E-004  2.064858131995E-004  8.111803209873E-004  2.600053691830E+001
  8.745764335025E+000  1.391914049645E-004 -1.603829592358E-004  1.727720172053E-004  7.909888400479E-004  2.782934247736E+001
  8.929136229160E+000  1.125150731472E-004 -1.314655562245E-004  1.434679221485E-004  7.686253792232E-004  2.987469746415E+001
  9.117933401693E+000  9.009462075123E-005 -1.068380872342E-004  1.181807416564E-004  7.437582291845E-004  3.217170894948E+001
  9.312371715124E+000  7.141226982813E-005 -8.603067287633E-005  9.652572184137E-005  7.159841162664E-004  3.476291120849E+001
  9.512677878945E+000  5.598711050316E-005 -6.859891888490E-005  7.812977226894E-005  6.848078050839E-004  3.770026476319E+001
  9.719090110332E+000  4.337611575294E-005 -5.412611268540E-005  6.263471351862E-005  6.496143041846E-004  4.104782957407E+001
  9.931858842267E+000  3.317463324699E-005 -4.222492194692E-005  4.970009692429E-005  6.096303444227E-004  4.488539397161E+001
  1.015124748302E+001  2.501636270284E-005 -3.253858238196E-005  3.900556161792E-005  5.638699686346E-004  4.931348514093E+001
  1.037753323129E+001  1.857283808445E-005 -2.474157330027E-005  3.025270472316E-005  5.110560241758E-004  5.446042096871E+001
  1.061100795175E+001  1.355244458990E-005 -1.853979094965E-005  2.316645215368E-005  4.495041184953E-004  6.049245426386E+001
  1.085197911611E+001  9.699010365530E-006 -1.367024111520E-005  1.749592960354E-005  3.769462922104E-004  6.762873703821E+001
  1.110077081537E+001  6.790021883313E-006 -9.900283404304E-006  1.301484557005E-005  2.902544255400E-004  7.616404955374E+001
  1.135772484956E+001  4.634519574920E-006 -7.026469713175E-006  9.521410187639E-006  1.849899261017E-004  8.650452876131E+001
  1.162320190175E+001  3.070736308936E-006 -4.873028158949E-006  6.837824827358E-006  5.463759815358E-005  9.922617343314E+001
  1.189758280382E+001  1.963545355515E-006 -3.290050906626E-006  4.809387389140E-006 -1.107687249886E-004  1.151754998635E+002
  1.218126990242E+001  1.201786404495E-006 -2.151449511717E-006  3.303266574673E-006 -3.272774871331E-004  1.356535997051E+002
  1.247468853413E+001  6.955378718266E-007 -1.352744400298E-006  2.207004821363E-006 -6.224880231987E-004  1.627796676782E+002
  1.277828862002E+001  3.734011278290E-007 -8.087557719216E-007  1.426813726276E-006 -1.048199806768E-003  2.002850545765E+002
  1.309254639077E+001  1.798574997032E-007 -4.512614983818E-007  8.857275144770E-007 -1.714281201642E-003  2.555039200510E+002
  1.341796625462E+001  7.275214084388E-008 -2.266835799345E-007  5.216793464386E-007 -2.901060133891E-003  3.454817883648E+002
  1.375508282195E+001  2.095042805337E-008 -9.385860677583E-008  2.855620781015E-007 -5.590685602581E-003  5.231699424801E+002
  1.410446310162E+001  2.202846369077E-009 -2.193976861243E-008  1.393296778943E-007 -1.661763107454E-002  1.108440405020E+003
  1.446670888596E+001  1.243826045690E-009  1.153132876343E-008  5.418818425971E-008  2.080969646959E-002  1.341077478909E+003
  1.484245934302E+001  8.139231257292E-009  2.235495247465E-008  8.916279775062E-009  8.537133127043E-003  7.169892136280E+002
  1.523239383723E+001  1.688670454883E-008  2.118806769416E-008 -1.165422789668E-008  5.669550678106E-003  5.621585019846E+002
  1.563723500136E+001  2.426336354164E-008  1.483643848404E-008 -1.797793293896E-008  4.431141385334E-003  4.981843530542E+002
  1.605775208607E+001  2.890688816208E-008  7.326312658347E-009 -1.694533316255E-008  3.743425917266E-003  4.699373578866E+002
  1.649476461582E+001  3.060919778083E-008  7.663588974697E-010 -1.284163013356E-008  3.306625610894E-003  4.610589275195E+002
  1.694914638379E+001  2.979694916984E-008 -3.982695564093E-009 -8.122338177004E-009  3.004947911862E-003  4.652108318835E+002
  1.742182982203E+001  2.717010163905E-008 -6.808323875629E-009 -4.019861364480E-009  2.784303676214E-003  4.797444919681E+002
  1.791381078784E+001  2.346876444530E-008 -7.990927108846E-009 -1.000070482722E-009  2.616058603316E-003  5.037445295323E+002
  1.842615381215E+001  1.933929523364E-008 -7.966463818428E-009  9.090814535273E-010  2.483641327233E-003  5.373124088925E+002
  1.895999786176E+001  1.527287051863E-008 -7.180984210263E-009  1.893669480851E-009  2.376798472931E-003  5.812998286591E+002
  1.951656267356E+001  1.159312678462E-008 -6.013056233899E-009  2.211818791420E-009  2.288846507288E-003  6.372456649961E+002
  2.009715572669E+001  8.473552871551E-009 -4.743099978250E-009  2.112567596448E-009  2.215242899591E-003  7.074328734610E+002
  2.070317992707E+001  5.969675604207E-009 -3.552310995434E-009  1.797196312167E-009  2.152792558178E-003  7.950421873642E+002
  2.133614208874E+001  4.055332855799E-009 -2.537748747959E-009  1.407904214645E-009  2.099182809110E-003  9.044090847217E+002
  2.199766230782E+001  2.656155055996E-009 -1.733934499157E-009  1.032149879661E-009  2.052698494920E-003  1.041412078228E+003
  2.268948433818E+001  1.676556982079E-009 -1.134661335399E-009  7.142598157616E-010  2.012040745173E-003  1.214043678764E+003
  2.341348709294E+001  1.018961861181E-009 -7.114809353670E-010  4.688039553429E-010  1.976207928455E-003  1.433247221601E+003
  2.417169741362E+001  5.956265105345E-010 -4.274112363949E-010  2.925843110677E-010  1.944415244034E-003  1.714151008148E+003
  2.496630426925E+001  3.343816573445E-010 -2.458125551927E-010  1.738254078979E-010  1.916039073883E-003  2.077907782035E+003
  2.579967457140E+001  1.799772973365E-010 -1.351859502939E-010  9.831493588821E-011  1.890577634821E-003  2.554472174202E+003
  2.667437081864E+001  9.269026066013E-011 -7.098205212226E-011  5.290337133857E-011  1.867622620214E-003  3.186855586800E+003
  2.759317081651E+001  4.557259432880E-011 -3.551516435305E-011  2.704918179694E-011  1.846838409913E-003  4.037747597480E+003
  2.855908975674E+001  2.133597554847E-011 -1.689392184089E-011  1.311760339986E-011  1.827946592523E-003  5.199994886723E+003
  2.957540498378E+001  9.484475742626E-012 -7.619849761445E-012  6.020070316175E-012  1.810714281131E-003  6.813485063521E+003
  3.064568382919E+001  3.990411306984E-012 -3.249007787773E-012  2.607456969879E-012  1.794945180454E-003  9.092874509503E+003
  3.177381495601E+001  1.583377894893E-012 -1.305169212099E-012  1.062502955656E-012  1.780472678095E-003  1.237406023347E+004
  3.296404372807E+001  5.902115951242E-013 -4.920869470849E-013  4.058568900307E-013  0.000000000000E+000  0.000000000000E+000
  3.422101220608E+001  2.057784763675E-013 -1.733938431097E-013  1.447347390200E-013  0.000000000000E+000  0.000000000000E+000
  3.554980447538E+001  6.678441191917E-014 -5.683218442543E-014  4.796661065888E-014  0.000000000000E+000  0.000000000000E+000
  3.695599813319E+001  2.006906995700E-014 -1.723655377477E-014  1.469758187418E-014  0.000000000000E+000  0.000000000000E+000
  3.844572291106E+001  5.551448291660E-015 -4.809276897565E-015  4.140103394912E-015  0.000000000000E+000  0.000000000000E+000
  4.002572758518E+001  1.404397694789E-015 -1.226547336405E-015  1.065296970323E-015  0.000000000000E+000  0.000000000000E+000
  4.170345654134E+001  3.225909288777E-016 -2.838954329955E-016  2.486266014864E-016  0.000000000000E+000  0.000000000000E+000
  4.348713762001E+001  6.674585026950E-017 -5.916326320882E-017  5.221757026745E-017  0.000000000000E+000  0.000000000000E+000
  4.538588318162E+001  1.232877467255E-017 -1.100248542675E-017  9.781823858318E-018  0.000000000000E+000  0.000000000000E+000
  4.740980671574E+001  2.013378554617E-018 -1.796099003929E-018  1.606816314457E-018  0.000000000000E+000  0.000000000000E+000
  4.957015778746E+001  2.859787005227E-019 -2.636609332190E-019  2.007474789983E-019  0.000000000000E+000  0.000000000000E+000
  5.187947869225E+001  3.152835844301E-020 -2.844561379320E-020  5.556085411034E-020  0.000000000000E+000  0.000000000000E+000
  5.435178690397E+001  6.643284005447E-021 -6.154373933940E-021  0.000000000000E+000  0.000000000000E+000  0.000000000000E+000
  5.700278828629E+001  0.000000000000E+000  0.000000000000E+000  0.000000000000E+000  0.000000000000E+000  0.000000000000E+000
  5.985012714155E+001  0.000000000000E+000  0.000000000000E+000  0.000000000000E+000  0.000000000000E+000  0.000000000000E+000
  6.291368055481E+001  0.000000000000E+000  0.000000000000E+000  0.000000000000E+000  0.000000000000E+000  0.000000000000E+000
  6.621590623276E+001  0.000000000000E+000  0.000000000000E+000  0.000000000000E+000  0.000000000000E+000  0.000000000000E+000
  6.978225524452E+001  0.000000000000E+000  0.000000000000E+000  0.000000000000E+000  0.000000000000E+000  0.000000000000E+000
  7.364166388185E+001  0.000000000000E+000  0.000000000000E+000  0.000000000000E+000  0.000000000000E+000  0.000000000000E+000
  7.782714245929E+001  0.000000000000E+000  0.000000000000E+000  0.000000000000E+000  0.000000000000E+000  0.000000000000E+000
  8.237648351994E+001  0.000000000000E+000  0.000000000000E+000  0.000000000000E+000  0.000000000000E+000  0.000000000000E+000
  8.733311794502E+001  0.000000000000E+000  0.000000000000E+000  0.000000000000E+000  0.000000000000E+000  0.000000000000E+000
  9.274715535088E+001  0.000000000000E+000  0.000000000000E+000  0.000000000000E+000  0.000000000000E+000  0.000000000000E+000
  9.867665554529E+001  0.000000000000E+000  0.000000000000E+000  0.000000000000E+000  0.000000000000E+000  0.000000000000E+000
  1.051891916055E+002  0.000000000000E+000  0.000000000000E+000  0.000000000000E+000  0.000000000000E+000  0.000000000000E+000
  1.123637836013E+002  0.000000000000E+000  0.000000000000E+000  0.000000000000E+000  0.000000000000E+000  0.000000000000E+000
  1.202933069206E+002  0.000000000000E+000  0.000000000000E+000  0.000000000000E+000  0.000000000000E+000  0.000000000000E+000
  1.290875131414E+002  0.000000000000E+000  0.000000000000E+000  0.000000000000E+000  0.000000000000E+000  0.000000000000E+000
  1.388768482001E+002  0.000000000000E+000  0.000000000000E+000  0.000000000000E+000  0.000000000000E+000  0.000000000000E+000
  1.498173177370E+002  0.000000000000E+000  0.000000000000E+000  0.000000000000E+000  0.000000000000E+000  0.000000000000E+000
  1.620967411853E+002  0.000000000000E+000  0.000000000000E+000  0.000000000000E+000  0.000000000000E+000  0.000000000000E+000
  1.759428668168E+002  0.000000000000E+000  0.000000000000E+000  0.000000000000E+000  0.000000000000E+000  0.000000000000E+000
  1.916340085825E+002  0.000000000000E+000  0.000000000000E+000  0.000000000000E+000  0.000000000000E+000  0.000000000000E+000
  2.095131417987E+002  0.000000000000E+000  0.000000000000E+000  0.000000000000E+000  0.000000000000E+000  0.000000000000E+000
  2.300068054477E+002  0.000000000000E+000  0.000000000000E+000  0.000000000000E+000  0.000000000000E+000  0.000000000000E+000
  2.536507797910E+002  0.000000000000E+000  0.000000000000E+000  0.000000000000E+000  0.000000000000E+000  0.000000000000E+000
  2.811254638474E+002  0.000000000000E+000  0.000000000000E+000  0.000000000000E+000  0.000000000000E+000  0.000000000000E+000
  3.133053780630E+002  0.000000000000E+000  0.000000000000E+000  0.000000000000E+000  0.000000000000E+000  0.000000000000E+000
  3.513296254502E+002  0.000000000000E+000  0.000000000000E+000  0.000000000000E+000  0.000000000000E+000  0.000000000000E+000
  3.967041014107E+002  0.000000000000E+000  0.000000000000E+000  0.000000000000E+000  0.000000000000E+000  0.000000000000E+000
  4.514529193350E+002  0.000000000000E+000  0.000000000000E+000  0.000000000000E+000  0.000000000000E+000  0.000000000000E+000
  5.183481233601E+002  0.000000000000E+000  0.000000000000E+000  0.000000000000E+000  0.000000000000E+000  0.000000000000E+000
  6.012676077950E+002  0.000000000000E+000  0.000000000000E+000  0.000000000000E+000  0.000000000000E+000  0.000000000000E+000
  7.057700503752E+002  0.000000000000E+000  0.000000000000E+000  0.000000000000E+000  0.000000000000E+000  0.000000000000E+000
  8.400513767914E+002  0.000000000000E+000  0.000000000000E+000  0.000000000000E+000  0.000000000000E+000  0.000000000000E+000
  1.016602135495E+003  0.000000000000E+000  0.000000000000E+000  0.000000000000E+000  0.000000000000E+000  0.000000000000E+000
  1.255220715579E+003  0.000000000000E+000  0.000000000000E+000  0.000000000000E+000  0.000000000000E+000  0.000000000000E+000
  1.588815776243E+003  0.000000000000E+000  0.000000000000E+000  0.000000000000E+000  0.000000000000E+000  0.000000000000E+000
  2.075392011604E+003  0.000000000000E+000  0.000000000000E+000  0.000000000000E+000  0.000000000000E+000  0.000000000000E+000
  2.825079847528E+003  0.000000000000E+000  0.000000000000E+000  0.000000000000E+000  0.000000000000E+000  0.000000000000E+000
  4.068408296183E+003  0.000000000000E+000  0.000000000000E+000  0.000000000000E+000  0.000000000000E+000  0.000000000000E+000
  6.357262947672E+003  0.000000000000E+000  0.000000000000E+000  0.000000000000E+000  0.000000000000E+000  0.000000000000E+000
  1.130231930164E+004  0.000000000000E+000  0.000000000000E+000  0.000000000000E+000  0.000000000000E+000  0.000000000000E+000
  2.543105175136E+004  0.000000000000E+000  0.000000000000E+000  0.000000000000E+000  0.000000000000E+000  0.000000000000E+000
  1.017262069952E+005  0.000000000000E+000  0.000000000000E+000  0.000000000000E+000  0.000000000000E+000  0.000000000000E+000
