# 1st line: number of mesh points
# abcissa wavefunction wavefunction_1st wavefunction_2nd
500
# Principal QN=   2 , l=   0 , Occupation=   1.0000
  9.830308526563E-006  1.657930593981E+000 -5.277809477158E+000  1.706777858736E+001
  3.932200719722E-005  1.657774949836E+000 -5.277306146965E+000  1.706590755342E+001
  8.847741541467E-005  1.657515562315E+000 -5.276467341950E+000  1.706278948990E+001
  1.573003992805E-004  1.657152460494E+000 -5.275293180064E+000  1.705842488630E+001
  2.457963722418E-004  1.656685685081E+000 -5.273783826422E+000  1.705281442791E+001
  3.539722959954E-004  1.656115288407E+000 -5.271939493292E+000  1.704595899567E+001
  4.818366816529E-004  1.655441334425E+000 -5.269760440069E+000  1.703785966614E+001
  6.293995911626E-004  1.654663898706E+000 -5.267246973256E+000  1.702851771137E+001
  7.966726389935E-004  1.653783068433E+000 -5.264399446431E+000  1.701793459881E+001
  9.836689940782E-004  1.652798942395E+000 -5.261218260220E+000  1.700611199115E+001
  1.190403382016E-003  1.651711630978E+000 -5.257703862253E+000  1.699305174618E+001
  1.416892087541E-003  1.650521256161E+000 -5.253856747126E+000  1.697875591662E+001
  1.663152957245E-003  1.649227951506E+000 -5.249677456354E+000  1.696322674993E+001
  1.929205402573E-003  1.647831862145E+000 -5.245166578319E+000  1.694646668807E+001
  2.215070403073E-003  1.646333144776E+000 -5.240324748216E+000  1.692847836734E+001
  2.520770509919E-003  1.644731967646E+000 -5.235152647991E+000  1.690926461804E+001
  2.846329849692E-003  1.643028510542E+000 -5.229651006277E+000  1.688882846430E+001
  3.191774128432E-003  1.641222964778E+000 -5.223820598326E+000  1.686717312373E+001
  3.557130635959E-003  1.639315533180E+000 -5.217662245934E+000  1.684430200713E+001
  3.942428250463E-003  1.637306430071E+000 -5.211176817359E+000  1.682021871819E+001
  4.347697443358E-003  1.635195881259E+000 -5.204365227244E+000  1.679492705309E+001
  4.772970284417E-003  1.632984124013E+000 -5.197228436521E+000  1.676843100022E+001
  5.218280447175E-003  1.630671407056E+000 -5.189767452325E+000  1.674073473972E+001
  5.683663214611E-003  1.628257990537E+000 -5.181983327887E+000  1.671184264309E+001
  6.169155485101E-003  1.625744146017E+000 -5.173877162440E+000  1.668175927282E+001
  6.674795778653E-003  1.623130156447E+000 -5.165450101103E+000  1.665048938186E+001
  7.200624243425E-003  1.620416316147E+000 -5.156703334773E+000  1.661803791321E+001
  7.746682662519E-003  1.617602930786E+000 -5.147638100001E+000  1.658440999942E+001
  8.313014461060E-003  1.614690317354E+000 -5.138255678872E+000  1.654961096205E+001
  8.899664713569E-003  1.611678804144E+000 -5.128557398877E+000  1.651364631117E+001
  9.506680151615E-003  1.608568730719E+000 -5.118544632772E+000  1.647652174481E+001
  1.013410917176E-002  1.605360447896E+000 -5.108218798443E+000  1.643824314832E+001
  1.078200184380E-002  1.602054317708E+000 -5.097581358760E+000  1.639881659384E+001
  1.145040991929E-002  1.598650713384E+000 -5.086633821424E+000  1.635824833965E+001
  1.213938684040E-002  1.595150019315E+000 -5.075377738812E+000  1.631654482949E+001
  1.284898774901E-002  1.591552631026E+000 -5.063814707812E+000  1.627371269192E+001
  1.357926949620E-002  1.587858955142E+000 -5.051946369656E+000  1.622975873963E+001
  1.433029065191E-002  1.584069409359E+000 -5.039774409746E+000  1.618468996868E+001
  1.510211151509E-002  1.580184422406E+000 -5.027300557472E+000  1.613851355777E+001
  1.589479412397E-002  1.576204434013E+000 -5.014526586027E+000  1.609123686748E+001
  1.670840226680E-002  1.572129894872E+000 -5.001454312213E+000  1.604286743943E+001
  1.754300149280E-002  1.567961266605E+000 -4.988085596241E+000  1.599341299551E+001
  1.839865912351E-002  1.563699021719E+000 -4.974422341530E+000  1.594288143696E+001
  1.927544426443E-002  1.559343643571E+000 -4.960466494490E+000  1.589128084355E+001
  2.017342781695E-002  1.554895626323E+000 -4.946220044306E+000  1.583861947262E+001
  2.109268249069E-002  1.550355474906E+000 -4.931685022713E+000  1.578490575816E+001
  2.203328281612E-002  1.545723704969E+000 -4.916863503763E+000  1.573014830986E+001
  2.299530515754E-002  1.541000842838E+000 -4.901757603587E+000  1.567435591208E+001
  2.397882772639E-002  1.536187425471E+000 -4.886369480150E+000  1.561753752286E+001
  2.498393059493E-002  1.531284000409E+000 -4.870701332995E+000  1.555970227283E+001
  2.601069571024E-002  1.526291125725E+000 -4.854755402987E+000  1.550085946414E+001
  2.705920690860E-002  1.521209369978E+000 -4.838533972043E+000  1.544101856933E+001
  2.812954993023E-002  1.516039312158E+000 -4.822039362859E+000  1.538018923018E+001
  2.922181243436E-002  1.510781541636E+000 -4.805273938625E+000  1.531838125656E+001
  3.033608401473E-002  1.505436658105E+000 -4.788240102741E+000  1.525560462515E+001
  3.147245621542E-002  1.500005271529E+000 -4.770940298509E+000  1.519186947825E+001
  3.263102254705E-002  1.494488002082E+000 -4.753377008841E+000  1.512718612244E+001
  3.381187850339E-002  1.488885480091E+000 -4.735552755932E+000  1.506156502733E+001
  3.501512157837E-002  1.483198345975E+000 -4.717470100950E+000  1.499501682414E+001
  3.624085128345E-002  1.477427250182E+000 -4.699131643698E+000  1.492755230434E+001
  3.748916916538E-002  1.471572853127E+000 -4.680540022281E+000  1.485918241824E+001
  3.876017882444E-002  1.465635825125E+000 -4.661697912756E+000  1.478991827349E+001
  4.005398593302E-002  1.459616846327E+000 -4.642608028781E+000  1.471977113361E+001
  4.137069825459E-002  1.453516606647E+000 -4.623273121247E+000  1.464875241644E+001
  4.271042566323E-002  1.447335805698E+000 -4.603695977909E+000  1.457687369256E+001
  4.407328016341E-002  1.441075152714E+000 -4.583879423002E+000  1.450414668369E+001
  4.545937591035E-002  1.434735366482E+000 -4.563826316853E+000  1.443058326102E+001
  4.686882923075E-002  1.428317175262E+000 -4.543539555480E+000  1.435619544352E+001
  4.830175864396E-002  1.421821316714E+000 -4.523022070183E+000  1.428099539620E+001
  4.975828488365E-002  1.415248537818E+000 -4.502276827128E+000  1.420499542835E+001
  5.123853091993E-002  1.408599594791E+000 -4.481306826915E+000  1.412820799168E+001
  5.274262198188E-002  1.401875253009E+000 -4.460115104149E+000  1.405064567852E+001
  5.427068558066E-002  1.395076286922E+000 -4.438704726982E+000  1.397232121984E+001
  5.582285153302E-002  1.388203479964E+000 -4.417078796665E+000  1.389324748337E+001
  5.739925198530E-002  1.381257624471E+000 -4.395240447080E+000  1.381343747157E+001
  5.900002143803E-002  1.374239521587E+000 -4.373192844260E+000  1.373290431959E+001
  6.062529677088E-002  1.367149981176E+000 -4.350939185903E+000  1.365166129319E+001
  6.227521726827E-002  1.359989821726E+000 -4.328482700878E+000  1.356972178664E+001
  6.394992464542E-002  1.352759870255E+000 -4.305826648715E+000  1.348709932051E+001
  6.564956307496E-002  1.345460962211E+000 -4.282974319088E+000  1.340380753944E+001
  6.737427921404E-002  1.338093941379E+000 -4.259929031285E+000  1.331986020990E+001
  6.912422223211E-002  1.330659659773E+000 -4.236694133671E+000  1.323527121786E+001
  7.089954383907E-002  1.323158977537E+000 -4.213273003136E+000  1.315005456642E+001
  7.270039831418E-002  1.315592762838E+000 -4.189669044538E+000  1.306422437338E+001
  7.452694253540E-002  1.307961891759E+000 -4.165885690127E+000  1.297779486880E+001
  7.637933600943E-002  1.300267248192E+000 -4.141926398965E+000  1.289078039246E+001
  7.825774090225E-002  1.292509723723E+000 -4.117794656329E+000  1.280319539130E+001
  8.016232207035E-002  1.284690217522E+000 -4.093493973114E+000  1.271505441683E+001
  8.209324709253E-002  1.276809636226E+000 -4.069027885205E+000  1.262637212239E+001
  8.405068630235E-002  1.268868893822E+000 -4.044399952860E+000  1.253716326051E+001
  8.603481282122E-002  1.260868911528E+000 -4.019613760066E+000  1.244744268008E+001
  8.804580259214E-002  1.252810617671E+000 -3.994672913888E+000  1.235722532354E+001
  9.008383441408E-002  1.244694947562E+000 -3.969581043812E+000  1.226652622399E+001
  9.214908997710E-002  1.236522843376E+000 -3.944341801064E+000  1.217536050228E+001
  9.424175389809E-002  1.228295254016E+000 -3.918958857933E+000  1.208374336399E+001
  9.636201375725E-002  1.220013134989E+000 -3.893435907069E+000  1.199169009642E+001
  9.851006013526E-002  1.211677448274E+000 -3.867776660777E+000  1.189921606546E+001
  1.006860866512E-001  1.203289162183E+000 -3.841984850294E+000  1.180633671245E+001
  1.028902900012E-001  1.194849251232E+000 -3.816064225063E+000  1.171306755098E+001
  1.051228699979E-001  1.186358695998E+000 -3.790018551983E+000  1.161942416363E+001
  1.073840296104E-001  1.177818482980E+000 -3.763851614660E+000  1.152542219863E+001
  1.096739750056E-001  1.169229604457E+000 -3.737567212635E+000  1.143107736650E+001
  1.119929155896E-001  1.160593058344E+000 -3.711169160606E+000  1.133640543661E+001
  1.143410640503E-001  1.151909848046E+000 -3.684661287641E+000  1.124142223372E+001
  1.167186364011E-001  1.143180982307E+000 -3.658047436374E+000  1.114614363441E+001
  1.191258520249E-001  1.134407475065E+000 -3.631331462188E+000  1.105058556347E+001
  1.215629337189E-001  1.125590345295E+000 -3.604517232397E+000  1.095476399029E+001
  1.240301077413E-001  1.116730616854E+000 -3.577608625401E+000  1.085869492511E+001
  1.265276038575E-001  1.107829318331E+000 -3.550609529844E+000  1.076239441527E+001
  1.290556553882E-001  1.098887482882E+000 -3.523523843750E+000  1.066587854137E+001
  1.316144992580E-001  1.089906148075E+000 -3.496355473654E+000  1.056916341341E+001
  1.342043760450E-001  1.080886355724E+000 -3.469108333721E+000  1.047226516684E+001
  1.368255300316E-001  1.071829151728E+000 -3.441786344848E+000  1.037519995859E+001
  1.394782092560E-001  1.062735585906E+000 -3.414393433762E+000  1.027798396299E+001
  1.421626655646E-001  1.053606711828E+000 -3.386933532109E+000  1.018063336771E+001
  1.448791546661E-001  1.044443586644E+000 -3.359410575518E+000  1.008316436957E+001
  1.476279361856E-001  1.035247270919E+000 -3.331828502675E+000  9.985593170356E+000
  1.504092737207E-001  1.026018828457E+000 -3.304191254368E+000  9.887935972538E+000
  1.532234348983E-001  1.016759326126E+000 -3.276502772532E+000  9.790208974972E+000
  1.560706914324E-001  1.007469833687E+000 -3.248766999285E+000  9.692428368520E+000
  1.589513191834E-001  9.981514236103E-001 -3.220987875946E+000  9.594610331638E+000
  1.618655982178E-001  9.888051709042E-001 -3.193169342049E+000  9.496771025900E+000
  1.648138128702E-001  9.794321529307E-001 -3.165315334350E+000  9.398926591484E+000
  1.677962518056E-001  9.700334492260E-001 -3.137429785819E+000  9.301093142595E+000
  1.708132080832E-001  9.606101413178E-001 -3.109516624626E+000  9.203286762853E+000
  1.738649792215E-001  9.511633125419E-001 -3.081579773118E+000  9.105523500626E+000
  1.769518672648E-001  9.416940478575E-001 -3.053623146790E+000  9.007819364315E+000
  1.800741788507E-001  9.322034336616E-001 -3.025650653245E+000  8.910190317603E+000
  1.832322252791E-001  9.226925576019E-001 -2.997666191146E+000  8.812652274647E+000
  1.864263225826E-001  9.131625083899E-001 -2.969673649165E+000  8.715221095243E+000
  1.896567915983E-001  9.036143756121E-001 -2.941676904921E+000  8.617912579934E+000
  1.929239580409E-001  8.940492495410E-001 -2.913679823912E+000  8.520742465089E+000
  1.962281525771E-001  8.844682209452E-001 -2.885686258444E+000  8.423726417939E+000
  1.995697109023E-001  8.748723808997E-001 -2.857700046550E+000  8.326880031580E+000
  2.029489738173E-001  8.652628205945E-001 -2.829725010909E+000  8.230218819934E+000
  2.063662873085E-001  8.556406311442E-001 -2.801764957755E+000  8.133758212687E+000
  2.098220026275E-001  8.460069033962E-001 -2.773823675782E+000  8.037513550186E+000
  2.133164763746E-001  8.363627277397E-001 -2.745904935055E+000  7.941500078310E+000
  2.168500705817E-001  8.267091939139E-001 -2.718012485901E+000  7.845732943321E+000
  2.204231527988E-001  8.170473908171E-001 -2.690150057813E+000  7.750227186676E+000
  2.240360961807E-001  8.073784063153E-001 -2.662321358343E+000  7.654997739830E+000
  2.276892795770E-001  7.977033270514E-001 -2.634530071996E+000  7.560059419006E+000
  2.313830876220E-001  7.880232382550E-001 -2.606779859123E+000  7.465426919961E+000
  2.351179108282E-001  7.783392235525E-001 -2.579074354815E+000  7.371114812722E+000
  2.388941456809E-001  7.686523647784E-001 -2.551417167795E+000  7.277137536320E+000
  2.427121947345E-001  7.589637417867E-001 -2.523811879314E+000  7.183509393509E+000
  2.465724667110E-001  7.492744322639E-001 -2.496262042043E+000  7.090244545482E+000
  2.504753766009E-001  7.395855115432E-001 -2.468771178979E+000  6.997357006575E+000
  2.544213457654E-001  7.298980524191E-001 -2.441342782340E+000  6.904860638978E+000
  2.584108020414E-001  7.202131249646E-001 -2.413980312473E+000  6.812769147448E+000
  2.624441798480E-001  7.105317963490E-001 -2.386687196769E+000  6.721096074019E+000
  2.665219202956E-001  7.008551306582E-001 -2.359466828571E+000  6.629854792730E+000
  2.706444712976E-001  6.911841887161E-001 -2.332322566105E+000  6.539058504364E+000
  2.748122876832E-001  6.815200279087E-001 -2.305257731406E+000  6.448720231196E+000
  2.790258313137E-001  6.718637020100E-001 -2.278275609256E+000  6.358852811772E+000
  2.832855712010E-001  6.622162610106E-001 -2.251379446134E+000  6.269468895701E+000
  2.875919836279E-001  6.525787509482E-001 -2.224572449170E+000  6.180580938484E+000
  2.919455522717E-001  6.429522137415E-001 -2.197857785116E+000  6.092201196366E+000
  2.963467683296E-001  6.333376870268E-001 -2.171238579324E+000  6.004341721233E+000
  3.007961306479E-001  6.237362039972E-001 -2.144717914742E+000  5.917014355540E+000
  3.052941458522E-001  6.141487932453E-001 -2.118298830918E+000  5.830230727292E+000
  3.098413284823E-001  6.045764786098E-001 -2.091984323021E+000  5.744002245070E+000
  3.144382011281E-001  5.950202790244E-001 -2.065777340882E+000  5.658340093110E+000
  3.190852945695E-001  5.854812083718E-001 -2.039680788046E+000  5.573255226448E+000
  3.237831479192E-001  5.759602753405E-001 -2.013697520846E+000  5.488758366114E+000
  3.285323087679E-001  5.664584832865E-001 -1.987830347492E+000  5.404859994412E+000
  3.333333333333E-001  5.569768300990E-001 -1.962082027185E+000  5.321570350260E+000
  3.381867866117E-001  5.475163080699E-001 -1.936455269252E+000  5.238899424617E+000
  3.430932425333E-001  5.380779037691E-001 -1.910952732295E+000  5.156856955988E+000
  3.480532841203E-001  5.286625979237E-001 -1.885577023378E+000  5.075452426024E+000
  3.530675036492E-001  5.192713653024E-001 -1.860330697225E+000  4.994695055211E+000
  3.581365028158E-001  5.099051746048E-001 -1.835216255452E+000  4.914593798666E+000
  3.632608929041E-001  5.005649883568E-001 -1.810236145822E+000  4.835157342032E+000
  3.684412949588E-001  4.912517628103E-001 -1.785392761532E+000  4.756394097488E+000
  3.736783399619E-001  4.819664478496E-001 -1.760688440526E+000  4.678312199878E+000
  3.789726690123E-001  4.727099869027E-001 -1.736125464841E+000  4.600919502960E+000
  3.843249335105E-001  4.634833168590E-001 -1.711706059980E+000  4.524223575786E+000
  3.897357953460E-001  4.542873679934E-001 -1.687432394324E+000  4.448231699215E+000
  3.952059270903E-001  4.451230638956E-001 -1.663306578577E+000  4.372950862569E+000
  4.007360121927E-001  4.359913214070E-001 -1.639330665239E+000  4.298387760437E+000
  4.063267451812E-001  4.268930505631E-001 -1.615506648129E+000  4.224548789625E+000
  4.119788318683E-001  4.178291545432E-001 -1.591836461930E+000  4.151440046277E+000
  4.176929895600E-001  4.088005296262E-001 -1.568321981784E+000  4.079067323150E+000
  4.234699472710E-001  3.998080651542E-001 -1.544965022924E+000  4.007436107067E+000
  4.293104459435E-001  3.908526435019E-001 -1.521767340344E+000  3.936551576541E+000
  4.352152386716E-001  3.819351400539E-001 -1.498730628514E+000  3.866418599596E+000
  4.411850909306E-001  3.730564231890E-001 -1.475856521139E+000  3.797041731758E+000
  4.472207808110E-001  3.642173542712E-001 -1.453146590955E+000  3.728425214258E+000
  4.533230992589E-001  3.554187876483E-001 -1.430602349584E+000  3.660572972430E+000
  4.594928503202E-001  3.466615706583E-001 -1.408225247420E+000  3.593488614317E+000
  4.657308513924E-001  3.379465436418E-001 -1.386016673572E+000  3.527175429489E+000
  4.720379334802E-001  3.292745399635E-001 -1.363977955852E+000  3.461636388085E+000
  4.784149414579E-001  3.206463860392E-001 -1.342110360810E+000  3.396874140074E+000
  4.848627343381E-001  3.120629013717E-001 -1.320415093824E+000  3.332891014752E+000
  4.913821855461E-001  3.035248985932E-001 -1.298893299236E+000  3.269689020471E+000
  4.979741832006E-001  2.950331835152E-001 -1.277546060540E+000  3.207269844610E+000
  5.046396304008E-001  2.865885551852E-001 -1.256374400622E+000  3.145634853798E+000
  5.113794455212E-001  2.781918059516E-001 -1.235379282057E+000  3.084785094378E+000
  5.181945625116E-001  2.698437215342E-001 -1.214561607451E+000  3.024721293137E+000
  5.250859312060E-001  2.615450811027E-001 -1.193922219844E+000  2.965443858293E+000
  5.320545176366E-001  2.532966573615E-001 -1.173461903161E+000  2.906952880746E+000
  5.391013043575E-001  2.450992166411E-001 -1.153181382726E+000  2.849248135602E+000
  5.462272907741E-001  2.369535189962E-001 -1.133081325819E+000  2.792329083970E+000
  5.534334934816E-001  2.288603183096E-001 -1.113162342297E+000  2.736194875028E+000
  5.607209466109E-001  2.208203624022E-001 -1.093424985267E+000  2.680844348386E+000
  5.680907021827E-001  2.128343931490E-001 -1.073869751813E+000  2.626276036713E+000
  5.755438304707E-001  2.049031466001E-001 -1.054497083778E+000  2.572488168665E+000
  5.830814203728E-001  1.970273531071E-001 -1.035307368604E+000  2.519478672096E+000
  5.907045797917E-001  1.892077374540E-001 -1.016300940218E+000  2.467245177556E+000
  5.984144360243E-001  1.814450189930E-001 -9.974780799833E-001  2.415785022082E+000
  6.062121361613E-001  1.737399117834E-001 -9.788390176933E-001  2.365095253292E+000
  6.140988474955E-001  1.660931247354E-001 -9.603839326246E-001  2.315172633756E+000
  6.220757579409E-001  1.585053617557E-001 -9.421129546399E-001  2.266013645670E+000
  6.301440764614E-001  1.509773218965E-001 -9.240261653413E-001  2.217614495826E+000
  6.383050335109E-001  1.435096995066E-001 -9.061235992742E-001  2.169971120868E+000
  6.465598814833E-001  1.361031843840E-001 -8.884052451798E-001  2.123079192845E+000
  6.549098951744E-001  1.287584619290E-001 -8.708710472947E-001  2.076934125044E+000
  6.633563722545E-001  1.214762132990E-001 -8.535209066965E-001  2.031531078126E+000
  6.719006337539E-001  1.142571155614E-001 -8.363546826939E-001  1.986864966528E+000
  6.805440245593E-001  1.071018418472E-001 -8.193721942590E-001  1.942930465160E+000
  6.892879139233E-001  1.000110615018E-001 -8.025732215006E-001  1.899722016367E+000
  6.981336959871E-001  9.298544023441E-002 -7.859575071755E-001  1.857233837170E+000
  7.070827903152E-001  8.602564026345E-002 -7.695247582368E-001  1.815459926768E+000
  7.161366424455E-001  7.913232045906E-002 -7.532746474156E-001  1.774394074299E+000
  7.252967244510E-001  7.230613648025E-002 -7.372068148344E-001  1.734029866860E+000
  7.345645355186E-001  6.554774090685E-002 -7.213208696495E-001  1.694360697756E+000
  7.439416025400E-001  5.885778336496E-002 -7.056163917182E-001  1.655379775005E+000
  7.534294807203E-001  5.223691064518E-002 -6.900929332903E-001  1.617080130055E+000
  7.630297542000E-001  4.568576681263E-002 -6.747500207181E-001  1.579454626722E+000
  7.727440366954E-001  3.920499330778E-002 -6.595871561833E-001  1.542495970338E+000
  7.825739721536E-001  3.279522903726E-002 -6.446038194365E-001  1.506196717087E+000
  7.925212354258E-001  2.645711045350E-002 -6.297994695464E-001  1.470549283530E+000
  8.025875329584E-001  2.019127162232E-002 -6.151735466531E-001  1.435545956295E+000
  8.127746035011E-001  1.399834427740E-002 -6.007254737247E-001  1.401178901925E+000
  8.230842188350E-001  7.878957860600E-003 -5.864546583095E-001  1.367440176867E+000
  8.335181845190E-001  1.833739547138E-003 -5.723604942822E-001  1.334321737583E+000
  8.440783406568E-001 -4.136685745525E-003 -5.584423635791E-001  1.301815450778E+000
  8.547665626839E-001 -1.003169536603E-002 -5.446996379165E-001  1.269913103712E+000
  8.655847621758E-001 -1.585066895580E-002 -5.311316804900E-001  1.238606414595E+000
  8.765348876780E-001 -2.159298849518E-002 -5.177378476477E-001  1.207887043034E+000
  8.876189255584E-001 -2.725803836990E-002 -5.045174905341E-001  1.177746600516E+000
  8.988389008829E-001 -3.284520545907E-002 -4.914699566995E-001  1.148176660918E+000
  9.101968783143E-001 -3.835387924569E-002 -4.785945916684E-001  1.119168771000E+000
  9.216949630368E-001 -4.378345195059E-002 -4.658907404648E-001  1.090714460892E+000
  9.333353017046E-001 -4.913331869087E-002 -4.533577490862E-001  1.062805254517E+000
  9.451200834176E-001 -5.440287766375E-002 -4.409949659232E-001  1.035432679964E+000
  9.570515407237E-001 -5.959153035679E-002 -4.288017431194E-001  1.008588279757E+000
  9.691319506484E-001 -6.469868178529E-002 -4.167774378647E-001  9.822636210202E-001
  9.813636357544E-001 -6.972374075771E-002 -4.049214136195E-001  9.564503055019E-001
  9.937489652293E-001 -7.466612017000E-002 -3.932330412623E-001  9.311399794379E-001
  1.006290356005E+000 -7.952523732943E-002 -3.817117001578E-001  9.063243432308E-001
  1.018990273907E+000 -8.430051430863E-002 -3.703567791383E-001  8.819951609195E-001
  1.031851234841E+000 -8.899137833045E-002 -3.591676773952E-001  8.581442694140E-001
  1.044875806003E+000 -9.359726218422E-002 -3.481438052758E-001  8.347635874724E-001
  1.058066607138E+000 -9.811760467368E-002 -3.372845849795E-001  8.118451243935E-001
  1.071426311823E+000 -1.025518510971E-001 -3.265894511499E-001  7.893809884014E-001
  1.084957648792E+000 -1.068994537597E-001 -3.160578513594E-001  7.673633946980E-001
  1.098663403298E+000 -1.111598725187E-001 -3.056892464800E-001  7.457846731578E-001
  1.112546418516E+000 -1.153325753609E-001 -2.954831109389E-001  7.246372756432E-001
  1.126609596985E+000 -1.194170390128E-001 -2.854389328539E-001  7.039137829152E-001
  1.140855902095E+000 -1.234127495828E-001 -2.755562140461E-001  6.836069111174E-001
  1.155288359613E+000 -1.273192032359E-001 -2.658344699272E-001  6.637095178116E-001
  1.169910059257E+000 -1.311359068990E-001 -2.562732292580E-001  6.442146075435E-001
  1.184724156317E+000 -1.348623789987E-001 -2.468720337775E-001  6.251153369173E-001
  1.199733873325E+000 -1.384981502275E-001 -2.376304376992E-001  6.064050191621E-001
  1.214942501771E+000 -1.420427643405E-001 -2.285480070754E-001  5.880771281686E-001
  1.230353403874E+000 -1.454957789802E-001 -2.196243190270E-001  5.701253019832E-001
  1.245970014403E+000 -1.488567665276E-001 -2.108589608396E-001  5.525433457407E-001
  1.261795842559E+000 -1.521253149806E-001 -2.022515289259E-001  5.353252340235E-001
  1.277834473907E+000 -1.553010288543E-001 -1.938016276561E-001  5.184651126349E-001
  1.294089572372E+000 -1.583835301058E-001 -1.855088680560E-001  5.019572997754E-001
  1.310564882294E+000 -1.613724590784E-001 -1.773728663772E-001  4.857962866142E-001
  1.327264230548E+000 -1.642674754645E-001 -1.693932425402E-001  4.699767372490E-001
  1.344191528724E+000 -1.670682592850E-001 -1.615696184554E-001  4.544934880499E-001
  1.361350775387E+000 -1.697745118820E-001 -1.539016162248E-001  4.393415463855E-001
  1.378746058390E+000 -1.723859569238E-001 -1.463888562301E-001  4.245160887309E-001
  1.396381557275E+000 -1.749023414170E-001 -1.390309551121E-001  4.100124581615E-001
  1.414261545744E+000 -1.773234367257E-001 -1.318275236484E-001  3.958261612368E-001
  1.432390394201E+000 -1.796490395919E-001 -1.247781645352E-001  3.819528642831E-001
  1.450772572390E+000 -1.818789731563E-001 -1.178824700820E-001  3.683883890852E-001
  1.469412652102E+000 -1.840130879745E-001 -1.111400198268E-001  3.551287080013E-001
  1.488315309978E+000 -1.860512630254E-001 -1.045503780812E-001  3.421699385173E-001
  1.507485330398E+000 -1.879934067095E-001 -9.811309141536E-002  3.295083372596E-001
  1.526927608467E+000 -1.898394578309E-001 -9.182768609283E-002  3.171402934893E-001
  1.546647153093E+000 -1.915893865615E-001 -8.569366546692E-002  3.050623221019E-001
  1.566649090169E+000 -1.932431953824E-001 -7.971050735017E-002  2.932710561622E-001
  1.586938665861E+000 -1.948009199985E-001 -7.387766136919E-002  2.817632390044E-001
  1.607521250000E+000 -1.962626302224E-001 -6.819454631819E-002  2.705357159318E-001
  1.628402339588E+000 -1.976284308239E-001 -6.266054752441E-002  2.595854255520E-001
  1.649587562420E+000 -1.988984623403E-001 -5.727501423955E-002  2.489093907893E-001
  1.671082680832E+000 -2.000729018450E-001 -5.203725707160E-002  2.385047096133E-001
  1.692893595565E+000 -2.011519636676E-001 -4.694654547177E-002  2.283685455320E-001
  1.715026349769E+000 -2.021359000656E-001 -4.200210529160E-002  2.184981178922E-001
  1.737487133138E+000 -2.030250018398E-001 -3.720311642554E-002  2.088906920412E-001
  1.760282286187E+000 -2.038195988931E-001 -3.254871055415E-002  1.995435693960E-001
  1.783418304674E+000 -2.045200607268E-001 -2.803796900367E-002  1.904540774773E-001
  1.806901844175E+000 -2.051267968733E-001 -2.366992073699E-002  1.816195599594E-001
  1.830739724818E+000 -2.056402572596E-001 -1.944354049133E-002  1.730373667943E-001
  1.854938936184E+000 -2.060609325020E-001 -1.535774707766E-002  1.647048444643E-001
  1.879506642368E+000 -2.063893541263E-001 -1.141140185613E-002  1.566193264222E-001
  1.904450187236E+000 -2.066260947141E-001 -7.603307401837E-003  1.487781237761E-001
  1.929777099847E+000 -2.067717679715E-001 -3.932206374224E-003  1.411785162752E-001
  1.955495100083E+000 -2.068270287201E-001 -3.967806027851E-004  1.338177436557E-001
  1.981612104475E+000 -2.067925728091E-001  3.004349598958E-003  1.266929974010E-001
  2.008136232230E+000 -2.066691369479E-001  6.272625880434E-003  1.198014129724E-001
  2.035075811486E+000 -2.064574984589E-001  9.409552052157E-003  1.131400625632E-001
  2.062439385788E+000 -2.061584749527E-001  1.241669402649E-002  1.067059484266E-001
  2.090235720801E+000 -2.057729239248E-001  1.529567949387E-002  1.004959968276E-001
  2.118473811262E+000 -2.053017422775E-001  1.804819732875E-002  9.450705266284E-002
  2.147162888201E+000 -2.047458657676E-001  2.067599672124E-002  8.873587479093E-002
  2.176312426413E+000 -2.041062683850E-001  2.318088603180E-002  8.317913211255E-002
  2.205932152222E+000 -2.033839616635E-001  2.556473136862E-002  7.783340043270E-002
  2.236032051522E+000 -2.025799939298E-001  2.782945488871E-002  7.269516013540E-002
  2.266622378129E+000 -2.016954494955E-001  2.997703282593E-002  6.776079469448E-002
  2.297713662445E+000 -2.007314477964E-001  3.200949325136E-002  6.302659003925E-002
  2.329316720450E+000 -1.996891424870E-001  3.392891357302E-002  5.848873478773E-002
  2.361442663038E+000 -1.985697204951E-001  3.573741778463E-002  5.414332135420E-002
  2.394102905709E+000 -1.973744010464E-001  3.743717347483E-002  4.998634793131E-002
  2.427309178642E+000 -1.961044346641E-001  3.903038861063E-002  4.601372134039E-002
  2.461073537146E+000 -1.947611021545E-001  4.051930811077E-002  4.222126073693E-002
  2.495408372530E+000 -1.933457135860E-001  4.190621022715E-002  3.860470215113E-002
  2.530326423398E+000 -1.918596072714E-001  4.319340275402E-002  3.515970383669E-002
  2.565840787378E+000 -1.903041487633E-001  4.438321908688E-002  3.188185239387E-002
  2.601964933334E+000 -1.886807298723E-001  4.547801415487E-002  2.876666962618E-002
  2.638712714049E+000 -1.869907677181E-001  4.648016025189E-002  2.580962008327E-002
  2.676098379430E+000 -1.852357038243E-001  4.739204279353E-002  2.300611923616E-002
  2.714136590232E+000 -1.834170032662E-001  4.821605602805E-002  2.035154222475E-002
  2.752842432351E+000 -1.815361538832E-001  4.895459873084E-002  1.784123311184E-002
  2.792231431696E+000 -1.795946655644E-001  4.961006991284E-002  1.547051457247E-002
  2.832319569669E+000 -1.775940696177E-001  5.018486457397E-002  1.323469794266E-002
  2.873123299289E+000 -1.755359182319E-001  5.068136953301E-002  1.112909354751E-002
  2.914659561979E+000 -1.734217840396E-001  5.110195936562E-002  9.149021224799E-003
  2.956945805065E+000 -1.712532597897E-001  5.144899248199E-002  7.289820958013E-003
  3.000000000000E+000 -1.690319581362E-001  5.172480737494E-002  5.546863530072E-003
  3.043840661365E+000 -1.667595115488E-001  5.193171906880E-002  3.915561108510E-003
  3.088486866678E+000 -1.644375723519E-001  5.207201579792E-002  2.391377672260E-003
  3.133958277047E+000 -1.620678128940E-001  5.214795594238E-002  9.698391910704E-004
  3.180275158719E+000 -1.596519258512E-001  5.216176524660E-002 -3.534565298124E-004
  3.227458405560E+000 -1.571916246645E-001  5.211563434436E-002 -1.582830424418E-003
  3.275529562509E+000 -1.546886441121E-001  5.201171661131E-002 -2.722513241411E-003
  3.324510850077E+000 -1.521447410114E-001  5.185212636325E-002 -3.776637196624E-003
  3.374425189910E+000 -1.495616950495E-001  5.163893741535E-002 -4.749228273881E-003
  3.425296231502E+000 -1.469413097340E-001  5.137418201431E-002 -5.644199238876E-003
  3.477148380094E+000 -1.442854134562E-001  5.105985015166E-002 -6.465343423706E-003
  3.530006825834E+000 -1.415958606579E-001  5.069788926289E-002 -7.216329331713E-003
  3.583897574256E+000 -1.388745330874E-001  5.029020431295E-002 -7.900696103728E-003
  3.638847478148E+000 -1.361233411328E-001  4.983865826478E-002 -8.521849877592E-003
  3.694884270887E+000 -1.333442252133E-001  4.934507292328E-002 -9.083061063277E-003
  3.752036601308E+000 -1.305391572127E-001  4.881123014316E-002 -9.587462545893E-003
  3.810334070199E+000 -1.277101419334E-001  4.823887338469E-002 -1.003804881877E-002
  3.869807268505E+000 -1.248592185470E-001  4.762970959762E-002 -1.043767603848E-002
  3.930487817331E+000 -1.219884620200E-001  4.698541140930E-002 -1.078906298363E-002
  3.992408409843E+000 -1.190999844854E-001  4.630761958968E-002 -1.109479288911E-002
  4.055602855172E+000 -1.161959365347E-001  4.559794576172E-002 -1.135731611810E-002
  4.120106124432E+000 -1.132785083988E-001  4.485797532316E-002 -1.157895362493E-002
  4.185954398964E+000 -1.103499309889E-001  4.408927054213E-002 -1.176190115344E-002
  4.253185120935E+000 -1.074124767645E-001  4.329337378670E-002 -1.190823410789E-002
  4.321837046422E+000 -1.044684603959E-001  4.247181084644E-002 -1.201991302659E-002
  4.391950301120E+000 -1.015202391882E-001  4.162609430183E-002 -1.209878958267E-002
  4.463566438835E+000 -9.857021323174E-002  4.075772689675E-002 -1.214661303162E-002
  4.536728502895E+000 -9.562082524669E-002  3.986820486765E-002 -1.216503702171E-002
  4.611481090679E+000 -9.267456008619E-002  3.895902118341E-002 -1.215562668075E-002
  4.687870421430E+000 -8.973394386542E-002  3.803166864951E-002 -1.211986589189E-002
  4.765944407533E+000 -8.680154268350E-002  3.708764283097E-002 -1.205916467049E-002
  4.845752729492E+000 -8.387996090637E-002  3.612844474973E-002 -1.197486655590E-002
  4.927346914797E+000 -8.097183898044E-002  3.515558331338E-002 -1.186825593386E-002
  5.010780420931E+000 -7.807985074800E-002  3.417057743464E-002 -1.174056520883E-002
  5.096108722763E+000 -7.520670023795E-002  3.317495780279E-002 -1.159298174972E-002
  5.183389404586E+000 -7.235511790740E-002  3.217026827180E-002 -1.142665453808E-002
  5.272682257105E+000 -6.952785631276E-002  3.115806683225E-002 -1.124270045329E-002
  5.364049379651E+000 -6.672768519175E-002  3.013992613827E-002 -1.104221013650E-002
  5.457555287978E+000 -6.395738594168E-002  2.911743356392E-002 -1.082625338167E-002
  5.553267027968E+000 -6.121974548296E-002  2.809219076783E-002 -1.059588400996E-002
  5.651254295630E+000 -5.851754950114E-002  2.706581274862E-002 -1.035214419105E-002
  5.751589563796E+000 -5.585357506567E-002  2.603992637830E-002 -1.009606818303E-002
  5.854348215936E+000 -5.323058262871E-002  2.501616840509E-002 -9.828685469811E-003
  5.959608687557E+000 -5.065130741264E-002  2.399618292174E-002 -9.551023283025E-003
  6.067452615683E+000 -4.811845020143E-002  2.298161830007E-002 -9.264108502005E-003
  6.177964996951E+000 -4.563466755708E-002  2.197412359717E-002 -8.968968932822E-003
  6.291234354880E+000 -4.320256148973E-002  2.097534444364E-002 -8.666633973436E-003
  6.407352916949E+000 -4.082466861709E-002  1.998691842899E-002 -8.358134678127E-003
  6.526416802128E+000 -3.850344885713E-002  1.901047000445E-002 -8.044503239751E-003
  6.648526219580E+000 -3.624127370603E-002  1.804760492851E-002 -7.726771913345E-003
  6.773785679311E+000 -3.404041416239E-002  1.709990428570E-002 -7.405971409027E-003
  6.902304215570E+000 -3.190302836769E-002  1.616891811432E-002 -7.083128786176E-003
  7.034195623922E+000 -2.983114904295E-002  1.525615868458E-002 -6.759264884437E-003
  7.169578712934E+000 -2.782667081077E-002  1.436309347372E-002 -6.435391330357E-003
  7.308577571516E+000 -2.589133750256E-002  1.349113789084E-002 -6.112507161436E-003
  7.451321853057E+000 -2.402672956048E-002  1.264164780952E-002 -5.791595112066E-003
  7.597947077547E+000 -2.223425165405E-002  1.181591197256E-002 -5.473617608456E-003
  7.748594953021E+000 -2.051512064085E-002  1.101514433870E-002 -5.159512522086E-003
  7.903413717736E+000 -1.887035401070E-002  1.024047644741E-002 -4.850188733622E-003
  8.062558504629E+000 -1.730075896117E-002  9.492949883205E-003 -4.546521561639E-003
  8.226191729726E+000 -1.580692226060E-002  8.773508926785E-003 -4.249348112776E-003
  8.394483506327E+000 -1.438920106127E-002  8.082993485254E-003 -3.959462612299E-003
  8.567612086926E+000 -1.304771483117E-002  7.422132398446E-003 -3.677611776216E-003
  8.745764335025E+000 -1.178233857587E-002  6.791537222318E-003 -3.404490288209E-003
  8.929136229160E+000 -1.059269752364E-002  6.191696593449E-003 -3.140736446481E-003
  9.117933401693E+000 -9.478163445532E-003  5.622971280732E-003 -2.886928047141E-003
  9.312371715124E+000 -8.437852777847E-003  5.085590030907E-003 -2.643578571862E-003
  9.512677878945E+000 -7.470626706788E-003  4.579646313712E-003 -2.411133747977E-003
  9.719090110332E+000 -6.575093363492E-003  4.105096069571E-003 -2.189968548926E-003
  9.931858842267E+000 -5.749612262039E-003  3.661756557868E-003 -1.980384701767E-003
  1.015124748302E+001 -4.992301092816E-003  3.249306396593E-003 -1.782608766121E-003
  1.037753323129E+001 -4.301044958630E-003  2.867286874316E-003 -1.596790845397E-003
  1.061100795175E+001 -3.673508111122E-003  2.515104602871E-003 -1.423003986114E-003
  1.085197911611E+001 -3.107148210056E-003  2.192035563615E-003 -1.261244314589E-003
  1.110077081537E+001 -2.599233088248E-003  1.897230581682E-003 -1.111431952018E-003
  1.135772484956E+001 -2.146859960282E-003  1.629722241168E-003 -9.734127389961E-004
  1.162320190175E+001 -1.746976964398E-003  1.388433229857E-003 -8.469607887521E-004
  1.189758280382E+001 -1.396406874411E-003  1.172186075060E-003 -7.317818748424E-004
  1.218126990242E+001 -1.091872763427E-003  9.797142028086E-004 -6.275176439186E-004
  1.247468853413E+001 -8.300253443714E-004  8.096742214331E-004 -5.337506275233E-004
  1.277828862002E+001 -6.074716555164E-004  6.606592981349E-004 -4.500100090456E-004
  1.309254639077E+001 -4.208047039783E-004  5.312134643698E-004 -3.757780832849E-004
  1.341796625462E+001 -2.666336284532E-004  4.198466535818E-004 -3.104973269952E-004
  1.375508282195E+001 -1.416138965399E-004  3.250502442498E-004 -2.535779798724E-004
  1.410446310162E+001 -4.247701417491E-005  2.453128535429E-004 -2.044060173390E-004
  1.446670888596E+001  3.394080253030E-005  1.791361034987E-004 -1.623513798971E-004
  1.484245934302E+001  9.067155694942E-005  1.250500639420E-004 -1.267763095518E-004
  1.523239383723E+001  1.305905657930E-004  8.162806577626E-005 -9.704363266004E-005
  1.563723500136E+001  1.563942611662E-004  4.750057613989E-005 -7.252482135849E-005
  1.605775208607E+001  1.705812070533E-004  2.136783442167E-005 -5.260766324016E-005
  1.649476461582E+001  1.754367785114E-004  2.010966194256E-006 -3.670337185116E-005
  1.694914638379E+001  1.730218735555E-004 -1.169867866447E-005 -2.425297940008E-005
  1.742182982203E+001  1.651659298032E-004 -2.079217693217E-005 -1.473286811705E-005
  1.791381078784E+001  1.534644023090E-004 -2.619783409373E-005 -7.659318008686E-006
  1.842615381215E+001  1.392807287775E-004 -2.873823852523E-005 -2.591976042863E-006
  1.895999786176E+001  1.237526679038E-004 -2.912959996597E-005  8.638155931833E-007
  1.951656267356E+001  1.078027515858E-004 -2.798333012504E-005  3.055857631190E-006
  2.009715572669E+001  9.215244890177E-005 -2.580974669519E-005  4.285084000335E-006
  2.070317992707E+001  7.733950657029E-005 -2.302370692933E-005  4.806649216550E-006
  2.133614208874E+001  6.373781502934E-005 -1.995190738178E-005  4.832018113147E-006
  2.199766230782E+001  5.157905908618E-005 -1.684152667845E-005  4.531926691826E-006
  2.268948433818E+001  4.097535434203E-005 -1.386984234695E-005  4.040051996158E-006
  2.341348709294E+001  3.194205089344E-005 -1.115442437822E-005  3.457205743031E-006
  2.417169741362E+001  2.441990763526E-005 -8.763499987109E-006  2.855852779162E-006
  2.496630426925E+001  1.829590458460E-005 -6.726097422580E-006  2.284752498483E-006
  2.579967457140E+001  1.342206457779E-005 -5.041611542457E-006  1.773529672234E-006
  2.667437081864E+001  9.631793666081E-006 -3.688488387770E-006  1.337000355910E-006
  2.759317081651E+001  6.753412540572E-006 -2.631796599482E-006  9.791073737593E-007
  2.855908975674E+001  4.620727668656E-006 -1.829535081696E-006  6.963561856333E-007
  2.957540498378E+001  3.080667101529E-006 -1.237612509582E-006  4.806828164607E-007
  3.064568382919E+001  1.998168231435E-006 -8.135181793097E-007  3.217275932159E-007
  3.177381495601E+001  1.258640288977E-006 -5.187784900554E-007  2.085281641448E-007
  3.296404372807E+001  7.684227912318E-007 -3.203531268488E-007  1.306794018439E-007
  3.422101220608E+001  4.537160980974E-007 -1.911655114207E-007  7.903370044773E-008
  3.554980447538E+001  2.584701263089E-007 -1.099812453727E-007  4.603123935864E-008
  3.695599813319E+001  1.416855911630E-007 -6.084650757331E-008  2.575556820767E-008
  3.844572291106E+001  7.451695313163E-008 -3.227850257654E-008  1.380616583264E-008
  4.002572758518E+001  3.747895158145E-008 -1.636683559120E-008  7.068306476266E-009
  4.170345654134E+001  1.796219527345E-008 -7.904005487967E-009  3.444233177042E-009
  4.348713762001E+001  8.170279409378E-009 -3.621137276491E-009  1.591182733621E-009
  4.538588318162E+001  3.511506290917E-009 -1.566922260874E-009  6.939276069149E-010
  4.740980671574E+001  1.419009443964E-009 -6.372720595481E-010  2.842943012560E-010
  4.957015778746E+001  5.361946125691E-010 -2.422700219423E-010  1.088239101594E-010
  5.187947869225E+001  1.882934000106E-010 -8.556831675255E-011  3.868486641551E-011
  5.435178690397E+001  6.102872371705E-011 -2.788596084908E-011  1.268394564011E-011
  5.700278828629E+001  1.811615463678E-011 -8.320937529729E-012  3.806554742324E-012
  5.985012714155E+001  4.882669587034E-012 -2.253760546379E-012  1.036622704026E-012
  6.291368055481E+001  1.183185432902E-012 -5.487110620134E-013  2.536776215207E-013
  6.621590623276E+001  2.549408649413E-013 -1.187608759541E-013  5.517201503905E-014
  6.978225524452E+001  4.823447186233E-014 -2.256538526228E-014  1.053137016072E-014
  7.364166388185E+001  7.899402944697E-015 -3.710600270960E-015  1.739321652228E-015
  7.782714245929E+001  1.101682823236E-015 -5.195043787385E-016  2.445242892748E-016
  8.237648351994E+001  1.284156243767E-016 -6.077927483044E-017  2.872067765983E-017
  8.733311794502E+001  1.224426847631E-017 -5.815695188226E-018  2.758428774957E-018
  9.274715535088E+001  9.315633252148E-019 -4.439580823408E-019  2.113208929205E-019
  9.867665554529E+001  5.494755013178E-020 -2.627069503306E-020  1.254688866326E-020
  1.051891916055E+002  2.429825770763E-021 -1.165273295025E-021  5.583208947976E-022
  1.123637836013E+002  7.745529116072E-023 -3.725389229939E-023  1.790401790520E-023
  1.202933069206E+002  1.699561198974E-024 -8.197212865923E-025  3.950956236006E-025
  1.290875131414E+002  2.430752966094E-026 -1.175499020747E-026  5.681366253330E-027
  1.388768482001E+002  2.123696338401E-028 -1.029606290816E-028  4.989261475756E-029
  1.498173177370E+002  1.048787164160E-030 -5.096953221194E-031  2.476012363348E-031
  1.620967411853E+002  2.666444609463E-033 -1.298821055257E-033  6.324312886830E-034
  1.759428668168E+002  3.115926056039E-036 -1.521065596906E-036  7.423021056228E-037
  1.916340085825E+002  1.456990025584E-039 -7.127110605846E-040  3.485489061733E-040
  2.095131417987E+002  2.297929380265E-043 -1.126271690316E-043  5.519012398623E-044
  2.300068054477E+002  9.883593572679E-048 -4.853171738393E-048  2.382670232025E-048
  2.536507797910E+002  8.875682562194E-053 -4.365889376541E-053  2.147260104670E-053
  2.811254638474E+002  1.185381489730E-058 -5.840449374238E-059  2.877310708285E-059
  3.133053780630E+002  1.522149805715E-065 -7.511395711715E-066  3.706345246988E-066
  3.513296254502E+002  1.064633362044E-073 -5.261351539500E-074  2.599947504893E-074
  3.967041014107E+002  1.913105408787E-083 -9.467381408315E-084  4.684869543202E-084
  4.514529193350E+002  3.216052213555E-095 -1.593559498473E-095  7.895789728333E-096
  5.183481233601E+002  1.267510998984E-109 -6.287997298573E-110  3.119316661237E-110
  6.012676077950E+002  1.689275332088E-127 -8.389543155217E-128  4.166450413961E-128
  7.057700503752E+002  4.741799471263E-150 -2.357331996158E-150  1.171901536785E-150
  8.400513767914E+002  4.674713127428E-179 -2.326136481521E-179  1.157471663572E-179
  1.016602135495E+003  3.156165074770E-217 -1.571831708654E-217  7.827966295392E-218
  1.255220715579E+003  7.379651026006E-269 -3.678003586112E-269  1.833100298405E-269
  1.588815776243E+003  0.000000000000E+000  0.000000000000E+000  0.000000000000E+000
  2.075392011604E+003  0.000000000000E+000  0.000000000000E+000  0.000000000000E+000
  2.825079847528E+003  0.000000000000E+000  0.000000000000E+000  0.000000000000E+000
  4.068408296183E+003  0.000000000000E+000  0.000000000000E+000  0.000000000000E+000
  6.357262947672E+003  0.000000000000E+000  0.000000000000E+000  0.000000000000E+000
  1.130231930164E+004  0.000000000000E+000  0.000000000000E+000  0.000000000000E+000
  2.543105175136E+004  0.000000000000E+000  0.000000000000E+000  0.000000000000E+000
  1.017262069952E+005  0.000000000000E+000  0.000000000000E+000  0.000000000000E+000
