# 1st line: number of mesh points
# rho and r_seitz are calculated from total density
# zeta and r_seitz only correct of rho > 1d-12

# abcissa rho drho ddrho zeta r_seitz
500
  9.830308526563E-006  1.757425161275E+002 -1.065847568705E+003  6.715090357934E+003  1.593759090399E-005  2.574827496236E-001
  3.932200719722E-005  1.757110853922E+002 -1.065649548313E+003  6.713799919089E+003  1.593734368171E-005  2.574981013198E-001
  8.847741541467E-005  1.756587110639E+002 -1.065319581589E+003  6.711649641956E+003  1.593693160892E-005  2.575236906191E-001
  1.573003992805E-004  1.755854084844E+002 -1.064857769401E+003  6.708640207759E+003  1.593635463284E-005  2.575595222307E-001
  2.457963722418E-004  1.754911991244E+002 -1.064264252910E+003  6.704772569839E+003  1.593561267811E-005  2.576056027506E-001
  3.539722959954E-004  1.753761105763E+002 -1.063539213520E+003  6.700047953275E+003  1.593470564952E-005  2.576619406631E-001
  4.818366816529E-004  1.752401765434E+002 -1.062682872803E+003  6.694467854409E+003  1.593363342898E-005  2.577285463448E-001
  6.293995911626E-004  1.750834368289E+002 -1.061695492424E+003  6.688034040253E+003  1.593239587759E-005  2.578054320683E-001
  7.966726389935E-004  1.749059373205E+002 -1.060577374033E+003  6.680748547797E+003  1.593099283433E-005  2.578926120067E-001
  9.836689940782E-004  1.747077299749E+002 -1.059328859159E+003  6.672613683207E+003  1.592942411653E-005  2.579901022393E-001
  1.190403382016E-003  1.744888727983E+002 -1.057950329077E+003  6.663632020918E+003  1.592768951966E-005  2.580979207574E-001
  1.416892087541E-003  1.742494298263E+002 -1.056442204664E+003  6.653806402626E+003  1.592578881654E-005  2.582160874714E-001
  1.663152957245E-003  1.739894711005E+002 -1.054804946240E+003  6.643139936162E+003  1.592372175803E-005  2.583446242185E-001
  1.929205402573E-003  1.737090726431E+002 -1.053039053397E+003  6.631635994278E+003  1.592148807185E-005  2.584835547707E-001
  2.215070403073E-003  1.734083164301E+002 -1.051145064803E+003  6.619298213310E+003  1.591908746358E-005  2.586329048442E-001
  2.520770509919E-003  1.730872903615E+002 -1.049123558006E+003  6.606130491754E+003  1.591651961531E-005  2.587927021090E-001
  2.846329849692E-003  1.727460882295E+002 -1.046975149211E+003  6.592136988722E+003  1.591378418599E-005  2.589629761997E-001
  3.191774128432E-003  1.723848096850E+002 -1.044700493046E+003  6.577322122310E+003  1.591088081059E-005  2.591437587269E-001
  3.557130635959E-003  1.720035602016E+002 -1.042300282317E+003  6.561690567848E+003  1.590780910010E-005  2.593350832893E-001
  3.942428250463E-003  1.716024510376E+002 -1.039775247742E+003  6.545247256059E+003  1.590456864160E-005  2.595369854863E-001
  4.347697443358E-003  1.711815991955E+002 -1.037126157675E+003  6.527997371109E+003  1.590115899718E-005  2.597495029325E-001
  4.772970284417E-003  1.707411273804E+002 -1.034353817814E+003  6.509946348562E+003  1.589757970422E-005  2.599726752713E-001
  5.218280447175E-003  1.702811639550E+002 -1.031459070896E+003  6.491099873226E+003  1.589383027454E-005  2.602065441910E-001
  5.683663214611E-003  1.698018428936E+002 -1.028442796375E+003  6.471463876907E+003  1.588991019383E-005  2.604511534404E-001
  6.169155485101E-003  1.693033037334E+002 -1.025305910087E+003  6.451044536056E+003  1.588581892153E-005  2.607065488462E-001
  6.674795778653E-003  1.687856915241E+002 -1.022049363902E+003  6.429848269328E+003  1.588155589033E-005  2.609727783306E-001
  7.200624243425E-003  1.682491567753E+002 -1.018674145362E+003  6.407881735028E+003  1.587712050616E-005  2.612498919298E-001
  7.746682662519E-003  1.676938554017E+002 -1.015181277304E+003  6.385151828475E+003  1.587251214632E-005  2.615379418139E-001
  8.313014461060E-003  1.671199486668E+002 -1.011571817465E+003  6.361665679259E+003  1.586773016071E-005  2.618369823072E-001
  8.899664713569E-003  1.665276031238E+002 -1.007846858085E+003  6.337430648408E+003  1.586277386893E-005  2.621470699092E-001
  9.506680151615E-003  1.659169905558E+002 -1.004007525486E+003  6.312454325460E+003  1.585764256243E-005  2.624682633172E-001
  1.013410917176E-002  1.652882879123E+002 -1.000054979638E+003  6.286744525435E+003  1.585233550191E-005  2.628006234492E-001
  1.078200184380E-002  1.646416772453E+002 -9.959904137181E+002  6.260309285725E+003  1.584685191734E-005  2.631442134681E-001
  1.145040991929E-002  1.639773456427E+002 -9.918150536523E+002  6.233156862887E+003  1.584119100706E-005  2.634990988063E-001
  1.213938684040E-002  1.632954851601E+002 -9.875301576433E+002  6.205295729337E+003  1.583535193731E-005  2.638653471923E-001
  1.284898774901E-002  1.625962927502E+002 -9.831370156880E+002  6.176734569973E+003  1.582933384178E-005  2.642430286770E-001
  1.357926949620E-002  1.618799701909E+002 -9.786369490805E+002  6.147482278693E+003  1.582313581986E-005  2.646322156622E-001
  1.433029065191E-002  1.611467240116E+002 -9.740313099034E+002  6.117547954829E+003  1.581675693658E-005  2.650329829291E-001
  1.510211151509E-002  1.603967654170E+002 -9.693214805066E+002  6.086940899505E+003  1.581019622150E-005  2.654454076685E-001
  1.589479412397E-002  1.596303102095E+002 -9.645088729730E+002  6.055670611896E+003  1.580345266856E-005  2.658695695121E-001
  1.670840226680E-002  1.588475787102E+002 -9.595949285731E+002  6.023746785412E+003  1.579652523363E-005  2.663055505641E-001
  1.754300149280E-002  1.580487956775E+002 -9.545811172072E+002  5.991179303795E+003  1.578941283519E-005  2.667534354348E-001
  1.839865912351E-002  1.572341902242E+002 -9.494689368360E+002  5.957978237142E+003  1.578211435206E-005  2.672133112750E-001
  1.927544426443E-002  1.564039957329E+002 -9.442599128992E+002  5.924153837836E+003  1.577462862374E-005  2.676852678113E-001
  2.017342781695E-002  1.555584497698E+002 -9.389555977236E+002  5.889716536413E+003  1.576695444797E-005  2.681693973828E-001
  2.109268249069E-002  1.546977939968E+002 -9.335575699188E+002  5.854676937337E+003  1.575909057978E-005  2.686657949791E-001
  2.203328281612E-002  1.538222740816E+002 -9.280674337634E+002  5.819045814717E+003  1.575103573165E-005  2.691745582793E-001
  2.299530515754E-002  1.529321396070E+002 -9.224868185787E+002  5.782834107931E+003  1.574278857127E-005  2.696957876924E-001
  2.397882772639E-002  1.520276439777E+002 -9.168173780936E+002  5.746052917193E+003  1.573434772022E-005  2.702295863988E-001
  2.498393059493E-002  1.511090443262E+002 -9.110607897975E+002  5.708713499040E+003  1.572571175239E-005  2.707760603932E-001
  2.601069571024E-002  1.501766014169E+002 -9.052187542844E+002  5.670827261756E+003  1.571687919481E-005  2.713353185292E-001
  2.705920690860E-002  1.492305795488E+002 -8.992929945861E+002  5.632405760721E+003  1.570784852323E-005  2.719074725645E-001
  2.812954993023E-002  1.482712464565E+002 -8.932852554966E+002  5.593460693703E+003  1.569861816250E-005  2.724926372079E-001
  2.922181243436E-002  1.472988732104E+002 -8.871973028859E+002  5.554003896079E+003  1.568918648502E-005  2.730909301683E-001
  3.033608401473E-002  1.463137341147E+002 -8.810309230060E+002  5.514047335997E+003  1.567955180857E-005  2.737024722039E-001
  3.147245621542E-002  1.453161066046E+002 -8.747879217867E+002  5.473603109474E+003  1.566971239511E-005  2.743273871742E-001
  3.263102254705E-002  1.443062711421E+002 -8.684701241234E+002  5.432683435444E+003  1.565966644936E-005  2.749658020927E-001
  3.381187850339E-002  1.432845111100E+002 -8.620793731565E+002  5.391300650738E+003  1.564941211607E-005  2.756178471811E-001
  3.501512157837E-002  1.422511127056E+002 -8.556175295418E+002  5.349467205015E+003  1.563894748027E-005  2.762836559262E-001
  3.624085128345E-002  1.412063648324E+002 -8.490864707142E+002  5.307195655642E+003  1.562827056239E-005  2.769633651372E-001
  3.748916916538E-002  1.401505589904E+002 -8.424880901427E+002  5.264498662519E+003  1.561737931945E-005  2.776571150051E-001
  3.876017882444E-002  1.390839891667E+002 -8.358242965787E+002  5.221388982859E+003  1.560627164117E-005  2.783650491643E-001
  4.005398593302E-002  1.380069517231E+002 -8.290970132968E+002  5.177879465917E+003  1.559494534873E-005  2.790873147555E-001
  4.137069825459E-002  1.369197452839E+002 -8.223081773293E+002  5.133983047678E+003  1.558339819211E-005  2.798240624904E-001
  4.271042566323E-002  1.358226706225E+002 -8.154597386937E+002  5.089712745504E+003  1.557162784870E-005  2.805754467188E-001
  4.407328016341E-002  1.347160305464E+002 -8.085536596143E+002  5.045081652733E+003  1.555963191971E-005  2.813416254969E-001
  4.545937591035E-002  1.336001297821E+002 -8.015919137378E+002  5.000102933251E+003  1.554740792940E-005  2.821227606583E-001
  4.686882923075E-002  1.324752748585E+002 -7.945764853438E+002  4.954789816020E+003  1.553495332183E-005  2.829190178863E-001
  4.830175864396E-002  1.313417739898E+002 -7.875093685490E+002  4.909155589578E+003  1.552226545776E-005  2.837305667893E-001
  4.975828488365E-002  1.301999369569E+002 -7.803925665078E+002  4.863213596503E+003  1.550934161368E-005  2.845575809772E-001
  5.123853091993E-002  1.290500749896E+002 -7.732280906073E+002  4.816977227851E+003  1.549617897667E-005  2.854002381409E-001
  5.274262198188E-002  1.278925006461E+002 -7.660179596584E+002  4.770459917574E+003  1.548277464458E-005  2.862587201336E-001
  5.427068558066E-002  1.267275276931E+002 -7.587641990832E+002  4.723675136900E+003  1.546912562033E-005  2.871332130545E-001
  5.582285153302E-002  1.255554709852E+002 -7.514688400984E+002  4.676636388708E+003  1.545522881110E-005  2.880239073352E-001
  5.739925198530E-002  1.243766463432E+002 -7.441339188958E+002  4.629357201873E+003  1.544108102388E-005  2.889309978283E-001
  5.900002143803E-002  1.231913704323E+002 -7.367614758197E+002  4.581851125597E+003  1.542667896234E-005  2.898546838983E-001
  6.062529677088E-002  1.219999606396E+002 -7.293535545423E+002  4.534131723736E+003  1.541201922459E-005  2.907951695157E-001
  6.227521726827E-002  1.208027349514E+002 -7.219122012361E+002  4.486212569100E+003  1.539709829821E-005  2.917526633536E-001
  6.394992464542E-002  1.196000118298E+002 -7.144394637452E+002  4.438107237762E+003  1.538191255775E-005  2.927273788865E-001
  6.564956307496E-002  1.183921100894E+002 -7.069373907552E+002  4.389829303347E+003  1.536645826137E-005  2.937195344927E-001
  6.737427921404E-002  1.171793487733E+002 -6.994080309617E+002  4.341392331327E+003  1.535073154513E-005  2.947293535595E-001
  6.912422223211E-002  1.159620470292E+002 -6.918534322383E+002  4.292809873316E+003  1.533472842116E-005  2.957570645908E-001
  7.089954383907E-002  1.147405239852E+002 -6.842756408049E+002  4.244095461365E+003  1.531844477283E-005  2.968029013187E-001
  7.270039831418E-002  1.135150986255E+002 -6.766767003948E+002  4.195262602264E+003  1.530187634956E-005  2.978671028175E-001
  7.452694253540E-002  1.122860896662E+002 -6.690586514243E+002  4.146324771850E+003  1.528501876443E-005  2.989499136217E-001
  7.637933600943E-002  1.110538154307E+002 -6.614235301613E+002  4.097295409333E+003  1.526786748741E-005  3.000515838466E-001
  7.825774090225E-002  1.098185937257E+002 -6.537733678966E+002  4.048187911633E+003  1.525041784239E-005  3.011723693134E-001
  8.016232207035E-002  1.085807417171E+002 -6.461101901164E+002  3.999015627730E+003  1.523266500188E-005  3.023125316768E-001
  8.209324709253E-002  1.073405758057E+002 -6.384360156769E+002  3.949791853041E+003  1.521460398114E-005  3.034723385574E-001
  8.405068630235E-002  1.060984115039E+002 -6.307528559821E+002  3.900529823819E+003  1.519622963423E-005  3.046520636768E-001
  8.603481282122E-002  1.048545633119E+002 -6.230627141636E+002  3.851242711575E+003  1.517753664771E-005  3.058519869977E-001
  8.804580259214E-002  1.036093445949E+002 -6.153675842649E+002  3.801943617534E+003  1.515851953572E-005  3.070723948675E-001
  9.008383441408E-002  1.023630674604E+002 -6.076694504288E+002  3.752645567119E+003  1.513917263381E-005  3.083135801661E-001
  9.214908997710E-002  1.011160426359E+002 -5.999702860895E+002  3.703361504472E+003  1.511949009334E-005  3.095758424583E-001
  9.424175389809E-002  9.986857934736E+001 -5.922720531694E+002  3.654104287018E+003  1.509946587466E-005  3.108594881503E-001
  9.636201375725E-002  9.862098519827E+001 -5.845767012806E+002  3.604886680062E+003  1.507909374224E-005  3.121648306511E-001
  9.851006013526E-002  9.737356604907E+001 -5.768861669328E+002  3.555721351441E+003  1.505836725563E-005  3.134921905387E-001
  1.006860866512E-001  9.612662589763E+001 -5.692023727463E+002  3.506620866211E+003  1.503727976559E-005  3.148418957307E-001
  1.028902900012E-001  9.488046676038E+001 -5.615272266723E+002  3.457597681400E+003  1.501582440470E-005  3.162142816610E-001
  1.051228699979E-001  9.363538855427E+001 -5.538626212199E+002  3.408664140804E+003  1.499399408089E-005  3.176096914602E-001
  1.073840296104E-001  9.239168897975E+001 -5.462104326896E+002  3.359832469842E+003  1.497178147087E-005  3.190284761429E-001
  1.096739750056E-001  9.114966340457E+001 -5.385725204163E+002  3.311114770476E+003  1.494917901046E-005  3.204709947996E-001
  1.119929155896E-001  8.990960474878E+001 -5.309507260187E+002  3.262523016191E+003  1.492617888859E-005  3.219376147950E-001
  1.143410640503E-001  8.867180337073E+001 -5.233468726588E+002  3.214069047041E+003  1.490277303728E-005  3.234287119716E-001
  1.167186364011E-001  8.743654695430E+001 -5.157627643096E+002  3.165764564765E+003  1.487895312434E-005  3.249446708598E-001
  1.191258520249E-001  8.620412039732E+001 -5.082001850330E+002  3.117621127982E+003  1.485471054389E-005  3.264858848944E-001
  1.215629337189E-001  8.497480570134E+001 -5.006608982675E+002  3.069650147448E+003  1.483003640717E-005  3.280527566378E-001
  1.240301077413E-001  8.374888186271E+001 -4.931466461262E+002  3.021862881408E+003  1.480492153254E-005  3.296456980092E-001
  1.265276038575E-001  8.252662476515E+001 -4.856591487058E+002  2.974270431020E+003  1.477935643813E-005  3.312651305217E-001
  1.290556553882E-001  8.130830707374E+001 -4.782001034072E+002  2.926883735866E+003  1.475333132836E-005  3.329114855265E-001
  1.316144992580E-001  8.009419813053E+001 -4.707711842674E+002  2.879713569555E+003  1.472683608611E-005  3.345852044638E-001
  1.342043760450E-001  7.888456385175E+001 -4.633740413041E+002  2.832770535409E+003  1.469986026073E-005  3.362867391223E-001
  1.368255300316E-001  7.767966662668E+001 -4.560102998727E+002  2.786065062256E+003  1.467239305735E-005  3.380165519064E-001
  1.394782092560E-001  7.647976521833E+001 -4.486815600364E+002  2.739607400305E+003  1.464442332556E-005  3.397751161120E-001
  1.421626655646E-001  7.528511466586E+001 -4.413893959498E+002  2.693407617136E+003  1.461593954672E-005  3.415629162098E-001
  1.448791546661E-001  7.409596618892E+001 -4.341353552566E+002  2.647475593781E+003  1.458692982298E-005  3.433804481391E-001
  1.476279361856E-001  7.291256709393E+001 -4.269209585014E+002  2.601821020918E+003  1.455738186386E-005  3.452282196090E-001
  1.504092737207E-001  7.173516068231E+001 -4.197476985564E+002  2.556453395171E+003  1.452728297381E-005  3.471067504110E-001
  1.532234348983E-001  7.056398616086E+001 -4.126170400636E+002  2.511382015522E+003  1.449662003896E-005  3.490165727393E-001
  1.560706914324E-001  6.939927855418E+001 -4.055304188917E+002  2.466615979838E+003  1.446537951182E-005  3.509582315234E-001
  1.589513191834E-001  6.824126861930E+001 -3.984892416100E+002  2.422164181514E+003  1.443354739917E-005  3.529322847696E-001
  1.618655982178E-001  6.709018276259E+001 -3.914948849781E+002  2.378035306236E+003  1.440110924597E-005  3.549393039141E-001
  1.648138128702E-001  6.594624295888E+001 -3.845486954524E+002  2.334237828867E+003  1.436805012213E-005  3.569798741875E-001
  1.677962518056E-001  6.480966667306E+001 -3.776519887099E+002  2.290780010454E+003  1.433435460402E-005  3.590545949909E-001
  1.708132080832E-001  6.368066678398E+001 -3.708060491896E+002  2.247669895369E+003  1.430000676101E-005  3.611640802837E-001
  1.738649792215E-001  6.255945151092E+001 -3.640121296510E+002  2.204915308572E+003  1.426499013826E-005  3.633089589847E-001
  1.769518672648E-001  6.144622434251E+001 -3.572714507525E+002  2.162523853012E+003  1.422928773966E-005  3.654898753856E-001
  1.800741788507E-001  6.034118396828E+001 -3.505852006461E+002  2.120502907158E+003  1.419288201081E-005  3.677074895785E-001
  1.832322252791E-001  5.924452421283E+001 -3.439545345932E+002  2.078859622670E+003  1.415575482121E-005  3.699624778969E-001
  1.864263225826E-001  5.815643397270E+001 -3.373805745981E+002  2.037600922205E+003  1.411788744547E-005  3.722555333716E-001
  1.896567915983E-001  5.707709715592E+001 -3.308644090619E+002  1.996733497364E+003  1.407926054491E-005  3.745873662014E-001
  1.929239580409E-001  5.600669262445E+001 -3.244070924555E+002  1.956263806785E+003  1.403985414824E-005  3.769587042399E-001
  1.962281525771E-001  5.494539413933E+001 -3.180096450140E+002  1.916198074376E+003  1.399964763210E-005  3.793702934975E-001
  1.995697109023E-001  5.389337030884E+001 -3.116730524499E+002  1.876542287695E+003  1.395861970006E-005  3.818228986613E-001
  2.029489738173E-001  5.285078453945E+001 -3.053982656883E+002  1.837302196481E+003  1.391674836274E-005  3.843173036318E-001
  2.063662873085E-001  5.181779498985E+001 -2.991862006225E+002  1.798483311327E+003  1.387401091590E-005  3.868543120777E-001
  2.098220026275E-001  5.079455452794E+001 -2.930377378909E+002  1.760090902515E+003  1.383038391942E-005  3.894347480099E-001
  2.133164763746E-001  4.978121069086E+001 -2.869537226752E+002  1.722129998988E+003  1.378584317420E-005  3.920594563746E-001
  2.168500705817E-001  4.877790564809E+001 -2.809349645203E+002  1.684605387493E+003  1.374036370065E-005  3.947293036665E-001
  2.204231527988E-001  4.778477616775E+001 -2.749822371763E+002  1.647521611858E+003  1.369391971559E-005  3.974451785637E-001
  2.240360961807E-001  4.680195358597E+001 -2.690962784621E+002  1.610882972447E+003  1.364648460749E-005  4.002079925838E-001
  2.276892795770E-001  4.582956377951E+001 -2.632777901514E+002  1.574693525751E+003  1.359803091385E-005  4.030186807630E-001
  2.313830876220E-001  4.486772714151E+001 -2.575274378811E+002  1.538957084147E+003  1.354853029708E-005  4.058782023585E-001
  2.351179108282E-001  4.391655856059E+001 -2.518458510818E+002  1.503677215816E+003  1.349795351865E-005  4.087875415757E-001
  2.388941456809E-001  4.297616740316E+001 -2.462336229317E+002  1.468857244812E+003  1.344627041525E-005  4.117477083208E-001
  2.427121947345E-001  4.204665749902E+001 -2.406913103322E+002  1.434500251293E+003  1.339344987349E-005  4.147597389795E-001
  2.465724667110E-001  4.112812713027E+001 -2.352194339071E+002  1.400609071915E+003  1.333945980418E-005  4.178246972237E-001
  2.504753766009E-001  4.022066902359E+001 -2.298184780240E+002  1.367186300378E+003  1.328426711678E-005  4.209436748465E-001
  2.544213457654E-001  3.932437034583E+001 -2.244888908391E+002  1.334234288133E+003  1.322783769362E-005  4.241177926272E-001
  2.584108020414E-001  3.843931270294E+001 -2.192310843644E+002  1.301755145253E+003  1.317013636417E-005  4.273482012267E-001
  2.624441798480E-001  3.756557214235E+001 -2.140454345584E+002  1.269750741456E+003  1.311112687965E-005  4.306360821157E-001
  2.665219202956E-001  3.670321915861E+001 -2.089322814394E+002  1.238222707288E+003  1.305077188613E-005  4.339826485359E-001
  2.706444712976E-001  3.585231870249E+001 -2.038919292215E+002  1.207172435464E+003  1.298903290064E-005  4.373891464967E-001
  2.748122876832E-001  3.501293019347E+001 -1.989246464734E+002  1.176601082366E+003  1.292587028449E-005  4.408568558073E-001
  2.790258313137E-001  3.418510753557E+001 -1.940306663008E+002  1.146509569694E+003  1.286124321954E-005  4.443870911471E-001
  2.832855712010E-001  3.336889913655E+001 -1.892101865499E+002  1.116898586277E+003  1.279510968333E-005  4.479812031753E-001
  2.875919836279E-001  3.256434793057E+001 -1.844633700352E+002  1.087768590031E+003  1.272742642582E-005  4.516405796814E-001
  2.919455522717E-001  3.177149140406E+001 -1.797903447879E+002  1.059119810073E+003  1.265814894624E-005  4.553666467783E-001
  2.963467683296E-001  3.099036162511E+001 -1.751912043280E+002  1.030952248985E+003  1.258723147195E-005  4.591608701397E-001
  3.007961306479E-001  3.022098527607E+001 -1.706660079578E+002  1.003265685225E+003  1.251462693757E-005  4.630247562839E-001
  3.052941458522E-001  2.946338368951E+001 -1.662147810770E+002  9.760596756890E+002  1.244028696643E-005  4.669598539056E-001
  3.098413284823E-001  2.871757288747E+001 -1.618375155197E+002  9.493335584104E+002  1.236416185298E-005  4.709677552578E-001
  3.144382011281E-001  2.798356362398E+001 -1.575341699131E+002  9.230864554107E+002  1.228620054724E-005  4.750500975864E-001
  3.190852945695E-001  2.726136143082E+001 -1.533046700565E+002  8.973172756845E+002  1.220635064272E-005  4.792085646189E-001
  3.237831479192E-001  2.655096666647E+001 -1.491489093220E+002  8.720247183255E+002  1.212455836491E-005  4.834448881101E-001
  3.285323087679E-001  2.585237456826E+001 -1.450667490744E+002  8.472072757856E+002  1.204076856473E-005  4.877608494467E-001
  3.333333333333E-001  2.516557530761E+001 -1.410580191128E+002  8.228632372680E+002  1.195492471421E-005  4.921582813141E-001
  3.381867866117E-001  2.449055404844E+001 -1.371225181308E+002  7.989906922488E+002  1.186696890646E-005  4.966390694276E-001
  3.430932425333E-001  2.382729100855E+001 -1.332600141964E+002  7.755875341250E+002  1.177684185988E-005  5.012051543299E-001
  3.480532841203E-001  2.317576152404E+001 -1.294702452509E+002  7.526514639856E+002  1.168448292788E-005  5.058585332599E-001
  3.530675036492E-001  2.253593611667E+001 -1.257529196266E+002  7.301799945019E+002  1.158983011218E-005  5.106012620934E-001
  3.581365028158E-001  2.190778056414E+001 -1.221077165819E+002  7.081704539339E+002  1.149282008601E-005  5.154354573606E-001
  3.632608929041E-001  2.129125597316E+001 -1.185342868548E+002  6.866199902492E+002  1.139338821891E-005  5.203632983429E-001
  3.684412949588E-001  2.068631885535E+001 -1.150322532330E+002  6.655255753490E+002  1.129146861509E-005  5.253870292528E-001
  3.736783399619E-001  2.009292120582E+001 -1.116012111409E+002  6.448840094000E+002  1.118699415614E-005  5.305089614996E-001
  3.789726690123E-001  1.951101058440E+001 -1.082407292421E+002  6.246919252647E+002  1.107989655478E-005  5.357314760465E-001
  3.843249335105E-001  1.894053019948E+001 -1.049503500582E+002  6.049457930285E+002  1.097010641998E-005  5.410570258610E-001
  3.897357953460E-001  1.838141899430E+001 -1.017295906020E+002  5.856419246177E+002  1.085755333341E-005  5.464881384638E-001
  3.952059270903E-001  1.783361173573E+001 -9.857794302506E+001  5.667764785041E+002  1.074216593755E-005  5.520274185802E-001
  4.007360121927E-001  1.729703910533E+001 -9.549487527908E+001  5.483454644920E+002  1.062387204185E-005  5.576775508988E-001
  4.063267451812E-001  1.677162779275E+001 -9.247983179045E+001  5.303447485819E+002  1.050259874120E-005  5.634413029417E-001
  4.119788318683E-001  1.625730059126E+001 -8.953223414692E+001  5.127700579068E+002  1.037827255632E-005  5.693215280507E-001
  4.176929895600E-001  1.575397649538E+001 -8.665148179628E+001  4.956169857357E+002  1.025081958939E-005  5.753211684963E-001
  4.234699472710E-001  1.526157080056E+001 -8.383695275597E+001  4.788809965389E+002  1.012016570596E-005  5.814432587121E-001
  4.293104459435E-001  1.477999520472E+001 -8.108800433310E+001  4.625574311105E+002  9.986236738079E-006  5.876909286625E-001
  4.352152386716E-001  1.430915791163E+001 -7.840397385408E+001  4.466415117423E+002  9.848958716548E-006  5.940674073482E-001
  4.411850909306E-001  1.384896373602E+001 -7.578417940320E+001  4.311283474435E+002  9.708258129843E-006  6.005760264557E-001
  4.472207808110E-001  1.339931421029E+001 -7.322792056932E+001  4.160129392018E+002  9.564062218068E-006  6.072202241569E-001
  4.533230992589E-001  1.296010769274E+001 -7.073447920003E+001  4.012901852783E+002  9.416299302493E-006  6.140035490650E-001
  4.594928503202E-001  1.253123947725E+001 -6.830312016242E+001  3.869548865333E+002  9.264899152677E-006  6.209296643543E-001
  4.657308513924E-001  1.211260190420E+001 -6.593309210966E+001  3.730017517748E+002  9.109793401125E-006  6.280023520497E-001
  4.720379334802E-001  1.170408447266E+001 -6.362362825277E+001  3.594254031256E+002  8.950916000683E-006  6.352255174930E-001
  4.784149414579E-001  1.130557395363E+001 -6.137394713658E+001  3.462203814023E+002  8.788203740098E-006  6.426031939947E-001
  4.848627343381E-001  1.091695450428E+001 -5.918325341916E+001  3.333811515011E+002  8.621596816088E-006  6.501395476772E-001
  4.913821855461E-001  1.053810778305E+001 -5.705073865396E+001  3.209021077845E+002  8.451039467448E-006  6.578388825184E-001
  4.979741832006E-001  1.016891306547E+001 -5.497558207379E+001  3.087775794622E+002  8.276480683826E-006  6.657056456032E-001
  5.046396304008E-001  9.809247360696E+000 -5.295695137577E+001  2.970018359620E+002  8.097874989445E-006  6.737444325915E-001
  5.113794455212E-001  9.458985528501E+000 -5.099400350659E+001  2.855690922831E+002  7.915183314309E-006  6.819599934105E-001
  5.181945625116E-001  9.118000396698E+000 -4.908588544706E+001  2.744735143274E+002  7.728373959041E-006  6.903572381804E-001
  5.250859312060E-001  8.786162878848E+000 -4.723173499529E+001  2.637092242023E+002  7.537423663688E-006  6.989412433829E-001
  5.320545176366E-001  8.463342092146E+000 -4.543068154758E+001  2.532703054896E+002  7.342318790810E-006  7.077172582790E-001
  5.391013043575E-001  8.149405475353E+000 -4.368184687624E+001  2.431508084744E+002  7.143056634994E-006  7.166907115881E-001
  5.462272907741E-001  7.844218906666E+000 -4.198434590353E+001  2.333447553291E+002  6.939646871100E-006  7.258672184350E-001
  5.534334934816E-001  7.547646821406E+000 -4.033728747089E+001  2.238461452459E+002  6.732113152073E-006  7.352525875741E-001
  5.607209466109E-001  7.259552329400E+000 -3.873977510266E+001  2.146489595133E+002  6.520494879077E-006  7.448528289008E-001
  5.680907021827E-001  6.979797331958E+000 -3.719090776353E+001  2.057471665306E+002  6.304849151676E-006  7.546741612565E-001
  5.755438304707E-001  6.708242638300E+000 -3.568978060887E+001  1.971347267553E+002  6.085252924486E-006  7.647230205376E-001
  5.830814203728E-001  6.444748081341E+000 -3.423548572721E+001  1.888055975779E+002  5.861805384240E-006  7.750060681147E-001
  5.907045797917E-001  6.189172632707E+000 -3.282711287415E+001  1.807537381200E+002  5.634630575437E-006  7.855301995694E-001
  5.984144360243E-001  5.941374516878E+000 -3.146375019678E+001  1.729731139486E+002  5.403880292885E-006  7.963025537570E-001
  6.062121361613E-001  5.701211324326E+000 -3.014448494812E+001  1.654577017044E+002  5.169737276317E-006  8.073305221975E-001
  6.140988474955E-001  5.468540123564E+000 -2.886840419068E+001  1.582014936377E+002  4.932418728272E-006  8.186217588021E-001
  6.220757579409E-001  5.243217571973E+000 -2.763459548845E+001  1.511985020476E+002  4.692180194311E-006  8.301841899373E-001
  6.301440764614E-001  5.025100025316E+000 -2.644214758673E+001  1.444427636200E+002  4.449319838695E-006  8.420260248273E-001
  6.383050335109E-001  4.814043645822E+000 -2.529015107911E+001  1.379283436616E+002  4.204183156428E-006  8.541557662949E-001
  6.465598814833E-001  4.609904508745E+000 -2.417769906085E+001  1.316493402233E+002  3.957168165742E-006  8.665822218375E-001
  6.549098951744E-001  4.412538707299E+000 -2.310388776819E+001  1.255998881119E+002  3.708731126470E-006  8.793145150316E-001
  6.633563722545E-001  4.221802455859E+000 -2.206781720291E+001  1.197741627837E+002  3.459392840322E-006  8.923620972574E-001
  6.719006337539E-001  4.037552191348E+000 -2.106859174159E+001  1.141663841195E+002  3.209745588861E-006  9.057347597293E-001
  6.805440245593E-001  3.859644672712E+000 -2.010532072898E+001  1.087708200748E+002  2.960460774212E-006  9.194426458135E-001
  6.892879139233E-001  3.687937078386E+000 -1.917711905509E+001  1.035817902046E+002  2.712297330446E-006  9.334962636101E-001
  6.981336959871E-001  3.522287101683E+000 -1.828310771533E+001  9.859366905833E+001  2.466110984462E-006  9.479064987691E-001
  7.070827903152E-001  3.362553044006E+000 -1.742241435339E+001  9.380088944322E+001  2.222864449680E-006  9.626846275013E-001
  7.161366424455E-001  3.208593905819E+000 -1.659417378635E+001  8.919794555329E+001  1.983638641950E-006  9.778423297396E-001
  7.252967244510E-001  3.060269475291E+000 -1.579752851160E+001  8.477939596223E+001  1.749645023806E-006  9.933917023920E-001
  7.345645355186E-001  2.917440414548E+000 -1.503162919532E+001  8.053986647790E+001  1.522239179905E-006  1.009345272619E+000
  7.439416025400E-001  2.779968343468E+000 -1.429563514203E+001  7.647405285713E+001  1.302935751808E-006  1.025716011055E+000
  7.534294807203E-001  2.647715920952E+000 -1.358871474498E+001  7.257672337919E+001  1.093424853767E-006  1.042517344871E+000
  7.630297542000E-001  2.520546923609E+000 -1.291004591710E+001  6.884272127701E+001  8.955901205492E-007  1.059763170571E+000
  7.727440366954E-001  2.398326321816E+000 -1.225881650236E+001  6.526696702507E+001  7.115285351399E-007  1.077467866380E+000
  7.825739721536E-001  2.280920353082E+000 -1.163422466707E+001  6.184446048350E+001  5.435722076720E-007  1.095646304065E+000
  7.925212354258E-001  2.168196592690E+000 -1.103547927131E+001  5.857028289789E+001  3.943122842238E-007  1.114313860011E+000
  8.025875329584E-001  2.060024021559E+000 -1.046180022006E+001  5.543959875478E+001  2.666251808936E-007  1.133486425318E+000
  8.127746035011E-001  1.956273091307E+000 -9.912418794077E+000  5.244765749286E+001  1.637013515206E-007  1.153180414687E+000
  8.230842188350E-001  1.856815786471E+000 -9.386577960437E+000  4.958979507040E+001  8.907681231289E-008  1.173412773788E+000
  8.335181845190E-001  1.761525683859E+000 -8.883532662652E+000  4.686143538940E+001  4.666766030105E-008  1.194200984781E+000
  8.440783406568E-001  1.670278009014E+000 -8.402550090445E+000  4.425809157748E+001  4.080783487649E-008  1.215563069600E+000
  8.547665626839E-001  1.582949689778E+000 -7.942909929162E+000  4.177536712856E+001  7.629038583632E-008  1.237517590552E+000
  8.655847621758E-001  1.499419406928E+000 -7.503904588927E+000  3.940895690366E+001  1.584125185128E-007  1.260083647728E+000
  8.765348876780E-001  1.419567641892E+000 -7.084839413626E+000  3.715464799358E+001  2.930246971137E-007  1.283280872622E+000
  8.876189255584E-001  1.343276721532E+000 -6.685032869881E+000  3.500832044510E+001  4.865840864993E-007  1.307129417321E+000
  8.988389008829E-001  1.270430859998E+000 -6.303816716165E+000  3.296594785294E+001  7.462126143469E-007  1.331649938483E+000
  9.101968783143E-001  1.200916197655E+000 -5.940536152277E+000  3.102359781964E+001  1.079759923914E-006  1.356863575248E+000
  9.216949630368E-001  1.134620837107E+000 -5.594549949415E+000  2.917743228585E+001  1.495871469849E-006  1.382791920127E+000
  9.333353017046E-001  1.071434876308E+000 -5.265230561104E+000  2.742370773388E+001  2.004061977272E-006  1.409456981743E+000
  9.451200834176E-001  1.011250438803E+000 -4.951964215280E+000  2.575877526719E+001  2.614794441711E-006  1.436881138224E+000
  9.570515407237E-001  9.539617011113E-001 -4.654150987860E+000  2.417908056899E+001  3.339564779836E-006  1.465087079837E+000
  9.691319506484E-001  8.994649172773E-001 -4.371204858146E+000  2.268116374331E+001  4.190992155165E-006  1.494097739362E+000
  9.813636357544E-001  8.476584406251E-001 -4.102553746446E+000  2.126165904174E+001  5.182914883325E-006  1.523936208466E+000
  9.937489652293E-001  7.984427427518E-001 -3.847639534309E+000  1.991729447962E+001  6.330491672062E-006  1.554625638225E+000
  1.006290356005E+000  7.517204297957E-001 -3.605918067815E+000  1.864489134529E+001  7.650307756554E-006  1.586189121725E+000
  1.018990273907E+000  7.073962560247E-001 -3.376859144360E+000  1.744136360630E+001  9.160485246703E-006  1.618649556485E+000
  1.031851234841E+000  6.653771347897E-001 -3.159946483415E+000  1.630371721657E+001  1.088079669587E-005  1.652029484314E+000
  1.044875806003E+000  6.255721468929E-001 -2.954677681748E+000  1.522904932855E+001  1.283278053497E-005  1.686350905982E+000
  1.058066607138E+000  5.878925464230E-001 -2.760564153619E+000  1.421454741470E+001  1.503985655471E-005  1.721635068014E+000
  1.071426311823E+000  5.522517641134E-001 -2.577131056483E+000  1.325748830235E+001  1.752743908422E-005  1.757902218748E+000
  1.084957648792E+000  5.185654082814E-001 -2.403917202724E+000  1.235523712658E+001  2.032304486300E-005  1.795171330795E+000
  1.098663403298E+000  4.867512634088E-001 -2.240474957998E+000  1.150524620526E+001  2.345639185711E-005  1.833459787026E+000
  1.112546418516E+000  4.567292864272E-001 -2.086370126735E+000  1.070505384099E+001  2.695948439749E-005  1.872783027359E+000
  1.126609596985E+000  4.284216007734E-001 -1.941181825384E+000  9.952283054168E+000  3.086667903434E-005  1.913154153838E+000
  1.140855902095E+000  4.017524882823E-001 -1.804502343988E+000  9.244640252023E+000  3.521472439911E-005  1.954583491958E+000
  1.155288359613E+000  3.766483789859E-001 -1.675936996675E+000  8.579913837871E+000  4.004276717192E-005  1.997078106763E+000
  1.169910059257E+000  3.530378388888E-001 -1.555103961667E+000  7.955972765335E+000  4.539231497763E-005  2.040641273161E+000
  1.184724156317E+000  3.308515557933E-001 -1.441634111402E+000  7.370765041968E+000  5.130714573707E-005  2.085271901059E+000
  1.199733873325E+000  3.100223232458E-001 -1.335170833377E+000  6.822316186803E+000  5.783315174209E-005  2.130963917463E+000
  1.214942501771E+000  2.904850226786E-001 -1.235369842311E+000  6.308727646303E+000  6.501810559258E-005  2.177705609618E+000
  1.230353403874E+000  2.721766038236E-001 -1.141898984221E+000  5.828175173114E+000  7.291133425992E-005  2.225478935638E+000
  1.245970014403E+000  2.550360634709E-001 -1.054438033022E+000  5.378907171986E+000  8.156328707907E-005  2.274258811944E+000
  1.261795842559E+000  2.390044226497E-001 -9.726784802266E-001  4.959243017144E+000  9.102498361944E-005  2.324012390137E+000
  1.277834473907E+000  2.240247023067E-001 -8.963233183431E-001  4.567571345300E+000  1.013473283677E-004  2.374698339741E+000
  1.294089572372E+000  2.100418975584E-001 -8.250868185399E-001  4.202348328430E+000  1.125802812187E-004  2.426266157380E+000
  1.310564882294E+000  1.970029505923E-001 -7.586943031508E-001  3.862095930304E+000  1.247718762064E-004  2.478655527419E+000
  1.327264230548E+000  1.848567222936E-001 -6.968819135763E-001  3.545400150683E+000  1.379670859288E-004  2.531795763508E+000
  1.344191528724E+000  1.735539626718E-001 -6.393963741280E-001  3.250909260935E+000  1.522065359618E-004  2.585605364731E+000
  1.361350775387E+000  1.630472801615E-001 -5.859947523502E-001  2.977332034737E+000  1.675250823073E-004  2.639991723691E+000
  1.378746058390E+000  1.532911098718E-001 -5.364442163365E-001  2.723435977365E+000  1.839502755346E-004  2.694851026382E+000
  1.396381557275E+000  1.442416808568E-001 -4.905217895494E-001  2.488045556942E+000  2.015007475078E-004  2.750068384727E+000
  1.414261545744E+000  1.358569824790E-001 -4.480141036283E-001  2.270040440873E+000  2.201845698863E-004  2.805518241444E+000
  1.432390394201E+000  1.280967299369E-001 -4.087171496620E-001  2.068353740541E+000  2.399976471322E-004  2.861065083049E+000
  1.450772572390E+000  1.209223290267E-001 -3.724360283787E-001  1.881970267164E+000  2.609222193754E-004  2.916564489778E+000
  1.469412652102E+000  1.142968402062E-001 -3.389846996919E-001  1.709924801596E+000  2.829255607019E-004  2.971864540719E+000
  1.488315309978E+000  1.081849420286E-001 -3.081857320233E-001  1.551300380635E+000  3.059589646592E-004  3.026807578462E+000
  1.507485330398E+000  1.025528940125E-001 -2.798700518009E-001  1.405226602288E+000  3.299571092689E-004  3.081232320456E+000
  1.526927608467E+000  9.736849901223E-002 -2.538766935168E-001  1.270877952251E+000  3.548378872364E-004  3.134976284676E+000
  1.546647153093E+000  9.260106515240E-002 -2.300525507064E-001  1.147472153693E+000  3.805027723178E-004  3.187878476346E+000
  1.566649090169E+000  8.822136738842E-002 -2.082521281945E-001  1.034268542281E+000  4.068377697921E-004  3.239782261956E+000
  1.586938665861E+000  8.420160875360E-002 -1.883372959319E-001  9.305664682147E-001  4.337149684445E-004  3.290538338393E+000
  1.607521250000E+000  8.051538135204E-002 -1.701770447301E-001  8.357037268686E-001  4.609946752926E-004  3.340007690710E+000
  1.628402339588E+000  7.713762715524E-002 -1.536472441809E-001  7.490550194820E-001  4.885280753595E-004  3.388064423672E+000
  1.649587562420E+000  7.404459865876E-002 -1.386304030312E-001  6.700304451904E-001  5.161603207843E-004  3.434598351057E+000
  1.671082680832E+000  7.121381945426E-002 -1.250154322634E-001  5.980740255239E-001  5.437339204567E-004  3.479517233657E+000
  1.692893595565E+000  6.862404477059E-002 -1.126974111169E-001  5.326622623578E-001  5.710922768951E-004  3.522748571751E+000
  1.715026349769E+000  6.625522203663E-002 -1.015773562666E-001  4.733027301544E-001  5.980832042251E-004  3.564240879738E+000
  1.737487133138E+000  6.408845151718E-002 -9.156199436060E-002  4.195327031978E-001  6.245622614407E-004  3.603964397768E+000
  1.760282286187E+000  6.210594707203E-002 -8.256353810131E-002  3.709178183897E-001  6.503957487699E-004  3.641911225298E+000
  1.783418304674E+000  6.029099708713E-002 -7.449946604171E-002  3.270507740499E-001  6.754632402656E-004  3.678094891853E+000
  1.806901844175E+000  5.862792562578E-002 -6.729230625203E-002  2.875500650463E-001  6.996595598906E-004  3.712549408355E+000
  1.830739724818E+000  5.710205384641E-002 -6.086942400031E-002  2.520587544651E-001  7.228961475162E-004  3.745327865930E+000
  1.854938936184E+000  5.569966173270E-002 -5.516281357676E-002  2.202432819308E-001  7.451018013213E-004  3.776500666480E+000
  1.879506642368E+000  5.440795018041E-002 -5.010889438039E-002  1.917923085865E-001  7.662228203123E-004  3.806153479819E+000
  1.904450187236E+000  5.321500348456E-002 -4.564831137477E-002  1.664155986548E-001  7.862226019540E-004  3.834385025530E+000
  1.929777099847E+000  5.210975226912E-002 -4.172574000987E-002  1.438429374203E-001  8.050807733185E-004  3.861304774778E+000
  1.955495100083E+000  5.108193690080E-002 -3.828969569679E-002  1.238230853983E-001  8.227919487637E-004  3.887030659000E+000
  1.981612104475E+000  5.012207142678E-002 -3.529234791324E-002  1.061227683882E-001  8.393642132406E-004  3.911686860341E+000
  2.008136232230E+000  4.922140807577E-002 -3.268933900945E-002  9.052570305051E-002  8.548174288464E-004  3.935401744252E+000
  2.035075811486E+000  4.837190235994E-002 -3.043960777588E-002  7.683165759404E-002  8.691814547868E-004  3.958305979360E+000
  2.062439385788E+000  4.756617881463E-002 -2.850521782720E-002  6.485554711391E-002  8.824943592660E-004  3.980530874766E+000
  2.090235720801E+000  4.679749741086E-002 -2.685119084969E-002  5.442656308120E-002  8.948006877407E-004  4.002206951170E+000
  2.118473811262E+000  4.605972067468E-002 -2.544534475310E-002  4.538733645242E-002  9.061498370796E-004  4.023462750400E+000
  2.147162888201E+000  4.534728154577E-002 -2.425813676122E-002  3.759313383835E-002  9.165945706473E-004  4.044423878268E+000
  2.176312426413E+000  4.465515200594E-002 -2.326251147010E-002  3.091108614925E-002  9.261896961490E-004  4.065212268343E+000
  2.205932152222E+000  4.397881250680E-002 -2.243375389617E-002  2.521944911500E-002  9.349909167347E-004  4.085945649012E+000
  2.236032051522E+000  4.331422222365E-002 -2.174934753146E-002  2.040689506415E-002  9.430538566625E-004  4.106737193029E+000
  2.266622378129E+000  4.265779016104E-002 -2.118883741681E-002  1.637183533514E-002  9.504332557533E-004  4.127695327149E+000
  2.297713662445E+000  4.200634713310E-002 -2.073369823824E-002  1.302177268459E-002  9.571823218195E-004  4.148923679177E+000
  2.329316720450E+000  4.135711863959E-002 -2.036720744585E-002  1.027268305176E-002  9.633522269453E-004  4.170521140548E+000
  2.361442663038E+000  4.070769865634E-002 -2.007432338799E-002  8.048426034444E-003  9.689917316740E-004  4.192582023946E+000
  2.394102905709E+000  4.005602435604E-002 -1.984156844752E-002  6.280183428515E-003  9.741469204826E-004  4.215196297418E+000
  2.427309178642E+000  3.940035177304E-002 -1.965691715994E-002  4.905925181523E-003  9.788610321263E-004  4.238449878533E+000
  2.461073537146E+000  3.873923242271E-002 -1.950968928628E-002  3.869902109091E-003  9.831743692584E-004  4.262424974406E+000
  2.495408372530E+000  3.807149088332E-002 -1.939044780662E-002  3.122164721103E-003  9.871242729479E-004  4.287200455580E+000
  2.530326423398E+000  3.739620334536E-002 -1.929090179201E-002  2.618107502706E-003  9.907451491759E-004  4.312852253837E+000
  2.565840787378E+000  3.671267713019E-002 -1.920381410525E-002  2.318037992390E-003  9.940685359308E-004  4.339453775948E+000
  2.601964933334E+000  3.602043117684E-002 -1.912291387243E-002  2.186769995842E-003  9.971232010745E-004  4.367076327063E+000
  2.638712714049E+000  3.531917749258E-002 -1.904281365900E-002  2.193240269734E-003  9.999352626329E-004  4.395789539008E+000
  2.676098379430E+000  3.460880355987E-002 -1.895893127538E-002  2.310148003910E-003  1.002528324539E-003  4.425661800010E+000
  2.714136590232E+000  3.388935568899E-002 -1.886741612871E-002  2.513616423723E-003  1.004923622080E-003  4.456760683578E+000
  2.752842432351E+000  3.316102330270E-002 -1.876508002825E-002  2.782875826532E-003  1.007140172408E-003  4.489153375155E+000
  2.792231431696E+000  3.242412413606E-002 -1.864933234358E-002  3.099967357676E-003  1.009194926422E-003  4.522907096002E+000
  2.832319569669E+000  3.167909033173E-002 -1.851811940592E-002  3.449466821936E-003  1.011102919119E-003  4.558089524439E+000
  2.873123299289E+000  3.092645540817E-002 -1.836986803457E-002  3.818227816590E-003  1.012877416216E-003  4.594769215096E+000
  2.914659561979E+000  3.016684207531E-002 -1.820343306242E-002  4.195143462172E-003  1.014530055412E-003  4.633016017351E+000
  2.956945805065E+000  2.940095087003E-002 -1.801804872666E-002  4.570925997094E-003  1.016070981091E-003  4.672901494441E+000
  3.000000000000E+000  2.862954958114E-002 -1.781328378380E-002  4.937903492828E-003  1.017508971690E-003  4.714499345159E+000
  3.043840661365E+000  2.785346343163E-002 -1.758900020125E-002  5.289832937654E-003  1.018851559223E-003  4.757885830249E+000
  3.088486866678E+000  2.707356598402E-002 -1.734531527204E-002  5.621728929517E-003  1.020105140697E-003  4.803140205934E+000
  3.133958277047E+000  2.629077073296E-002 -1.708256699374E-002  5.929707212510E-003  1.021275081344E-003  4.850345167232E+000
  3.180275158719E+000  2.550602334810E-002 -1.680128254856E-002  6.210842287392E-003  1.022365809737E-003  4.899587303937E+000
  3.227458405560E+000  2.472029452901E-002 -1.650214971800E-002  6.463038324555E-003  1.023380904943E-003  4.950957572405E+000
  3.275529562509E+000  2.393457343333E-002 -1.618599106283E-002  6.684912608323E-003  1.024323175961E-003  5.004551786521E+000
  3.324510850077E+000  2.314986163891E-002 -1.585374069771E-002  6.875690744541E-003  1.025194733732E-003  5.060471131476E+000
  3.374425189910E+000  2.236716760055E-002 -1.550642348914E-002  7.035112869380E-003  1.025997056052E-003  5.118822704317E+000
  3.425296231502E+000  2.158750156240E-002 -1.514513650596E-002  7.163350106152E-003  1.026731045723E-003  5.179720085523E+000
  3.477148380094E+000  2.081187088728E-002 -1.477103255294E-002  7.260930528842E-003  1.027397082293E-003  5.243283946257E+000
  3.530006825834E+000  2.004127576548E-002 -1.438530562049E-002  7.328673905995E-003  1.027995067736E-003  5.309642696363E+000
  3.583897574256E+000  1.927670526651E-002 -1.398917808714E-002  7.367634516486E-003  1.028524466417E-003  5.378933178647E+000
  3.638847478148E+000  1.851913369881E-002 -1.358388951533E-002  7.379051349454E-003  1.028984339646E-003  5.451301415567E+000
  3.694884270887E+000  1.776951724425E-002 -1.317068688670E-002  7.364305024123E-003  1.029373375157E-003  5.526903415037E+000
  3.752036601308E+000  1.702879083622E-002 -1.275081612873E-002  7.324880791176E-003  1.029689911767E-003  5.605906042830E+000
  3.810334070199E+000  1.629786525246E-002 -1.232551479149E-002  7.262337005466E-003  1.029931959515E-003  5.688487969837E+000
  3.869807268505E+000  1.557762439604E-002 -1.189600574051E-002  7.178278490013E-003  1.030097215468E-003  5.774840703441E+000
  3.930487817331E+000  1.486892274092E-002 -1.146349173970E-002  7.074334242927E-003  1.030183075455E-003  5.865169713299E+000
  3.992408409843E+000  1.417258292099E-002 -1.102915080684E-002  6.952138971979E-003  1.030186641865E-003  5.959695663117E+000
  4.055602855172E+000  1.348939344470E-002 -1.059413223266E-002  6.813317975573E-003  1.030104727684E-003  6.058655761396E+000
  4.120106124432E+000  1.282010652046E-002 -1.015955316393E-002  6.659474923527E-003  1.029933856873E-003  6.162305245805E+000
  4.185954398964E+000  1.216543598096E-002 -9.726495659945E-003  6.492182126072E-003  1.029670261176E-003  6.270919017693E+000
  4.253185120935E+000  1.152605529789E-002 -9.296004141477E-003  6.312972914431E-003  1.029309873393E-003  6.384793445460E+000
  4.321837046422E+000  1.090259568179E-002 -8.869083160612E-003  6.123335791017E-003  1.028848317138E-003  6.504248357997E+000
  4.391950301120E+000  1.029564426472E-002 -8.446695429151E-003  5.924710041376E-003  1.028280893030E-003  6.629629252333E+000
  4.463566438835E+000  9.705742366684E-003 -8.029760052700E-003  5.718482533234E-003  1.027602561245E-003  6.761309742953E+000
  4.536728502895E+000  9.133383849754E-003 -7.619150926470E-003  5.505985460212E-003  1.026807920302E-003  6.899694284183E+000
  4.611481090679E+000  8.579013566496E-003 -7.215695257622E-003  5.288494818696E-003  1.025891181890E-003  7.045221201555E+000
  4.687870421430E+000  8.043025912234E-003 -6.820172187369E-003  5.067229435870E-003  1.024846141497E-003  7.198366073317E+000
  4.765944407533E+000  7.525763492921E-003 -6.433311494034E-003  4.843350394858E-003  1.023666144535E-003  7.359645509443E+000
  4.845752729492E+000  7.027515922685E-003 -6.055792365772E-003  4.617960729195E-003  1.022344047573E-003  7.529621382673E+000
  4.927346914797E+000  6.548518767001E-003 -5.688242238591E-003  4.392105283334E-003  1.020872174209E-003  7.708905574549E+000
  5.010780420931E+000  6.088952649016E-003 -5.331235701725E-003  4.166770658551E-003  1.019242265014E-003  7.898165309345E+000
  5.096108722763E+000  5.648942537742E-003 -4.985293478105E-003  3.942885184350E-003  1.017445420874E-003  8.098129160460E+000
  5.183389404586E+000  5.228557237679E-003 -4.650881492716E-003  3.721318874288E-003  1.015472038923E-003  8.309593827666E+000
  5.272682257105E+000  4.827809099781E-003 -4.328410045963E-003  3.502883341993E-003  1.013311740102E-003  8.533431799955E+000
  5.364049379651E+000  4.446653973632E-003 -4.018233112684E-003  3.288331668037E-003  1.010953287216E-003  8.770600038166E+000
  5.457555287978E+000  4.084991420130E-003 -3.720647790226E-003  3.078358221232E-003  1.008384492135E-003  9.022149834762E+000
  5.553267027968E+000  3.742665202951E-003 -3.435893920900E-003  2.873598448922E-003  1.005592110548E-003  9.289238035816E+000
  5.651254295630E+000  3.419464075488E-003 -3.164153915245E-003  2.674628659843E-003  1.002561722365E-003  9.573139843520E+000
  5.751589563796E+000  3.115122877916E-003 -2.905552802767E-003  2.481965830310E-003  9.992775955192E-004  9.875263457531E+000
  5.854348215936E+000  2.829323956432E-003 -2.660158536202E-003  2.296067469796E-003  9.957225304751E-004  1.019716686181E+001
  5.959608687557E+000  2.561698913642E-003 -2.427982573913E-003  2.117331585463E-003  9.918776822211E-004  1.054057712222E+001
  6.067452615683E+000  2.311830695509E-003 -2.208980762784E-003  1.946096787058E-003  9.877223558887E-004  1.090741263150E+001
  6.177964996951E+000  2.079256016242E-003 -2.003054540868E-003  1.782642573744E-003  9.832337713466E-004  1.129980882545E+001
  6.291234354880E+000  1.863468118088E-003 -1.810052475305E-003  1.627189843063E-003  9.783867911452E-004  1.172014800122E+001
  6.407352916949E+000  1.663919858188E-003 -1.629772146477E-003  1.479901659485E-003  9.731536049808E-004  1.217109400057E+001
  6.526416802128E+000  1.480027109608E-003 -1.461962384298E-003  1.340884315877E-003  9.675033623533E-004  1.265563268460E+001
  6.648526219580E+000  1.311172458294E-003 -1.306325856842E-003  1.210188715992E-003  9.614017431979E-004  1.317711933012E+001
  6.773785679311E+000  1.156709172352E-003 -1.162522005456E-003  1.087812099789E-003  9.548104539157E-004  1.373933433246E+001
  6.902304215570E+000  1.015965414540E-003 -1.030170314048E-003  9.737001262939E-004  9.476866332005E-004  1.434654892082E+001
  7.034195623922E+000  8.882486635215E-004 -9.088538936289E-004  8.677493208400E-004  9.399821482293E-004  1.500360299788E+001
  7.169578712934E+000  7.728503042664E-004 -7.981233564596E-004  7.698098852769E-004  9.316427568505E-004  1.571599773298E+001
  7.308577571516E+000  6.690503431686E-004 -6.975009475623E-004  6.796888610477E-004  9.226071049848E-004  1.649000620160E+001
  7.451321853057E+000  5.761221991031E-004 -6.064848949238E-004  5.971536263346E-004  9.128055201350E-004  1.733280622010E+001
  7.597947077547E+000  4.933375179204E-004 -5.245539337537E-004  5.219356998277E-004  9.021585509002E-004  1.825264063887E+001
  7.748594953021E+000  4.199709549072E-004 -4.511719547251E-004  4.537348153527E-004  8.905751878100E-004  1.925901181799E+001
  7.903413717736E+000  3.553048676575E-004 -3.857927214424E-004  3.922232238062E-004  8.779506812771E-004  2.036291894090E+001
  8.062558504629E+000  2.986338607429E-004 -3.278645986037E-004  3.370501717999E-004  8.641638460366E-004  2.157714939930E+001
  8.226191729726E+000  2.492691236353E-004 -2.768352296145E-004  2.878465003203E-004  8.490737053043E-004  2.291663895572E+001
  8.394483506327E+000  2.065425046341E-004 -2.321561009060E-004  2.442293017684E-004  8.325152779231E-004  2.439892012004E+001
  8.567612086926E+000  1.698102661390E-004 -1.932869300521E-004  2.058065701286E-004  8.142942418041E-004  2.604468469080E+001
  8.745764335025E+000  1.384564705321E-004 -1.596998160467E-004  1.721817769026E-004  7.941801077259E-004  2.787849549560E+001
  8.929136229160E+000  1.118959511869E-004 -1.308830928838E-004  1.429583049471E-004  7.718973947101E-004  2.992969520239E+001
  9.117933401693E+000  8.957682967499E-005 -1.063448318817E-004  1.177436735843E-004  7.471140894771E-004  3.223357848056E+001
  9.312371715124E+000  7.098254800101E-005 -8.561594401293E-005  9.615349135853E-005  7.194263621503E-004  3.483292061184E+001
  9.512677878945E+000  5.563339353256E-005 -6.825284075628E-005  7.781507758599E-005  6.883380405383E-004  3.777999542033E+001
  9.719090110332E+000  4.308750402449E-005 -5.383962056142E-005  6.237070035124E-005  6.532326191479E-004  4.113927551332E+001
  9.931858842267E+000  3.294135053328E-005 -4.198975773209E-005  4.948038670635E-005  6.133344313729E-004  4.499110068434E+001
  1.015124748302E+001  2.482970680290E-005 -3.234728114772E-005  3.882427036680E-005  5.676537534033E-004  4.943674721726E+001
  1.037753323129E+001  1.842512456490E-005 -2.458744147425E-005  3.010445291587E-005  5.149075089519E-004  5.460556947824E+001
  1.061100795175E+001  1.343694479020E-005 -1.841687702505E-005  2.304636612856E-005  4.534019139943E-004  6.066528478290E+001
  1.085197911611E+001  9.609884894808E-006 -1.357329985132E-005  1.739963514481E-005  3.808539022319E-004  6.783716495595E+001
  1.110077081537E+001  6.722250874155E-006 -9.824734573506E-006  1.293845445659E-005  2.941105393283E-004  7.641914589954E+001
  1.135772484956E+001  4.583830967922E-006 -6.968352507661E-006  9.461500590427E-006  1.886913163580E-004  8.682222009242E+001
  1.162320190175E+001  3.033533419475E-006 -4.828952400154E-006  6.791416517235E-006  5.800761793696E-005  9.963015905339E+001
  1.189758280382E+001  1.936834922286E-006 -3.257146199996E-006  4.773912766917E-006 -1.080414613636E-004  1.157025371990E+002
  1.218126990242E+001  1.183108238633E-006 -2.127313460037E-006  3.276538556589E-006 -3.257670206607E-004  1.363637467230E+002
  1.247468853413E+001  6.828971185088E-007 -1.335390930451E-006  2.187182604751E-006 -6.233228069186E-004  1.637779100507E+002
  1.277828862002E+001  3.652040227046E-007 -7.965645452505E-007  1.412367423286E-006 -1.053812254564E-003  2.017724654697E+002
  1.309254639077E+001  1.748513547246E-007 -4.429292669304E-007  8.754025779464E-007 -1.730682751106E-003  2.579194442910E+002
  1.341796625462E+001  6.997013343726E-008 -2.211782239330E-007  5.144616243646E-007 -2.946726401466E-003  3.500011872422E+002
  1.375508282195E+001  1.966159988493E-008 -9.037644792251E-008  2.806442257080E-007 -5.750099205337E-003  5.343602367526E+002
  1.410446310162E+001  1.867549474302E-009 -1.986660459611E-008  1.360795338476E-007 -1.781777072070E-002  1.171160400858E+003
  1.446670888596E+001  1.474690995678E-009  1.265517446225E-008  5.211958562277E-008  1.936327515202E-002  1.267087895372E+003
  1.484245934302E+001  8.667580250319E-009  2.286541917649E-008  7.662654614608E-009  8.259144104630E-003  7.021142612583E+002
  1.523239383723E+001  1.753419712497E-008  2.132397650968E-008 -1.236328491126E-008  5.552632697896E-003  5.551518482027E+002
  1.563723500136E+001  2.491854838087E-008  1.476205758460E-008 -1.833702258115E-008  4.363847215051E-003  4.937792532359E+002
  1.605775208607E+001  2.950624432482E-008  7.150090005280E-009 -1.709058547071E-008  3.698214630456E-003  4.667336430912E+002
  1.649476461582E+001  3.112218461421E-008  5.561273169945E-010 -1.286514120357E-008  3.273367781943E-003  4.585116695838E+002
  1.694914638379E+001  3.021454631879E-008 -4.187675625403E-009 -8.083918922901E-009  2.978995715292E-003  4.630576453526E+002
  1.742182982203E+001  2.749630812498E-008 -6.988081690271E-009 -3.956364244030E-009  2.763200270256E-003  4.778397666043E+002
  1.791381078784E+001  2.371453624897E-008 -8.137842500837E-009 -9.325961560720E-010  2.598370784876E-003  5.019982534745E+002
  1.842615381215E+001  1.951843078893E-008 -8.080260766462E-009  9.697795807420E-010  2.468470045165E-003  5.356635788366E+002
  1.895999786176E+001  1.539939873652E-008 -7.265269403282E-009  1.943266737084E-009  2.363547410491E-003  5.797033767629E+002
  1.951656267356E+001  1.167980798220E-008 -6.073050780096E-009  2.249687336526E-009  2.277102293539E-003  6.356653185108E+002
  2.009715572669E+001  8.531164508332E-009 -4.784257362236E-009  2.139959674660E-009  2.204708538879E-003  7.058368250304E+002
  2.070317992707E+001  6.006817549806E-009 -3.579563926789E-009  1.816106592376E-009  2.143248255634E-003  7.934001372311E+002
  2.133614208874E+001  4.078547151934E-009 -2.555177876086E-009  1.420414289008E-009  2.090461805312E-003  9.026899120569E+002
  2.199766230782E+001  2.670209753325E-009 -1.744699827537E-009  1.040097560112E-009  2.044671558469E-003  1.039581699281E+003
  2.268948433818E+001  1.684790555058E-009 -1.141080093065E-009  7.191131602635E-010  2.004605881244E-003  1.212062770829E+003
  2.341348709294E+001  1.023622851276E-009 -7.151720753459E-010  4.716530126976E-010  1.969283348435E-003  1.431068516714E+003
  2.417169741362E+001  5.981722520950E-010 -4.294559146606E-010  2.941912229216E-010  1.937934440472E-003  1.711715817343E+003
  2.496630426925E+001  3.357207870633E-010 -2.469019448205E-010  1.746953163047E-010  1.909947293211E-003  2.075141300543E+003
  2.579967457140E+001  1.806543626864E-010 -1.357432022160E-010  9.876630022536E-011  1.884829301248E-003  2.551276920068E+003
  2.667437081864E+001  9.301855527507E-011 -7.125515518211E-011  5.312743736505E-011  1.862179421210E-003  3.183101996001E+003
  2.759317081651E+001  4.572487362735E-011 -3.564309784117E-011  2.715537433227E-011  1.841667850968E-003  4.033260257158E+003
  2.855908975674E+001  2.140336110532E-011 -1.695105343579E-011  1.316553372404E-011  1.823020890652E-003  5.194531991940E+003
  2.957540498378E+001  9.512836912570E-012 -7.644100449717E-012  6.040615418080E-012  1.806009506855E-003  6.806707177812E+003
  3.064568382919E+001  4.001726517699E-012 -3.258760140973E-012  2.615794165917E-012  1.790440584650E-003  9.084296135659E+003
  3.177381495601E+001  1.587641601303E-012 -1.308871450756E-012  1.065694630465E-012  1.776150158256E-003  1.236297320981E+004
  3.296404372807E+001  5.917228720480E-013 -4.934084188728E-013  4.070050622781E-013  0.000000000000E+000  0.000000000000E+000
  3.422101220608E+001  2.062801295557E-013 -1.738353932598E-013  1.451211983554E-013  0.000000000000E+000  0.000000000000E+000
  3.554980447538E+001  6.693959430726E-014 -5.696962790033E-014  4.808773351572E-014  0.000000000000E+000  0.000000000000E+000
  3.695599813319E+001  2.011356601326E-014 -1.727619668321E-014  1.473274355044E-014  0.000000000000E+000  0.000000000000E+000
  3.844572291106E+001  5.563204339835E-015 -4.819809537116E-015  4.149502457658E-015  0.000000000000E+000  0.000000000000E+000
  4.002572758518E+001  1.407240935668E-015 -1.229108291134E-015  1.067595491751E-015  0.000000000000E+000  0.000000000000E+000
  4.170345654134E+001  3.232158550189E-016 -2.844611762666E-016  2.491371468175E-016  0.000000000000E+000  0.000000000000E+000
  4.348713762001E+001  6.686967795215E-017 -5.927590755757E-017  5.231975186484E-017  0.000000000000E+000  0.000000000000E+000
  4.538588318162E+001  1.235069537306E-017 -1.102251850916E-017  9.800085652057E-018  0.000000000000E+000  0.000000000000E+000
  4.740980671574E+001  2.016812193384E-018 -1.799247040209E-018  1.609699264657E-018  0.000000000000E+000  0.000000000000E+000
  4.957015778746E+001  2.864488361331E-019 -2.641038278540E-019  2.012424791191E-019  0.000000000000E+000  0.000000000000E+000
  5.187947869225E+001  3.159544814655E-020 -2.850811670533E-020  5.559205101644E-020  0.000000000000E+000  0.000000000000E+000
  5.435178690397E+001  6.647014148020E-021 -6.157829558026E-021  0.000000000000E+000  0.000000000000E+000  0.000000000000E+000
  5.700278828629E+001  0.000000000000E+000  0.000000000000E+000  0.000000000000E+000  0.000000000000E+000  0.000000000000E+000
  5.985012714155E+001  0.000000000000E+000  0.000000000000E+000  0.000000000000E+000  0.000000000000E+000  0.000000000000E+000
  6.291368055481E+001  0.000000000000E+000  0.000000000000E+000  0.000000000000E+000  0.000000000000E+000  0.000000000000E+000
  6.621590623276E+001  0.000000000000E+000  0.000000000000E+000  0.000000000000E+000  0.000000000000E+000  0.000000000000E+000
  6.978225524452E+001  0.000000000000E+000  0.000000000000E+000  0.000000000000E+000  0.000000000000E+000  0.000000000000E+000
  7.364166388185E+001  0.000000000000E+000  0.000000000000E+000  0.000000000000E+000  0.000000000000E+000  0.000000000000E+000
  7.782714245929E+001  0.000000000000E+000  0.000000000000E+000  0.000000000000E+000  0.000000000000E+000  0.000000000000E+000
  8.237648351994E+001  0.000000000000E+000  0.000000000000E+000  0.000000000000E+000  0.000000000000E+000  0.000000000000E+000
  8.733311794502E+001  0.000000000000E+000  0.000000000000E+000  0.000000000000E+000  0.000000000000E+000  0.000000000000E+000
  9.274715535088E+001  0.000000000000E+000  0.000000000000E+000  0.000000000000E+000  0.000000000000E+000  0.000000000000E+000
  9.867665554529E+001  0.000000000000E+000  0.000000000000E+000  0.000000000000E+000  0.000000000000E+000  0.000000000000E+000
  1.051891916055E+002  0.000000000000E+000  0.000000000000E+000  0.000000000000E+000  0.000000000000E+000  0.000000000000E+000
  1.123637836013E+002  0.000000000000E+000  0.000000000000E+000  0.000000000000E+000  0.000000000000E+000  0.000000000000E+000
  1.202933069206E+002  0.000000000000E+000  0.000000000000E+000  0.000000000000E+000  0.000000000000E+000  0.000000000000E+000
  1.290875131414E+002  0.000000000000E+000  0.000000000000E+000  0.000000000000E+000  0.000000000000E+000  0.000000000000E+000
  1.388768482001E+002  0.000000000000E+000  0.000000000000E+000  0.000000000000E+000  0.000000000000E+000  0.000000000000E+000
  1.498173177370E+002  0.000000000000E+000  0.000000000000E+000  0.000000000000E+000  0.000000000000E+000  0.000000000000E+000
  1.620967411853E+002  0.000000000000E+000  0.000000000000E+000  0.000000000000E+000  0.000000000000E+000  0.000000000000E+000
  1.759428668168E+002  0.000000000000E+000  0.000000000000E+000  0.000000000000E+000  0.000000000000E+000  0.000000000000E+000
  1.916340085825E+002  0.000000000000E+000  0.000000000000E+000  0.000000000000E+000  0.000000000000E+000  0.000000000000E+000
  2.095131417987E+002  0.000000000000E+000  0.000000000000E+000  0.000000000000E+000  0.000000000000E+000  0.000000000000E+000
  2.300068054477E+002  0.000000000000E+000  0.000000000000E+000  0.000000000000E+000  0.000000000000E+000  0.000000000000E+000
  2.536507797910E+002  0.000000000000E+000  0.000000000000E+000  0.000000000000E+000  0.000000000000E+000  0.000000000000E+000
  2.811254638474E+002  0.000000000000E+000  0.000000000000E+000  0.000000000000E+000  0.000000000000E+000  0.000000000000E+000
  3.133053780630E+002  0.000000000000E+000  0.000000000000E+000  0.000000000000E+000  0.000000000000E+000  0.000000000000E+000
  3.513296254502E+002  0.000000000000E+000  0.000000000000E+000  0.000000000000E+000  0.000000000000E+000  0.000000000000E+000
  3.967041014107E+002  0.000000000000E+000  0.000000000000E+000  0.000000000000E+000  0.000000000000E+000  0.000000000000E+000
  4.514529193350E+002  0.000000000000E+000  0.000000000000E+000  0.000000000000E+000  0.000000000000E+000  0.000000000000E+000
  5.183481233601E+002  0.000000000000E+000  0.000000000000E+000  0.000000000000E+000  0.000000000000E+000  0.000000000000E+000
  6.012676077950E+002  0.000000000000E+000  0.000000000000E+000  0.000000000000E+000  0.000000000000E+000  0.000000000000E+000
  7.057700503752E+002  0.000000000000E+000  0.000000000000E+000  0.000000000000E+000  0.000000000000E+000  0.000000000000E+000
  8.400513767914E+002  0.000000000000E+000  0.000000000000E+000  0.000000000000E+000  0.000000000000E+000  0.000000000000E+000
  1.016602135495E+003  0.000000000000E+000  0.000000000000E+000  0.000000000000E+000  0.000000000000E+000  0.000000000000E+000
  1.255220715579E+003  0.000000000000E+000  0.000000000000E+000  0.000000000000E+000  0.000000000000E+000  0.000000000000E+000
  1.588815776243E+003  0.000000000000E+000  0.000000000000E+000  0.000000000000E+000  0.000000000000E+000  0.000000000000E+000
  2.075392011604E+003  0.000000000000E+000  0.000000000000E+000  0.000000000000E+000  0.000000000000E+000  0.000000000000E+000
  2.825079847528E+003  0.000000000000E+000  0.000000000000E+000  0.000000000000E+000  0.000000000000E+000  0.000000000000E+000
  4.068408296183E+003  0.000000000000E+000  0.000000000000E+000  0.000000000000E+000  0.000000000000E+000  0.000000000000E+000
  6.357262947672E+003  0.000000000000E+000  0.000000000000E+000  0.000000000000E+000  0.000000000000E+000  0.000000000000E+000
  1.130231930164E+004  0.000000000000E+000  0.000000000000E+000  0.000000000000E+000  0.000000000000E+000  0.000000000000E+000
  2.543105175136E+004  0.000000000000E+000  0.000000000000E+000  0.000000000000E+000  0.000000000000E+000  0.000000000000E+000
  1.017262069952E+005  0.000000000000E+000  0.000000000000E+000  0.000000000000E+000  0.000000000000E+000  0.000000000000E+000
