# 1st line: number of mesh points
# abcissa wavefunction wavefunction_1st wavefunction_2nd
500
# Principal QN=   2 , l=   0 , Occupation=   2.0000
  9.830308526563E-006  1.015900167644E+001 -8.254395077639E+001  5.818396410561E+002
  3.932200719722E-005  1.015656756812E+001 -8.252679322622E+001  5.817115290417E+002
  8.847741541467E-005  1.015251163261E+001 -8.249820420532E+001  5.814980661920E+002
  1.573003992805E-004  1.014683523696E+001 -8.245819405393E+001  5.811993382333E+002
  2.457963722418E-004  1.013954029419E+001 -8.240677724066E+001  5.808154651117E+002
  3.539722959954E-004  1.013062926238E+001 -8.234397235482E+001  5.803466009232E+002
  4.818366816529E-004  1.012010514357E+001 -8.226980209652E+001  5.797929338228E+002
  6.293995911626E-004  1.010797148233E+001 -8.218429326458E+001  5.791546859139E+002
  7.966726389935E-004  1.009423236419E+001 -8.208747674230E+001  5.784321131186E+002
  9.836689940782E-004  1.007889241374E+001 -8.197938748100E+001  5.776255050268E+002
  1.190403382016E-003  1.006195679250E+001 -8.186006448148E+001  5.767351847267E+002
  1.416892087541E-003  1.004343119657E+001 -8.172955077325E+001  5.757615086149E+002
  1.663152957245E-003  1.002332185399E+001 -8.158789339169E+001  5.747048661878E+002
  1.929205402573E-003  1.000163552192E+001 -8.143514335303E+001  5.735656798126E+002
  2.215070403073E-003  9.978379483533E+000 -8.127135562727E+001  5.723444044800E+002
  2.520770509919E-003  9.953561544653E+000 -8.109658910899E+001  5.710415275374E+002
  2.846329849692E-003  9.927190030208E+000 -8.091090658611E+001  5.696575684033E+002
  3.191774128432E-003  9.899273780410E+000 -8.071437470653E+001  5.681930782629E+002
  3.557130635959E-003  9.869822146708E+000 -8.050706394283E+001  5.666486397452E+002
  3.942428250463E-003  9.838844987513E+000 -8.028904855488E+001  5.650248665822E+002
  4.347697443358E-003  9.806352663689E+000 -8.006040655052E+001  5.633224032494E+002
  4.772970284417E-003  9.772356033820E+000 -7.982121964423E+001  5.615419245886E+002
  5.218280447175E-003  9.736866449256E+000 -7.957157321389E+001  5.596841354136E+002
  5.683663214611E-003  9.699895748922E+000 -7.931155625563E+001  5.577497700982E+002
  6.169155485101E-003  9.661456253930E+000 -7.904126133676E+001  5.557395921467E+002
  6.674795778653E-003  9.621560761955E+000 -7.876078454689E+001  5.536543937484E+002
  7.200624243425E-003  9.580222541411E+000 -7.847022544717E+001  5.514949953149E+002
  7.746682662519E-003  9.537455325407E+000 -7.816968701782E+001  5.492622450019E+002
  8.313014461060E-003  9.493273305507E+000 -7.785927560380E+001  5.469570182145E+002
  8.899664713569E-003  9.447691125278E+000 -7.753910085881E+001  5.445802170970E+002
  9.506680151615E-003  9.400723873640E+000 -7.720927568762E+001  5.421327700079E+002
  1.013410917176E-002  9.352387078026E+000 -7.686991618666E+001  5.396156309795E+002
  1.078200184380E-002  9.302696697337E+000 -7.652114158304E+001  5.370297791637E+002
  1.145040991929E-002  9.251669114726E+000 -7.616307417202E+001  5.343762182624E+002
  1.213938684040E-002  9.199321130178E+000 -7.579583925287E+001  5.316559759455E+002
  1.284898774901E-002  9.145669952927E+000 -7.541956506326E+001  5.288701032546E+002
  1.357926949620E-002  9.090733193681E+000 -7.503438271221E+001  5.260196739940E+002
  1.433029065191E-002  9.034528856690E+000 -7.464042611154E+001  5.231057841092E+002
  1.510211151509E-002  8.977075331631E+000 -7.423783190603E+001  5.201295510530E+002
  1.589479412397E-002  8.918391385344E+000 -7.382673940223E+001  5.170921131400E+002
  1.670840226680E-002  8.858496153398E+000 -7.340729049590E+001  5.139946288897E+002
  1.754300149280E-002  8.797409131509E+000 -7.297962959833E+001  5.108382763589E+002
  1.839865912351E-002  8.735150166806E+000 -7.254390356137E+001  5.076242524633E+002
  1.927544426443E-002  8.671739448954E+000 -7.210026160135E+001  5.043537722895E+002
  2.017342781695E-002  8.607197501136E+000 -7.164885522190E+001  5.010280683976E+002
  2.109268249069E-002  8.541545170899E+000 -7.118983813568E+001  4.976483901141E+002
  2.203328281612E-002  8.474803620876E+000 -7.072336618518E+001  4.942160028169E+002
  2.299530515754E-002  8.406994319375E+000 -7.024959726248E+001  4.907321872122E+002
  2.397882772639E-002  8.338139030854E+000 -6.976869122819E+001  4.871982386035E+002
  2.498393059493E-002  8.268259806282E+000 -6.928080982951E+001  4.836154661537E+002
  2.601069571024E-002  8.197378973388E+000 -6.878611661744E+001  4.799851921408E+002
  2.705920690860E-002  8.125519126812E+000 -6.828477686335E+001  4.763087512072E+002
  2.812954993023E-002  8.052703118149E+000 -6.777695747481E+001  4.725874896039E+002
  2.922181243436E-002  7.978954045911E+000 -6.726282691071E+001  4.688227644297E+002
  3.033608401473E-002  7.904295245397E+000 -6.674255509598E+001  4.650159428652E+002
  3.147245621542E-002  7.828750278477E+000 -6.621631333558E+001  4.611684014040E+002
  3.263102254705E-002  7.752342923311E+000 -6.568427422817E+001  4.572815250796E+002
  3.381187850339E-002  7.675097163991E+000 -6.514661157932E+001  4.533567066896E+002
  3.501512157837E-002  7.597037180120E+000 -6.460350031431E+001  4.493953460183E+002
  3.624085128345E-002  7.518187336330E+000 -6.405511639073E+001  4.453988490566E+002
  3.748916916538E-002  7.438572171757E+000 -6.350163671075E+001  4.413686272212E+002
  3.876017882444E-002  7.358216389458E+000 -6.294323903323E+001  4.373060965731E+002
  4.005398593302E-002  7.277144845792E+000 -6.238010188574E+001  4.332126770357E+002
  4.137069825459E-002  7.195382539768E+000 -6.181240447645E+001  4.290897916139E+002
  4.271042566323E-002  7.112954602362E+000 -6.124032660603E+001  4.249388656138E+002
  4.407328016341E-002  7.029886285807E+000 -6.066404857963E+001  4.207613258640E+002
  4.545937591035E-002  6.946202952876E+000 -6.008375111889E+001  4.165585999392E+002
  4.686882923075E-002  6.861930066141E+000 -5.949961527415E+001  4.123321153864E+002
  4.830175864396E-002  6.777093177236E+000 -5.891182233690E+001  4.080832989543E+002
  4.975828488365E-002  6.691717916117E+000 -5.832055375246E+001  4.038135758264E+002
  5.123853091993E-002  6.605829980328E+000 -5.772599103304E+001  3.995243688588E+002
  5.274262198188E-002  6.519455124280E+000 -5.712831567111E+001  3.952170978228E+002
  5.427068558066E-002  6.432619148551E+000 -5.652770905330E+001  3.908931786525E+002
  5.582285153302E-002  6.345347889203E+000 -5.592435237480E+001  3.865540226989E+002
  5.739925198530E-002  6.257667207137E+000 -5.531842655423E+001  3.822010359907E+002
  5.900002143803E-002  6.169602977477E+000 -5.471011214922E+001  3.778356185014E+002
  6.062529677088E-002  6.081181079000E+000 -5.409958927264E+001  3.734591634249E+002
  6.227521726827E-002  5.992427383613E+000 -5.348703750951E+001  3.690730564587E+002
  6.394992464542E-002  5.903367745876E+000 -5.287263583476E+001  3.646786750960E+002
  6.564956307496E-002  5.814027992593E+000 -5.225656253177E+001  3.602773879268E+002
  6.737427921404E-002  5.724433912463E+000 -5.163899511179E+001  3.558705539491E+002
  6.912422223211E-002  5.634611245798E+000 -5.102011023440E+001  3.514595218899E+002
  7.089954383907E-002  5.544585674316E+000 -5.040008362883E+001  3.470456295369E+002
  7.270039831418E-002  5.454382811024E+000 -4.977909001637E+001  3.426302030821E+002
  7.452694253540E-002  5.364028190169E+000 -4.915730303398E+001  3.382145564759E+002
  7.637933600943E-002  5.273547257297E+000 -4.853489515883E+001  3.337999907944E+002
  7.825774090225E-002  5.182965359399E+000 -4.791203763424E+001  3.293877936189E+002
  8.016232207035E-002  5.092307735158E+000 -4.728890039675E+001  3.249792384285E+002
  8.209324709253E-002  5.001599505304E+000 -4.666565200448E+001  3.205755840061E+002
  8.405068630235E-002  4.910865663083E+000 -4.604245956683E+001  3.161780738584E+002
  8.603481282122E-002  4.820131064831E+000 -4.541948867562E+001  3.117879356507E+002
  8.804580259214E-002  4.729420420684E+000 -4.479690333753E+001  3.074063806556E+002
  9.008383441408E-002  4.638758285397E+000 -4.417486590809E+001  3.030346032180E+002
  9.214908997710E-002  4.548169049303E+000 -4.355353702714E+001  2.986737802343E+002
  9.424175389809E-002  4.457676929399E+000 -4.293307555582E+001  2.943250706488E+002
  9.636201375725E-002  4.367305960577E+000 -4.231363851517E+001  2.899896149657E+002
  9.851006013526E-002  4.277079986989E+000 -4.169538102631E+001  2.856685347779E+002
  1.006860866512E-001  4.187022653560E+000 -4.107845625230E+001  2.813629323124E+002
  1.028902900012E-001  4.097157397655E+000 -4.046301534163E+001  2.770738899939E+002
  1.051228699979E-001  4.007507440895E+000 -3.984920737350E+001  2.728024700247E+002
  1.073840296104E-001  3.918095781129E+000 -3.923717930478E+001  2.685497139833E+002
  1.096739750056E-001  3.828945184569E+000 -3.862707591878E+001  2.643166424412E+002
  1.119929155896E-001  3.740078178086E+000 -3.801903977582E+001  2.601042545970E+002
  1.143410640503E-001  3.651517041675E+000 -3.741321116557E+001  2.559135279304E+002
  1.167186364011E-001  3.563283801086E+000 -3.680972806136E+001  2.517454178744E+002
  1.191258520249E-001  3.475400220633E+000 -3.620872607622E+001  2.476008575057E+002
  1.215629337189E-001  3.387887796168E+000 -3.561033842092E+001  2.434807572560E+002
  1.240301077413E-001  3.300767748241E+000 -3.501469586385E+001  2.393860046408E+002
  1.265276038575E-001  3.214061015437E+000 -3.442192669288E+001  2.353174640090E+002
  1.290556553882E-001  3.127788247895E+000 -3.383215667913E+001  2.312759763110E+002
  1.316144992580E-001  3.041969801006E+000 -3.324550904269E+001  2.272623588877E+002
  1.342043760450E-001  2.956625729304E+000 -3.266210442034E+001  2.232774052777E+002
  1.368255300316E-001  2.871775780536E+000 -3.208206083515E+001  2.193218850455E+002
  1.394782092560E-001  2.787439389930E+000 -3.150549366824E+001  2.153965436292E+002
  1.421626655646E-001  2.703635674641E+000 -3.093251563228E+001  2.115021022077E+002
  1.448791546661E-001  2.620383428399E+000 -3.036323674722E+001  2.076392575884E+002
  1.476279361856E-001  2.537701116343E+000 -2.979776431781E+001  2.038086821138E+002
  1.504092737207E-001  2.455606870043E+000 -2.923620291324E+001  2.000110235888E+002
  1.532234348983E-001  2.374118482729E+000 -2.867865434871E+001  1.962469052271E+002
  1.560706914324E-001  2.293253404697E+000 -2.812521766895E+001  1.925169256173E+002
  1.589513191834E-001  2.213028738920E+000 -2.757598913377E+001  1.888216587088E+002
  1.618655982178E-001  2.133461236849E+000 -2.703106220552E+001  1.851616538167E+002
  1.648138128702E-001  2.054567294408E+000 -2.649052753855E+001  1.815374356462E+002
  1.677962518056E-001  1.976362948179E+000 -2.595447297054E+001  1.779495043355E+002
  1.708132080832E-001  1.898863871788E+000 -2.542298351581E+001  1.743983355185E+002
  1.738649792215E-001  1.822085372474E+000 -2.489614136050E+001  1.708843804051E+002
  1.769518672648E-001  1.746042387855E+000 -2.437402585962E+001  1.674080658804E+002
  1.800741788507E-001  1.670749482883E+000 -2.385671353601E+001  1.639697946222E+002
  1.832322252791E-001  1.596220846990E+000 -2.334427808112E+001  1.605699452359E+002
  1.864263225826E-001  1.522470291420E+000 -2.283679035753E+001  1.572088724071E+002
  1.896567915983E-001  1.449511246746E+000 -2.233431840340E+001  1.538869070717E+002
  1.929239580409E-001  1.377356760578E+000 -2.183692743850E+001  1.506043566023E+002
  1.962281525771E-001  1.306019495451E+000 -2.134467987217E+001  1.473615050121E+002
  1.995697109023E-001  1.235511726891E+000 -2.085763531276E+001  1.441586131736E+002
  2.029489738173E-001  1.165845341670E+000 -2.037585057889E+001  1.409959190543E+002
  2.063662873085E-001  1.097031836229E+000 -1.989937971227E+001  1.378736379672E+002
  2.098220026275E-001  1.029082315283E+000 -1.942827399208E+001  1.347919628361E+002
  2.133164763746E-001  9.620074905941E-001 -1.896258195099E+001  1.317510644756E+002
  2.168500705817E-001  8.958176799194E-001 -1.850234939254E+001  1.287510918849E+002
  2.204231527988E-001  8.305228061247E-001 -1.804761941014E+001  1.257921725556E+002
  2.240360961807E-001  7.661323964641E-001 -1.759843240737E+001  1.228744127915E+002
  2.276892795770E-001  7.026555820215E-001 -1.715482611977E+001  1.199978980424E+002
  2.313830876220E-001  6.401010973131E-001 -1.671683563780E+001  1.171626932484E+002
  2.351179108282E-001  5.784772800462E-001 -1.628449343127E+001  1.143688431964E+002
  2.388941456809E-001  5.177920710318E-001 -1.585782937489E+001  1.116163728879E+002
  2.427121947345E-001  4.580530142486E-001 -1.543687077500E+001  1.089052879159E+002
  2.465724667110E-001  3.992672570543E-001 -1.502164239753E+001  1.062355748531E+002
  2.504753766009E-001  3.414415505420E-001 -1.461216649694E+001  1.036072016479E+002
  2.544213457654E-001  2.845822500378E-001 -1.420846284625E+001  1.010201180300E+002
  2.584108020414E-001  2.286953157375E-001 -1.381054876809E+001  9.847425592344E+001
  2.624441798480E-001  1.737863134773E-001 -1.341843916659E+001  9.596952986728E+001
  2.665219202956E-001  1.198604156376E-001 -1.303214656023E+001  9.350583744304E+001
  2.706444712976E-001  6.692240217452E-002 -1.265168111545E+001  9.108305970829E+001
  2.748122876832E-001  1.497666177794E-002 -1.227705068109E+001  8.870106163578E+001
  2.790258313137E-001 -3.597280684899E-002 -1.190826082354E+001  8.635969255755E+001
  2.832855712010E-001 -8.592239359069E-002 -1.154531486247E+001  8.405878661336E+001
  2.875919836279E-001 -1.348688754041E-001 -1.118821390732E+001  8.179816320275E+001
  2.919455522717E-001 -1.828094146905E-001 -1.083695689421E+001  7.957762744026E+001
  2.963467683296E-001 -2.297415575577E-001 -1.049154062344E+001  7.739697061300E+001
  3.007961306479E-001 -2.756632319750E-001 -1.015195979742E+001  7.525597064016E+001
  3.052941458522E-001 -3.205727458238E-001 -9.818207058948E+000  7.315439253364E+001
  3.098413284823E-001 -3.644687848477E-001 -9.490273029956E+000  7.109198885934E+001
  3.144382011281E-001 -4.073504105032E-001 -9.168146350432E+000  6.906850019845E+001
  3.190852945695E-001 -4.492170577148E-001 -8.851813717660E+000  6.708365560817E+001
  3.237831479192E-001 -4.900685325369E-001 -8.541259925641E+000  6.513717308117E+001
  3.285323087679E-001 -5.299050097240E-001 -8.236467904669E+000  6.322876000342E+001
  3.333333333333E-001 -5.687270302129E-001 -7.937418761006E+000  6.135811360963E+001
  3.381867866117E-001 -6.065354985175E-001 -7.644091816628E+000  5.952492143580E+001
  3.430932425333E-001 -6.433316800397E-001 -7.356464648973E+000  5.772886176839E+001
  3.480532841203E-001 -6.791171982972E-001 -7.074513130677E+000  5.596960408959E+001
  3.530675036492E-001 -7.138940320700E-001 -6.798211469226E+000  5.424680951803E+001
  3.581365028158E-001 -7.476645124681E-001 -6.527532246514E+000  5.256013124463E+001
  3.632608929041E-001 -7.804313199205E-001 -6.262446458246E+000  5.090921496301E+001
  3.684412949588E-001 -8.121974810880E-001 -6.002923553164E+000  4.929369929398E+001
  3.736783399619E-001 -8.429663656993E-001 -5.748931472055E+000  4.771321620374E+001
  3.789726690123E-001 -8.727416833135E-001 -5.500436686509E+000  4.616739141528E+001
  3.843249335105E-001 -9.015274800078E-001 -5.257404237401E+000  4.465584481271E+001
  3.897357953460E-001 -9.293281349912E-001 -5.019797773067E+000  4.317819083797E+001
  3.952059270903E-001 -9.561483571459E-001 -4.787579587138E+000  4.173403887973E+001
  4.007360121927E-001 -9.819931814954E-001 -4.560710656025E+000  4.032299365402E+001
  4.063267451812E-001 -1.006867965599E+000 -4.339150676023E+000  3.894465557636E+001
  4.119788318683E-001 -1.030778385874E+000 -4.122858100011E+000  3.759862112506E+001
  4.176929895600E-001 -1.053730433845E+000 -3.911790173740E+000  3.628448319549E+001
  4.234699472710E-001 -1.075730412317E+000 -3.705902971687E+000  3.500183144494E+001
  4.293104459435E-001 -1.096784931474E+000 -3.505151432462E+000  3.375025262807E+001
  4.352152386716E-001 -1.116900904908E+000 -3.309489393765E+000  3.252933092261E+001
  4.411850909306E-001 -1.136085545560E+000 -3.118869626876E+000  3.133864824515E+001
  4.472207808110E-001 -1.154346361595E+000 -2.933243870670E+000  3.017778455705E+001
  4.533230992589E-001 -1.171691152191E+000 -2.752562865171E+000  2.904631816014E+001
  4.594928503202E-001 -1.188128003250E+000 -2.576776384616E+000  2.794382598230E+001
  4.657308513924E-001 -1.203665283026E+000 -2.405833270059E+000  2.686988385281E+001
  4.720379334802E-001 -1.218311637668E+000 -2.239681461492E+000  2.582406676744E+001
  4.784149414579E-001 -1.232075986682E+000 -2.078268029506E+000  2.480594914327E+001
  4.848627343381E-001 -1.244967518299E+000 -1.921539206491E+000  2.381510506328E+001
  4.913821855461E-001 -1.256995684758E+000 -1.769440417386E+000  2.285110851084E+001
  4.979741832006E-001 -1.268170197497E+000 -1.621916309990E+000  2.191353359395E+001
  5.046396304008E-001 -1.278501022245E+000 -1.478910784846E+000  2.100195475964E+001
  5.113794455212E-001 -1.287998374026E+000 -1.340367024715E+000  2.011594699839E+001
  5.181945625116E-001 -1.296672712058E+000 -1.206227523653E+000  1.925508603883E+001
  5.250859312060E-001 -1.304534734552E+000 -1.076434115713E+000  1.841894853297E+001
  5.320545176366E-001 -1.311595373412E+000 -9.509280032877E-001  1.760711223191E+001
  5.391013043575E-001 -1.317865788824E+000 -8.296497851167E-001  1.681915615254E+001
  5.462272907741E-001 -1.323357363743E+000 -7.125394839757E-001  1.605466073520E+001
  5.534334934816E-001 -1.328081698265E+000 -5.995365740774E-001  1.531320799276E+001
  5.607209466109E-001 -1.332050603889E+000 -4.905800082021E-001  1.459438165120E+001
  5.680907021827E-001 -1.335276097665E+000 -3.856082445865E-001  1.389776728208E+001
  5.755438304707E-001 -1.337770396228E+000 -2.845592735941E-001  1.322295242725E+001
  5.830814203728E-001 -1.339545909708E+000 -1.873706441949E-001  1.256952671592E+001
  5.907045797917E-001 -1.340615235524E+000 -9.397949027995E-002  1.193708197462E+001
  5.984144360243E-001 -1.340991152062E+000 -4.322556837201E-003  1.132521233020E+001
  6.062121361613E-001 -1.340686612215E+000  8.166377398372E-002  1.073351430643E+001
  6.140988474955E-001 -1.339714736817E+000  1.640434568919E-001  1.016158691428E+001
  6.220757579409E-001 -1.338088807938E+000  2.428807575343E-001  9.609031736448E+000
  6.301440764614E-001 -1.335822262064E+000  3.182402266068E-001  9.075453006451E+000
  6.383050335109E-001 -1.332928683139E+000  3.901866739739E-001  8.560457682529E+000
  6.465598814833E-001 -1.329421795493E+000  4.587851427691E-001  8.063655516885E+000
  6.549098951744E-001 -1.325315456634E+000  5.241008834560E-001  7.584659120519E+000
  6.633563722545E-001 -1.320623649920E+000  5.861993278248E-001  7.123084024058E+000
  6.719006337539E-001 -1.315360477102E+000  6.451460629032E-001  6.678548734935E+000
  6.805440245593E-001 -1.309540150743E+000  7.010068047627E-001  6.250674791272E+000
  6.892879139233E-001 -1.303176986520E+000  7.538473722004E-001  5.839086812819E+000
  6.981336959871E-001 -1.296285395395E+000  8.037336602805E-001  5.443412549280E+000
  7.070827903152E-001 -1.288879875675E+000  8.507316137193E-001  5.063282926375E+000
  7.161366424455E-001 -1.280975004953E+000  8.949072001010E-001  4.698332089939E+000
  7.252967244510E-001 -1.272585431937E+000  9.363263829131E-001  4.348197448394E+000
  7.345645355186E-001 -1.263725868166E+000  9.750550943921E-001  4.012519713859E+000
  7.439416025400E-001 -1.254411079624E+000  1.011159208173E+000  3.690942942216E+000
  7.534294807203E-001 -1.244655878251E+000  1.044704511737E+000  3.383114572368E+000
  7.630297542000E-001 -1.234475113354E+000  1.075756678657E+000  3.088685464968E+000
  7.727440366954E-001 -1.223883662934E+000  1.104381240643E+000  2.807309940827E+000
  7.825739721536E-001 -1.212896424918E+000  1.130643559378E+000  2.538645819246E+000
  7.925212354258E-001 -1.201528308317E+000  1.154608798176E+000  2.282354456442E+000
  8.025875329584E-001 -1.189794224308E+000  1.176341893436E+000  2.038100784263E+000
  8.127746035011E-001 -1.177709077255E+000  1.195907525938E+000  1.805553349349E+000
  8.230842188350E-001 -1.165287755664E+000  1.213370091963E+000  1.584384352867E+000
  8.335181845190E-001 -1.152545123090E+000  1.228793674278E+000  1.374269690949E+000
  8.440783406568E-001 -1.139496009007E+000  1.242242012989E+000  1.174888995917E+000
  8.547665626839E-001 -1.126155199635E+000  1.253778476293E+000  9.859256783791E-001
  8.655847621758E-001 -1.112537428755E+000  1.263466031146E+000  8.070669702444E-001
  8.765348876780E-001 -1.098657368497E+000  1.271367213883E+000  6.380039686901E-001
  8.876189255584E-001 -1.084529620131E+000  1.277544100805E+000  4.784316810932E-001
  8.988389008829E-001 -1.070168704866E+000  1.282058278782E+000  3.280490709164E-001
  9.101968783143E-001 -1.055589054661E+000  1.284970815894E+000  1.865591045187E-001
  9.216949630368E-001 -1.040805003066E+000  1.286342232149E+000  5.366879884241E-002
  9.333353017046E-001 -1.025830776106E+000  1.286232470317E+000 -7.091073009262E-002
  9.451200834176E-001 -1.010680483211E+000  1.284700866926E+000 -1.874642179731E-001
  9.570515407237E-001 -9.953681082138E-001  1.281806123451E+000 -2.962722023592E-001
  9.691319506484E-001 -9.799075004263E-001  1.277606277751E+000 -3.976109723551E-001
  9.813636357544E-001 -9.643123657970E-001  1.272158675793E+000 -4.917525179182E-001
  9.937489652293E-001 -9.485962581772E-001  1.265519943712E+000 -5.789644789590E-001
  1.006290356005E+000 -9.327725706982E-001  1.257745960263E+000 -6.595100943959E-001
  1.018990273907E+000 -9.168545272766E-001  1.248891829694E+000 -7.336481513398E-001
  1.031851234841E+000 -9.008551742613E-001  1.239011855120E+000 -8.016329345988E-001
  1.044875806003E+000 -8.847873722327E-001  1.228159512423E+000 -8.637141766980E-001
  1.058066607138E+000 -8.686637879704E-001  1.216387424744E+000 -9.201370086221E-001
  1.071426311823E+000 -8.524968866008E-001  1.203747337616E+000 -9.711419114929E-001
  1.084957648792E+000 -8.362989239377E-001  1.190290094788E+000 -1.016964669402E+000
  1.098663403298E+000 -8.200819390300E-001  1.176065614797E+000 -1.057836323621E+000
  1.112546418516E+000 -8.038577469283E-001  1.161122868333E+000 -1.093983128417E+000
  1.126609596985E+000 -7.876379316837E-001  1.145509856457E+000 -1.125626508698E+000
  1.140855902095E+000 -7.714338395913E-001  1.129273589714E+000 -1.152983019728E+000
  1.155288359613E+000 -7.552565726900E-001  1.112460068202E+000 -1.176264309124E+000
  1.169910059257E+000 -7.391169825309E-001  1.095114262629E+000 -1.195677081376E+000
  1.184724156317E+000 -7.230256642262E-001  1.077280096425E+000 -1.211423065099E+000
  1.199733873325E+000 -7.069929507891E-001  1.059000428941E+000 -1.223698983247E+000
  1.214942501771E+000 -6.910289077747E-001  1.040317039783E+000 -1.232696526495E+000
  1.230353403874E+000 -6.751433282341E-001  1.021270614328E+000 -1.238602329987E+000
  1.245970014403E+000 -6.593457279890E-001  1.001900730455E+000 -1.241597953669E+000
  1.261795842559E+000 -6.436453412374E-001  9.822458465323E-001 -1.241859866363E+000
  1.277834473907E+000 -6.280511164977E-001  9.623432906983E-001 -1.239559433792E+000
  1.294089572372E+000 -6.125717129001E-001  9.422292514655E-001 -1.234862910695E+000
  1.310564882294E+000 -5.972154968307E-001  9.219387696783E-001 -1.227931437216E+000
  1.327264230548E+000 -5.819905389364E-001  9.015057318533E-001 -1.218921039676E+000
  1.344191528724E+000 -5.669046114936E-001  8.809628649229E-001 -1.207982635888E+000
  1.361350775387E+000 -5.519651861487E-001  8.603417324046E-001 -1.195262045114E+000
  1.378746058390E+000 -5.371794320300E-001  8.396727320127E-001 -1.180900002768E+000
  1.396381557275E+000 -5.225542142377E-001  8.189850947239E-001 -1.165032179947E+000
  1.414261545744E+000 -5.080960927116E-001  7.983068853086E-001 -1.147789207878E+000
  1.432390394201E+000 -4.938113214775E-001  7.776650043316E-001 -1.129296707304E+000
  1.450772572390E+000 -4.797058482736E-001  7.570851916252E-001 -1.109675322885E+000
  1.469412652102E+000 -4.657853145550E-001  7.365920312309E-001 -1.089040762601E+000
  1.488315309978E+000 -4.520550558735E-001  7.162089578035E-001 -1.067503842187E+000
  1.507485330398E+000 -4.385201026318E-001  6.959582644675E-001 -1.045170534577E+000
  1.526927608467E+000 -4.251851812053E-001  6.758611121092E-001 -1.022142024324E+000
  1.546647153093E+000 -4.120547154282E-001  6.559375400852E-001 -9.985147669661E-001
  1.566649090169E+000 -3.991328284378E-001  6.362064783242E-001 -9.743805532576E-001
  1.586938665861E+000 -3.864233448676E-001  6.166857607922E-001 -9.498265781920E-001
  1.607521250000E+000 -3.739297933840E-001  5.973921402893E-001 -9.249355147225E-001
  1.628402339588E+000 -3.616554095550E-001  5.783413045404E-001 -8.997855920590E-001
  1.649587562420E+000 -3.496031390415E-001  5.595478935381E-001 -8.744506784138E-001
  1.671082680832E+000 -3.377756411001E-001  5.410255180920E-001 -8.490003680458E-001
  1.692893595565E+000 -3.261752923857E-001  5.227867795342E-001 -8.235000724390E-001
  1.715026349769E+000 -3.148041910395E-001  5.048432905269E-001 -7.980111154339E-001
  1.737487133138E+000 -3.036641610511E-001  4.872056969133E-001 -7.725908321152E-001
  1.760282286187E+000 -2.927567568774E-001  4.698837005510E-001 -7.472926712431E-001
  1.783418304674E+000 -2.820832683057E-001  4.528860830607E-001 -7.221663010017E-001
  1.806901844175E+000 -2.716447255438E-001  4.362207304224E-001 -6.972577178228E-001
  1.830739724818E+000 -2.614419045212E-001  4.198946583463E-001 -6.726093580300E-001
  1.854938936184E+000 -2.514753323850E-001  4.039140383432E-001 -6.482602120355E-001
  1.879506642368E+000 -2.417452931734E-001  3.882842244173E-001 -6.242459408093E-001
  1.904450187236E+000 -2.322518336492E-001  3.730097803012E-001 -6.005989943308E-001
  1.929777099847E+000 -2.229947692771E-001  3.580945071509E-001 -5.773487317199E-001
  1.955495100083E+000 -2.139736903260E-001  3.435414716183E-001 -5.545215427392E-001
  1.981612104475E+000 -2.051879680803E-001  3.293530342163E-001 -5.321409703490E-001
  2.008136232230E+000 -1.966367611430E-001  3.155308778917E-001 -5.102278339904E-001
  2.035075811486E+000 -1.883190218140E-001  3.020760367216E-001 -4.888003532679E-001
  2.062439385788E+000 -1.802335025268E-001  2.889889246468E-001 -4.678742716998E-001
  2.090235720801E+000 -1.723787623298E-001  2.762693641604E-001 -4.474629802007E-001
  2.118473811262E+000 -1.647531733956E-001  2.639166148683E-001 -4.275776399636E-001
  2.147162888201E+000 -1.573549275463E-001  2.519294018401E-001 -4.082273044081E-001
  2.176312426413E+000 -1.501820427802E-001  2.403059436745E-001 -3.894190398680E-001
  2.205932152222E+000 -1.432323697895E-001  2.290439802024E-001 -3.711580446946E-001
  2.236032051522E+000 -1.365035984576E-001  2.181407997574E-001 -3.534477664614E-001
  2.266622378129E+000 -1.299932643272E-001  2.075932659457E-001 -3.362900169664E-001
  2.297713662445E+000 -1.236987550306E-001  1.973978438529E-001 -3.196850847382E-001
  2.329316720450E+000 -1.176173166768E-001  1.875506256308E-001 -3.036318447690E-001
  2.361442663038E+000 -1.117460601888E-001  1.780473554109E-001 -2.881278652111E-001
  2.394102905709E+000 -1.060819675893E-001  1.688834534999E-001 -2.731695107943E-001
  2.427309178642E+000 -1.006218982317E-001  1.600540398160E-001 -2.587520427397E-001
  2.461073537146E+000 -9.536259497591E-002  1.515539565353E-001 -2.448697149683E-001
  2.495408372530E+000 -9.030069031091E-002  1.433777899189E-001 -2.315158664273E-001
  2.530326423398E+000 -8.543271242572E-002  1.355198913055E-001 -2.186830093804E-001
  2.565840787378E+000 -8.075509123295E-002  1.279743972552E-001 -2.063629135371E-001
  2.601964933334E+000 -7.626416435020E-002  1.207352488400E-001 -1.945466859209E-001
  2.638712714049E+000 -7.195618304560E-002  1.137962100866E-001 -1.832248464091E-001
  2.676098379430E+000 -6.782731815479E-002  1.071508855781E-001 -1.723873989006E-001
  2.714136590232E+000 -6.387366597760E-002  1.007927372336E-001 -1.620238981027E-001
  2.752842432351E+000 -6.009125416342E-002  9.471510028840E-002 -1.521235119537E-001
  2.792231431696E+000 -5.647604759440E-002  8.891119850484E-002 -1.426750797291E-001
  2.832319569669E+000 -5.302395427624E-002  8.337415864871E-002 -1.336671659068E-001
  2.873123299289E+000 -4.973083124591E-002  7.809702427200E-002 -1.250881098947E-001
  2.914659561979E+000 -4.659249050568E-002  7.307276884678E-002 -1.169260717491E-001
  2.956945805065E+000 -4.360470499197E-002  6.829430829877E-002 -1.091690740379E-001
  3.000000000000E+000 -4.076321458687E-002  6.375451299224E-002 -1.018050400241E-001
  3.043840661365E+000 -3.806373217897E-002  5.944621921944E-002 -9.482182836482E-002
  3.088486866678E+000 -3.550194977863E-002  5.536224024934E-002 -8.820726453945E-002
  3.133958277047E+000 -3.307354469126E-002  5.149537699011E-002 -8.194916923406E-002
  3.180275158719E+000 -3.077418574997E-002  4.783842831921E-002 -7.603538392056E-002
  3.227458405560E+000 -2.859953960694E-002  4.438420113283E-002 -7.045379387781E-002
  3.275529562509E+000 -2.654527708024E-002  4.112552016366E-002 -6.519234890579E-002
  3.324510850077E+000 -2.460707955018E-002  3.805523761206E-002 -6.023908198564E-002
  3.374425189910E+000 -2.278064539648E-002  3.516624263101E-002 -5.558212613561E-002
  3.425296231502E+000 -2.106169646451E-002  3.245147069935E-002 -5.120972970709E-002
  3.477148380094E+000 -1.944598454595E-002  2.990391291176E-002 -4.711027035596E-002
  3.530006825834E+000 -1.792929785586E-002  2.751662520648E-002 -4.327226791139E-002
  3.583897574256E+000 -1.650746748542E-002  2.528273754428E-002 -3.968439634898E-002
  3.638847478148E+000 -1.517637380647E-002  2.319546304414E-002 -3.633549505676E-002
  3.694884270887E+000 -1.393195280108E-002  2.124810707242E-002 -3.321457956142E-002
  3.752036601308E+000 -1.277020228689E-002  1.943407627414E-002 -3.031085185968E-002
  3.810334070199E+000 -1.168718800663E-002  1.774688752621E-002 -2.761371047479E-002
  3.869807268505E+000 -1.067904954794E-002  1.618017678423E-002 -2.511276033269E-002
  3.930487817331E+000 -9.742006058557E-003  1.472770778660E-002 -2.279782252572E-002
  3.992408409843E+000 -8.872361719951E-003  1.338338057233E-002 -2.065894400559E-002
  4.055602855172E+000 -8.066510942734E-003  1.214123976222E-002 -1.868640722051E-002
  4.120106124432E+000 -7.320943246339E-003  1.099548254745E-002 -1.687073968666E-002
  4.185954398964E+000 -6.632247786394E-003  9.940466324936E-003 -1.520272345982E-002
  4.253185120935E+000 -5.997117494178E-003  8.970715915329E-003 -1.367340445126E-002
  4.321837046422E+000 -5.412352794355E-003  8.080930297257E-003 -1.227410151201E-002
  4.391950301120E+000 -4.874864869652E-003  7.265988790891E-003 -1.099641519316E-002
  4.463566438835E+000 -4.381678444196E-003  6.520956624420E-003 -9.832236075606E-003
  4.536728502895E+000 -3.929934061031E-003  5.841089819409E-003 -8.773752552945E-003
  4.611481090679E+000 -3.516889833638E-003  5.221839334752E-003 -7.813457943882E-003
  4.687870421430E+000 -3.139922656235E-003  4.658854414275E-003 -6.944156808304E-003
  4.765944407533E+000 -2.796528863056E-003  4.147985089780E-003 -6.158970341731E-003
  4.845752729492E+000 -2.484324332677E-003  3.685283799505E-003 -5.451340727879E-003
  4.927346914797E+000 -2.201044039665E-003  3.267006091318E-003 -4.815034337509E-003
  5.010780420931E+000 -1.944541062286E-003  2.889610390470E-003 -4.244143673754E-003
  5.096108722763E+000 -1.712785061601E-003  2.549756823104E-003 -3.733087979278E-003
  5.183389404586E+000 -1.503860253880E-003  2.244305098774E-003 -3.276612438638E-003
  5.272682257105E+000 -1.315962904751E-003  1.970311467761E-003 -2.869785929564E-003
  5.364049379651E+000 -1.147398379723E-003  1.725024781662E-003 -2.507997299114E-003
  5.457555287978E+000 -9.965777915708E-004  1.505881698371E-003 -2.186950164205E-003
  5.553267027968E+000 -8.620142903615E-004  1.310501084834E-003 -1.902656260257E-003
  5.651254295630E+000 -7.423190465597E-004  1.136677682593E-003 -1.651427386102E-003
  5.751589563796E+000 -6.361969814862E-004  9.823751118418E-004 -1.429866017166E-003
  5.854348215936E+000 -5.424423023513E-004  8.457182992624E-004 -1.234854681712E-003
  5.959608687557E+000 -4.599339010143E-004  7.249854230184E-004 -1.063544216033E-003
  6.067452615683E+000 -3.876306764545E-004  6.185994747415E-004 -9.133410333822E-004
  6.177964996951E+000 -3.245668406158E-004  5.251195429959E-004 -7.818935575761E-004
  6.291234354880E+000 -2.698472657698E-004  4.432319253470E-004 -6.670779853218E-004
  6.407352916949E+000 -2.226429288095E-004  3.717411767365E-004 -5.669835509184E-004
  6.526416802128E+000 -1.821865039757E-004  3.095612002769E-004 -4.798974729250E-004
  6.648526219580E+000 -1.477681504551E-004  2.557064828491E-004 -4.042897644605E-004
  6.773785679311E+000 -1.187315351864E-004  2.092835720409E-004 -3.387980869829E-004
  6.902304215570E+000 -9.447012415416E-005  1.694828831205E-004 -2.822128217048E-004
  7.034195623922E+000 -7.442376761811E-005  1.355709150423E-004 -2.334625234138E-004
  7.169578712934E+000 -5.807559627045E-005  1.068829431534E-004 -1.915999086009E-004
  7.308577571516E+000 -4.494923646970E-005  8.281624356757E-005 -1.557885138208E-004
  7.451321853057E+000 -3.460634367762E-005  6.282389040476E-005 -1.252901415148E-004
  7.597947077547E+000 -2.664444429242E-005  4.640915261316E-005 -9.945318964462E-005
  7.748594953021E+000 -2.069506748337E-005  3.312050227368E-005 -7.770193895387E-005
  7.903413717736E+000 -1.642214066307E-005  2.254723154110E-005 -5.952684812874E-005
  8.062558504629E+000 -1.352061514833E-005  1.431566111477E-005 -4.447588319637E-005
  8.226191729726E+000 -1.171528261490E-005  8.085909771379E-006 -3.214688385741E-005
  8.394483506327E+000 -1.075973837461E-005  3.549182433168E-006 -2.218094674602E-005
  8.567612086926E+000 -1.043544449580E-005  4.255238595884E-007 -1.425678448751E-005
  8.745764335025E+000 -1.055084450245E-005 -1.538023331420E-006 -8.086000470668E-006
  8.929136229160E+000 -1.094048192676E-005 -2.568923712031E-006 -3.409202996581E-006
  9.117933401693E+000 -1.146407739316E-005 -2.870388190182E-006  7.130647596418E-009
  9.312371715124E+000 -1.200552315003E-005 -2.622419309642E-006  2.373139272002E-006
  9.512677878945E+000 -1.247175993555E-005 -1.982733167486E-006  3.877517030940E-006
  9.719090110332E+000 -1.279150858785E-005 -1.087624264861E-006  4.689013965220E-006
  9.931858842267E+000 -1.291383763413E-005 -5.283308055635E-008  4.957603345397E-006
  1.015124748302E+001 -1.280655789553E-005  1.025532474761E-006  4.815416131217E-006
  1.037753323129E+001 -1.245444554253E-005  2.069980934953E-006  4.377534436617E-006
  1.061100795175E+001 -1.185730559753E-005  3.020497353059E-006  3.742724685185E-006
  1.085197911611E+001 -1.102789814634E-005  3.833262869046E-006  2.994177728932E-006
  1.110077081537E+001 -9.989759015407E-006  4.479229702937E-006  2.200308244769E-006
  1.135772484956E+001 -8.774954934250E-006  4.942559773119E-006  1.415649941279E-006
  1.162320190175E+001 -7.421819808540E-006  5.218946466389E-006  6.818672534440E-007
  1.189758280382E+001 -5.972723309513E-006  5.313848940231E-006  2.888901590702E-008
  1.218126990242E+001 -4.471925257849E-006  5.240676255325E-006 -5.238442215451E-007
  1.247468853413E+001 -2.963569062368E-006  5.018964249550E-006 -9.660394327883E-007
  1.277828862002E+001 -1.489864703725E-006  4.672591125164E-006 -1.295146511758E-006
  1.309254639077E+001 -8.950649673770E-008  4.228078115609E-006 -1.514926044155E-006
  1.341796625462E+001  1.203636680279E-006  3.713019360819E-006 -1.634029322016E-006
  1.375508282195E+001  2.361530509858E-006  3.154680428921E-006 -1.664631157333E-006
  1.410446310162E+001  3.362666567960E-006  2.578798094315E-006 -1.621153954624E-006
  1.446670888596E+001  4.192430744972E-006  2.008605452646E-006 -1.519116955468E-006
  1.484245934302E+001  4.843156053089E-006  1.464096749816E-006 -1.374138037422E-006
  1.523239383723E+001  5.313879293916E-006  9.615360118456E-007 -1.201107499533E-006
  1.563723500136E+001  5.609832361599E-006  5.132032935983E-007 -1.013544516623E-006
  1.605775208607E+001  5.741708789392E-006  1.273627080539E-007 -8.231380249128E-007
  1.649476461582E+001  5.724753990099E-006 -1.915721096627E-007 -6.394653090491E-007
  1.694914638379E+001  5.577733076825E-006 -4.427063597723E-007 -4.698740176758E-007
  1.742182982203E+001  5.321832893616E-006 -6.282024920291E-007 -3.195071580101E-007
  1.791381078784E+001  4.979554797915E-006 -7.527277558115E-007 -1.914460975581E-007
  1.842615381215E+001  4.573651838221E-006 -8.228506097146E-007 -8.694388294974E-008
  1.895999786176E+001  4.126158439721E-006 -8.464242306841E-007 -5.720284528401E-009
  1.951656267356E+001  3.657552877574E-006 -8.319919482631E-007  5.370922127332E-008
  2.009715572669E+001  3.186083146183E-006 -7.882443882712E-007  9.369602774783E-008
  2.070317992707E+001  2.727275898507E-006 -7.235518297498E-007  1.171345410759E-007
  2.133614208874E+001  2.293636588015E-006 -6.455882033869E-007  1.271695608954E-007
  2.199766230782E+001  1.894537497409E-006 -5.610557610834E-007  1.269477397132E-007
  2.268948433818E+001  1.536279685905E-006 -4.755121967309E-007  1.194210015967E-007
  2.341348709294E+001  1.222305692162E-006 -3.932953415742E-007  1.072050368687E-007
  2.417169741362E+001  9.535326656401E-007 -3.175348837367E-007  9.249170803476E-008
  2.496630426925E+001  7.287709034327E-007 -2.502361827644E-007  7.701063026487E-008
  2.579967457140E+001  5.451908041339E-007 -1.924183799374E-007  6.203248822726E-008
  2.667437081864E+001  3.988020679248E-007 -1.442877421435E-007  4.840490865070E-008
  2.759317081651E+001  2.849123989013E-007 -1.054274948631E-007  3.661093897123E-008
  2.855908975674E+001  1.985386031513E-007 -7.498714571375E-008  2.684032808700E-008
  2.957540498378E+001  1.347502272084E-007 -5.185720522416E-008  1.906473962913E-008
  3.064568382919E+001  8.893400250065E-008 -3.481891341542E-008  1.310956910006E-008
  3.177381495601E+001  5.697553676435E-008 -2.266265770960E-008  8.716962144635E-009
  3.296404372807E+001  3.536212714780E-008 -1.427278381650E-008  5.596703050330E-009
  3.422101220608E+001  2.121658158958E-008 -8.680056468237E-009  3.463629231676E-009
  3.554980447538E+001  1.227604660554E-008 -5.085804902550E-009  2.061931636660E-009
  3.695599813319E+001  6.831835025112E-009 -2.863594504704E-009  1.177981500751E-009
  3.844572291106E+001  3.646195311360E-009 -1.545049278994E-009  6.441102064710E-010
  4.002572758518E+001  1.860194830710E-009 -7.962989089767E-010  3.360653723275E-010
  4.170345654134E+001  9.039265046135E-010 -3.906438432081E-010  1.667433388856E-010
  4.348713762001E+001  4.167096175114E-010 -1.816983702335E-010  7.837401898501E-011
  4.538588318162E+001  1.814416052011E-010 -7.977838677934E-011  3.474810311070E-011
  4.740980671574E+001  7.425114414735E-011 -3.290507764028E-011  1.446229106833E-011
  4.957015778746E+001  2.840181283891E-011 -1.267987533845E-011  5.620166257391E-012
  5.187947869225E+001  1.009251544314E-011 -4.537228442130E-012  2.026940685595E-012
  5.435178690397E+001  3.308855926404E-012 -1.497332782899E-012  6.738491331180E-013
  5.700278828629E+001  9.931866230403E-013 -4.522306093321E-013  2.049249904804E-013
  5.985012714155E+001  2.705757546928E-013 -1.239244911806E-013  5.651922262788E-014
  6.291368055481E+001  6.625212024222E-014 -3.051180434934E-014  1.400036314287E-014
  6.621590623276E+001  1.441961831926E-014 -6.675619130180E-015  3.080611165607E-015
  6.978225524452E+001  2.754826046642E-015 -1.281680545680E-015  5.946376911973E-016
  7.364166388185E+001  4.554190937475E-016 -2.128778075771E-016  9.926458239316E-017
  7.782714245929E+001  6.409360366558E-017 -3.009261980666E-017  1.409901357371E-017
  8.237648351994E+001  7.536690891547E-018 -3.553457059499E-018  1.672348147224E-018
  8.733311794502E+001  7.247139459890E-019 -3.430573360452E-019  1.621358550532E-019
  9.274715535088E+001  5.558861328827E-020 -2.641347809848E-020  1.253347615926E-020
  9.867665554529E+001  3.304704554086E-021 -1.575893349612E-021  7.506017654629E-022
  1.051891916055E+002  1.472460882567E-022 -7.045496349599E-023  3.367752501902E-023
  1.123637836013E+002  4.728024773889E-024 -2.269574855813E-024  1.088511859404E-024
  1.202933069206E+002  1.044728125839E-025 -5.030278703773E-026  2.420247875273E-026
  1.290875131414E+002  1.504267081476E-027 -7.263872652599E-028  3.505408335550E-028
  1.388768482001E+002  1.322744413476E-029 -6.404827278752E-030  3.099615787954E-030
  1.498173177370E+002  6.572851828275E-032 -3.190877987851E-032  1.548359528524E-032
  1.620967411853E+002  1.680998458130E-034 -8.180651887731E-035  3.979652763486E-035
  1.759428668168E+002  1.975500401951E-037 -9.636156491235E-038  4.698879766233E-038
  1.916340085825E+002  9.287318012386E-041 -4.540120359875E-041  2.218868010892E-041
  2.095131417987E+002  1.472326697264E-044 -7.212368546023E-045  3.532308439467E-045
  2.300068054477E+002  6.363668911347E-049 -3.123390611168E-049  1.532741760043E-049
  2.536507797910E+002  5.741328446533E-054 -2.823100073339E-054  1.387964986569E-054
  2.811254638474E+002  7.701595446677E-060 -3.793513061044E-060  1.868327243320E-060
  3.133053780630E+002  9.930864624058E-067 -4.899461464168E-067  2.416964431983E-067
  3.513296254502E+002  6.973216065704E-075 -3.445479316079E-075  1.702296590827E-075
  3.967041014107E+002  1.257687237461E-084 -6.223011144519E-085  3.078963222409E-085
  4.514529193350E+002  2.121562526725E-096 -1.051120567514E-096  5.207519312488E-097
  5.183481233601E+002  8.388468171543E-111 -4.161085311412E-111  2.064033765795E-111
  6.012676077950E+002  1.121320005623E-128 -5.568526562099E-129  2.765291185746E-129
  7.057700503752E+002  3.156249452318E-151 -1.569022767844E-151  7.799735288441E-152
  8.400513767914E+002  3.119490146671E-180 -1.552208372247E-180  7.723449399367E-181
  1.016602135495E+003  2.111013652178E-218 -1.051303142816E-218  5.235539151924E-219
  1.255220715579E+003  4.946210415340E-270 -2.465146589915E-270  1.228600388923E-270
  1.588815776243E+003  0.000000000000E+000  0.000000000000E+000  0.000000000000E+000
  2.075392011604E+003  0.000000000000E+000  0.000000000000E+000  0.000000000000E+000
  2.825079847528E+003  0.000000000000E+000  0.000000000000E+000  0.000000000000E+000
  4.068408296183E+003  0.000000000000E+000  0.000000000000E+000  0.000000000000E+000
  6.357262947672E+003  0.000000000000E+000  0.000000000000E+000  0.000000000000E+000
  1.130231930164E+004  0.000000000000E+000  0.000000000000E+000  0.000000000000E+000
  2.543105175136E+004  0.000000000000E+000  0.000000000000E+000  0.000000000000E+000
  1.017262069952E+005  0.000000000000E+000  0.000000000000E+000  0.000000000000E+000
