# 1st line: number of mesh points
# abcissa wavefunction wavefunction_1st wavefunction_2nd
500
# Principal QN=   2 , l=   0 , Occupation=   2.0000
  9.830308526563E-006  1.015930609272E+001 -8.254637344379E+001  5.818547461186E+002
  3.932200719722E-005  1.015687191297E+001 -8.252921544818E+001  5.817266315759E+002
  8.847741541467E-005  1.015281585841E+001 -8.250062568502E+001  5.815131645129E+002
  1.573003992805E-004  1.014713929614E+001 -8.246061449471E+001  5.812144306568E+002
  2.457963722418E-004  1.013984413923E+001 -8.240919634616E+001  5.808305499551E+002
  3.539722959954E-004  1.013093284582E+001 -8.234638982901E+001  5.803616765054E+002
  4.818366816529E-004  1.012040841802E+001 -8.227221764378E+001  5.798079984645E+002
  6.293995911626E-004  1.010827440050E+001 -8.218670658979E+001  5.791697379384E+002
  7.966726389935E-004  1.009453487889E+001 -8.208988755090E+001  5.784471508518E+002
  9.836689940782E-004  1.007919447789E+001 -8.198179547909E+001  5.776405267978E+002
  1.190403382016E-003  1.006225835916E+001 -8.186246937588E+001  5.767501888678E+002
  1.416892087541E-003  1.004373221893E+001 -8.173195227157E+001  5.757764934626E+002
  1.663152957245E-003  1.002362228541E+001 -8.159029120240E+001  5.747198300824E+002
  1.929205402573E-003  1.000193531593E+001 -8.143753718557E+001  5.735806210990E+002
  2.215070403073E-003  9.978678593833E+000 -8.127374519208E+001  5.723593215082E+002
  2.520770509919E-003  9.953859925159E+000 -8.109897411764E+001  5.710564186626E+002
  2.846329849692E-003  9.927487635041E+000 -8.091328675129E+001  5.696724319861E+002
  3.191774128432E-003  9.899570563915E+000 -8.071674974222E+001  5.682079126701E+002
  3.557130635959E-003  9.870118063468E+000 -8.050943356429E+001  5.666634433500E+002
  3.942428250463E-003  9.839139992361E+000 -8.029141247880E+001  5.650396377644E+002
  4.347697443358E-003  9.806646711723E+000 -8.006276449503E+001  5.633371403957E+002
  4.772970284417E-003  9.772649080417E+000 -7.982357132901E+001  5.615566260935E+002
  5.218280447175E-003  9.737158450079E+000 -7.957391836024E+001  5.596987996793E+002
  5.683663214611E-003  9.700186659942E+000 -7.931389458653E+001  5.577643955349E+002
  6.169155485101E-003  9.661746031430E+000 -7.904359257693E+001  5.557541771732E+002
  6.674795778653E-003  9.621849362549E+000 -7.876310842290E+001  5.536689367924E+002
  7.200624243425E-003  9.580509922053E+000 -7.847254168749E+001  5.515094948134E+002
  7.746682662519E-003  9.537741443406E+000 -7.817199535288E+001  5.492766994014E+002
  8.313014461060E-003  9.493558118539E+000 -7.786157576609E+001  5.469714259716E+002
  8.899664713569E-003  9.447974591395E+000 -7.754139258293E+001  5.445945766785E+002
  9.506680151615E-003  9.401005951288E+000 -7.721155871034E+001  5.421470798914E+002
  1.013410917176E-002  9.352667726052E+000 -7.687219024701E+001  5.396298896537E+002
  1.078200184380E-002  9.302975875005E+000 -7.652340642239E+001  5.370439851285E+002
  1.145040991929E-002  9.251946781726E+000 -7.616532953411E+001  5.343903700296E+002
  1.213938684040E-002  9.199597246641E+000 -7.579808488391E+001  5.316700720391E+002
  1.284898774901E-002  9.145944479432E+000 -7.542180071199E+001  5.288841422110E+002
  1.357926949620E-002  9.091006091271E+000 -7.503660812995E+001  5.260336543624E+002
  1.433029065191E-002  9.034800086880E+000 -7.464264105228E+001  5.231197044521E+002
  1.510211151509E-002  8.977344856424E+000 -7.424003612649E+001  5.201434099464E+002
  1.589479412397E-002  8.918659167237E+000 -7.382893266191E+001  5.171059091738E+002
  1.670840226680E-002  8.858762155397E+000 -7.340947255717E+001  5.140083606682E+002
  1.754300149280E-002  8.797673317136E+000 -7.298180022648E+001  5.108519425007E+002
  1.839865912351E-002  8.735412500113E+000 -7.254606252467E+001  5.076378516023E+002
  1.927544426443E-002  8.671999894532E+000 -7.210240867112E+001  5.043673030748E+002
  2.017342781695E-002  8.607456024127E+000 -7.165099017256E+001  5.010415294938E+002
  2.109268249069E-002  8.541801737005E+000 -7.119196074483E+001  4.976617802021E+002
  2.203328281612E-002  8.475058196368E+000 -7.072547623364E+001  4.942293205938E+002
  2.299530515754E-002  8.407246871104E+000 -7.025169453437E+001  4.907454313918E+002
  2.397882772639E-002  8.338389526262E+000 -6.977077551098E+001  4.872114079166E+002
  2.498393059493E-002  8.268508213411E+000 -6.928288091407E+001  4.836285593486E+002
  2.601069571024E-002  8.197625260888E+000 -6.878817429811E+001  4.799982079833E+002
  2.705920690860E-002  8.125763263950E+000 -6.828682093800E+001  4.763216884814E+002
  2.812954993023E-002  8.052945074822E+000 -6.777898774486E+001  4.726003471122E+002
  2.922181243436E-002  7.979193792650E+000 -6.726484318124E+001  4.688355409932E+002
  3.033608401473E-002  7.904532753377E+000 -6.674455717573E+001  4.650286373241E+002
  3.147245621542E-002  7.828985519528E+000 -6.621830103704E+001  4.611810126177E+002
  3.263102254705E-002  7.752575869923E+000 -6.568624736763E+001  4.572940519273E+002
  3.381187850339E-002  7.675327789324E+000 -6.514856997689E+001  4.533691480706E+002
  3.501512157837E-002  7.597265458009E+000 -6.460544379400E+001  4.494077008522E+002
  3.624085128345E-002  7.518413241298E+000 -6.405704478048E+001  4.454111162835E+002
  3.748916916538E-002  7.438795679017E+000 -6.350354984249E+001  4.413808058023E+002
  3.876017882444E-002  7.358437474921E+000 -6.294513674292E+001  4.373181854907E+002
  4.005398593302E-002  7.277363486078E+000 -6.238198401342E+001  4.332246752938E+002
  4.137069825459E-002  7.195598712208E+000 -6.181427086627E+001  4.291016982383E+002
  4.271042566323E-002  7.113168285005E+000 -6.124217710631E+001  4.249506796524E+002
  4.407328016341E-002  7.030097457431E+000 -6.066588304290E+001  4.207730463872E+002
  4.545937591035E-002  6.946411592987E+000 -6.008556940190E+001  4.165702260402E+002
  4.686882923075E-002  6.862136154983E+000 -5.950141723797E+001  4.123436461812E+002
  4.830175864396E-002  6.777296695796E+000 -5.891360784689E+001  4.080947335822E+002
  4.975828488365E-002  6.691918846129E+000 -5.832232267836E+001  4.038249134504E+002
  5.123853091993E-002  6.606028304280E+000 -5.772774324895E+001  3.995356086656E+002
  5.274262198188E-002  6.519650825416E+000 -5.713005105558E+001  3.952282390231E+002
  5.427068558066E-002  6.432812210878E+000 -5.652942748934E+001  3.909042204814E+002
  5.582285153302E-002  6.345538297493E+000 -5.592605374989E+001  3.865649644161E+002
  5.739925198530E-002  6.257854946932E+000 -5.532011076037E+001  3.822118768806E+002
  5.900002143803E-002  6.169788035092E+000 -5.471177908297E+001  3.778463578735E+002
  6.062529677088E-002  6.081363441529E+000 -5.410123883511E+001  3.734698006139E+002
  6.227521726827E-002  5.992607038926E+000 -5.348866960642E+001  3.690835908248E+002
  6.394992464542E-002  5.903544682628E+000 -5.287425037643E+001  3.646891060251E+002
  6.564956307496E-002  5.814202200225E+000 -5.225815943317E+001  3.602877148307E+002
  6.737427921404E-002  5.724605381201E+000 -5.164057429255E+001  3.558807762656E+002
  6.912422223211E-002  5.634779966657E+000 -5.102167161881E+001  3.514696390832E+002
  7.089954383907E-002  5.544751639104E+000 -5.040162714588E+001  3.470556410977E+002
  7.270039831418E-002  5.454546012338E+000 -4.978061559977E+001  3.426401085275E+002
  7.452694253540E-002  5.364188621402E+000 -4.915881062212E+001  3.382243553500E+002
  7.637933600943E-002  5.273704912634E+000 -4.853638469488E+001  3.338096826682E+002
  7.825774090225E-002  5.183120233819E+000 -4.791350906607E+001  3.293973780905E+002
  8.016232207035E-002  5.092459824435E+000 -4.729035367699E+001  3.249887151232E+002
  8.209324709253E-002  5.001748806006E+000 -4.666708709050E+001  3.205849525765E+002
  8.405068630235E-002  4.911012172569E+000 -4.604387642078E+001  3.161873339848E+002
  8.603481282122E-002  4.820274781256E+000 -4.542088726438E+001  3.117970870408E+002
  8.804580259214E-002  4.729561342993E+000 -4.479828363274E+001  3.074154230449E+002
  9.008383441408E-002  4.638896413323E+000 -4.417622788614E+001  3.030435363695E+002
  9.214908997710E-002  4.548304383369E+000 -4.355488066918E+001  2.986826039392E+002
  9.424175389809E-002  4.457809470915E+000 -4.293440084774E+001  2.943337847260E+002
  9.636201375725E-002  4.367435711634E+000 -4.231494544760E+001  2.899982192622E+002
  9.851006013526E-002  4.277206950460E+000 -4.169666959459E+001  2.856770291685E+002
  1.006860866512E-001  4.187146833096E+000 -4.107972645648E+001  2.813713167002E+002
  1.028902900012E-001  4.097278797681E+000 -4.046426718648E+001  2.770821643098E+002
  1.051228699979E-001  4.007626066607E+000 -3.985044086845E+001  2.728106342278E+002
  1.073840296104E-001  3.918211638489E+000 -3.923839446393E+001  2.685577680608E+002
  1.096739750056E-001  3.829058280301E+000 -3.862827276088E+001  2.643245864081E+002
  1.119929155896E-001  3.740188519673E+000 -3.802021832423E+001  2.601120884966E+002
  1.143410640503E-001  3.651624637351E+000 -3.741437144825E+001  2.559212518340E+002
  1.167186364011E-001  3.563388659834E+000 -3.681087011084E+001  2.517530318808E+002
  1.191258520249E-001  3.475502352175E+000 -3.620984992957E+001  2.476083617420E+002
  1.215629337189E-001  3.387987210964E+000 -3.561144411970E+001  2.434881518768E+002
  1.240301077413E-001  3.300864457479E+000 -3.501578345413E+001  2.393932898284E+002
  1.265276038575E-001  3.214155031030E+000 -3.442299622515E+001  2.353246399733E+002
  1.290556553882E-001  3.127879582470E+000 -3.383320820828E+001  2.312830432894E+002
  1.316144992580E-001  3.042058467899E+000 -3.324654262799E+001  2.272693171446E+002
  1.342043760450E-001  2.956711742553E+000 -3.266312012536E+001  2.232842551049E+002
  1.368255300316E-001  2.871859154872E+000 -3.208305872777E+001  2.193286267618E+002
  1.394782092560E-001  2.787520140769E+000 -3.150647382054E+001  2.154031775800E+002
  1.421626655646E-001  2.703713818078E+000 -3.093347812055E+001  2.115086287652E+002
  1.448791546661E-001  2.620458981197E+000 -3.036418165187E+001  2.076456771510E+002
  1.476279361856E-001  2.537774095921E+000 -2.979869172335E+001  2.038149951062E+002
  1.504092737207E-001  2.455677294475E+000 -2.923711290819E+001  2.000172304616E+002
  1.532234348983E-001  2.374186370726E+000 -2.867954702557E+001  1.962530064565E+002
  1.560706914324E-001  2.293318775602E+000 -2.812609312414E+001  1.925229217050E+002
  1.589513191834E-001  2.213091612697E+000 -2.757684746756E+001  1.888275501816E+002
  1.618655982178E-001  2.133521634072E+000 -2.703190352198E+001  1.851674412262E+002
  1.648138128702E-001  2.054625236251E+000 -2.649135194548E+001  1.815431195685E+002
  1.677962518056E-001  1.976418456405E+000 -2.595528057939E+001  1.779550853710E+002
  1.708132080832E-001  1.898916968737E+000 -2.542377444164E+001  1.744038142914E+002
  1.738649792215E-001  1.822136081052E+000 -2.489691572188E+001  1.708897575630E+002
  1.769518672648E-001  1.746090731524E+000 -2.437478377859E+001  1.674133420941E+002
  1.800741788507E-001  1.670795485648E+000 -2.385745513799E+001  1.639749705853E+002
  1.832322252791E-001  1.596264533386E+000 -2.334500349482E+001  1.605750216642E+002
  1.864263225826E-001  1.522511686501E+000 -2.283749971491E+001  1.572138500384E+002
  1.896567915983E-001  1.449550376071E+000 -2.233501183955E+001  1.538917866653E+002
  1.929239580409E-001  1.377393650202E+000 -2.183760509160E+001  1.506091389387E+002
  1.962281525771E-001  1.306054171906E+000 -2.134534188337E+001  1.473661908921E+002
  1.995697109023E-001  1.235544217180E+000 -2.085828182614E+001  1.441632034184E+002
  2.029489738173E-001  1.165875673248E+000 -2.037648174133E+001  1.410004145047E+002
  2.063662873085E-001  1.097060036993E+000 -1.989999567339E+001  1.378780394831E+002
  2.098220026275E-001  1.029108413555E+000 -1.942887490417E+001  1.347962712961E+002
  2.133164763746E-001  9.620315151121E-001 -1.896316796886E+001  1.317552807763E+002
  2.168500705817E-001  8.958396598201E-001 -1.850292067350E+001  1.287552169407E+002
  2.204231527988E-001  8.305427709306E-001 -1.804817611386E+001  1.257962072978E+002
  2.240360961807E-001  7.661503760689E-001 -1.759897469582E+001  1.228783581681E+002
  2.276892795770E-001  7.026716066764E-001 -1.715535415710E+001  1.200017550171E+002
  2.313830876220E-001  6.401151976123E-001 -1.671734959027E+001  1.171664628004E+002
  2.351179108282E-001  5.784894869123E-001 -1.628499346714E+001  1.143725263196E+002
  2.388941456809E-001  5.178024157014E-001 -1.585831566432E+001  1.116199705904E+002
  2.427121947345E-001  4.580615282579E-001 -1.543734348997E+001  1.089088012195E+002
  2.465724667110E-001  3.992739722241E-001 -1.502210171172E+001  1.062390047923E+002
  2.504753766009E-001  3.414464989632E-001 -1.461261258566E+001  1.036105492696E+002
  2.544213457654E-001  2.845854640570E-001 -1.420889588633E+001  1.010233843928E+002
  2.584108020414E-001  2.286968279415E-001 -1.381096893776E+001  9.847744209707E+001
  2.624441798480E-001  1.737861566790E-001 -1.341884664542E+001  9.597263693174E+001
  2.665219202956E-001  1.198586228609E-001 -1.303254152898E+001  9.350886648811E+001
  2.706444712976E-001  6.691900663973E-002 -1.265206375603E+001  9.108601183282E+001
  2.748122876832E-001  1.497169688679E-002 -1.227742117643E+001  8.870393794704E+001
  2.790258313137E-001 -3.597930752790E-002 -1.190861935746E+001  8.636249417053E+001
  2.832855712010E-001 -8.593039633664E-002 -1.154566161964E+001  8.406151465012E+001
  2.875919836279E-001 -1.348783463588E-001 -1.118854907312E+001  8.180081879173E+001
  2.919455522717E-001 -1.828203198729E-001 -1.083728065465E+001  7.958021171557E+001
  2.963467683296E-001 -2.297538628783E-001 -1.049185316506E+001  7.739948471379E+001
  3.007961306479E-001 -2.756769032501E-001 -1.015226130716E+001  7.525841570989E+001
  3.052941458522E-001 -3.205877487904E-001 -9.818497724108E+000  7.315676971940E+001
  3.098413284823E-001 -3.644850851771E-001 -9.490553038056E+000  7.109429931118E+001
  3.144382011281E-001 -4.073679738154E-001 -9.168415889129E+000  6.907074506867E+001
  3.190852945695E-001 -4.492358495926E-001 -8.852072974654E+000  6.708583605064E+001
  3.237831479192E-001 -4.900885185394E-001 -8.541509088581E+000  6.513929025067E+001
  3.285323087679E-001 -5.299261554008E-001 -8.236707161058E+000  6.323081505493E+001
  3.333333333333E-001 -5.687493011171E-001 -7.937648298113E+000  6.136010769765E+001
  3.381867866117E-001 -6.065588602195E-001 -7.644311821393E+000  5.952685571369E+001
  3.430932425333E-001 -6.433560981404E-001 -7.356675307923E+000  5.773073738771E+001
  3.480532841203E-001 -6.791426384406E-001 -7.074714629835E+000  5.597142219941E+001
  3.530675036492E-001 -7.139204599567E-001 -6.798403994026E+000  5.424857126429E+001
  3.581365028158E-001 -7.476918938673E-001 -6.527715981717E+000  5.256183776952E+001
  3.632608929041E-001 -7.804596206831E-001 -6.262621587858E+000  5.091086740428E+001
  3.684412949588E-001 -8.122266671581E-001 -6.003090260356E+000  4.929529878434E+001
  3.736783399619E-001 -8.429964031270E-001 -5.749089939082E+000  4.771476387023E+001
  3.789726690123E-001 -8.727725382662E-001 -5.500587094636E+000  4.616888837865E+001
  3.843249335105E-001 -9.015591187817E-001 -5.257546766829E+000  4.465729218684E+001
  3.897357953460E-001 -9.293605240230E-001 -5.019932602855E+000  4.317958972927E+001
  3.952059270903E-001 -9.561814630237E-001 -4.787706895140E+000  4.173539038657E+001
  4.007360121927E-001 -9.820269709694E-001 -4.560830618819E+000  4.032429886616E+001
  4.063267451812E-001 -1.006902405593E+000 -4.339263468845E+000  3.894591557443E+001
  4.119788318683E-001 -1.030813443494E+000 -4.122963896694E+000  3.759983698000E+001
  4.176929895600E-001 -1.053766076391E+000 -3.911889146653E+000  3.628565596803E+001
  4.234699472710E-001 -1.075766607291E+000 -3.705995291676E+000  3.500296218514E+001
  4.293104459435E-001 -1.096821646593E+000 -3.505237268797E+000  3.375134237480E+001
  4.352152386716E-001 -1.116938108108E+000 -3.309568914086E+000  3.253038070310E+001
  4.411850909306E-001 -1.136123205011E+000 -3.118942997142E+000  3.133965907456E+001
  4.472207808110E-001 -1.154384445707E+000 -2.933311255117E+000  3.017875743800E+001
  4.533230992589E-001 -1.171729629622E+000 -2.752624426262E+000  2.904725408235E+001
  4.594928503202E-001 -1.188166842915E+000 -2.576832283003E+000  2.794472592217E+001
  4.657308513924E-001 -1.203704454105E+000 -2.405883664544E+000  2.687074877308E+001
  4.720379334802E-001 -1.218351109614E+000 -2.239726508990E+000  2.582489761680E+001
  4.784149414579E-001 -1.232115729230E+000 -2.078307885014E+000  2.480674685609E+001
  4.848627343381E-001 -1.245007501470E+000 -1.921574023057E+000  2.381587055928E+001
  4.913821855461E-001 -1.257035878870E+000 -1.769470346082E+000  2.285184269478E+001
  4.979741832006E-001 -1.268210573169E+000 -1.621941499889E+000  2.191423735544E+001
  5.046396304008E-001 -1.278541550407E+000 -1.478931383000E+000  2.100262897286E+001
  5.113794455212E-001 -1.288039025922E+000 -1.340383176134E+000  2.011659252186E+001
  5.181945625116E-001 -1.296713459254E+000 -1.206239371294E+000  1.925570371529E+001
  5.250859312060E-001 -1.304575548944E+000 -1.076441800464E+000  1.841953918912E+001
  5.320545176366E-001 -1.311636227228E+000 -9.509316639590E-001  1.760767667835E+001
  5.391013043575E-001 -1.317906654635E+000 -8.296495584310E-001  1.681969518361E+001
  5.462272907741E-001 -1.323398214464E+000 -7.125355045655E-001  1.605517512890E+001
  5.534334934816E-001 -1.328122507162E+000 -5.995289744819E-001  1.531369851066E+001
  5.607209466109E-001 -1.332091344586E+000 -4.905689188674E-001  1.459484903841E+001
  5.680907021827E-001 -1.335316744149E+000 -3.855937938682E-001  1.389821226723E+001
  5.755438304707E-001 -1.337810922852E+000 -2.845415877622E-001  1.322337572245E+001
  5.830814203728E-001 -1.339586291200E+000 -1.873498474411E-001  1.256992901683E+001
  5.907045797917E-001 -1.340655446989E+000 -9.395570472676E-002  1.193746396045E+001
  5.984144360243E-001 -1.341031168987E+000 -4.295902549553E-003  1.132557466382E+001
  6.062121361613E-001 -1.340726410477E+000  8.169317898520E-002  1.073385763441E+001
  6.140988474955E-001 -1.339754292685E+000  1.640754966157E-001  1.016191186701E+001
  6.220757579409E-001 -1.338128098081E+000  2.429153180010E-001  9.609338928303E+000
  6.301440764614E-001 -1.335861263551E+000  3.182771958307E-001  9.075743035890E+000
  6.383050335109E-001 -1.332967373450E+000  3.902259419426E-001  8.560731132293E+000
  6.465598814833E-001 -1.329460152520E+000  4.588266014228E-001  8.063912954173E+000
  6.549098951744E-001 -1.325353458688E+000  5.241444266643E-001  7.584901097197E+000
  6.633563722545E-001 -1.320661275735E+000  5.862448513633E-001  7.123311076878E+000
  6.719006337539E-001 -1.315397705841E+000  6.451934644287E-001  6.678761385777E+000
  6.805440245593E-001 -1.309576962005E+000  7.010559837880E-001  6.250873547398E+000
  6.892879139233E-001 -1.303213360340E+000  7.538982300683E-001  5.839272167140E+000
  6.981336959871E-001 -1.296321312256E+000  8.037861001371E-001  5.443584980642E+000
  7.070827903152E-001 -1.288915316510E+000  8.507855404873E-001  5.063442899852E+000
  7.161366424455E-001 -1.281009951153E+000  8.949625204525E-001  4.698480057147E+000
  7.252967244510E-001 -1.272619865354E+000  9.363830052424E-001  4.348333847801E+000
  7.345645355186E-001 -1.263759771121E+000  9.751129287891E-001  4.012644971122E+000
  7.439416025400E-001 -1.254444434915E+000  1.011218166396E+000  3.691057470511E+000
  7.534294807203E-001 -1.244688669155E+000  1.044764507187E+000  3.383218772741E+000
  7.630297542000E-001 -1.234507323639E+000  1.075817626352E+000  3.088779726681E+000
  7.727440366954E-001 -1.223915276860E+000  1.104443057191E+000  2.807394641719E+000
  7.825739721536E-001 -1.212927427249E+000  1.130706162958E+000  2.538721326089E+000
  7.925212354258E-001 -1.201558684325E+000  1.154672108507E+000  2.282421125306E+000
  8.025875329584E-001 -1.189823959784E+000  1.176405831763E+000  2.038158960883E+000
  8.127746035011E-001 -1.177738158511E+000  1.195972015005E+000  1.805603369489E+000
  8.230842188350E-001 -1.165316169544E+000  1.213435055998E+000  1.584426542683E+000
  8.335181845190E-001 -1.152572856980E+000  1.228859038972E+000  1.374304367357E+000
  8.440783406568E-001 -1.139523050837E+000  1.242307705483E+000  1.174916466947E+000
  8.547665626839E-001 -1.126181537894E+000  1.253844425160E+000  9.859462435370E-001
  8.655847621758E-001 -1.112563052493E+000  1.263532166382E+000  8.070809208586E-001
  8.765348876780E-001 -1.098682267338E+000  1.271433466891E+000  6.380115882579E-001
  8.876189255584E-001 -1.084553784279E+000  1.277610404392E+000  4.784332456174E-001
  8.988389008829E-001 -1.070192125114E+000  1.282124567148E+000  3.280448492339E-001
  9.101968783143E-001 -1.055611722400E+000  1.285037024630E+000  1.865493586199E-001
  9.216949630368E-001 -1.040826910294E+000  1.286408298231E+000  5.365378418000E-002
  9.333353017046E-001 -1.025851915434E+000  1.286298332110E+000 -7.093076430618E-002
  9.451200834176E-001 -1.010700847875E+000  1.284766464182E+000 -1.874890284800E-001
  9.570515407237E-001 -9.953876920831E-001  1.281871397316E+000 -2.963015515837E-001
  9.691319506484E-001 -9.799262980085E-001  1.277671170768E+000 -3.976446281446E-001
  9.813636357544E-001 -9.643303722494E-001  1.272223131912E+000 -4.917902532986E-001
  9.937489652293E-001 -9.486134693139E-001  1.265583908301E+000 -5.790060719049E-001
  1.006290356005E+000 -9.327889829981E-001  1.257809380119E+000 -6.595553276162E-001
  1.018990273907E+000 -9.168701378912E-001  1.248954653058E+000 -7.336968120795E-001
  1.031851234841E+000 -9.008699810218E-001  1.239074031695E+000 -8.016848144566E-001
  1.044875806003E+000 -8.848013736573E-001  1.228220993391E+000 -8.637690714607E-001
  1.058066607138E+000 -8.686769832710E-001  1.216448162785E+000 -9.201947181158E-001
  1.071426311823E+000 -8.525092756887E-001  1.203807286931E+000 -9.712022394515E-001
  1.084957648792E+000 -8.363105074299E-001  1.190349211122E+000 -1.017027423352E+000
  1.098663403298E+000 -8.200927182541E-001  1.176123855463E+000 -1.057901314783E+000
  1.112546418516E+000 -8.038677239271E-001  1.161180192238E+000 -1.094050171625E+000
  1.126609596985E+000 -7.876471092192E-001  1.145566224130E+000 -1.125695422337E+000
  1.140855902095E+000 -7.714422211479E-001  1.129328963333E+000 -1.153053625682E+000
  1.155288359613E+000 -7.552641624770E-001  1.112514411620E+000 -1.176336432748E+000
  1.169910059257E+000 -7.391237854842E-001  1.095167541405E+000 -1.195750551476E+000
  1.184724156317E+000 -7.230316860092E-001  1.077332277853E+000 -1.211497713933E+000
  1.199733873325E+000 -7.069981977922E-001  1.059051482077E+000 -1.223774646537E+000
  1.214942501771E+000 -6.910333871147E-001  1.040366935477E+000 -1.232773043452E+000
  1.230353403874E+000 -6.751470477519E-001  1.021319325249E+000 -1.238679543355E+000
  1.245970014403E+000 -6.593486962463E-001  1.001948231120E+000 -1.241675709772E+000
  1.261795842559E+000 -6.436475675126E-001  9.822921133330E-001 -1.241938015170E+000
  1.277834473907E+000 -6.280526107803E-001  9.623883019258E-001 -1.239637828990E+000
  1.294089572372E+000 -6.125724858840E-001  9.422729873347E-001 -1.234941409773E+000
  1.310564882294E+000 -5.972155599064E-001  9.219812123501E-001 -1.228009901551E+000
  1.327264230548E+000 -5.819899041813E-001  9.015468654548E-001 -1.218999334635E+000
  1.344191528724E+000 -5.669032916620E-001  8.810026755651E-001 -1.208060630930E+000
  1.361350775387E+000 -5.519631946594E-001  8.603802081986E-001 -1.195339613899E+000
  1.378746058390E+000 -5.371767829531E-001  8.397098630817E-001 -1.180977023265E+000
  1.396381557275E+000 -5.225509222800E-001  8.190208732136E-001 -1.165108534553E+000
  1.414261545744E+000 -5.080921731998E-001  7.983413053936E-001 -1.147864783527E+000
  1.432390394201E+000 -4.938067903410E-001  7.776980622190E-001 -1.129371395587E+000
  1.450772572390E+000 -4.797007220253E-001  7.571168855538E-001 -1.109749020159E+000
  1.469412652102E+000 -4.657796102705E-001  7.366223614672E-001 -1.089113370100E+000
  1.488315309978E+000 -4.520487911693E-001  7.162379266336E-001 -1.067575266128E+000
  1.507485330398E+000 -4.385132956415E-001  6.959858761849E-001 -1.045240686259E+000
  1.526927608467E+000 -4.251778505545E-001  6.758873729978E-001 -1.022210820224E+000
  1.546647153093E+000 -4.120468802087E-001  6.559624583985E-001 -9.985821288242E-001
  1.566649090169E+000 -3.991245081790E-001  6.362300642597E-001 -9.744464081544E-001
  1.586938665861E+000 -3.864145595080E-001  6.167080264610E-001 -9.498908586164E-001
  1.607521250000E+000 -3.739205632405E-001  5.974130996813E-001 -9.249981586285E-001
  1.628402339588E+000 -3.616457552911E-001  5.783609734848E-001 -8.998465429108E-001
  1.649587562420E+000 -3.495930816344E-001  5.595662896586E-001 -8.745098852181E-001
  1.671082680832E+000 -3.377652018067E-001  5.410426607581E-001 -8.490577853710E-001
  1.692893595565E+000 -3.261644927074E-001  5.228026898069E-001 -8.235556604205E-001
  1.715026349769E+000 -3.147930526861E-001  5.048579911006E-001 -7.980648397643E-001
  1.737487133138E+000 -3.036527059037E-001  4.872192120527E-001 -7.726426640196E-001
  1.760282286187E+000 -2.927450069507E-001  4.698960560235E-001 -7.473425874392E-001
  1.783418304674E+000 -2.820712457092E-001  4.528973060648E-001 -7.222142836440E-001
  1.806901844175E+000 -2.716324524428E-001  4.362308495118E-001 -6.973037544303E-001
  1.830739724818E+000 -2.614294030970E-001  4.199037033502E-001 -6.726534413988E-001
  1.854938936184E+000 -2.514626247950E-001  4.039220402828E-001 -6.483023401345E-001
  1.879506642368E+000 -2.417324015104E-001  3.882912154191E-001 -6.242861166611E-001
  1.904450187236E+000 -2.322387799016E-001  3.730157935068E-001 -6.006372258760E-001
  1.929777099847E+000 -2.229815752877E-001  3.580995766243E-001 -5.773850316668E-001
  1.955495100083E+000 -2.139603777522E-001  3.435456322504E-001 -5.545559283990E-001
  1.981612104475E+000 -2.051745583537E-001  3.293563216274E-001 -5.321734634565E-001
  2.008136232230E+000 -1.966232754302E-001  3.155333283322E-001 -5.102584605114E-001
  2.035075811486E+000 -1.883054809768E-001  3.020776869709E-001 -4.888291431945E-001
  2.062439385788E+000 -1.802199270844E-001  2.889898119118E-001 -4.679012588331E-001
  2.090235720801E+000 -1.723651724208E-001  2.762695259730E-001 -4.474882019239E-001
  2.118473811262E+000 -1.647395887416E-001  2.639160889822E-001 -4.276011370042E-001
  2.147162888201E+000 -1.573413674161E-001  2.519282261288E-001 -4.082491205928E-001
  2.176312426413E+000 -1.501685259560E-001  2.403041560293E-001 -3.894392218697E-001
  2.205932152222E+000 -1.432189145334E-001  2.290416184317E-001 -3.711766417733E-001
  2.236032051522E+000 -1.364902224807E-001  2.181379014873E-001 -3.534648302005E-001
  2.266622378129E+000 -1.299799847593E-001  2.075898685227E-001 -3.363056010056E-001
  2.297713662445E+000 -1.236855883926E-001  1.973939842491E-001 -3.196992445045E-001
  2.329316720450E+000 -1.176042788542E-001  1.875463403517E-001 -3.036446372068E-001
  2.361442663038E+000 -1.117331664076E-001  1.780426804062E-001 -2.881393485134E-001
  2.394102905709E+000 -1.060692323937E-001  1.688784240781E-001 -2.731797441358E-001
  2.427309178642E+000 -1.006093354640E-001  1.600486905633E-001 -2.587610860137E-001
  2.461073537146E+000 -9.535021775862E-002  1.515483212375E-001 -2.448776285283E-001
  2.495408372530E+000 -9.028851103129E-002  1.433719014897E-001 -2.315227108347E-001
  2.530326423398E+000 -8.542074272225E-002  1.355137817181E-001 -2.186888451602E-001
  2.565840787378E+000 -8.074334198447E-002  1.279680974795E-001 -2.063678009416E-001
  2.601964933334E+000 -7.625264566732E-002  1.207287887859E-001 -1.945506847039E-001
  2.638712714049E+000 -7.194490426453E-002  1.137896185519E-001 -1.832280156101E-001
  2.676098379430E+000 -6.781628783356E-002  1.071441902024E-001 -1.723897966419E-001
  2.714136590232E+000 -6.386289189469E-002  1.007859644583E-001 -1.620255813983E-001
  2.752842432351E+000 -6.008074331874E-002  9.470827532242E-002 -1.521245365323E-001
  2.792231431696E+000 -5.646580621267E-002  8.890434529626E-002 -1.426754998707E-001
  2.832319569669E+000 -5.301398781256E-002  8.336729986253E-002 -1.336670342944E-001
  2.873123299289E+000 -4.972114439366E-002  7.809018127377E-002 -1.250874774810E-001
  2.914659561979E+000 -4.658308720653E-002  7.306596169209E-002 -1.169249876384E-001
  2.956945805065E+000 -4.359558844800E-002  6.828755572856E-002 -1.091675853840E-001
  3.000000000000E+000 -4.075438727468E-002  6.374783243366E-002 -1.018031919430E-001
  3.043840661365E+000 -3.805519586569E-002  5.943962679217E-002 -9.481966386401E-002
  3.088486866678E+000 -3.549370553970E-002  5.535575077713E-002 -8.820482446208E-002
  3.133958277047E+000 -3.306559292990E-002  5.148900401731E-002 -8.194649221802E-002
  3.180275158719E+000 -3.076652621820E-002  4.783218413195E-002 -7.603250637249E-002
  3.227458405560E+000 -2.859217142802E-002  4.437809678461E-002 -7.045074996107E-002
  3.275529562509E+000 -2.653819877240E-002  4.111956550502E-002 -6.518917054201E-002
  3.324510850077E+000 -2.460028905152E-002  3.804944132397E-002 -6.023579886903E-002
  3.374425189910E+000 -2.277414009088E-002  3.516061226160E-002 -5.557876575921E-002
  3.425296231502E+000 -2.105547320844E-002  3.244601270371E-002 -5.120631740020E-002
  3.477148380094E+000 -1.944003969601E-002  2.989863269427E-002 -4.710682933173E-002
  3.530006825834E+000 -1.792362729697E-002  2.751152716545E-002 -4.326881932358E-002
  3.583897574256E+000 -1.650206665949E-002  2.527782511843E-002 -3.968095935704E-002
  3.638847478148E+000 -1.517123774140E-002  2.319073876054E-002 -3.633208689794E-002
  3.694884270887E+000 -1.392707614005E-002  2.124357259559E-002 -3.321121562910E-002
  3.752036601308E+000 -1.276557931773E-002  1.942973245589E-002 -3.030754578676E-002
  3.810334070199E+000 -1.168281269123E-002  1.774273445593E-002 -2.761047422108E-002
  3.869807268505E+000 -1.067491555159E-002  1.617621383923E-002 -2.510960427537E-002
  3.930487817331E+000 -9.738106779059E-003  1.472393368230E-002 -2.279475555194E-002
  3.992408409843E+000 -8.868690316521E-003  1.337979341199E-002 -2.065597360609E-002
  4.055602855172E+000 -8.063060364524E-003  1.213783708587E-002 -1.868353958360E-002
  4.120106124432E+000 -7.317706260555E-003  1.099226137996E-002 -1.686797979166E-002
  4.185954398964E+000 -6.629217005947E-003  9.937423222898E-003 -1.520007516926E-002
  4.253185120935E+000 -5.994285404792E-003  8.967847012624E-003 -1.367087060110E-002
  4.321837046422E+000 -5.409711781110E-003  8.078231349196E-003 -1.227168399945E-002
  4.391950301120E+000 -4.872407242895E-003  7.263455216786E-003 -1.099411506137E-002
  4.463566438835E+000 -4.379396464811E-003  6.518583548517E-003 -9.830053595141E-003
  4.536728502895E+000 -3.927819965013E-003  5.838872110121E-003 -8.771687299353E-003
  4.611481090679E+000 -3.514935855956E-003  5.219771642165E-003 -7.811508871392E-003
  4.687870421430E+000 -3.138121053958E-003  4.656931205903E-003 -6.942322319340E-003
  4.765944407533E+000 -2.794871937717E-003  4.146200684596E-003 -6.157248352202E-003
  4.845752729492E+000 -2.482804451850E-003  3.683632400250E-003 -5.449728728206E-003
  4.927346914797E+000 -2.199653657737E-003  3.265481815137E-003 -4.813529449427E-003
  5.010780420931E+000 -1.943272740395E-003  2.888207297922E-003 -4.242742702986E-003
  5.096108722763E+000 -1.711631486713E-003  2.548468945593E-003 -3.731787464218E-003
  5.183389404586E+000 -1.502814256977E-003  2.243126464467E-003 -3.275408695221E-003
  5.272682257105E+000 -1.315017478094E-003  1.969236126039E-003 -2.868675092532E-003
  5.364049379651E+000 -1.146546693155E-003  1.724046826172E-003 -2.506975359906E-003
  5.457555287978E+000 -9.958132078126E-004  1.504995288718E-003 -2.186013005713E-003
  5.553267027968E+000 -8.613303792573E-004  1.309700466970E-003 -1.901799688691E-003
  5.651254295630E+000 -7.417095982246E-004  1.135957207925E-003 -1.650647160220E-003
  5.751589563796E+000 -6.356560182977E-004  9.817292550917E-004 -1.429157875082E-003
  5.854348215936E+000 -5.419640897313E-004  8.451416750930E-004 -1.234214365522E-003
  5.959608687557E+000 -4.595129569444E-004  7.244728014234E-004 -1.062967494444E-003
  6.067452615683E+000 -3.872617796664E-004  6.181457951964E-004 -9.128237225236E-004
  6.177964996951E+000 -3.242450374023E-004  5.247199273472E-004 -7.814315401392E-004
  6.291234354880E+000 -2.695678753622E-004  4.428816894152E-004 -6.666672281512E-004
  6.407352916949E+000 -2.224015472754E-004  3.714358405943E-004 -5.666201211438E-004
  6.526416802128E+000 -1.819790065948E-004  3.092964971641E-004 -4.795775526975E-004
  6.648526219580E+000 -1.475906925427E-004  2.554783666789E-004 -4.040096643331E-004
  6.773785679311E+000 -1.185805513429E-004  2.090882234542E-004 -3.385542579493E-004
  6.902304215570E+000 -9.434232593416E-005  1.693167140465E-004 -2.820018658937E-004
  7.034195623922E+000 -7.431613962377E-005  1.354305717285E-004 -2.332812034170E-004
  7.169578712934E+000 -5.798539069500E-005  1.067653076392E-004 -1.914451554072E-004
  7.308577571516E+000 -4.487396613051E-005  8.271843358464E-005 -1.556574333175E-004
  7.451321853057E+000 -3.454377359928E-005  6.274325770287E-005 -1.251800195214E-004
  7.597947077547E+000 -2.659258191872E-005  4.634327972646E-005 -9.936149544388E-005
  7.748594953021E+000 -2.065215161713E-005  3.306719776114E-005 -7.762632729809E-005
  7.903413717736E+000 -1.638662925166E-005  2.250452375478E-005 -5.946515970826E-005
  8.062558504629E+000 -1.349117205141E-005  1.428179057062E-005 -4.442614357687E-005
  8.226191729726E+000 -1.169076350796E-005  8.059320218529E-006 -3.210730091087E-005
  8.394483506327E+000 -1.073917595707E-005  3.528510738645E-006 -2.214990662259E-005
  8.567612086926E+000 -1.041803318528E-005  4.095888451923E-007 -1.423284619858E-005
  8.745764335025E+000 -1.053592480666E-005 -1.550232945237E-006 -8.067889176982E-006
  8.929136229160E+000 -1.092752469096E-005 -2.578262084798E-006 -3.395802118311E-006
  9.117933401693E+000 -1.145266812389E-005 -2.877565679445E-006  1.678836072495E-008
  9.312371715124E+000 -1.199534661441E-005 -2.628016136282E-006  2.379881553353E-006
  9.512677878945E+000 -1.246258522988E-005 -1.987213231213E-006  3.882042619534E-006
  9.719090110332E+000 -1.278317485954E-005 -1.091348912184E-006  4.691903653635E-006
  9.931858842267E+000 -1.290624062647E-005 -5.607463150532E-008  4.959331361113E-006
  1.015124748302E+001 -1.279963746690E-005  1.022577626308E-006  4.816361657128E-006
  1.037753323129E+001 -1.244817428954E-005  2.067179819367E-006  4.377993079087E-006
  1.061100795175E+001 -1.185167868644E-005  3.017768676203E-006  3.742919705757E-006
  1.085197911611E+001 -1.102292442939E-005  3.830566150275E-006  2.994270868371E-006
  1.110077081537E+001 -9.985453478791E-006  4.476555409157E-006  2.200409985215E-006
  1.135772484956E+001 -8.771332494089E-006  4.939920531436E-006  1.415829073185E-006
  1.162320190175E+001 -7.418890439954E-006  5.216369409468E-006  6.821596380981E-007
  1.189758280382E+001 -5.970488464111E-006  5.311369209356E-006  2.930546067896E-008
  1.218126990242E+001 -4.470375496514E-006  5.238331657236E-006 -5.233110304240E-007
  1.247468853413E+001 -2.962682804600E-006  5.016791035448E-006 -9.654089671332E-007
  1.277828862002E+001 -1.489607972702E-006  4.670620834644E-006 -1.294445408017E-006
  1.309254639077E+001 -8.983352136684E-008  4.226335405657E-006 -1.514184054116E-006
  1.341796625462E+001  1.202782158063E-006  3.711520721018E-006 -1.633276159103E-006
  1.375508282195E+001  2.360213382074E-006  3.153433669248E-006 -1.663894170294E-006
  1.410446310162E+001  3.360958123661E-006  2.577802481804E-006 -1.620456544644E-006
  1.446670888596E+001  4.190406208109E-006  2.007852367853E-006 -1.518477641219E-006
  1.484245934302E+001  4.840892045429E-006  1.463570733474E-006 -1.373570065492E-006
  1.523239383723E+001  5.311451360077E-006  9.612160761508E-007 -1.200618894987E-006
  1.563723500136E+001  5.607312675878E-006  5.130643806937E-007 -1.013138469900E-006
  1.605775208607E+001  5.739164143295E-006  1.273771900663E-007 -8.228135164536E-007
  1.649476461582E+001  5.722244136288E-006 -1.914329801065E-007 -6.392178813979E-007
  1.694914638379E+001  5.575309480626E-006 -4.424711229521E-007 -4.696966156214E-007
  1.742182982203E+001  5.319537918331E-006 -6.278983350169E-007 -3.193909699087E-007
  1.791381078784E+001  4.977421326114E-006 -7.523795852152E-007 -1.913813445452E-007
  1.842615381215E+001  4.571703308926E-006 -8.224803639894E-007 -8.692051656447E-008
  1.895999786176E+001  4.124409261931E-006 -8.460504363220E-007 -5.728566672704E-009
  1.951656267356E+001  3.656009164680E-006 -8.316295096964E-007  5.367826972549E-008
  2.009715572669E+001  3.184743704079E-006 -7.879045892979E-007  9.365031245467E-008
  2.070317992707E+001  2.726133393064E-006 -7.232425150742E-007  1.170807075075E-007
  2.133614208874E+001  2.292678815090E-006 -6.453141026688E-007  1.271129219801E-007
  2.199766230782E+001  1.893748680668E-006 -5.608189147376E-007  1.268922994839E-007
  2.268948433818E+001  1.535641733995E-006 -4.753124424720E-007  1.193695535890E-007
  2.341348709294E+001  1.221799356610E-006 -3.931308230765E-007  1.071593150647E-007
  2.417169741362E+001  9.531385533763E-007 -3.174025473409E-007  9.245256888361E-008
  2.496630426925E+001  7.284703120853E-007 -2.501322343771E-007  7.697824641645E-008
  2.579967457140E+001  5.449663631291E-007 -1.923386815357E-007  6.200653774647E-008
  2.667437081864E+001  3.986381828145E-007 -1.442281349659E-007  4.838474723848E-008
  2.759317081651E+001  2.847955092619E-007 -1.053840438367E-007  3.659574672922E-008
  2.855908975674E+001  1.984572749560E-007 -7.495630636407E-008  2.682922626706E-008
  2.957540498378E+001  1.346951081810E-007 -5.183591980867E-008  1.905687630418E-008
  3.064568382919E+001  8.889767327885E-008 -3.480464700372E-008  1.310417554829E-008
  3.177381495601E+001  5.695229175545E-008 -2.265338727644E-008  8.713383811762E-009
  3.296404372807E+001  3.534771706766E-008 -1.426695415514E-008  5.594410196730E-009
  3.422101220608E+001  2.120794542205E-008 -8.676516068949E-009  3.462212823352E-009
  3.554980447538E+001  1.227105488529E-008 -5.083733193506E-009  2.061089821029E-009
  3.695599813319E+001  6.829059779912E-009 -2.862429413992E-009  1.177501292297E-009
  3.844572291106E+001  3.644715520205E-009 -1.544421357171E-009  6.438479929315E-010
  4.002572758518E+001  1.859440541518E-009 -7.959756230124E-010  3.359287345880E-010
  4.170345654134E+001  9.035602759285E-010 -3.904854017974E-010  1.666756230598E-010
  4.348713762001E+001  4.165409187385E-010 -1.816247422964E-010  7.834222487342E-011
  4.538588318162E+001  1.813682058026E-010 -7.974608656992E-011  3.473402084066E-011
  4.740980671574E+001  7.422112814462E-011 -3.289176592346E-011  1.445643540213E-011
  4.957015778746E+001  2.839033908251E-011 -1.267474958195E-011  5.617892659229E-012
  5.187947869225E+001  1.008844085585E-011 -4.535395601776E-012  2.026121360943E-012
  5.435178690397E+001  3.307520867048E-012 -1.496728331949E-012  6.735769564200E-013
  5.700278828629E+001  9.927861206257E-013 -4.520481660520E-013  2.048422767998E-013
  5.985012714155E+001  2.704667043582E-013 -1.238745262214E-013  5.649642488316E-014
  6.291368055481E+001  6.622543240742E-014 -3.049950927938E-014  1.399471941744E-014
  6.621590623276E+001  1.441381263106E-014 -6.672930551898E-015  3.079370054831E-015
  6.978225524452E+001  2.753717405820E-015 -1.281164614950E-015  5.943982558993E-016
  7.364166388185E+001  4.552358983841E-016 -2.127921562433E-016  9.922463338102E-017
  7.782714245929E+001  6.406783251524E-017 -3.008051753660E-017  1.409334218571E-017
  8.237648351994E+001  7.533661715328E-018 -3.552028588819E-018  1.671675746345E-018
  8.733311794502E+001  7.244227780204E-019 -3.429194849834E-019  1.620706932878E-019
  9.274715535088E+001  5.556628764476E-020 -2.640286844174E-020  1.252844105995E-020
  9.867665554529E+001  3.303377771967E-021 -1.575260582941E-021  7.503003408669E-022
  1.051891916055E+002  1.471869910601E-022 -7.042668361078E-023  3.366400581363E-023
  1.123637836013E+002  4.726127779705E-024 -2.268664171907E-024  1.088075047157E-024
  1.202933069206E+002  1.044309082065E-025 -5.028260896217E-026  2.419276962101E-026
  1.290875131414E+002  1.503663887018E-027 -7.260959739322E-028  3.504002527975E-028
  1.388768482001E+002  1.322214151126E-029 -6.402259573556E-030  3.098373079500E-030
  1.498173177370E+002  6.570217577543E-032 -3.189599098985E-032  1.547738924830E-032
  1.620967411853E+002  1.680324916072E-034 -8.177373943336E-035  3.978058076049E-035
  1.759428668168E+002  1.974709041782E-037 -9.632296249419E-038  4.696997335740E-038
  1.916340085825E+002  9.283598445469E-041 -4.538301996275E-041  2.217979308399E-041
  2.095131417987E+002  1.471737153027E-044 -7.209480530978E-045  3.530893982672E-045
  2.300068054477E+002  6.361121289686E-049 -3.122140175653E-049  1.532128122705E-049
  2.536507797910E+002  5.739030395140E-054 -2.821970069742E-054  1.387409417091E-054
  2.811254638474E+002  7.698513304027E-060 -3.791994897307E-060  1.867579530116E-060
  3.133053780630E+002  9.926890985563E-067 -4.897501023882E-067  2.415997313762E-067
  3.513296254502E+002  6.970426297478E-075 -3.444100876351E-075  1.701615544689E-075
  3.967041014107E+002  1.257184147441E-084 -6.220521851272E-085  3.077731586214E-085
  4.514529193350E+002  2.120713988981E-096 -1.050700160720E-096  5.205436501015E-097
  5.183481233601E+002  8.385113543207E-111 -4.159421248385E-111  2.063208333680E-111
  6.012676077950E+002  1.120871630206E-128 -5.566299903919E-129  2.764185440282E-129
  7.057700503752E+002  3.154987514402E-151 -1.568395436974E-151  7.796616772082E-152
  8.400513767914E+002  3.118243025554E-180 -1.551587823992E-180  7.720361683228E-181
  1.016602135495E+003  2.110169776952E-218 -1.050882885277E-218  5.233446247879E-219
  1.255220715579E+003  4.944233328533E-270 -2.464161227185E-270  1.228109295337E-270
  1.588815776243E+003  0.000000000000E+000  0.000000000000E+000  0.000000000000E+000
  2.075392011604E+003  0.000000000000E+000  0.000000000000E+000  0.000000000000E+000
  2.825079847528E+003  0.000000000000E+000  0.000000000000E+000  0.000000000000E+000
  4.068408296183E+003  0.000000000000E+000  0.000000000000E+000  0.000000000000E+000
  6.357262947672E+003  0.000000000000E+000  0.000000000000E+000  0.000000000000E+000
  1.130231930164E+004  0.000000000000E+000  0.000000000000E+000  0.000000000000E+000
  2.543105175136E+004  0.000000000000E+000  0.000000000000E+000  0.000000000000E+000
  1.017262069952E+005  0.000000000000E+000  0.000000000000E+000  0.000000000000E+000
