# 1st line: number of mesh points
# rho and r_seitz are calculated from total density
# zeta and r_seitz only correct of rho > 1d-12

# abcissa rho drho ddrho zeta r_seitz
500
  9.830308526563E-006  3.972471859130E+003 -6.432071877034E+004  1.061130711923E+006  0.000000000000E+000  9.106541584614E-002
  3.932200719722E-005  3.970575393262E+003 -6.428943197751E+004  1.060604887505E+006  0.000000000000E+000  9.107991206286E-002
  8.847741541467E-005  3.967416500982E+003 -6.423731904021E+004  1.059729058119E+006  0.000000000000E+000  9.110407852864E-002
  1.573003992805E-004  3.962998005801E+003 -6.416442748733E+004  1.058504039905E+006  0.000000000000E+000  9.113792440497E-002
  2.457963722418E-004  3.957323855164E+003 -6.407082376504E+004  1.056930973800E+006  0.000000000000E+000  9.118146252715E-002
  3.539722959954E-004  3.950399114991E+003 -6.395659314265E+004  1.055011323885E+006  0.000000000000E+000  9.123470941360E-002
  4.818366816529E-004  3.942229962675E+003 -6.382183959191E+004  1.052746875269E+006  0.000000000000E+000  9.129768527768E-002
  6.293995911626E-004  3.932823678550E+003 -6.366668563996E+004  1.050139731504E+006  0.000000000000E+000  9.137041404235E-002
  7.966726389935E-004  3.922188635840E+003 -6.349127219617E+004  1.047192311540E+006  0.000000000000E+000  9.145292335741E-002
  9.836689940782E-004  3.910334289120E+003 -6.329575835316E+004  1.043907346238E+006  0.000000000000E+000  9.154524461947E-002
  1.190403382016E-003  3.897271161287E+003 -6.308032116243E+004  1.040287874424E+006  0.000000000000E+000  9.164741299468E-002
  1.416892087541E-003  3.883010829087E+003 -6.284515538497E+004  1.036337238515E+006  0.000000000000E+000  9.175946744418E-002
  1.663152957245E-003  3.867565907212E+003 -6.259047321732E+004  1.032059079707E+006  0.000000000000E+000  9.188145075236E-002
  1.929205402573E-003  3.850950030993E+003 -6.231650399351E+004  1.027457332747E+006  0.000000000000E+000  9.201340955793E-002
  2.215070403073E-003  3.833177837731E+003 -6.202349386359E+004  1.022536220288E+006  0.000000000000E+000  9.215539438780E-002
  2.520770509919E-003  3.814264946682E+003 -6.171170544909E+004  1.017300246848E+006  0.000000000000E+000  9.230745969392E-002
  2.846329849692E-003  3.794227937752E+003 -6.138141747630E+004  1.011754192374E+006  0.000000000000E+000  9.246966389299E-002
  3.191774128432E-003  3.773084328920E+003 -6.103292438778E+004  1.005903105429E+006  0.000000000000E+000  9.264206940918E-002
  3.557130635959E-003  3.750852552445E+003 -6.066653593301E+004  9.997522960194E+005  0.000000000000E+000  9.282474271982E-002
  3.942428250463E-003  3.727551929883E+003 -6.028257673880E+004  9.933073280568E+005  0.000000000000E+000  9.301775440421E-002
  4.347697443358E-003  3.703202645972E+003 -5.988138586025E+004  9.865740114956E+005  0.000000000000E+000  9.322117919553E-002
  4.772970284417E-003  3.677825721428E+003 -5.946331631311E+004  9.795583941368E+005  0.000000000000E+000  9.343509603597E-002
  5.218280447175E-003  3.651442984687E+003 -5.902873458834E+004  9.722667531269E+005  0.000000000000E+000  9.365958813502E-002
  5.683663214611E-003  3.624077042659E+003 -5.857802014971E+004  9.647055861614E+005  0.000000000000E+000  9.389474303118E-002
  6.169155485101E-003  3.595751250539E+003 -5.811156491548E+004  9.568816024124E+005  0.000000000000E+000  9.414065265697E-002
  6.674795778653E-003  3.566489680719E+003 -5.762977272480E+004  9.488017131936E+005  0.000000000000E+000  9.439741340740E-002
  7.200624243425E-003  3.536317090868E+003 -5.713305879016E+004  9.404730223825E+005  0.000000000000E+000  9.466512621205E-002
  7.746682662519E-003  3.505258891230E+003 -5.662184913650E+004  9.319028166148E+005  0.000000000000E+000  9.494389661062E-002
  8.313014461060E-003  3.473341111188E+003 -5.609658002817E+004  9.230985552705E+005  0.000000000000E+000  9.523383483232E-002
  8.899664713569E-003  3.440590365167E+003 -5.555769738472E+004  9.140678602682E+005  0.000000000000E+000  9.553505587895E-002
  9.506680151615E-003  3.407033817924E+003 -5.500565618648E+004  9.048185056875E+005  0.000000000000E+000  9.584767961190E-002
  1.013410917176E-002  3.372699149281E+003 -5.444091987107E+004  8.953584072360E+005  0.000000000000E+000  9.617183084313E-002
  1.078200184380E-002  3.337614518372E+003 -5.386395972176E+004  8.856956115816E+005  0.000000000000E+000  9.650763943019E-002
  1.145040991929E-002  3.301808527457E+003 -5.327525424886E+004  8.758382855675E+005  0.000000000000E+000  9.685524037553E-002
  1.213938684040E-002  3.265310185366E+003 -5.267528856514E+004  8.657947053298E+005  0.000000000000E+000  9.721477392997E-002
  1.284898774901E-002  3.228148870629E+003 -5.206455375635E+004  8.555732453362E+005  0.000000000000E+000  9.758638570072E-002
  1.357926949620E-002  3.190354294366E+003 -5.144354624795E+004  8.451823673652E+005  0.000000000000E+000  9.797022676387E-002
  1.433029065191E-002  3.151956462985E+003 -5.081276716911E+004  8.346306094453E+005  0.000000000000E+000  9.836645378158E-002
  1.510211151509E-002  3.112985640757E+003 -5.017272171502E+004  8.239265747717E+005  0.000000000000E+000  9.877522912408E-002
  1.589479412397E-002  3.073472312327E+003 -4.952391850867E+004  8.130789206221E+005  0.000000000000E+000  9.919672099659E-002
  1.670840226680E-002  3.033447145226E+003 -4.886686896304E+004  8.020963472882E+005  0.000000000000E+000  9.963110357133E-002
  1.754300149280E-002  2.992940952436E+003 -4.820208664487E+004  7.909875870420E+005  0.000000000000E+000  1.000785571248E-001
  1.839865912351E-002  2.951984655084E+003 -4.753008664100E+004  7.797613931570E+005  0.000000000000E+000  1.005392681806E-001
  1.927544426443E-002  2.910609245298E+003 -4.685138492832E+004  7.684265290007E+005  0.000000000000E+000  1.010134296573E-001
  2.017342781695E-002  2.868845749320E+003 -4.616649774834E+004  7.569917572173E+005  0.000000000000E+000  1.015012410226E-001
  2.109268249069E-002  2.826725190902E+003 -4.547594098748E+004  7.454658290183E+005  0.000000000000E+000  1.020029084535E-001
  2.203328281612E-002  2.784278555056E+003 -4.478022956388E+004  7.338574735984E+005  0.000000000000E+000  1.025186450015E-001
  2.299530515754E-002  2.741536752218E+003 -4.407987682189E+004  7.221753876935E+005  0.000000000000E+000  1.030486707657E-001
  2.397882772639E-002  2.698530582871E+003 -4.337539393510E+004  7.104282252974E+005  0.000000000000E+000  1.035932130706E-001
  2.498393059493E-002  2.655290702690E+003 -4.266728931876E+004  6.986245875538E+005  0.000000000000E+000  1.041525066524E-001
  2.601069571024E-002  2.611847588246E+003 -4.195606805266E+004  6.867730128386E+005  0.000000000000E+000  1.047267938505E-001
  2.705920690860E-002  2.568231503349E+003 -4.124223131517E+004  6.748819670480E+005  0.000000000000E+000  1.053163248070E-001
  2.812954993023E-002  2.524472466037E+003 -4.052627582941E+004  6.629598341077E+005  0.000000000000E+000  1.059213576739E-001
  2.922181243436E-002  2.480600216305E+003 -3.980869332219E+004  6.510149067159E+005  0.000000000000E+000  1.065421588266E-001
  3.033608401473E-002  2.436644184578E+003 -3.908996999679E+004  6.390553773348E+005  0.000000000000E+000  1.071790030862E-001
  3.147245621542E-002  2.392633461004E+003 -3.837058601998E+004  6.270893294430E+005  0.000000000000E+000  1.078321739497E-001
  3.263102254705E-002  2.348596765589E+003 -3.765101502423E+004  6.151247290614E+005  0.000000000000E+000  1.085019638283E-001
  3.381187850339E-002  2.304562419220E+003 -3.693172362571E+004  6.031694165637E+005  0.000000000000E+000  1.091886742939E-001
  3.501512157837E-002  2.260558315622E+003 -3.621317095873E+004  5.912310987826E+005  0.000000000000E+000  1.098926163352E-001
  3.624085128345E-002  2.216611894272E+003 -3.549580822718E+004  5.793173414225E+005  0.000000000000E+000  1.106141106222E-001
  3.748916916538E-002  2.172750114313E+003 -3.478007827363E+004  5.674355617878E+005  0.000000000000E+000  1.113534877807E-001
  3.876017882444E-002  2.128999429490E+003 -3.406641516642E+004  5.555930218350E+005  0.000000000000E+000  1.121110886754E-001
  4.005398593302E-002  2.085385764160E+003 -3.335524380554E+004  5.437968215586E+005  0.000000000000E+000  1.128872647044E-001
  4.137069825459E-002  2.041934490366E+003 -3.264697954739E+004  5.320538927154E+005  0.000000000000E+000  1.136823781025E-001
  4.271042566323E-002  1.998670406038E+003 -3.194202784905E+004  5.203709928970E+005  0.000000000000E+000  1.144968022561E-001
  4.407328016341E-002  1.955617714318E+003 -3.124078393237E+004  5.087546999529E+005  0.000000000000E+000  1.153309220280E-001
  4.545937591035E-002  1.912800004041E+003 -3.054363246816E+004  4.972114067726E+005  0.000000000000E+000  1.161851340946E-001
  4.686882923075E-002  1.870240231383E+003 -2.985094728074E+004  4.857473164283E+005  0.000000000000E+000  1.170598472933E-001
  4.830175864396E-002  1.827960702698E+003 -2.916309107314E+004  4.743684376836E+005  0.000000000000E+000  1.179554829821E-001
  4.975828488365E-002  1.785983058549E+003 -2.848041517315E+004  4.630805808695E+005  0.000000000000E+000  1.188724754119E-001
  5.123853091993E-002  1.744328258955E+003 -2.780325930024E+004  4.518893541314E+005  0.000000000000E+000  1.198112721103E-001
  5.274262198188E-002  1.703016569848E+003 -2.713195135361E+004  4.408001600465E+005  0.000000000000E+000  1.207723342787E-001
  5.427068558066E-002  1.662067550753E+003 -2.646680722131E+004  4.298181926130E+005  0.000000000000E+000  1.217561372021E-001
  5.582285153302E-002  1.621500043698E+003 -2.580813061051E+004  4.189484346112E+005  0.000000000000E+000  1.227631706725E-001
  5.739925198530E-002  1.581332163348E+003 -2.515621289889E+004  4.081956553345E+005  0.000000000000E+000  1.237939394255E-001
  5.900002143803E-002  1.541581288362E+003 -2.451133300704E+004  3.975644086893E+005  0.000000000000E+000  1.248489635918E-001
  6.062529677088E-002  1.502264053976E+003 -2.387375729186E+004  3.870590316609E+005  0.000000000000E+000  1.259287791610E-001
  6.227521726827E-002  1.463396345796E+003 -2.324373946069E+004  3.766836431421E+005  0.000000000000E+000  1.270339384622E-001
  6.394992464542E-002  1.424993294800E+003 -2.262152050608E+004  3.664421431218E+005  0.000000000000E+000  1.281650106569E-001
  6.564956307496E-002  1.387069273540E+003 -2.200732866093E+004  3.563382122266E+005  0.000000000000E+000  1.293225822488E-001
  6.737427921404E-002  1.349637893518E+003 -2.140137937376E+004  3.463753116131E+005  0.000000000000E+000  1.305072576068E-001
  6.912422223211E-002  1.312712003739E+003 -2.080387530385E+004  3.365566832026E+005  0.000000000000E+000  1.317196595047E-001
  7.089954383907E-002  1.276303690416E+003 -2.021500633577E+004  3.268853502538E+005  0.000000000000E+000  1.329604296748E-001
  7.270039831418E-002  1.240424277798E+003 -1.963494961319E+004  3.173641182641E+005  0.000000000000E+000  1.342302293780E-001
  7.452694253540E-002  1.205084330125E+003 -1.906386959125E+004  3.079955761947E+005  0.000000000000E+000  1.355297399881E-001
  7.637933600943E-002  1.170293654656E+003 -1.850191810742E+004  2.987820980082E+005  0.000000000000E+000  1.368596635920E-001
  7.825774090225E-002  1.136061305781E+003 -1.794923447004E+004  2.897258445136E+005  0.000000000000E+000  1.382207236040E-001
  8.016232207035E-002  1.102395590151E+003 -1.740594556431E+004  2.808287655053E+005  0.000000000000E+000  1.396136653964E-001
  8.209324709253E-002  1.069304072839E+003 -1.687216597512E+004  2.720926021913E+005  0.000000000000E+000  1.410392569424E-001
  8.405068630235E-002  1.036793584469E+003 -1.634799812613E+004  2.635188898954E+005  0.000000000000E+000  1.424982894749E-001
  8.603481282122E-002  1.004870229304E+003 -1.583353243463E+004  2.551089610277E+005  0.000000000000E+000  1.439915781568E-001
  8.804580259214E-002  9.735393942505E+002 -1.532884748153E+004  2.468639483093E+005  0.000000000000E+000  1.455199627651E-001
  9.008383441408E-002  9.428057587511E+002 -1.483401019592E+004  2.387847882411E+005  0.000000000000E+000  1.470843083861E-001
  9.214908997710E-002  9.126733055253E+002 -1.434907605348E+004  2.308722248056E+005  0.000000000000E+000  1.486855061208E-001
  9.424175389809E-002  8.831453321299E+002 -1.387408928828E+004  2.231268133896E+005  0.000000000000E+000  1.503244737997E-001
  9.636201375725E-002  8.542244632970E+002 -1.340908311705E+004  2.155489249153E+005  0.000000000000E+000  1.520021567047E-001
  9.851006013526E-002  8.259126640145E+002 -1.295407997554E+004  2.081387501685E+005  0.000000000000E+000  1.537195282972E-001
  1.006860866512E-001  7.982112533101E+002 -1.250909176600E+004  2.008963043107E+005  0.000000000000E+000  1.554775909487E-001
  1.028902900012E-001  7.711209187002E+002 -1.207412011531E+004  1.938214315631E+005  0.000000000000E+000  1.572773766732E-001
  1.051228699979E-001  7.446417312641E+002 -1.164915664299E+004  1.869138100493E+005  0.000000000000E+000  1.591199478563E-001
  1.073840296104E-001  7.187731613031E+002 -1.123418323825E+004  1.801729567843E+005  0.000000000000E+000  1.610063979798E-001
  1.096739750056E-001  6.935140945445E+002 -1.082917234557E+004  1.735982327974E+005  0.000000000000E+000  1.629378523365E-001
  1.119929155896E-001  6.688628488496E+002 -1.043408725798E+004  1.671888483747E+005  0.000000000000E+000  1.649154687303E-001
  1.143410640503E-001  6.448171913839E+002 -1.004888241732E+004  1.609438684100E+005  0.000000000000E+000  1.669404381588E-001
  1.167186364011E-001  6.213743562102E+002 -9.673503720774E+003  1.548622178508E+005  0.000000000000E+000  1.690139854697E-001
  1.191258520249E-001  5.985310622616E+002 -9.307888833004E+003  1.489426872258E+005  0.000000000000E+000  1.711373699867E-001
  1.215629337189E-001  5.762835316543E+002 -8.951967503081E+003  1.431839382429E+005  0.000000000000E+000  1.733118860963E-001
  1.240301077413E-001  5.546275082993E+002 -8.605661885594E+003  1.375845094434E+005  0.000000000000E+000  1.755388637871E-001
  1.265276038575E-001  5.335582767723E+002 -8.268886865190E+003  1.321428219021E+005  0.000000000000E+000  1.778196691334E-001
  1.290556553882E-001  5.130706814014E+002 -7.941550383850E+003  1.268571849587E+005  0.000000000000E+000  1.801557047108E-001
  1.316144992580E-001  4.931591455328E+002 -7.623553770237E+003  1.217258019713E+005  0.000000000000E+000  1.825484099324E-001
  1.342043760450E-001  4.738176909352E+002 -7.314792070434E+003  1.167467760776E+005  0.000000000000E+000  1.849992612933E-001
  1.368255300316E-001  4.550399573044E+002 -7.015154379408E+003  1.119181159549E+005  0.000000000000E+000  1.875097725070E-001
  1.394782092560E-001  4.368192218296E+002 -6.724524172568E+003  1.072377415656E+005  0.000000000000E+000  1.900814945168E-001
  1.421626655646E-001  4.191484187848E+002 -6.442779636770E+003  1.027034898783E+005  0.000000000000E+000  1.927160153657E-001
  1.448791546661E-001  4.020201591073E+002 -6.169794000177E+003  9.831312055449E+004  0.000000000000E+000  1.954149599012E-001
  1.476279361856E-001  3.854267499301E+002 -5.905435860348E+003  9.406432158961E+004  0.000000000000E+000  1.981799892933E-001
  1.504092737207E-001  3.693602140311E+002 -5.649569510015E+003  8.995471489892E+004  0.000000000000E+000  2.010128003404E-001
  1.532234348983E-001  3.538123091675E+002 -5.402055259955E+003  8.598186183931E+004  0.000000000000E+000  2.039151245333E-001
  1.560706914324E-001  3.387745472605E+002 -5.162749758442E+003  8.214326865726E+004  0.000000000000E+000  2.068887268471E-001
  1.589513191834E-001  3.242382134022E+002 -4.931506306757E+003  7.843639185479E+004  0.000000000000E+000  2.099354042255E-001
  1.618655982178E-001  3.101943846505E+002 -4.708175170263E+003  7.485864346480E+004  0.000000000000E+000  2.130569837195E-001
  1.648138128702E-001  2.966339485865E+002 -4.492603884564E+003  7.140739622834E+004  0.000000000000E+000  2.162553202383E-001
  1.677962518056E-001  2.835476216040E+002 -4.284637556320E+003  6.807998866614E+004  0.000000000000E+000  2.195322938668E-001
  1.708132080832E-001  2.709259669065E+002 -4.084119158280E+003  6.487373003766E+004  0.000000000000E+000  2.228898066987E-001
  1.738649792215E-001  2.587594121846E+002 -3.890889818134E+003  6.178590518122E+004  0.000000000000E+000  2.263297791306E-001
  1.769518672648E-001  2.470382669524E+002 -3.704789100818E+003  5.881377922899E+004  0.000000000000E+000  2.298541455581E-001
  1.800741788507E-001  2.357527395178E+002 -3.525655283922E+003  5.595460219161E+004  0.000000000000E+000  2.334648494082E-001
  1.832322252791E-001  2.248929535683E+002 -3.353325625868E+003  5.320561340709E+004  0.000000000000E+000  2.371638374397E-001
  1.864263225826E-001  2.144489643501E+002 -3.187636626571E+003  5.056404584954E+004  0.000000000000E+000  2.409530532361E-001
  1.896567915983E-001  2.044107744252E+002 -3.028424280310E+003  4.802713029355E+004  0.000000000000E+000  2.448344298124E-001
  1.929239580409E-001  1.947683489865E+002 -2.875524320554E+003  4.559209933052E+004  0.000000000000E+000  2.488098812507E-001
  1.962281525771E-001  1.855116307186E+002 -2.728772456536E+003  4.325619123374E+004  0.000000000000E+000  2.528812932753E-001
  1.995697109023E-001  1.766305541885E+002 -2.588004601361E+003  4.101665366953E+004  0.000000000000E+000  2.570505126765E-001
  2.029489738173E-001  1.681150597547E+002 -2.453057091505E+003  3.887074725199E+004  0.000000000000E+000  2.613193354836E-001
  2.063662873085E-001  1.599551069830E+002 -2.323766897530E+003  3.681574893963E+004  0.000000000000E+000  2.656894937929E-001
  2.098220026275E-001  1.521406875607E+002 -2.199971825919E+003  3.484895527241E+004  0.000000000000E+000  2.701626411475E-001
  2.133164763746E-001  1.446618376991E+002 -2.081510711922E+003  3.296768544818E+004  0.000000000000E+000  2.747403363743E-001
  2.168500705817E-001  1.375086500192E+002 -1.968223603347E+003  3.116928423798E+004  0.000000000000E+000  2.794240257809E-001
  2.204231527988E-001  1.306712849147E+002 -1.859951935244E+003  2.945112474000E+004  0.000000000000E+000  2.842150236252E-001
  2.240360961807E-001  1.241399813873E+002 -1.756538695458E+003  2.781061097243E+004  0.000000000000E+000  2.891144907775E-001
  2.276892795770E-001  1.179050673529E+002 -1.657828581049E+003  2.624518030584E+004  0.000000000000E+000  2.941234115097E-001
  2.313830876220E-001  1.119569694161E+002 -1.563668145595E+003  2.475230573598E+004  0.000000000000E+000  2.992425683653E-001
  2.351179108282E-001  1.062862221135E+002 -1.473905937410E+003  2.332949799849E+004  0.000000000000E+000  3.044725150861E-001
  2.388941456809E-001  1.008834766255E+002 -1.388392628754E+003  2.197430752699E+004  0.000000000000E+000  3.098135476047E-001
  2.427121947345E-001  9.573950896056E+001 -1.306981136090E+003  2.068432625670E+004  0.000000000000E+000  3.152656731498E-001
  2.465724667110E-001  9.084522761313E+001 -1.229526731502E+003  1.945718927585E+004  0.000000000000E+000  3.208285775567E-001
  2.504753766009E-001  8.619168070090E+001 -1.155887145379E+003  1.829057632736E+004  0.000000000000E+000  3.265015909343E-001
  2.544213457654E-001  8.177006258602E+001 -1.085922660496E+003  1.718221316387E+004  0.000000000000E+000  3.322836519032E-001
  2.584108020414E-001  7.757171998679E+001 -1.019496197640E+003  1.612987275904E+004  0.000000000000E+000  3.381732706994E-001
  2.624441798480E-001  7.358815758695E+001 -9.564733929472E+002  1.513137637858E+004  0.000000000000E+000  3.441684915207E-001
  2.665219202956E-001  6.981104315080E+001 -8.967226671088E+002  1.418459451453E+004  0.000000000000E+000  3.502668545966E-001
  2.706444712976E-001  6.623221215289E+001 -8.401152866560E+002  1.328744768669E+004  0.000000000000E+000  3.564653585630E-001
  2.748122876832E-001  6.284367193226E+001 -7.865254175060E+002  1.243790711496E+004  0.000000000000E+000  3.627604238437E-001
  2.790258313137E-001  5.963760538142E+001 -7.358301709884E+002  1.163399526694E+004  0.000000000000E+000  3.691478578565E-001
  2.832855712010E-001  5.660637418144E+001 -6.879096425693E+002  1.087378628493E+004  0.000000000000E+000  3.756228229879E-001
  2.875919836279E-001  5.374252159475E+001 -6.426469435044E+002  1.015540629676E+004  0.000000000000E+000  3.821798083964E-001
  2.919455522717E-001  5.103877482801E+001 -5.999282256568E+002  9.477033615021E+003  0.000000000000E+000  3.888126068190E-001
  2.963467683296E-001  4.848804697798E+001 -5.596426997261E+002  8.836898829269E+003  0.000000000000E+000  3.955142976474E-001
  3.007961306479E-001  4.608343857359E+001 -5.216826471381E+002  8.233284795910E+003  0.000000000000E+000  4.022772376143E-001
  3.052941458522E-001  4.381823872801E+001 -4.859434258519E+002  7.664526530524E+003  0.000000000000E+000  4.090930604663E-001
  3.098413284823E-001  4.168592591478E+001 -4.523234703438E+002  7.129011007436E+003  0.000000000000E+000  4.159526869940E-001
  3.144382011281E-001  3.968016838242E+001 -4.207242860334E+002  6.625176871343E+003  0.000000000000E+000  4.228463467347E-001
  3.190852945695E-001  3.779482422208E+001 -3.910504384151E+002  6.151514065859E+003  0.000000000000E+000  4.297636125349E-001
  3.237831479192E-001  3.602394110330E+001 -3.632095371658E+002  5.706563383821E+003  0.000000000000E+000  4.366934489773E-001
  3.285323087679E-001  3.436175569260E+001 -3.371122154948E+002  5.288915944160E+003  0.000000000000E+000  4.436242754003E-001
  3.333333333333E-001  3.280269277037E+001 -3.126721050065E+002  4.897212600164E+003  0.000000000000E+000  4.505440439025E-001
  3.381867866117E-001  3.134136406102E+001 -2.898058063416E+002  4.530143283860E+003  0.000000000000E+000  4.574403323013E-001
  3.430932425333E-001  2.997256679171E+001 -2.684328558651E+002  4.186446291235E+003  0.000000000000E+000  4.643004515330E-001
  3.480532841203E-001  2.869128199488E+001 -2.484756886632E+002  3.864907512914E+003  0.000000000000E+000  4.711115664512E-001
  3.530675036492E-001  2.749267256975E+001 -2.298595981121E+002  3.564359614855E+003  0.000000000000E+000  4.778608284138E-001
  3.581365028158E-001  2.637208111780E+001 -2.125126922752E+002  3.283681173531E+003  0.000000000000E+000  4.845355174886E-001
  3.632608929041E-001  2.532502756713E+001 -1.963658473821E+002  3.021795769961E+003  0.000000000000E+000  4.911231915682E-001
  3.684412949588E-001  2.434720660057E+001 -1.813526586393E+002  2.777671046856E+003  0.000000000000E+000  4.976118392149E-001
  3.736783399619E-001  2.343448490195E+001 -1.674093886160E+002  2.550317733029E+003  0.000000000000E+000  5.039900326802E-001
  3.789726690123E-001  2.258289823491E+001 -1.544749134419E+002  2.338788639094E+003  0.000000000000E+000  5.102470772946E-001
  3.843249335105E-001  2.178864836830E+001 -1.424906670514E+002  2.142177628345E+003  0.000000000000E+000  5.163731533326E-001
  3.897357953460E-001  2.104809986190E+001 -1.314005836968E+002  1.959618566588E+003  0.000000000000E+000  5.223594465333E-001
  3.952059270903E-001  2.035777672591E+001 -1.211510389517E+002  1.790284254546E+003  0.000000000000E+000  5.281982637115E-001
  4.007360121927E-001  1.971435896733E+001 -1.116907894144E+002  1.633385346311E+003  0.000000000000E+000  5.338831303198E-001
  4.063267451812E-001  1.911467903593E+001 -1.029709113161E+002  1.488169257180E+003  0.000000000000E+000  5.394088673962E-001
  4.119788318683E-001  1.855571818221E+001 -9.494473822959E+001  1.353919064059E+003  0.000000000000E+000  5.447716460327E-001
  4.176929895600E-001  1.803460273927E+001 -8.756779806757E+001  1.229952401450E+003  0.000000000000E+000  5.499690182785E-001
  4.234699472710E-001  1.754860034025E+001 -8.079774955034E+001  1.115620355916E+003  0.000000000000E+000  5.549999242121E-001
  4.293104459435E-001  1.709511608231E+001 -7.459431831493E+001  1.010306361722E+003  0.000000000000E+000  5.598646757276E-001
  4.352152386716E-001  1.667168864795E+001 -6.891923282976E+001  9.134251002210E+002  0.000000000000E+000  5.645649183340E-001
  4.411850909306E-001  1.627598639400E+001 -6.373616026984E+001  8.244214054011E+002  0.000000000000E+000  5.691035729354E-001
  4.472207808110E-001  1.590580341788E+001 -5.901064249977E+001  7.427691778267E+002  0.000000000000E+000  5.734847600975E-001
  4.533230992589E-001  1.555905561065E+001 -5.471003230273E+001  6.679703090852E+002  0.000000000000E+000  5.777137097054E-001
  4.594928503202E-001  1.523377670573E+001 -5.080342998587E+001  5.995536186784E+002  0.000000000000E+000  5.817966591615E-001
  4.657308513924E-001  1.492811433167E+001 -4.726162048366E+001  5.370738051541E+002  0.000000000000E+000  5.857407433685E-001
  4.720379334802E-001  1.464032607690E+001 -4.405701107283E+001  4.801104131269E+002  0.000000000000E+000  5.895538796937E-001
  4.784149414579E-001  1.436877557415E+001 -4.116356980414E+001  4.282668176910E+002  0.000000000000E+000  5.932446509448E-001
  4.848627343381E-001  1.411192861143E+001 -3.855676474835E+001  3.811692275876E+002  0.000000000000E+000  5.968221891198E-001
  4.913821855461E-001  1.386834927628E+001 -3.621350414577E+001  3.384657083534E+002  0.000000000000E+000  6.002960623578E-001
  4.979741832006E-001  1.363669613941E+001 -3.411207754111E+001  2.998252265418E+002  0.000000000000E+000  6.036761671290E-001
  5.046396304008E-001  1.341571848346E+001 -3.223209797780E+001  2.649367159814E+002  0.000000000000E+000  6.069726273002E-001
  5.113794455212E-001  1.320425258226E+001 -3.055444531867E+001  2.335081669116E+002  0.000000000000E+000  6.101957013059E-001
  5.181945625116E-001  1.300121803532E+001 -2.906121075261E+001  2.052657387149E+002  0.000000000000E+000  6.133556982691E-001
  5.250859312060E-001  1.280561416216E+001 -2.773564254027E+001  1.799528968527E+002  0.000000000000E+000  6.164629035609E-001
  5.320545176366E-001  1.261651646046E+001 -2.656209304495E+001  1.573295744999E+002  0.000000000000E+000  6.195275139775E-001
  5.391013043575E-001  1.243307313173E+001 -2.552596708853E+001  1.371713592725E+002  0.000000000000E+000  6.225595824463E-001
  5.462272907741E-001  1.225450167780E+001 -2.461367166628E+001  1.192687053387E+002  0.000000000000E+000  6.255689719551E-001
  5.534334934816E-001  1.208008557108E+001 -2.381256704847E+001  1.034261711163E+002  0.000000000000E+000  6.285653182333E-001
  5.607209466109E-001  1.190917100120E+001 -2.311091929108E+001  8.946168266556E+001  0.000000000000E+000  6.315580005856E-001
  5.680907021827E-001  1.174116370014E+001 -2.249785417278E+001  7.720582280740E+001  0.000000000000E+000  6.345561201985E-001
  5.755438304707E-001  1.157552584800E+001 -2.196331257013E+001  6.650114591779E+001  0.000000000000E+000  6.375684851914E-001
  5.830814203728E-001  1.141177306083E+001 -2.149800727849E+001  5.720151827718E+001  0.000000000000E+000  6.406036016658E-001
  5.907045797917E-001  1.124947146199E+001 -2.109338128143E+001  4.917148378714E+001  0.000000000000E+000  6.436696700101E-001
  5.984144360243E-001  1.108823483796E+001 -2.074156746741E+001  4.228565480449E+001  0.000000000000E+000  6.467745857465E-001
  6.062121361613E-001  1.092772187950E+001 -2.043534978864E+001  3.642812778638E+001  0.000000000000E+000  6.499259442386E-001
  6.140988474955E-001  1.076763350863E+001 -2.016812585334E+001  3.149192338848E+001  0.000000000000E+000  6.531310486323E-001
  6.220757579409E-001  1.060771029171E+001 -1.993387093934E+001  2.737845061094E+001  0.000000000000E+000  6.563969204530E-001
  6.301440764614E-001  1.044772993879E+001 -1.972710341388E+001  2.399699454534E+001  0.000000000000E+000  6.597303123398E-001
  6.383050335109E-001  1.028750488901E+001 -1.954285154165E+001  2.126422723750E+001  0.000000000000E+000  6.631377224557E-001
  6.465598814833E-001  1.012687998179E+001 -1.937662166065E+001  1.910374114836E+001  0.000000000000E+000  6.666254101705E-001
  6.549098951744E-001  9.965730213316E+000 -1.922436770292E+001  1.744560466570E+001  0.000000000000E+000  6.701994126640E-001
  6.633563722545E-001  9.803958577641E+000 -1.908246203544E+001  1.622593909472E+001  0.000000000000E+000  6.738655621522E-001
  6.719006337539E-001  9.641493991606E+000 -1.894766759443E+001  1.538651653411E+001  0.000000000000E+000  6.776295034827E-001
  6.805440245593E-001  9.478289302672E+000 -1.881711128462E+001  1.487437802701E+001  0.000000000000E+000  6.814967118900E-001
  6.892879139233E-001  9.314319378549E+000 -1.868825861400E+001  1.464147136194E+001  0.000000000000E+000  6.854725107388E-001
  6.981336959871E-001  9.149579277475E+000 -1.855888953297E+001  1.464430788823E+001  0.000000000000E+000  6.895620891189E-001
  7.070827903152E-001  8.984082497858E+000 -1.842707544590E+001  1.484363770272E+001  0.000000000000E+000  6.937705191819E-001
  7.161366424455E-001  8.817859305908E+000 -1.829115736264E+001  1.520414255963E+001  0.000000000000E+000  6.981027731394E-001
  7.252967244510E-001  8.650955139814E+000 -1.814972515617E+001  1.569414585344E+001  0.000000000000E+000  7.025637398630E-001
  7.345645355186E-001  8.483429088950E+000 -1.800159789289E+001  1.628533902503E+001  0.000000000000E+000  7.071582410448E-001
  7.439416025400E-001  8.315352446529E+000 -1.784580520105E+001  1.695252374390E+001  0.000000000000E+000  7.118910468943E-001
  7.534294807203E-001  8.146807334077E+000 -1.768156964300E+001  1.767336922412E+001  0.000000000000E+000  7.167668913615E-001
  7.630297542000E-001  7.977885396057E+000 -1.750829005678E+001  1.842818403837E+001  0.000000000000E+000  7.217904868843E-001
  7.727440366954E-001  7.808686562932E+000 -1.732552583263E+001  1.919970180301E+001  0.000000000000E+000  7.269665386723E-001
  7.825739721536E-001  7.639317880942E+000 -1.713298209008E+001  1.997288011691E+001  0.000000000000E+000  7.322997585412E-001
  7.925212354258E-001  7.469892406826E+000 -1.693049572171E+001  2.073471214856E+001  0.000000000000E+000  7.377948783223E-001
  8.025875329584E-001  7.300528165729E+000 -1.671802227003E+001  2.147405027847E+001  0.000000000000E+000  7.434566628729E-001
  8.127746035011E-001  7.131347170512E+000 -1.649562360406E+001  2.218144121783E+001  0.000000000000E+000  7.492899227207E-001
  8.230842188350E-001  6.962474500678E+000 -1.626345636332E+001  2.284897203906E+001  0.000000000000E+000  7.552995263741E-001
  8.335181845190E-001  6.794037439127E+000 -1.602176113683E+001  2.347012656966E+001  0.000000000000E+000  7.614904123361E-001
  8.440783406568E-001  6.626164664973E+000 -1.577085234597E+001  2.403965161670E+001  0.000000000000E+000  7.678676008572E-001
  8.547665626839E-001  6.458985500636E+000 -1.551110880034E+001  2.455343250664E+001  0.000000000000E+000  7.744362054688E-001
  8.655847621758E-001  6.292629211456E+000 -1.524296489673E+001  2.500837744181E+001  0.000000000000E+000  7.812014443334E-001
  8.765348876780E-001  6.127224356079E+000 -1.496690243192E+001  2.540231019289E+001  0.000000000000E+000  7.881686514533E-001
  8.876189255584E-001  5.962898185892E+000 -1.468344300106E+001  2.573387066443E+001  0.000000000000E+000  7.953432877769E-001
  8.988389008829E-001  5.799776091775E+000 -1.439314095388E+001  2.600242288817E+001  0.000000000000E+000  8.027309522435E-001
  9.101968783143E-001  5.637981096501E+000 -1.409657688212E+001  2.620797001710E+001  0.000000000000E+000  8.103373928048E-001
  9.216949630368E-001  5.477633391093E+000 -1.379435161229E+001  2.635107591093E+001  0.000000000000E+000  8.181685174664E-001
  9.333353017046E-001  5.318849913489E+000 -1.348708067868E+001  2.643279292142E+001  0.000000000000E+000  8.262304053856E-001
  9.451200834176E-001  5.161743967902E+000 -1.317538925247E+001  2.645459550355E+001  0.000000000000E+000  8.345293180693E-001
  9.570515407237E-001  5.006424883252E+000 -1.285990750363E+001  2.641831929589E+001  0.000000000000E+000  8.430717107094E-001
  9.691319506484E-001  4.852997709094E+000 -1.254126637309E+001  2.632610533024E+001  0.000000000000E+000  8.518642436975E-001
  9.813636357544E-001  4.701562947490E+000 -1.222009373355E+001  2.618034904755E+001  0.000000000000E+000  8.609137943593E-001
  9.937489652293E-001  4.552216319282E+000 -1.189701091808E+001  2.598365381292E+001  0.000000000000E+000  8.702274689490E-001
  1.006290356005E+000  4.405048563257E+000 -1.157262959641E+001  2.573878863852E+001  0.000000000000E+000  8.798126149465E-001
  1.018990273907E+000  4.260145266718E+000 -1.124754897973E+001  2.544864983821E+001  0.000000000000E+000  8.896768336980E-001
  1.031851234841E+000  4.117586725992E+000 -1.092235333535E+001  2.511622635259E+001  0.000000000000E+000  8.998279934434E-001
  1.044875806003E+000  3.977447835426E+000 -1.059760979355E+001  2.474456849722E+001  0.000000000000E+000  9.102742427741E-001
  1.058066607138E+000  3.839798003465E+000 -1.027386642942E+001  2.433675990033E+001  0.000000000000E+000  9.210240245667E-001
  1.071426311823E+000  3.704701094398E+000 -9.951650603314E+000  2.389589240970E+001  0.000000000000E+000  9.320860904362E-001
  1.084957648792E+000  3.572215394390E+000 -9.631467544239E+000  2.342504376035E+001  0.000000000000E+000  9.434695157594E-001
  1.098663403298E+000  3.442393600466E+000 -9.313799160844E+000  2.292725780701E+001  0.000000000000E+000  9.551837153135E-001
  1.112546418516E+000  3.315282831076E+000 -8.999103065673E+000  2.240552713652E+001  0.000000000000E+000  9.672384595832E-001
  1.126609596985E+000  3.190924656963E+000 -8.687811798594E+000  2.186277788592E+001  0.000000000000E+000  9.796438917877E-001
  1.140855902095E+000  3.069355151006E+000 -8.380332236039E+000  2.130185660235E+001  0.000000000000E+000  9.924105456815E-001
  1.155288359613E+000  2.950604955791E+000 -8.077045173144E+000  2.072551899042E+001  0.000000000000E+000  1.005549364186E+000
  1.169910059257E+000  2.834699367640E+000 -7.778305066408E+000  2.013642040174E+001  0.000000000000E+000  1.019071718912E+000
  1.184724156317E+000  2.721658435879E+000 -7.484439924964E+000  1.953710793005E+001  0.000000000000E+000  1.032989430631E+000
  1.199733873325E+000  2.611497076141E+000 -7.195751339015E+000  1.893001398314E+001  0.000000000000E+000  1.047314790771E+000
  1.214942501771E+000  2.504225196504E+000 -6.912514634417E+000  1.831745121061E+001  0.000000000000E+000  1.062060583981E+000
  1.230353403874E+000  2.399847835324E+000 -6.634979142851E+000  1.770160867352E+001  0.000000000000E+000  1.077240111871E+000
  1.245970014403E+000  2.298365309615E+000 -6.363368577396E+000  1.708454914860E+001  0.000000000000E+000  1.092867217963E+000
  1.261795842559E+000  2.199773372875E+000 -6.097881503735E+000  1.646820746603E+001  0.000000000000E+000  1.108956313962E+000
  1.277834473907E+000  2.104063381275E+000 -5.838691897612E+000  1.585438978573E+001  0.000000000000E+000  1.125522407417E+000
  1.294089572372E+000  2.011222467153E+000 -5.585949779519E+000  1.524477372249E+001  0.000000000000E+000  1.142581130853E+000
  1.310564882294E+000  1.921233718803E+000 -5.339781917970E+000  1.464090923561E+001  0.000000000000E+000  1.160148772483E+000
  1.327264230548E+000  1.834076365552E+000 -5.100292593079E+000  1.404422020356E+001  0.000000000000E+000  1.178242308582E+000
  1.344191528724E+000  1.749725967178E+000 -4.867564412512E+000  1.345600660875E+001  0.000000000000E+000  1.196879437629E+000
  1.361350775387E+000  1.668154606741E+000 -4.641659172227E+000  1.287744726195E+001  0.000000000000E+000  1.216078616334E+000
  1.378746058390E+000  1.589331085934E+000 -4.422618754775E+000  1.230960300007E+001  0.000000000000E+000  1.235859097654E+000
  1.396381557275E+000  1.513221122105E+000 -4.210466058279E+000  1.175342029473E+001  0.000000000000E+000  1.256240970922E+000
  1.414261545744E+000  1.439787546138E+000 -4.005205949547E+000  1.120973521313E+001  0.000000000000E+000  1.277245204226E+000
  1.432390394201E+000  1.368990500411E+000 -3.806826235125E+000  1.067927767619E+001  0.000000000000E+000  1.298893689164E+000
  1.450772572390E+000  1.300787636100E+000 -3.615298644435E+000  1.016267596214E+001  0.000000000000E+000  1.321209288131E+000
  1.469412652102E+000  1.235134309142E+000 -3.430579819503E+000  9.660461407627E+000  0.000000000000E+000  1.344215884280E+000
  1.488315309978E+000  1.171983774195E+000 -3.252612306102E+000  9.173073261052E+000  0.000000000000E+000  1.367938434341E+000
  1.507485330398E+000  1.111287375994E+000 -3.081325541501E+000  8.700863646281E+000  0.000000000000E+000  1.392403024450E+000
  1.526927608467E+000  1.052994737545E+000 -2.916636834350E+000  8.244102597881E+000  0.000000000000E+000  1.417636929200E+000
  1.546647153093E+000  9.970539446189E-001 -2.758452332557E+000  7.802983131855E+000  0.000000000000E+000  1.443668674096E+000
  1.566649090169E+000  9.434117260953E-001 -2.606667975396E+000  7.377626318801E+000  0.000000000000E+000  1.470528101636E+000
  1.586938665861E+000  8.920136296998E-001 -2.461170426365E+000  6.968086329211E+000  0.000000000000E+000  1.498246441254E+000
  1.607521250000E+000  8.428041927645E-001 -2.321837983708E+000  6.574355423304E+000  0.000000000000E+000  1.526856383354E+000
  1.628402339588E+000  7.957271076597E-001 -2.188541465801E+000  6.196368860468E+000  0.000000000000E+000  1.556392157722E+000
  1.649587562420E+000  7.507253815964E-001 -2.061145068948E+000  5.834009705967E+000  0.000000000000E+000  1.586889616583E+000
  1.671082680832E+000  7.077414905419E-001 -1.939507195452E+000  5.487113515049E+000  0.000000000000E+000  1.618386322620E+000
  1.692893595565E+000  6.667175270272E-001 -1.823481250117E+000  5.155472877047E+000  0.000000000000E+000  1.650921642280E+000
  1.715026349769E+000  6.275953416684E-001 -1.712916403667E+000  4.838841804373E+000  0.000000000000E+000  1.684536844729E+000
  1.737487133138E+000  5.903166782593E-001 -1.607658321823E+000  4.536939953601E+000  0.000000000000E+000  1.719275206842E+000
  1.760282286187E+000  5.548233023310E-001 -1.507549859080E+000  4.249456667971E+000  0.000000000000E+000  1.755182124641E+000
  1.783418304674E+000  5.210571231076E-001 -1.412431716487E+000  3.976054832724E+000  0.000000000000E+000  1.792305231647E+000
  1.806901844175E+000  4.889603088189E-001 -1.322143062971E+000  3.716374536631E+000  0.000000000000E+000  1.830694524631E+000
  1.830739724818E+000  4.584753953648E-001 -1.236522119995E+000  3.470036534954E+000  0.000000000000E+000  1.870402497306E+000
  1.854938936184E+000  4.295453883494E-001 -1.155406709553E+000  3.236645510781E+000  0.000000000000E+000  1.911484282542E+000
  1.879506642368E+000  4.021138585349E-001 -1.078634765708E+000  3.015793133325E+000  0.000000000000E+000  1.953997803761E+000
  1.904450187236E+000  3.761250307849E-001 -1.006044810069E+000  2.807060913275E+000  0.000000000000E+000  1.998003936179E+000
  1.929777099847E+000  3.515238665900E-001 -9.374763917712E-001  2.610022856629E+000  0.000000000000E+000  2.043566678707E+000
  1.955495100083E+000  3.282561402899E-001 -8.727704926665E-001  2.424247919735E+000  0.000000000000E+000  2.090753337304E+000
  1.981612104475E+000  3.062685091196E-001 -8.117698985905E-001  2.249302269333E+000  0.000000000000E+000  2.139634720748E+000
  2.008136232230E+000  2.855085772268E-001 -7.543195376589E-001  2.084751352421E+000  0.000000000000E+000  2.190285349815E+000
  2.035075811486E+000  2.659249538165E-001 -7.002667866702E-001  1.930161781611E+000  0.000000000000E+000  2.242783680984E+000
  2.062439385788E+000  2.474673055938E-001 -6.494617467675E-001  1.785103042393E+000  0.000000000000E+000  2.297212345917E+000
  2.090235720801E+000  2.300864036806E-001 -6.017574895795E-001  1.649149029342E+000  0.000000000000E+000  2.353658408055E+000
  2.118473811262E+000  2.137341651934E-001 -5.570102751187E-001  1.521879418806E+000  0.000000000000E+000  2.412213637848E+000
  2.147162888201E+000  1.983636896708E-001 -5.150797427510E-001  1.402880886009E+000  0.000000000000E+000  2.472974808257E+000
  2.176312426413E+000  1.839292905474E-001 -4.758290765787E-001  1.291748174791E+000  0.000000000000E+000  2.536044012390E+000
  2.205932152222E+000  1.703865218691E-001 -4.391251465909E-001  1.188085028397E+000  0.000000000000E+000  2.601529005283E+000
  2.236032051522E+000  1.576922004498E-001 -4.048386269407E-001  1.091504989829E+000  0.000000000000E+000  2.669543572095E+000
  2.266622378129E+000  1.458044236664E-001 -3.728440926965E-001  1.001632080276E+000  0.000000000000E+000  2.740207925198E+000
  2.297713662445E+000  1.346825830922E-001 -3.430200964014E-001  9.181013641041E-001  0.000000000000E+000  2.813649132947E+000
  2.329316720450E+000  1.242873741616E-001 -3.152492257492E-001  8.405594087353E-001  0.000000000000E+000  2.890001583190E+000
  2.361442663038E+000  1.145808020635E-001 -2.894181436522E-001  7.686646475638E-001  0.000000000000E+000  2.969407484929E+000
  2.394102905709E+000  1.055261840514E-001 -2.654176119410E-001  7.020876538331E-001  0.000000000000E+000  3.052017411914E+000
  2.427309178642E+000  9.708814836051E-002 -2.431424998936E-001  6.405113331002E-001  0.000000000000E+000  3.137990892376E+000
  2.461073537146E+000  8.923262991570E-002 -2.224917787459E-001  5.836310416082E-001  0.000000000000E+000  3.227497049538E+000
  2.495408372530E+000  8.192686301101E-002 -2.033685032891E-001  5.311546375400E-001  0.000000000000E+000  3.320715298108E+000
  2.530326423398E+000  7.513937113930E-002 -1.856797816076E-001  4.828024717670E-001  0.000000000000E+000  3.417836102451E+000
  2.565840787378E+000  6.883995414562E-002 -1.693367339642E-001  4.383073243263E-001  0.000000000000E+000  3.519061802851E+000
  2.601964933334E+000  6.299967287527E-002 -1.542544417861E-001  3.974142924776E-001  0.000000000000E+000  3.624607516892E+000
  2.638712714049E+000  5.759083148416E-002 -1.403518876591E-001  3.598806358024E-001  0.000000000000E+000  3.734702123824E+000
  2.676098379430E+000  5.258695757613E-002 -1.275518871853E-001  3.254755834290E-001  0.000000000000E+000  3.849589340580E+000
  2.714136590232E+000  4.796278032916E-002 -1.157810135176E-001  2.939801080857E-001  0.000000000000E+000  3.969528899108E+000
  2.752842432351E+000  4.369420676985E-002 -1.049695153356E-001  2.651866713244E-001  0.000000000000E+000  4.094797835683E+000
  2.792231431696E+000  3.975829635332E-002 -9.505122899015E-002  2.388989439063E-001  0.000000000000E+000  4.225691904073E+000
  2.832319569669E+000  3.613323400374E-002 -8.596348550109E-002  2.149315050058E-001  0.000000000000E+000  4.362527125680E+000
  2.873123299289E+000  3.279830176853E-002 -7.764701305799E-002  1.931095235790E-001  0.000000000000E+000  4.505641491249E+000
  2.914659561979E+000  2.973384923781E-002 -7.004583564019E-002  1.732684249478E-001  0.000000000000E+000  4.655396830291E+000
  2.956945805065E+000  2.692126287884E-002 -6.310716834090E-002  1.552535453789E-001  0.000000000000E+000  4.812180866183E+000
  3.000000000000E+000  2.434293443337E-002 -5.678130995220E-002  1.389197771890E-001  0.000000000000E+000  4.976409476835E+000
  3.043840661365E+000  2.198222852414E-002 -5.102153334201E-002  1.241312066774E-001  0.000000000000E+000  5.148529183063E+000
  3.088486866678E+000  1.982344961484E-002 -4.578397412994E-002  1.107607469829E-001  0.000000000000E+000  5.329019889255E+000
  3.133958277047E+000  1.785180846534E-002 -4.102751814734E-002  9.868976777373E-002  0.000000000000E+000  5.518397903690E+000
  3.180275158719E+000  1.605338822169E-002 -3.671368814634E-002  8.780772351414E-002  0.000000000000E+000  5.717219268979E+000
  3.227458405560E+000  1.441511027724E-002 -3.280653020316E-002  7.801178190211E-002  0.000000000000E+000  5.926083436618E+000
  3.275529562509E+000  1.292470003780E-002 -2.927250024257E-002  6.920645393906E-002  0.000000000000E+000  6.145637323578E+000
  3.324510850077E+000  1.157065271969E-002 -2.608035109194E-002  6.130322697498E-002  0.000000000000E+000  6.376579793346E+000
  3.374425189910E+000  1.034219930486E-002 -2.320102045509E-002  5.422020196596E-002  0.000000000000E+000  6.619666608890E+000
  3.425296231502E+000  9.229272772067E-003 -2.060752017718E-002  4.788173608503E-002  0.000000000000E+000  6.875715910795E+000
  3.477148380094E+000  8.222474717015E-003 -1.827482715275E-002  4.221809173962E-002  0.000000000000E+000  7.145614280345E+000
  3.530006825834E+000  7.313042467805E-003 -1.617977620821E-002  3.716509296741E-002  0.000000000000E+000  7.430323454811E+000
  3.583897574256E+000  6.492816794750E-003 -1.430095526852E-002  3.266379010489E-002  0.000000000000E+000  7.730887770703E+000
  3.638847478148E+000  5.754210305712E-003 -1.261860309470E-002  2.866013354805E-002  0.000000000000E+000  8.048442420474E+000
  3.694884270887E+000  5.090176609654E-003 -1.111450985411E-002  2.510465735088E-002  0.000000000000E+000  8.384222619327E+000
  3.752036601308E+000  4.494180322138E-003 -9.771920759487E-003  2.195217333271E-002  0.000000000000E+000  8.739573791484E+000
  3.810334070199E+000  3.960167977174E-003 -8.575442985106E-003  1.916147629002E-002  0.000000000000E+000  9.115962899945E+000
  3.869807268505E+000  3.482539900188E-003 -7.510956039743E-003  1.669506082998E-002  0.000000000000E+000  9.514991060532E+000
  3.930487817331E+000  3.056123087061E-003 -6.565525746214E-003  1.451885026295E-002  0.000000000000E+000  9.938407600313E+000
  3.992408409843E+000  2.676145124399E-003 -5.727321946667E-003  1.260193790762E-002  0.000000000000E+000  1.038812574270E+001
  4.055602855172E+000  2.338209176458E-003 -4.985540021759E-003  1.091634107711E-002  0.000000000000E+000  1.086624012712E+001
  4.120106124432E+000  2.038270054690E-003 -4.330326280833E-003  9.436767926791E-003  0.000000000000E+000  1.137504640045E+001
  4.185954398964E+000  1.772611376821E-003 -3.752707249526E-003  8.140397256077E-003  0.000000000000E+000  1.191706315180E+001
  4.253185120935E+000  1.537823813830E-003 -3.244522851511E-003  7.006671267936E-003  0.000000000000E+000  1.249505650104E+001
  4.321837046422E+000  1.330784415317E-003 -2.798363452638E-003  6.017101202429E-003  0.000000000000E+000  1.311206769741E+001
  4.391950301120E+000  1.148636996622E-003 -2.407510709090E-003  5.155085675963E-003  0.000000000000E+000  1.377144413705E+001
  4.463566438835E+000  9.887735648153E-004 -2.065882136721E-003  4.405741477109E-003  0.000000000000E+000  1.447687426965E+001
  4.536728502895E+000  8.488167552880E-004 -1.767979296860E-003  3.755746494578E-003  0.000000000000E+000  1.523242693563E+001
  4.611481090679E+000  7.266032463289E-004 -1.508839474864E-003  3.193194384358E-003  0.000000000000E+000  1.604259575846E+001
  4.687870421430E+000  6.201681156295E-004 -1.283990711755E-003  2.707460522505E-003  0.000000000000E+000  1.691234931378E+001
  4.765944407533E+000  5.277301002336E-004 -1.089410036663E-003  2.289078738455E-003  0.000000000000E+000  1.784718791085E+001
  4.845752729492E+000  4.476777199272E-004 -9.214847384035E-004  1.929628281991E-003  0.000000000000E+000  1.885320795590E+001
  4.927346914797E+000  3.785562234176E-004 -7.769765084339E-004  1.621630445403E-003  0.000000000000E+000  1.993717502430E+001
  5.010780420931E+000  3.190553167915E-004 -6.529882844892E-004  1.358454241322E-003  0.000000000000E+000  2.110660695583E+001
  5.096108722763E+000  2.679976345611E-004 -5.469336241712E-004  1.134230525880E-003  0.000000000000E+000  2.236986850892E+001
  5.183389404586E+000  2.243279149978E-004 -4.565084403848E-004  9.437739559582E-004  0.000000000000E+000  2.373627937466E+001
  5.272682257105E+000  1.871028432849E-004 -3.796649354334E-004  7.825121774873E-004  0.000000000000E+000  2.521623766895E+001
  5.364049379651E+000  1.554815281695E-004 -3.145875774067E-004  6.464216581885E-004  0.000000000000E+000  2.682136140358E+001
  5.457555287978E+000  1.287165801305E-004 -2.596709707970E-004  5.319696015677E-004  0.000000000000E+000  2.856465090028E+001
  5.553267027968E+000  1.061457614829E-004 -2.134994826387E-004  4.360614080959E-004  0.000000000000E+000  3.046067567513E+001
  5.651254295630E+000  8.718418120553E-005 -1.748284954542E-004  3.559931829565E-004  0.000000000000E+000  3.252579001118E+001
  5.751589563796E+000  7.131700950684E-005 -1.425671685185E-004  2.894088260871E-004  0.000000000000E+000  3.477838228507E+001
  5.854348215936E+000  5.809268916003E-005 -1.157625990539E-004  2.342612781357E-004  0.000000000000E+000  3.723916416352E+001
  5.959608687557E+000  4.711662238854E-005 -9.358528465534E-005  1.887775341299E-004  0.000000000000E+000  3.993150708901E+001
  6.067452615683E+000  3.804531352373E-005 -7.531579725255E-005  1.514270740049E-004  0.000000000000E+000  4.288183510151E+001
  6.177964996951E+000  3.058094877673E-005 -6.033258708318E-005  1.208933947263E-004  0.000000000000E+000  4.612008508158E+001
  6.291234354880E+000  2.446639526601E-005 -4.810084235591E-005  9.604836184766E-005  0.000000000000E+000  4.968024806173E+001
  6.407352916949E+000  1.948060194010E-005 -3.816233647481E-005  7.592912845763E-005  0.000000000000E+000  5.360100848007E+001
  6.526416802128E+000  1.543438526463E-005 -3.012619988876E-005  5.971739629725E-005  0.000000000000E+000  5.792650232136E+001
  6.648526219580E+000  1.216658254817E-005 -2.366055787481E-005  4.672081726783E-005  0.000000000000E+000  6.270722023015E+001
  6.773785679311E+000  9.540555612101E-006 -1.848497895966E-005  3.635635367514E-005  0.000000000000E+000  6.800108816913E+001
  6.902304215570E+000  7.441027221672E-006 -1.436368135134E-005  2.813543258338E-005  0.000000000000E+000  7.387476637585E+001
  7.034195623922E+000  5.771232342901E-006 -1.109944683492E-005  2.165074389912E-005  0.000000000000E+000  8.040521766663E+001
  7.169578712934E+000  4.450365925464E-006 -8.528193225380E-006  1.656454366085E-005  0.000000000000E+000  8.768160905366E+001
  7.308577571516E+000  3.411308583685E-006 -6.514157811765E-006  1.259833389127E-005  0.000000000000E+000  9.580762678632E+001
  7.451321853057E+000  2.598611296719E-006 -4.945645398786E-006  9.523798700011E-006  0.000000000000E+000  1.049043050003E+002
  7.597947077547E+000  1.966720109061E-006 -3.731295669715E-006  7.154883497314E-006  0.000000000000E+000  1.151134929462E+002
  7.748594953021E+000  1.478421808460E-006 -2.796825750991E-006  5.340910547472E-006  0.000000000000E+000  1.266021161077E+002
  7.903413717736E+000  1.103491707245E-006 -2.082205125573E-006  3.960629946311E-006  0.000000000000E+000  1.395674232053E+002
  8.062558504629E+000  8.175249635079E-007 -1.539221467947E-006  2.917110682546E-006  0.000000000000E+000  1.542434547227E+002
  8.226191729726E+000  6.009333519054E-007 -1.129397587395E-006  2.133381905929E-006  0.000000000000E+000  1.709090193258E+002
  8.394483506327E+000  4.380900246926E-007 -8.222214780217E-007  1.548739986624E-006  0.000000000000E+000  1.898975216360E+002
  8.567612086926E+000  3.166055807974E-007 -5.936534791581E-007  1.115642470404E-006  0.000000000000E+000  2.116090461701E+002
  8.745764335025E+000  2.267196684695E-007 -4.248767309987E-007  7.971156327171E-007  0.000000000000E+000  2.365251640059E+002
  8.929136229160E+000  1.607933654128E-007 -3.012594411579E-007  5.646080004565E-007  0.000000000000E+000  2.652269858845E+002
  9.117933401693E+000  1.128886865385E-007 -2.114999250681E-007  3.962279108098E-007  0.000000000000E+000  2.984170353763E+002
  9.312371715124E+000  7.842273854886E-008 -1.469279090733E-007  2.753088657843E-007  0.000000000000E+000  3.369455695434E+002
  9.512677878945E+000  5.388524619571E-008 -1.009381492476E-007  1.892520654029E-007  0.000000000000E+000  3.818420864524E+002
  9.719090110332E+000  3.660939055461E-008 -6.853497977381E-008  1.286010056230E-007  0.000000000000E+000  4.343530930851E+002
  9.931858842267E+000  2.458709886852E-008 -4.596892067669E-008  8.630835238197E-008  0.000000000000E+000  4.959881748901E+002
  1.015124748302E+001  1.632108380867E-008 -3.044890580340E-008  5.716039649926E-008  0.000000000000E+000  5.685789187475E+002
  1.037753323129E+001  1.070702526356E-008 -1.991600094770E-008  3.732920478266E-008  0.000000000000E+000  6.543611029741E+002
  1.061100795175E+001  6.940301351171E-009 -1.286663585815E-008  2.402706480188E-008  0.000000000000E+000  7.561030249068E+002
  1.085197911611E+001  4.442592900418E-009 -8.215345053579E-009  1.524193503779E-008  0.000000000000E+000  8.773271691269E+002
  1.110077081537E+001  2.804497714542E-009 -5.188780257245E-009  9.536327182371E-009  0.000000000000E+000  1.022716795305E+003
  1.135772484956E+001  1.740993287656E-009 -3.244309121365E-009  5.895341803250E-009  0.000000000000E+000  1.198877250748E+003
  1.162320190175E+001  1.057180257314E-009 -2.007846544000E-009  3.612442411373E-009  0.000000000000E+000  1.415763582565E+003
  1.189758280382E+001  6.222294672951E-010 -1.226680675975E-009  2.203988820180E-009  0.000000000000E+000  1.689365263776E+003
  1.218126990242E+001  3.498527769554E-010 -7.339680787316E-010  1.345574168262E-009  0.000000000000E+000  2.046815245362E+003
  1.247468853413E+001  1.839342673610E-010 -4.223006279277E-010  8.248490150387E-010  0.000000000000E+000  2.536021139124E+003
  1.277828862002E+001  8.820842858138E-011 -2.243148721425E-010  5.068089877208E-010  0.000000000000E+000  3.239940662798E+003
  1.309254639077E+001  3.906968649125E-011 -9.874973664442E-011  3.085158382053E-010  0.000000000000E+000  4.250373639717E+003
  1.341796625462E+001  2.075670105810E-011 -2.068837333223E-011  1.809661269920E-010  0.000000000000E+000  5.247925261357E+003
  1.375508282195E+001  2.228668773348E-011  2.502928555700E-011  9.636837838903E-011  0.000000000000E+000  5.124976860657E+003
  1.410446310162E+001  3.562840567434E-011  4.804232967186E-011  3.948682237178E-011  0.000000000000E+000  4.383035168521E+003
  1.446670888596E+001  5.470332598740E-011  5.501583404576E-011  2.000243572341E-012  0.000000000000E+000  3.799290550142E+003
  1.484245934302E+001  7.489598621083E-011  5.103045450159E-011 -2.095741032009E-011  0.000000000000E+000  3.421534344017E+003
  1.523239383723E+001  9.283749924500E-011  4.023143779630E-011 -3.273632517442E-011  0.000000000000E+000  3.185169930350E+003
  1.563723500136E+001  1.062998796211E-010  2.605171383758E-011 -3.610921770037E-011  0.000000000000E+000  3.044594748900E+003
  1.605775208607E+001  1.141017570115E-010  1.123323709580E-011 -3.360495664967E-011  0.000000000000E+000  2.973557271682E+003
  1.649476461582E+001  1.159766405122E-010 -2.207251533569E-012 -2.752569994812E-011  0.000000000000E+000  2.957446589123E+003
  1.694914638379E+001  1.123922579616E-010 -1.298585116866E-011 -1.984272196861E-011  0.000000000000E+000  2.988557523263E+003
  1.742182982203E+001  1.043336910423E-010 -2.049914071011E-011 -1.208884955215E-011  0.000000000000E+000  3.063601176529E+003
  1.791381078784E+001  9.307523405658E-011 -2.471196897003E-011 -5.305286844041E-012  0.000000000000E+000  3.182455741107E+003
  1.842615381215E+001  7.996826731901E-011 -2.600486111938E-011 -5.790196091599E-014  0.000000000000E+000  3.347607427941E+003
  1.895999786176E+001  6.626775109364E-011 -2.500793459684E-011  3.488315783940E-012  0.000000000000E+000  3.564016238586E+003
  1.951656267356E+001  5.301123550168E-011 -2.244682434228E-011  5.460387179203E-012  0.000000000000E+000  3.839291695628E+003
  2.009715572669E+001  4.095436416467E-011 -1.901928778481E-011  6.159794117257E-012  0.000000000000E+000  4.184147850855E+003
  2.070317992707E+001  3.055798079707E-011 -1.531206951327E-011  5.957211130239E-012  0.000000000000E+000  4.613163710898E+003
  2.133614208874E+001  2.201560937772E-011 -1.175883093434E-011  5.212529157049E-012  0.000000000000E+000  5.145925738837E+003
  2.199766230782E+001  1.530689908556E-011 -8.633188850304E-012  4.224870012588E-012  0.000000000000E+000  5.808687490461E+003
  2.268948433818E+001  1.026248834944E-011 -6.066970533158E-012  3.210547149236E-012  0.000000000000E+000  6.636761217505E+003
  2.341348709294E+001  6.627982466935E-012 -4.082686644154E-012  2.302687268566E-012  0.000000000000E+000  7.677973955388E+003
  2.417169741362E+001  4.118378822466E-012 -2.630363236387E-012  1.564540877180E-012  0.000000000000E+000  8.997703011400E+003
  2.496630426925E+001  2.458328271676E-012 -1.621410271387E-012  1.008922568638E-012  0.000000000000E+000  1.068629419842E+004
  2.579967457140E+001  1.407253293796E-012 -9.552323572564E-013  6.179408126924E-013  0.000000000000E+000  1.287013177607E+004
  2.667437081864E+001  7.710243820372E-013 -5.370717222540E-013  3.593956822172E-013  0.000000000000E+000  0.000000000000E+000
  2.759317081651E+001  4.034236502347E-013 -2.876584239462E-013  1.983156861956E-013  0.000000000000E+000  0.000000000000E+000
  2.855908975674E+001  2.010799250368E-013 -1.464561391074E-013  1.036746136938E-013  0.000000000000E+000  0.000000000000E+000
  2.957540498378E+001  9.520974612851E-014 -7.070284509744E-014  5.124732800967E-014  0.000000000000E+000  0.000000000000E+000
  3.064568382919E+001  4.269280596906E-014 -3.227170287255E-014  2.389452520134E-014  0.000000000000E+000  0.000000000000E+000
  3.177381495601E+001  1.806743545187E-014 -1.388213362603E-014  1.047849568747E-014  0.000000000000E+000  0.000000000000E+000
  3.296404372807E+001  7.188749960319E-015 -5.607369809318E-015  4.307398813629E-015  0.000000000000E+000  0.000000000000E+000
  3.422101220608E+001  2.677898573850E-015 -2.118175050779E-015  1.653403069849E-015  0.000000000000E+000  0.000000000000E+000
  3.554980447538E+001  9.295901685859E-016 -7.448872290577E-016  5.900655814198E-016  0.000000000000E+000  0.000000000000E+000
  3.695599813319E+001  2.991581242824E-016 -2.426313280297E-016  1.948282176831E-016  0.000000000000E+000  0.000000000000E+000
  3.844572291106E+001  8.874317935391E-017 -7.279210755974E-017  5.918975406846E-017  0.000000000000E+000  0.000000000000E+000
  4.002572758518E+001  2.411218537000E-017 -1.998851790675E-017  1.644420933624E-017  0.000000000000E+000  0.000000000000E+000
  4.170345654134E+001  5.958609870177E-018 -4.988915295336E-018  4.149208254833E-018  0.000000000000E+000  0.000000000000E+000
  4.348713762001E+001  1.328797535056E-018 -1.123018351437E-018  9.435541285856E-019  0.000000000000E+000  0.000000000000E+000
  4.538588318162E+001  2.625997621455E-019 -2.235376688505E-019  1.892396153114E-019  0.000000000000E+000  0.000000000000E+000
  4.740980671574E+001  4.652292750251E-020 -4.487944907603E-020  3.896899665288E-020  0.000000000000E+000  0.000000000000E+000
  4.957015778746E+001  7.825356587618E-021 -5.679945246416E-021  2.533370164008E-021  0.000000000000E+000  0.000000000000E+000
  5.187947869225E+001  6.257369716985E-022 -5.168390919435E-022  1.542693504502E-021  0.000000000000E+000  0.000000000000E+000
  5.435178690397E+001  2.018603712693E-022 -1.694983872605E-022 -1.253349446050E-023  0.000000000000E+000  0.000000000000E+000
  5.700278828629E+001  4.529789885762E-025 -1.907758126924E-023  1.703014131500E-023  0.000000000000E+000  0.000000000000E+000
  5.985012714155E+001  1.656745522952E-024  0.000000000000E+000  0.000000000000E+000  0.000000000000E+000  0.000000000000E+000
  6.291368055481E+001  0.000000000000E+000  0.000000000000E+000  0.000000000000E+000  0.000000000000E+000  0.000000000000E+000
  6.621590623276E+001  0.000000000000E+000  0.000000000000E+000  0.000000000000E+000  0.000000000000E+000  0.000000000000E+000
  6.978225524452E+001  0.000000000000E+000  0.000000000000E+000  0.000000000000E+000  0.000000000000E+000  0.000000000000E+000
  7.364166388185E+001  0.000000000000E+000  0.000000000000E+000  0.000000000000E+000  0.000000000000E+000  0.000000000000E+000
  7.782714245929E+001  0.000000000000E+000  0.000000000000E+000  0.000000000000E+000  0.000000000000E+000  0.000000000000E+000
  8.237648351994E+001  0.000000000000E+000  0.000000000000E+000  0.000000000000E+000  0.000000000000E+000  0.000000000000E+000
  8.733311794502E+001  0.000000000000E+000  0.000000000000E+000  0.000000000000E+000  0.000000000000E+000  0.000000000000E+000
  9.274715535088E+001  0.000000000000E+000  0.000000000000E+000  0.000000000000E+000  0.000000000000E+000  0.000000000000E+000
  9.867665554529E+001  0.000000000000E+000  0.000000000000E+000  0.000000000000E+000  0.000000000000E+000  0.000000000000E+000
  1.051891916055E+002  0.000000000000E+000  0.000000000000E+000  0.000000000000E+000  0.000000000000E+000  0.000000000000E+000
  1.123637836013E+002  0.000000000000E+000  0.000000000000E+000  0.000000000000E+000  0.000000000000E+000  0.000000000000E+000
  1.202933069206E+002  0.000000000000E+000  0.000000000000E+000  0.000000000000E+000  0.000000000000E+000  0.000000000000E+000
  1.290875131414E+002  0.000000000000E+000  0.000000000000E+000  0.000000000000E+000  0.000000000000E+000  0.000000000000E+000
  1.388768482001E+002  0.000000000000E+000  0.000000000000E+000  0.000000000000E+000  0.000000000000E+000  0.000000000000E+000
  1.498173177370E+002  0.000000000000E+000  0.000000000000E+000  0.000000000000E+000  0.000000000000E+000  0.000000000000E+000
  1.620967411853E+002  0.000000000000E+000  0.000000000000E+000  0.000000000000E+000  0.000000000000E+000  0.000000000000E+000
  1.759428668168E+002  0.000000000000E+000  0.000000000000E+000  0.000000000000E+000  0.000000000000E+000  0.000000000000E+000
  1.916340085825E+002  0.000000000000E+000  0.000000000000E+000  0.000000000000E+000  0.000000000000E+000  0.000000000000E+000
  2.095131417987E+002  0.000000000000E+000  0.000000000000E+000  0.000000000000E+000  0.000000000000E+000  0.000000000000E+000
  2.300068054477E+002  0.000000000000E+000  0.000000000000E+000  0.000000000000E+000  0.000000000000E+000  0.000000000000E+000
  2.536507797910E+002  0.000000000000E+000  0.000000000000E+000  0.000000000000E+000  0.000000000000E+000  0.000000000000E+000
  2.811254638474E+002  0.000000000000E+000  0.000000000000E+000  0.000000000000E+000  0.000000000000E+000  0.000000000000E+000
  3.133053780630E+002  0.000000000000E+000  0.000000000000E+000  0.000000000000E+000  0.000000000000E+000  0.000000000000E+000
  3.513296254502E+002  0.000000000000E+000  0.000000000000E+000  0.000000000000E+000  0.000000000000E+000  0.000000000000E+000
  3.967041014107E+002  0.000000000000E+000  0.000000000000E+000  0.000000000000E+000  0.000000000000E+000  0.000000000000E+000
  4.514529193350E+002  0.000000000000E+000  0.000000000000E+000  0.000000000000E+000  0.000000000000E+000  0.000000000000E+000
  5.183481233601E+002  0.000000000000E+000  0.000000000000E+000  0.000000000000E+000  0.000000000000E+000  0.000000000000E+000
  6.012676077950E+002  0.000000000000E+000  0.000000000000E+000  0.000000000000E+000  0.000000000000E+000  0.000000000000E+000
  7.057700503752E+002  0.000000000000E+000  0.000000000000E+000  0.000000000000E+000  0.000000000000E+000  0.000000000000E+000
  8.400513767914E+002  0.000000000000E+000  0.000000000000E+000  0.000000000000E+000  0.000000000000E+000  0.000000000000E+000
  1.016602135495E+003  0.000000000000E+000  0.000000000000E+000  0.000000000000E+000  0.000000000000E+000  0.000000000000E+000
  1.255220715579E+003  0.000000000000E+000  0.000000000000E+000  0.000000000000E+000  0.000000000000E+000  0.000000000000E+000
  1.588815776243E+003  0.000000000000E+000  0.000000000000E+000  0.000000000000E+000  0.000000000000E+000  0.000000000000E+000
  2.075392011604E+003  0.000000000000E+000  0.000000000000E+000  0.000000000000E+000  0.000000000000E+000  0.000000000000E+000
  2.825079847528E+003  0.000000000000E+000  0.000000000000E+000  0.000000000000E+000  0.000000000000E+000  0.000000000000E+000
  4.068408296183E+003  0.000000000000E+000  0.000000000000E+000  0.000000000000E+000  0.000000000000E+000  0.000000000000E+000
  6.357262947672E+003  0.000000000000E+000  0.000000000000E+000  0.000000000000E+000  0.000000000000E+000  0.000000000000E+000
  1.130231930164E+004  0.000000000000E+000  0.000000000000E+000  0.000000000000E+000  0.000000000000E+000  0.000000000000E+000
  2.543105175136E+004  0.000000000000E+000  0.000000000000E+000  0.000000000000E+000  0.000000000000E+000  0.000000000000E+000
  1.017262069952E+005  0.000000000000E+000  0.000000000000E+000  0.000000000000E+000  0.000000000000E+000  0.000000000000E+000
