# 1st line: number of mesh points
# abcissa wavefunction wavefunction_1st wavefunction_2nd
500
# Principal QN=   2 , l=   0 , Occupation=   1.9990
  9.830308526563E-006  1.015962170295E+001 -8.254893817335E+001  5.818723858851E+002
  3.932200719722E-005  1.015718744757E+001 -8.253177965758E+001  5.817442672156E+002
  8.847741541467E-005  1.015313126698E+001 -8.250318902769E+001  5.815307932773E+002
  1.573003992805E-004  1.014745452834E+001 -8.246317662446E+001  5.812320498008E+002
  2.457963722418E-004  1.014015914476E+001 -8.241175691723E+001  5.808481567389E+002
  3.539722959954E-004  1.013124757446E+001 -8.234894849626E+001  5.803792681957E+002
  4.818366816529E-004  1.012072281964E+001 -8.227477406282E+001  5.798255723361E+002
  6.293995911626E-004  1.010858842508E+001 -8.218926041709E+001  5.791872912758E+002
  7.966726389935E-004  1.009484847653E+001 -8.209243844395E+001  5.784646809502E+002
  9.836689940782E-004  1.007950759883E+001 -8.198434309650E+001  5.776580309649E+002
  1.190403382016E-003  1.006257095379E+001 -8.186501337753E+001  5.767676644252E+002
  1.416892087541E-003  1.004404423782E+001 -8.173449231875E+001  5.757939377469E+002
  1.663152957245E-003  1.002393367931E+001 -8.159282695792E+001  5.747372404469E+002
  1.929205402573E-003  1.000224603580E+001 -8.144006831388E+001  5.735979949152E+002
  2.215070403073E-003  9.978988590860E+000 -8.127627135943E+001  5.723766561665E+002
  2.520770509919E-003  9.954169150745E+000 -8.110149499216E+001  5.710737115742E+002
  2.846329849692E-003  9.927796040849E+000 -8.091580200316E+001  5.696896805844E+002
  3.191774128432E-003  9.899878101872E+000 -8.071925904375E+001  5.682251144115E+002
  3.557130635959E-003  9.870424685782E+000 -8.051193659009E+001  5.666805957155E+002
  3.942428250463E-003  9.839445651537E+000 -8.029390890583E+001  5.650567382609E+002
  4.347697443358E-003  9.806951360577E+000 -8.006525400277E+001  5.633541865572E+002
  4.772970284417E-003  9.772952672091E+000 -7.982605359957E+001  5.615736154819E+002
  5.218280447175E-003  9.737460938055E+000 -7.957639307844E+001  5.597157298861E+002
  5.683663214611E-003  9.700487998058E+000 -7.931636144003E+001  5.577812641821E+002
  6.169155485101E-003  9.662046173893E+000 -7.904605125636E+001  5.557709819145E+002
  6.674795778653E-003  9.622148263950E+000 -7.876555862193E+001  5.536856753141E+002
  7.200624243425E-003  9.580807537381E+000 -7.847498310296E+001  5.515261648356E+002
  7.746682662519E-003  9.538037728060E+000 -7.817442768488E+001  5.492932986792E+002
  8.313014461060E-003  9.493853028344E+000 -7.786399871806E+001  5.469879522956E+002
  8.899664713569E-003  9.448268082614E+000 -7.754380586179E+001  5.446110278762E+002
  9.506680151615E-003  9.401297980636E+000 -7.721396202655E+001  5.421634538280E+002
  1.013410917176E-002  9.352958250707E+000 -7.687458331465E+001  5.396461842328E+002
  1.078200184380E-002  9.303264852623E+000 -7.652578895929E+001  5.370601982933E+002
  1.145040991929E-002  9.252234170453E+000 -7.616770126192E+001  5.344064997633E+002
  1.213938684040E-002  9.199883005124E+000 -7.580044552816E+001  5.316861163660E+002
  1.284898774901E-002  9.146228566831E+000 -7.542415000220E+001  5.289000991969E+002
  1.357926949620E-002  9.091288467274E+000 -7.503894579968E+001  5.260495221159E+002
  1.433029065191E-002  9.035080711710E+000 -7.464496683924E+001  5.231354811245E+002
  1.510211151509E-002  8.977623690853E+000 -7.424234977258E+001  5.201590937329E+002
  1.589479412397E-002  8.918936172597E+000 -7.383123391330E+001  5.171214983137E+002
  1.670840226680E-002  8.859037293588E+000 -7.341176116436E+001  5.140238534456E+002
  1.754300149280E-002  8.797946550642E+000 -7.298407594438E+001  5.108673372453E+002
  1.839865912351E-002  8.735683792007E+000 -7.254832511264E+001  5.076531466891E+002
  1.927544426443E-002  8.672269208489E+000 -7.210465789303E+001  5.043824969253E+002
  2.017342781695E-002  8.607723324431E+000 -7.165322579685E+001  5.010566205760E+002
  2.109268249069E-002  8.542066988563E+000 -7.119418254456E+001  4.976767670306E+002
  2.203328281612E-002  8.475321364714E+000 -7.072768398654E+001  4.942442017307E+002
  2.299530515754E-002  8.407507922412E+000 -7.025388802287E+001  4.907602054464E+002
  2.397882772639E-002  8.338648427353E+000 -6.977295452227E+001  4.872260735460E+002
  2.498393059493E-002  8.268764931760E+000 -6.928504524013E+001  4.836431152574E+002
  2.601069571024E-002  8.197879764636E+000 -6.879032373573E+001  4.800126529243E+002
  2.705920690860E-002  8.126015521909E+000 -6.828895528884E+001  4.763360212552E+002
  2.812954993023E-002  8.053195056481E+000 -6.778110681547E+001  4.726145665676E+002
  2.922181243436E-002  7.979441468188E+000 -6.726694678307E+001  4.688496460268E+002
  3.033608401473E-002  7.904778093663E+000 -6.674664512518E+001  4.650426268807E+002
  3.147245621542E-002  7.829228496134E+000 -6.622037315545E+001  4.611948856901E+002
  3.263102254705E-002  7.752816455127E+000 -6.568830348133E+001  4.573078075559E+002
  3.381187850339E-002  7.675565956117E+000 -6.515060991719E+001  4.533827853436E+002
  3.501512157837E-002  7.597501180101E+000 -6.460746739721E+001  4.494212189052E+002
  3.624085128345E-002  7.518646493124E+000 -6.405905188792E+001  4.454245142994E+002
  3.748916916538E-002  7.439026435742E+000 -6.350554030050E+001  4.413940830110E+002
  3.876017882444E-002  7.358665712447E+000 -6.294711040286E+001  4.373313411686E+002
  4.005398593302E-002  7.277589181045E+000 -6.238394073166E+001  4.332377087638E+002
  4.137069825459E-002  7.195821842002E+000 -6.181621050422E+001  4.291146088693E+002
  4.271042566323E-002  7.113388827763E+000 -6.124409953040E+001  4.249634668588E+002
  4.407328016341E-002  7.030315392041E+000 -6.066778812453E+001  4.207857096284E+002
  4.545937591035E-002  6.946626899097E+000 -6.008745701752E+001  4.165827648204E+002
  4.686882923075E-002  6.862348813000E+000 -5.950328726898E+001  4.123560600487E+002
  4.830175864396E-002  6.777506686892E+000 -5.891546017969E+001  4.081070221289E+002
  4.975828488365E-002  6.692126152244E+000 -5.832415720431E+001  4.038370763113E+002
  5.123853091993E-002  6.606232908124E+000 -5.772955986435E+001  3.995476455181E+002
  5.274262198188E-002  6.519852710473E+000 -5.713184966165E+001  3.952401495866E+002
  5.427068558066E-002  6.433011361406E+000 -5.653120799221E+001  3.909160045164E+002
  5.582285153302E-002  6.345734698529E+000 -5.592781606056E+001  3.865766217236E+002
  5.739925198530E-002  6.258048584292E+000 -5.532185479471E+001  3.822234073015E+002
  5.900002143803E-002  6.169978895375E+000 -5.471350476166E+001  3.778577612879E+002
  6.062529677088E-002  6.081551512113E+000 -5.410294608364E+001  3.734810769404E+002
  6.227521726827E-002  5.992792307977E+000 -5.349035835505E+001  3.690947400195E+002
  6.394992464542E-002  5.903727139094E+000 -5.287592056015E+001  3.647001280811E+002
  6.564956307496E-002  5.814381833841E+000 -5.225981099166E+001  3.602986097772E+002
  6.737427921404E-002  5.724782182489E+000 -5.164220717019E+001  3.558915441671E+002
  6.912422223211E-002  5.634953926924E+000 -5.102328576460E+001  3.514802800387E+002
  7.089954383907E-002  5.544922750445E+000 -5.040322251340E+001  3.470661552399E+002
  7.270039831418E-002  5.454714267635E+000 -4.978219214719E+001  3.426504960220E+002
  7.452694253540E-002  5.364354014322E+000 -4.916036831212E+001  3.382346163942E+002
  7.637933600943E-002  5.273867437632E+000 -4.853792349459E+001  3.338198174908E+002
  7.825774090225E-002  5.183279886134E+000 -4.791502894711E+001  3.294073869504E+002
  8.016232207035E-002  5.092616600090E+000 -4.729185461535E+001  3.249985983087E+002
  8.209324709253E-002  5.001902701807E+000 -4.666856906652E+001  3.205947104044E+002
  8.405068630235E-002  4.911163186107E+000 -4.604533941913E+001  3.161969667995E+002
  8.603481282122E-002  4.820422910899E+000 -4.542233127400E+001  3.118065952136E+002
  8.804580259214E-002  4.729706587888E+000 -4.479970864680E+001  3.074248069728E+002
  9.008383441408E-002  4.639038773397E+000 -4.417763390199E+001  3.030527964747E+002
  9.214908997710E-002  4.548443859322E+000 -4.355626768831E+001  2.986917406677E+002
  9.424175389809E-002  4.457946064218E+000 -4.293576887573E+001  2.943427985474E+002
  9.636201375725E-002  4.367569424531E+000 -4.231629449409E+001  2.900071106683E+002
  9.851006013526E-002  4.277337785961E+000 -4.169799967324E+001  2.856857986727E+002
  1.006860866512E-001  4.187274794977E+000 -4.108103758489E+001  2.813799648364E+002
  1.028902900012E-001  4.097403890479E+000 -4.046555938617E+001  2.770906916319E+002
  1.051228699979E-001  4.007748295617E+000 -3.985171416483E+001  2.728190413086E+002
  1.073840296104E-001  3.918331009763E+000 -3.923964888624E+001  2.685660554913E+002
  1.096739750056E-001  3.829174800641E+000 -3.862950834213E+001  2.643327547967E+002
  1.119929155896E-001  3.740302196629E+000 -3.802143510117E+001  2.601201384681E+002
  1.143410640503E-001  3.651735479218E+000 -3.741556946136E+001  2.559291840289E+002
  1.167186364011E-001  3.563496675647E+000 -3.681204940423E+001  2.517608469550E+002
  1.191258520249E-001  3.475607551705E+000 -3.621101055098E+001  2.476160603653E+002
  1.215629337189E-001  3.388089604712E+000 -3.561258612044E+001  2.434957347326E+002
  1.240301077413E-001  3.300964056674E+000 -3.501690688902E+001  2.394007576130E+002
  1.265276038575E-001  3.214251847621E+000 -3.442410115253E+001  2.353319933950E+002
  1.290556553882E-001  3.127973629124E+000 -3.383429468992E+001  2.312902830681E+002
  1.316144992580E-001  3.042149757994E+000 -3.324761072908E+001  2.272764440109E+002
  1.342043760450E-001  2.956800290173E+000 -3.266416991445E+001  2.232912697996E+002
  1.368255300316E-001  2.871944974802E+000 -3.208409027675E+001  2.193355300351E+002
  1.394782092560E-001  2.787603248489E+000 -3.150748720459E+001  2.154099701914E+002
  1.421626655646E-001  2.703794229755E+000 -3.093447341810E+001  2.115153114824E+002
  1.448791546661E-001  2.620536713680E+000 -3.036515894457E+001  2.076522507496E+002
  1.476279361856E-001  2.537849166738E+000 -2.979965109602E+001  2.038214603692E+002
  1.504092737207E-001  2.455749721820E+000 -2.923805444883E+001  2.000235881789E+002
  1.532234348983E-001  2.374256173458E+000 -2.868047082525E+001  1.962592574244E+002
  1.560706914324E-001  2.293385973233E+000 -2.812699927703E+001  1.925290667259E+002
  1.589513191834E-001  2.213156225389E+000 -2.757773607085E+001  1.888335900634E+002
  1.618655982178E-001  2.133583682626E+000 -2.703277467588E+001  1.851733767821E+002
  1.648138128702E-001  2.054684742101E+000 -2.649220575316E+001  1.815489516164E+002
  1.677962518056E-001  1.976475441611E+000 -2.595611714697E+001  1.779608147335E+002
  1.708132080832E-001  1.898971455974E+000 -2.542459387814E+001  1.744094417952E+002
  1.738649792215E-001  1.822188093604E+000 -2.489771813919E+001  1.708952840388E+002
  1.769518672648E-001  1.746140293274E+000 -2.437556929144E+001  1.674187683764E+002
  1.800741788507E-001  1.670842621070E+000 -2.385822386392E+001  1.639802975118E+002
  1.832322252791E-001  1.596309267535E+000 -2.334575555414E+001  1.605802500762E+002
  1.864263225826E-001  1.522554045003E+000 -2.283823523068E+001  1.572189807801E+002
  1.896567915983E-001  1.449590385116E+000 -2.233573093753E+001  1.538968205839E+002
  1.929239580409E-001  1.377431336529E+000 -2.183830790024E+001  1.506140768841E+002
  1.962281525771E-001  1.306089562798E+000 -2.134602853376E+001  1.473710337170E+002
  1.995697109023E-001  1.235577340451E+000 -2.085895245197E+001  1.441679519781E+002
  2.029489738173E-001  1.165906557232E+000 -2.037713647889E+001  1.410050696571E+002
  2.063662873085E-001  1.097088710533E+000 -1.990063466151E+001  1.378826020886E+002
  2.098220026275E-001  1.029134905995E+000 -1.942949828418E+001  1.348007422175E+002
  2.133164763746E-001  9.620558562790E-001 -1.896377588458E+001  1.317596608790E+002
  2.168500705817E-001  8.958618800170E-001 -1.850351327119E+001  1.287595070925E+002
  2.204231527988E-001  8.305629009226E-001 -1.804875354218E+001  1.258004083691E+002
  2.240360961807E-001  7.661684470712E-001 -1.759953710582E+001  1.228824710318E+002
  2.276892795770E-001  7.026876503412E-001 -1.715590170213E+001  1.200057805488E+002
  2.313830876220E-001  6.401292460158E-001 -1.671788242599E+001  1.171704018783E+002
  2.351179108282E-001  5.785015725414E-001 -1.628551175147E+001  1.143763798249E+002
  2.388941456809E-001  5.178125714403E-001 -1.585881955739E+001  1.116237394069E+002
  2.427121947345E-001  4.580697873735E-001 -1.543783315407E+001  1.089124862341E+002
  2.465724667110E-001  3.992803683526E-001 -1.502257731128E+001  1.062426068951E+002
  2.504753766009E-001  3.414510660950E-001 -1.461307428717E+001  1.036140693539E+002
  2.544213457654E-001  2.845882365222E-001 -1.420934385833E+001  1.010268233551E+002
  2.584108020414E-001  2.286978403949E-001 -1.381140335079E+001  9.848080083737E+001
  2.624441798480E-001  1.737854440845E-001 -1.341926767193E+001  9.597591635371E+001
  2.665219202956E-001  1.198562204761E-001 -1.303294934334E+001  9.351206749911E+001
  2.706444712976E-001  6.691494999991E-002 -1.265245853441E+001  9.108913534408E+001
  2.748122876832E-001  1.496602178898E-002 -1.227780309678E+001  8.870698487377E+001
  2.790258313137E-001 -3.598656504150E-002 -1.190898859948E+001  8.636546543207E+001
  2.832855712010E-001 -8.593919999523E-002 -1.154601836467E+001  8.406441117002E+001
  2.875919836279E-001 -1.348886596799E-001 -1.118889350410E+001  8.180364149789E+001
  2.919455522717E-001 -1.828321061793E-001 -1.083761295606E+001  7.958296154037E+001
  2.963467683296E-001 -2.297670853156E-001 -1.049217352284E+001  7.740216259414E+001
  3.007961306479E-001 -2.756915248043E-001 -1.015256990868E+001  7.526102258734E+001
  3.052941458522E-001 -3.206037323051E-001 -9.818794758055E+000  7.315930654023E+001
  3.098413284823E-001 -3.645023933723E-001 -9.490838694379E+000  7.109676702642E+001
  3.144382011281E-001 -4.073865693049E-001 -9.168690358968E+000  6.907314463421E+001
  3.190852945695E-001 -4.492556949026E-001 -8.852336450260E+000  6.708816842719E+001
  3.237831479192E-001 -4.901095761268E-001 -8.541761763239E+000  6.514155640383E+001
  3.285323087679E-001 -5.299483876716E-001 -8.236949229004E+000  6.323301595516E+001
  3.333333333333E-001 -5.687726704454E-001 -7.937879954452E+000  6.136224432026E+001
  3.381867866117E-001 -6.065833289660E-001 -7.644533262016E+000  5.952892903880E+001
  3.430932425333E-001 -6.433816286713E-001 -7.356886729415E+000  5.773274840017E+001
  3.480532841203E-001 -6.791691931466E-001 -7.074916229389E+000  5.597337188875E+001
  3.530675036492E-001 -7.139480012717E-001 -6.798595969351E+000  5.425046062459E+001
  3.581365028158E-001 -7.477203842876E-001 -6.527898530945E+000  5.256366779925E+001
  3.632608929041E-001 -7.804890227862E-001 -6.262794909447E+000  5.091263910622E+001
  3.684412949588E-001 -8.122569436217E-001 -6.003254552994E+000  4.929701316533E+001
  3.736783399619E-001 -8.430275167479E-001 -5.749245401588E+000  4.771642194102E+001
  3.789726690123E-001 -8.728044519792E-001 -5.500733925861E+000  4.617049115364E+001
  3.843249335105E-001 -9.015917956783E-001 -5.257685165551E+000  4.465884068385E+001
  3.897357953460E-001 -9.293939273697E-001 -5.020062767680E+000  4.318108496923E+001
  3.952059270903E-001 -9.562155562811E-001 -4.787829024393E+000  4.173683339325E+001
  4.007360121927E-001 -9.820617178101E-001 -4.560944910443E+000  4.032569066583E+001
  4.063267451812E-001 -1.006937769919E+000 -4.339370120291E+000  3.894725719549E+001
  4.119788318683E-001 -1.030849389458E+000 -4.123063104816E+000  3.760112945262E+001
  4.176929895600E-001 -1.053802568409E+000 -3.911981107598E+000  3.628690032375E+001
  4.234699472710E-001 -1.075803610063E+000 -3.706080200778E+000  3.500415945641E+001
  4.293104459435E-001 -1.096859125120E+000 -3.505315320467E+000  3.375249359456E+001
  4.352152386716E-001 -1.116976027709E+000 -3.309640301706E+000  3.253148690429E+001
  4.411850909306E-001 -1.136161531337E+000 -3.119007912953E+000  3.134072128963E+001
  4.472207808110E-001 -1.154423144760E+000 -2.933369890113E+000  3.017977669841E+001
  4.533230992589E-001 -1.171768667769E+000 -2.752676970083E+000  2.904823141799E+001
  4.594928503202E-001 -1.188206186905E+000 -2.576878923827E+000  2.794566236085E+001
  4.657308513924E-001 -1.203744071081E+000 -2.405924588983E+000  2.687164533993E+001
  4.720379334802E-001 -1.218390967132E+000 -2.239761901984E+000  2.582575533369E+001
  4.784149414579E-001 -1.232155795268E+000 -2.078337929730E+000  2.480756674101E+001
  4.848627343381E-001 -1.245047744445E+000 -1.921598900785E+000  2.381665362576E+001
  4.913821855461E-001 -1.257076267649E+000 -1.769490236140E+000  2.285258995124E+001
  4.979741832006E-001 -1.268251077082E+000 -1.621956579520E+000  2.191494980453E+001
  5.046396304008E-001 -1.278582139258E+000 -1.478941827281E+000  2.100330761083E+001
  5.113794455212E-001 -1.288079670004E+000 -1.340389157886E+000  2.011723833795E+001
  5.181945625116E-001 -1.296754129354E+000 -1.206241060988E+000  1.925631769099E+001
  5.250859312060E-001 -1.304616216355E+000 -1.076439366138E+000  1.842012229760E+001
  5.320545176366E-001 -1.311676863762E+000 -9.509252711326E-001  1.760822988372E+001
  5.391013043575E-001 -1.317947232627E+000 -8.296393700293E-001  1.682021944030E+001
  5.462272907741E-001 -1.323438706782E+000 -7.125216808413E-001  1.605567138102E+001
  5.534334934816E-001 -1.328162887216E+000 -5.995116729446E-001  1.531416769133E+001
  5.607209466109E-001 -1.332131586331E+000 -4.905482942155E-001  1.459529206911E+001
  5.680907021827E-001 -1.335356822096E+000 -3.855699979260E-001  1.389863005720E+001
  5.755438304707E-001 -1.337850812069E+000 -2.845147694215E-001  1.322376916806E+001
  5.830814203728E-001 -1.339625967319E+000 -1.873201526067E-001  1.257029900095E+001
  5.907045797917E-001 -1.340694886211E+000 -9.392327626773E-002  1.193781135191E+001
  5.984144360243E-001 -1.341070348083E+000 -4.260880254699E-003  1.132590031680E+001
  6.062121361613E-001 -1.340765306794E+000  8.173065844628E-002  1.073416238792E+001
  6.140988474955E-001 -1.339792884145E+000  1.641152997266E-001  1.016219654436E+001
  6.220757579409E-001 -1.338166363185E+000  2.429573144269E-001  9.609604336583E+000
  6.301440764614E-001 -1.335899181379E+000  3.183212584419E-001  9.075989965527E+000
  6.383050335109E-001 -1.333004923661E+000  3.902719468321E-001  8.560960356585E+000
  6.465598814833E-001 -1.329497315353E+000  4.588744279186E-001  8.064125228881E+000
  6.549098951744E-001 -1.325390214960E+000  5.241939573362E-001  7.585097160158E+000
  6.633563722545E-001 -1.320697606841E+000  5.862959720239E-001  7.123491647661E+000
  6.719006337539E-001 -1.315433593750E+000  6.452460641296E-001  6.678927165360E+000
  6.805440245593E-001 -1.309612389259E+000  7.011099548096E-001  6.251025217893E+000
  6.892879139233E-001 -1.303248310054E+000  7.539534679049E-001  5.839410391549E+000
  6.981336959871E-001 -1.296355768110E+000  8.038425034764E-001  5.443710402654E+000
  7.070827903152E-001 -1.288949262748E+000  8.508430111843E-001  5.063556143676E+000
  7.161366424455E-001 -1.281043372578E+000  8.950209634990E-001  4.698581727384E+000
  7.252967244510E-001 -1.272652747327E+000  9.364423287312E-001  4.348424529362E+000
  7.345645355186E-001 -1.263792099553E+000  9.751730438728E-001  4.012725229181E+000
  7.439416025400E-001 -1.254476196262E+000  1.011278987242E+000  3.691127850502E+000
  7.534294807203E-001 -1.244719850416E+000  1.044825950928E+000  3.383279800394E+000
  7.630297542000E-001 -1.234537912349E+000  1.075879613032E+000  3.088831908100E+000
  7.727440366954E-001 -1.223945261086E+000  1.104505509706E+000  2.807438463500E+000
  7.825739721536E-001 -1.212956795583E+000  1.130769006995E+000  2.538757255479E+000
  7.925212354258E-001 -1.201587425880E+000  1.154735272482E+000  2.282449610401E+000
  8.025875329584E-001 -1.189852064189E+000  1.176469246746E+000  2.038180430865E+000
  8.127746035011E-001 -1.177765615905E+000  1.196035614657E+000  1.805618234899E+000
  8.230842188350E-001 -1.165342970573E+000  1.213498776490E+000  1.584435195734E+000
  8.335181845190E-001 -1.152598992787E+000  1.228922818914E+000  1.374307182279E+000
  8.440783406568E-001 -1.139548513065E+000  1.242371485843E+000  1.174913800368E+000
  8.547665626839E-001 -1.126206318676E+000  1.253908149190E+000  9.859384348940E-001
  8.655847621758E-001 -1.112587144449E+000  1.263595779531E+000  8.070682928417E-001
  8.765348876780E-001 -1.098705663570E+000  1.271496916731E+000  6.379944472806E-001
  8.876189255584E-001 -1.084576478372E+000  1.277673640532E+000  4.784118823141E-001
  8.988389008829E-001 -1.070214111128E+000  1.282187541155E+000  3.280195389812E-001
  9.101968783143E-001 -1.055632994870E+000  1.285099689946E+000  1.865203620804E-001
  9.216949630368E-001 -1.040847464227E+000  1.286470610097E+000  5.362134786474E-002
  9.333353017046E-001 -1.025871746308E+000  1.286360247484E+000 -7.096640745788E-002
  9.451200834176E-001 -1.010719951635E+000  1.284827941664E+000 -1.875276585066E-001
  9.570515407237E-001 -9.954060651443E-001  1.281932397070E+000 -2.963429608959E-001
  9.691319506484E-001 -9.799439372535E-001  1.277731654452E+000 -3.976886209106E-001
  9.813636357544E-001 -9.643472750291E-001  1.272283062606E+000 -4.918366448235E-001
  9.937489652293E-001 -9.486296334485E-001  1.265643250442E+000 -5.790546880069E-001
  1.006290356005E+000 -9.328044067782E-001  1.257868099433E+000 -6.596060040015E-001
  1.018990273907E+000 -9.168848200801E-001  1.249012716504E+000 -7.337493937201E-001
  1.031851234841E+000 -9.008839208572E-001  1.239131407404E+000 -8.017391549723E-001
  1.044875806003E+000 -8.848145708548E-001  1.228277650615E+000 -8.638250325098E-001
  1.058066607138E+000 -8.686894380270E-001  1.216504071853E+000 -9.202521687951E-001
  1.071426311823E+000 -8.525209886847E-001  1.203862419199E+000 -9.712610557095E-001
  1.084957648792E+000 -8.363214798362E-001  1.190403538938E+000 -1.017087487418E+000
  1.098663403298E+000 -8.201029517347E-001  1.176177352130E+000 -1.057962514613E+000
  1.112546418516E+000 -8.038772206444E-001  1.161232831990E+000 -1.094112400369E+000
  1.126609596985E+000 -7.876558718394E-001  1.145617982100E+000 -1.125758577826E+000
  1.140855902095E+000 -7.714502528461E-001  1.129379815540E+000 -1.153117609945E+000
  1.155288359613E+000 -7.552714669431E-001  1.112564334953E+000 -1.176401151547E+000
  1.169910059257E+000 -7.391303669283E-001  1.095216513615E+000 -1.195815913873E+000
  1.184724156317E+000 -7.230375491676E-001  1.077380277547E+000 -1.211563631889E+000
  1.199733873325E+000 -7.070033479326E-001  1.059098488721E+000 -1.223841034537E+000
  1.214942501771E+000 -6.910378300422E-001  1.040412929399E+000 -1.232839818162E+000
  1.230353403874E+000 -6.751507898138E-001  1.021364287651E+000 -1.238746623314E+000
  1.245970014403E+000 -6.593517443376E-001  1.001992144094E+000 -1.241743015116E+000
  1.261795842559E+000 -6.436499290802E-001  9.823349598767E-001 -1.242005467389E+000
  1.277834473907E+000 -6.280542938274E-001  9.624300659669E-001 -1.239705350719E+000
  1.294089572372E+000 -6.125734989736E-001  9.423136537566E-001 -1.235008924617E+000
  1.310564882294E+000 -5.972159121642E-001  9.220207670215E-001 -1.228077333945E+000
  1.327264230548E+000 -5.819896052978E-001  9.015852952617E-001 -1.219066609736E+000
  1.344191528724E+000 -5.669023518938E-001  8.810399684459E-001 -1.208127674540E+000
  1.361350775387E+000 -5.519616248295E-001  8.604163531802E-001 -1.195406352421E+000
  1.378746058390E+000 -5.371745944502E-001  8.397448503184E-001 -1.181043383693E+000
  1.396381557275E+000 -5.225481270566E-001  8.190546940266E-001 -1.165174444484E+000
  1.414261545744E+000 -5.080887837691E-001  7.983739523110E-001 -1.147930171207E+000
  1.432390394201E+000 -4.938028197727E-001  7.777295290166E-001 -1.129436189981E+000
  1.450772572390E+000 -4.796961839394E-001  7.571471672949E-001 -1.109813151044E+000
  1.469412652102E+000 -4.657745188302E-001  7.366514545423E-001 -1.089176768182E+000
  1.488315309978E+000 -4.520431610721E-001  7.162658287984E-001 -1.067637863179E+000
  1.507485330398E+000 -4.385071421087E-001  6.960125865966E-001 -1.045302415272E+000
  1.526927608467E+000 -4.251711893194E-001  6.759128922493E-001 -1.022271615584E+000
  1.546647153093E+000 -4.120397275021E-001  6.559867885497E-001 -9.986419264902E-001
  1.566649090169E+000 -3.991168807142E-001  6.362532088653E-001 -9.745051458532E-001
  1.586938665861E+000 -3.864064744631E-001  6.167299905955E-001 -9.499484760466E-001
  1.607521250000E+000 -3.739120382390E-001  5.974338899587E-001 -9.250545976676E-001
  1.628402339588E+000 -3.616368083812E-001  5.783805980747E-001 -8.999017478262E-001
  1.649587562420E+000 -3.495837312659E-001  5.595847582970E-001 -8.745638028785E-001
  1.671082680832E+000 -3.377554668062E-001  5.410599847530E-001 -8.491103654554E-001
  1.692893595565E+000 -3.261543922520E-001  5.228188820385E-001 -8.236068556228E-001
  1.715026349769E+000 -3.147826062751E-001  5.048730660154E-001 -7.981146059910E-001
  1.737487133138E+000 -3.036419333283E-001  4.872331856517E-001 -7.726909605782E-001
  1.760282286187E+000 -2.927339282626E-001  4.699089458441E-001 -7.473893772146E-001
  1.783418304674E+000 -2.820598811875E-001  4.529091311564E-001 -7.222595332621E-001
  1.806901844175E+000 -2.716208225590E-001  4.362416304047E-001 -6.973474344055E-001
  1.830739724818E+000 -2.614175284789E-001  4.199134620181E-001 -6.726955262647E-001
  1.854938936184E+000 -2.514505261894E-001  4.039308000988E-001 -6.483428085555E-001
  1.879506642368E+000 -2.417200997446E-001  3.882990011052E-001 -6.243249515240E-001
  1.904450187236E+000 -2.322262958431E-001  3.730226310770E-001 -6.006744143600E-001
  1.929777099847E+000 -2.229689298046E-001  3.581054933214E-001 -5.774205652915E-001
  1.955495100083E+000 -2.139475916712E-001  3.435506564769E-001 -5.545898030492E-001
  1.981612104475E+000 -2.051616524185E-001  3.293604828710E-001 -5.322056793829E-001
  2.008136232230E+000 -1.966102702592E-001  3.155366570852E-001 -5.102890223081E-001
  2.035075811486E+000 -1.882923970205E-001  3.020802146453E-001 -4.888580597520E-001
  2.062439385788E+000 -1.802067845827E-001  2.889915707491E-001 -4.679285432678E-001
  2.090235720801E+000 -1.723519913610E-001  2.762705489503E-001 -4.475138714834E-001
  2.118473811262E+000 -1.647263888158E-001  2.639164097144E-001 -4.276252129506E-001
  2.147162888201E+000 -1.573281679799E-001  2.519278787675E-001 -4.082716280635E-001
  2.176312426413E+000 -1.501553459874E-001  2.403031751595E-001 -3.894601897167E-001
  2.205932152222E+000 -1.432057725933E-001  2.290400389658E-001 -3.711961023833E-001
  2.236032051522E+000 -1.364771366735E-001  2.181357585583E-001 -3.534828192960E-001
  2.266622378129E+000 -1.299669726959E-001  2.075871973763E-001 -3.363221574294E-001
  2.297713662445E+000 -1.236726671542E-001  1.973908201357E-001 -3.197144099883E-001
  2.329316720450E+000 -1.175914649577E-001  1.875427184186E-001 -3.036584561269E-001
  2.361442663038E+000 -1.117204757736E-001  1.780386355913E-001 -2.881518676347E-001
  2.394102905709E+000 -1.060566803159E-001  1.688739910053E-001 -2.731910123460E-001
  2.427309178642E+000 -1.005969365806E-001  1.600439034397E-001 -2.587711540503E-001
  2.461073537146E+000 -9.533798602681E-002  1.515432137547E-001 -2.448865487003E-001
  2.495408372530E+000 -9.027645970341E-002  1.433665067275E-001 -2.315305367410E-001
  2.530326423398E+000 -8.540888432493E-002  1.355081320531E-001 -2.186956314071E-001
  2.565840787378E+000 -8.073168830033E-002  1.279622244982E-001 -2.063736028615E-001
  2.601964933334E+000 -7.624120771937E-002  1.207227232028E-001 -1.945555580773E-001
  2.638712714049E+000 -7.193369230342E-002  1.137833901332E-001 -1.832320163933E-001
  2.676098379430E+000 -6.780531132762E-002  1.071378276962E-001 -1.723929807010E-001
  2.714136590232E+000 -6.385215952291E-002  1.007794955307E-001 -1.620280042535E-001
  2.752842432351E+000 -6.007026296662E-002  9.470172650033E-002 -1.521262531127E-001
  2.792231431696E+000 -5.645558497087E-002  8.889774191750E-002 -1.426765642816E-001
  2.832319569669E+000 -5.300403197851E-002  8.336066603267E-002 -1.336674995989E-001
  2.873123299289E+000 -4.971145947586E-002  7.808353983035E-002 -1.250873954966E-001
  2.914659561979E+000 -4.657367793165E-002  7.305933417618E-002 -1.169244087502E-001
  2.956945805065E+000 -4.358645877058E-002  6.828096236357E-002 -1.091665583754E-001
  3.000000000000E+000 -4.074554038937E-002  6.374129211140E-002 -1.018017638447E-001
  3.043840661365E+000 -3.804663422194E-002  5.943315706606E-002 -9.481787982106E-002
  3.088486866678E+000 -3.548543085871E-002  5.534936786234E-002 -8.820272762062E-002
  3.133958277047E+000 -3.305760622375E-002  5.148272279760E-002 -8.194412363091E-002
  3.180275158719E+000 -3.075882781092E-002  4.782601817294E-002 -7.602990492410E-002
  3.227458405560E+000 -2.858476097851E-002  4.437205835315E-002 -7.044795231097E-002
  3.275529562509E+000 -2.653107529900E-002  4.111366559425E-002 -6.518621108710E-002
  3.324510850077E+000 -2.459345095802E-002  3.804368968368E-002 -6.023270972355E-002
  3.374425189910E+000 -2.276758519384E-002  3.515501743344E-002 -5.557557675178E-002
  3.425296231502E+000 -2.104919876558E-002  3.244058206067E-002 -5.120305608711E-002
  3.477148380094E+000 -1.943404243553E-002  2.989337248415E-002 -4.710352102525E-002
  3.530006825834E+000 -1.791790344754E-002  2.750644255751E-002 -4.326548713434E-002
  3.583897574256E+000 -1.649661198084E-002  2.527292025298E-002 -3.967762424899E-002
  3.638847478148E+000 -1.516604755529E-002  2.318601680071E-002 -3.632876775474E-002
  3.694884270887E+000 -1.392214536134E-002  2.123903578089E-002 -3.320792933049E-002
  3.752036601308E+000 -1.276090248563E-002  1.942538215705E-002 -3.030430729335E-002
  3.810334070199E+000 -1.167838400031E-002  1.773857123039E-002 -2.760729666636E-002
  3.869807268505E+000 -1.067072888270E-002  1.617223748700E-002 -2.510649906330E-002
  3.930487817331E+000 -9.734155729770E-003  1.472014330166E-002 -2.279173245873E-002
  3.992408409843E+000 -8.864968231168E-003  1.337618745448E-002 -2.065304088489E-002
  4.055602855172E+000 -8.059560363686E-003  1.213441341053E-002 -1.868070407076E-002
  4.120106124432E+000 -7.314421269899E-003  1.098901730611E-002 -1.686524701321E-002
  4.185954398964E+000 -6.626139784380E-003  9.934355581503E-003 -1.519744944664E-002
  4.253185120935E+000 -5.991408571868E-003  8.964952195730E-003 -1.366835515500E-002
  4.321837046422E+000 -5.407027843663E-003  8.075505357450E-003 -1.226928105085E-002
  4.391950301120E+000 -4.869908620867E-003  7.260893704761E-003 -1.099182592902E-002
  4.463566438835E+000 -4.377075516263E-003  6.516181867793E-003 -9.827878788744E-003
  4.536728502895E+000 -3.925669010321E-003  5.836625350046E-003 -8.769626607963E-003
  4.611481090679E+000 -3.512947201195E-003  5.217674668276E-003 -7.809561446570E-003
  4.687870421430E+000 -3.136287013477E-003  4.654978696027E-003 -6.940486752800E-003
  4.765944407533E+000 -2.793184855935E-003  4.144387162680E-003 -6.155522747761E-003
  4.845752729492E+000 -2.481256724269E-003  3.681952268003E-003 -5.448110767995E-003
  4.927346914797E+000 -2.198237751208E-003  3.263929381585E-003 -4.812016454410E-003
  5.010780420931E+000 -1.941981212632E-003  2.886776807005E-003 -4.241331687924E-003
  5.096108722763E+000 -1.710457005078E-003  2.547154601931E-003 -3.730475187315E-003
  5.183389404586E+000 -1.501749616537E-003  2.241922457450E-003 -3.274191702743E-003
  5.272682257105E+000 -1.314055618935E-003  1.968136652383E-003 -2.867549758748E-003
  5.364049379651E+000 -1.145680716954E-003  1.723046111084E-003 -2.505937922753E-003
  5.457555287978E+000 -9.950363936335E-004  1.504087605809E-003 -2.185059598591E-003
  5.553267027968E+000 -8.606361985448E-004  1.308880157034E-003 -1.900926368838E-003
  5.651254295630E+000 -7.410917289453E-004  1.135218696696E-003 -1.649849934072E-003
  5.751589563796E+000 -6.351083581771E-004  9.810670700619E-004 -1.428432721073E-003
  5.854348215936E+000 -5.414807685205E-004  8.445504614594E-004 -1.233557254678E-003
  5.959608687557E+000 -4.590883476426E-004  7.239473372016E-004 -1.062374409174E-003
  6.067452615683E+000 -3.868905086190E-004  6.176810055191E-004 -9.122906738925E-004
  6.177964996951E+000 -3.239219931877E-004  5.243108979407E-004 -7.809545839209E-004
  6.291234354880E+000 -2.692882163777E-004  4.425236792210E-004 -6.662424798731E-004
  6.407352916949E+000 -2.221607079338E-004  3.711242934854E-004 -5.662437702950E-004
  6.526416802128E+000 -1.817727020434E-004  3.090270526844E-004 -4.792458762162E-004
  6.648526219580E+000 -1.474149218247E-004  2.552468697202E-004 -4.037190394394E-004
  6.773785679311E+000 -1.184315989292E-004  2.088907327750E-004 -3.383011743374E-004
  6.902304215570E+000 -9.421676156520E-005  1.691495095290E-004 -2.817829372571E-004
  7.034195623922E+000 -7.421081641925E-005  1.352901602703E-004 -2.330931782426E-004
  7.169578712934E+000 -5.789744150536E-005  1.066484275792E-004 -1.912849269431E-004
  7.308577571516E+000 -4.480079812764E-005  8.262205757180E-005 -1.555220485985E-004
  7.451321853057E+000 -3.448306112716E-005  6.266459393106E-005 -1.250666873214E-004
  7.597947077547E+000 -2.654225765096E-005  4.627977147615E-005 -9.926759302100E-005
  7.748594953021E+000 -2.061039609547E-005  3.301652121324E-005 -7.754940580092E-005
  7.903413717736E+000 -1.635185890776E-005  2.246458406732E-005 -5.940294812336E-005
  8.062558504629E+000 -1.346202584198E-005  1.425071623908E-005 -4.437655111745E-005
  8.226191729726E+000 -1.166608832024E-005  8.035455771823E-006 -3.206841777163E-005
  8.394483506327E+000 -1.071801096717E-005  3.510407855039E-006 -2.212000305683E-005
  8.567612086926E+000 -1.039959337429E-005  3.959960047990E-007 -1.421036990863E-005
  8.745764335025E+000 -1.051958385888E-005 -1.560382123928E-006 -8.051461046319E-006
  8.929136229160E+000 -1.091279751380E-005 -2.585861648175E-006 -3.384210352386E-006
  9.117933401693E+000 -1.143919323897E-005 -2.883351080418E-006  2.459558017816E-008
  9.312371715124E+000 -1.198286867447E-005 -2.632578692014E-006  2.384804759768E-006
  9.512677878945E+000 -1.245093791494E-005 -1.991015059031E-006  3.884840925649E-006
  9.719090110332E+000 -1.277226439833E-005 -1.094738096030E-006  4.693205587652E-006
  9.931858842267E+000 -1.289603017589E-005 -5.930036805453E-008  4.959646452535E-006
  1.015124748302E+001 -1.279013256252E-005  1.019350149238E-006  4.816092535005E-006
  1.037753323129E+001 -1.243940955465E-005  2.063855049163E-006  4.377447837872E-006
  1.061100795175E+001 -1.184370595669E-005  3.014307046682E-006  3.742324294066E-006
  1.085197911611E+001 -1.101580241473E-005  3.826971354798E-006  2.993781263745E-006
  1.110077081537E+001 -9.979239046050E-006  4.472862764076E-006  2.200123933053E-006
  1.135772484956E+001 -8.766073612281E-006  4.936186565193E-006  1.415797189839E-006
  1.162320190175E+001 -7.414620788704E-006  5.212662776147E-006  6.823957056507E-007
  1.189758280382E+001 -5.967223663614E-006  5.307762986782E-006  2.979577314729E-008
  1.218126990242E+001 -4.468110877542E-006  5.234897050312E-006 -5.225993742897E-007
  1.247468853413E+001 -2.961392600096E-006  5.013592466627E-006 -9.645208920184E-007
  1.277828862002E+001 -1.489245779954E-006  4.667712366751E-006 -1.293431841212E-006
  1.309254639077E+001 -9.033385680271E-008  4.223758408979E-006 -1.513097049423E-006
  1.341796625462E+001  1.201501409884E-006  3.709302667831E-006 -1.632165125560E-006
  1.375508282195E+001  2.358247836852E-006  3.151587915791E-006 -1.662803136033E-006
  1.410446310162E+001  3.358413300210E-006  2.576328880758E-006 -1.619422361335E-006
  1.446670888596E+001  4.187393680385E-006  2.006738544142E-006 -1.517529015351E-006
  1.484245934302E+001  4.837525548486E-006  1.462793852784E-006 -1.372727289627E-006
  1.523239383723E+001  5.307843037659E-006  9.607449387134E-007 -1.199894145220E-006
  1.563723500136E+001  5.603569634039E-006  5.128616822604E-007 -1.012536534880E-006
  1.605775208607E+001  5.735385446014E-006  1.274018066682E-007 -8.223328279883E-007
  1.649476461582E+001  5.718518346809E-006 -1.912238078416E-007 -6.388517261576E-007
  1.694914638379E+001  5.571712817713E-006 -4.421198077346E-007 -4.694344208680E-007
  1.742182982203E+001  5.316133061425E-006 -6.274452404030E-007 -3.192195724710E-007
  1.791381078784E+001  4.974256869040E-006 -7.518616547320E-007 -1.912861703533E-007
  1.842615381215E+001  4.568813829957E-006 -8.219301091132E-007 -8.688661686059E-008
  1.895999786176E+001  4.121815950062E-006 -8.454952873305E-007 -5.741475522395E-009
  1.951656267356E+001  3.653720919055E-006 -8.310915128089E-007  5.363187467895E-008
  2.009715572669E+001  3.182758606681E-006 -7.874004163201E-007  9.358214865986E-008
  2.070317992707E+001  2.724440444465E-006 -7.227837385582E-007  1.170006153511E-007
  2.133614208874E+001  2.291259819668E-006 -6.449076807215E-007  1.270287614848E-007
  2.199766230782E+001  1.892580170908E-006 -5.604678251343E-007  1.268099884535E-007
  2.268948433818E+001  1.534696832884E-006 -4.750164054902E-007  1.192932156897E-007
  2.341348709294E+001  1.221049491678E-006 -3.928870560373E-007  1.070915050165E-007
  2.417169741362E+001  9.525549545197E-007 -3.172065006260E-007  9.239454306455E-008
  2.496630426925E+001  7.280252463572E-007 -2.499782678934E-007  7.693025033059E-008
  2.579967457140E+001  5.446340816599E-007 -1.922206513337E-007  6.196808643583E-008
  2.667437081864E+001  3.983955763104E-007 -1.441398710573E-007  4.835488027801E-008
  2.759317081651E+001  2.846224875769E-007 -1.053197112732E-007  3.657324536610E-008
  2.855908975674E+001  1.983369018213E-007 -7.491065153128E-008  2.681278602927E-008
  2.957540498378E+001  1.346135333751E-007 -5.180441198786E-008  1.904523356032E-008
  3.064568382919E+001  8.884391087842E-008 -3.478353112385E-008  1.309619071167E-008
  3.177381495601E+001  5.691789462955E-008 -2.263966722403E-008  8.708086936324E-009
  3.296404372807E+001  3.532639494630E-008 -1.425832708811E-008  5.591016538428E-009
  3.422101220608E+001  2.119516755932E-008 -8.671277185980E-009  3.460116601415E-009
  3.554980447538E+001  1.226366968973E-008 -5.080667815184E-009  2.059844083739E-009
  3.695599813319E+001  6.824954062287E-009 -2.860705617566E-009  1.176790728309E-009
  3.844572291106E+001  3.642526421409E-009 -1.543492380964E-009  6.434600255072E-010
  4.002572758518E+001  1.858324754727E-009 -7.954973671051E-010  3.357265816318E-010
  4.170345654134E+001  9.030185555329E-010 -3.902510230499E-010  1.665754453410E-010
  4.348713762001E+001  4.162913930385E-010 -1.815158318280E-010  7.829519203343E-011
  4.538588318162E+001  1.812596439220E-010 -7.969831042398E-011  3.471319020378E-011
  4.740980671574E+001  7.417673456964E-011 -3.287207709649E-011  1.444777409955E-011
  4.957015778746E+001  2.837337008635E-011 -1.266716861042E-011  5.614529874045E-012
  5.187947869225E+001  1.008241500718E-011 -4.532684950180E-012  2.024909587805E-012
  5.435178690397E+001  3.305546535891E-012 -1.495834423037E-012  6.731744272355E-013
  5.700278828629E+001  9.921938637494E-013 -4.517783647009E-013  2.047199543807E-013
  5.985012714155E+001  2.703054474963E-013 -1.238006394519E-013  5.646271137528E-014
  6.291368055481E+001  6.618596928754E-014 -3.048132827672E-014  1.398637372737E-014
  6.621590623276E+001  1.440522804675E-014 -6.668955013605E-015  3.077534817866E-015
  6.978225524452E+001  2.752078158449E-015 -1.280401742769E-015  5.940442130368E-016
  7.364166388185E+001  4.549650309907E-016 -2.126655129202E-016  9.916556425253E-017
  7.782714245929E+001  6.402972898600E-017 -3.006262370224E-017  1.408495663750E-017
  8.237648351994E+001  7.529183081173E-018 -3.549916574318E-018  1.670681580955E-018
  8.733311794502E+001  7.239922962387E-019 -3.427156751059E-019  1.619743520733E-019
  9.274715535088E+001  5.553328066735E-020 -2.638718264734E-020  1.252099688063E-020
  9.867665554529E+001  3.301416253462E-021 -1.574325092503E-021  7.498547076546E-022
  1.051891916055E+002  1.470996233144E-022 -7.038487512424E-023  3.364401913442E-023
  1.123637836013E+002  4.723323365837E-024 -2.267317859138E-024  1.087429280820E-024
  1.202933069206E+002  1.043689601417E-025 -5.025277918711E-026  2.417841629378E-026
  1.290875131414E+002  1.502772187952E-027 -7.256653579614E-028  3.501924314654E-028
  1.388768482001E+002  1.321430279869E-029 -6.398463798429E-030  3.096536008328E-030
  1.498173177370E+002  6.566323501898E-032 -3.187708579150E-032  1.546821513750E-032
  1.620967411853E+002  1.679329268460E-034 -8.172528388722E-035  3.975700756353E-035
  1.759428668168E+002  1.973539248533E-037 -9.626590006593E-038  4.694214705353E-038
  1.916340085825E+002  9.278100231978E-041 -4.535614111605E-041  2.216665636246E-041
  2.095131417987E+002  1.470865707539E-044 -7.205211553735E-045  3.528803172296E-045
  2.300068054477E+002  6.357355520818E-049 -3.120291841505E-049  1.531221072275E-049
  2.536507797910E+002  5.735633566395E-054 -2.820299771150E-054  1.386588209327E-054
  2.811254638474E+002  7.693957530600E-060 -3.789750869179E-060  1.866474319525E-060
  3.133053780630E+002  9.921017532876E-067 -4.894603286798E-067  2.414567810440E-067
  3.513296254502E+002  6.966302766630E-075 -3.442063416334E-075  1.700608895753E-075
  3.967041014107E+002  1.256440541092E-084 -6.216842480154E-085  3.075911130469E-085
  4.514529193350E+002  2.119459793970E-096 -1.050078771461E-096  5.202357966047E-097
  5.183481233601E+002  8.380155217187E-111 -4.156961670815E-111  2.061988298934E-111
  6.012676077950E+002  1.120208911133E-128 -5.563008802314E-129  2.762551098184E-129
  7.057700503752E+002  3.153122325121E-151 -1.567468219459E-151  7.792007492635E-152
  8.400513767914E+002  3.116399746720E-180 -1.550670636774E-180  7.715797954370E-181
  1.016602135495E+003  2.108922513053E-218 -1.050261736480E-218  5.230352894931E-219
  1.255220715579E+003  4.941311169872E-270 -2.462704848883E-270  1.227383452918E-270
  1.588815776243E+003  0.000000000000E+000  0.000000000000E+000  0.000000000000E+000
  2.075392011604E+003  0.000000000000E+000  0.000000000000E+000  0.000000000000E+000
  2.825079847528E+003  0.000000000000E+000  0.000000000000E+000  0.000000000000E+000
  4.068408296183E+003  0.000000000000E+000  0.000000000000E+000  0.000000000000E+000
  6.357262947672E+003  0.000000000000E+000  0.000000000000E+000  0.000000000000E+000
  1.130231930164E+004  0.000000000000E+000  0.000000000000E+000  0.000000000000E+000
  2.543105175136E+004  0.000000000000E+000  0.000000000000E+000  0.000000000000E+000
  1.017262069952E+005  0.000000000000E+000  0.000000000000E+000  0.000000000000E+000
