# 1st line: number of mesh points
# rho and r_seitz are calculated from total density
# zeta and r_seitz only correct of rho > 1d-12

# abcissa rho drho ddrho zeta r_seitz
500
  9.830308526563E-006  1.622105165238E+003 -1.970666635366E+004  2.452150163453E+005 -2.601182456606E-005  1.227479032944E-001
  3.932200719722E-005  1.621524088798E+003 -1.969943590683E+004  2.451227562470E+005 -2.601187774713E-005  1.227625638632E-001
  8.847741541467E-005  1.620556051062E+003 -1.968739057558E+004  2.449690604815E+005 -2.601196568465E-005  1.227870030343E-001
  1.573003992805E-004  1.619201686089E+003 -1.967053847432E+004  2.447540355681E+005 -2.601208733198E-005  1.228212281451E-001
  2.457963722418E-004  1.617461880688E+003 -1.964889095168E+004  2.444778304774E+005 -2.601224122284E-005  1.228652494743E-001
  3.539722959954E-004  1.615337773544E+003 -1.962246257897E+004  2.441406364757E+005 -2.601242546889E-005  1.229190802477E-001
  4.818366816529E-004  1.612830754101E+003 -1.959127113536E+004  2.437426869239E+005 -2.601263775937E-005  1.229827366462E-001
  6.293995911626E-004  1.609942461192E+003 -1.955533758982E+004  2.432842570341E+005 -2.601287535991E-005  1.230562378150E-001
  7.966726389935E-004  1.606674781432E+003 -1.951468607983E+004  2.427656635812E+005 -2.601313510722E-005  1.231396058754E-001
  9.836689940782E-004  1.603029847362E+003 -1.946934388691E+004  2.421872645716E+005 -2.601341341043E-005  1.232328659375E-001
  1.190403382016E-003  1.599010035358E+003 -1.941934140891E+004  2.415494588694E+005 -2.601370624430E-005  1.233360461155E-001
  1.416892087541E-003  1.594617963296E+003 -1.936471212924E+004  2.408526857799E+005 -2.601400914795E-005  1.234491775441E-001
  1.663152957245E-003  1.589856487991E+003 -1.930549258294E+004  2.400974245911E+005 -2.601431722053E-005  1.235722943970E-001
  1.929205402573E-003  1.584728702395E+003 -1.924172231975E+004  2.392841940742E+005 -2.601462511878E-005  1.237054339074E-001
  2.215070403073E-003  1.579237932574E+003 -1.917344386410E+004  2.384135519438E+005 -2.601492704820E-005  1.238486363900E-001
  2.520770509919E-003  1.573387734454E+003 -1.910070267223E+004  2.374860942776E+005 -2.601521676358E-005  1.240019452654E-001
  2.846329849692E-003  1.567181890351E+003 -1.902354708628E+004  2.365024548970E+005 -2.601548755918E-005  1.241654070855E-001
  3.191774128432E-003  1.560624405284E+003 -1.894202828571E+004  2.354633047100E+005 -2.601573226615E-005  1.243390715622E-001
  3.557130635959E-003  1.553719503072E+003 -1.885620023571E+004  2.343693510160E+005 -2.601594324358E-005  1.245229915963E-001
  3.942428250463E-003  1.546471622225E+003 -1.876611963310E+004  2.332213367741E+005 -2.601611237577E-005  1.247172233100E-001
  4.347697443358E-003  1.538885411640E+003 -1.867184584943E+004  2.320200398359E+005 -2.601623106361E-005  1.249218260805E-001
  4.772970284417E-003  1.530965726086E+003 -1.857344087156E+004  2.307662721435E+005 -2.601629021468E-005  1.251368625758E-001
  5.218280447175E-003  1.522717621510E+003 -1.847096923971E+004  2.294608788937E+005 -2.601628023905E-005  1.253623987928E-001
  5.683663214611E-003  1.514146350148E+003 -1.836449798307E+004  2.281047376704E+005 -2.601619104128E-005  1.255985040972E-001
  6.169155485101E-003  1.505257355462E+003 -1.825409655311E+004  2.266987575442E+005 -2.601601200836E-005  1.258452512657E-001
  6.674795778653E-003  1.496056266899E+003 -1.813983675454E+004  2.252438781432E+005 -2.601573200642E-005  1.261027165306E-001
  7.200624243425E-003  1.486548894483E+003 -1.802179267413E+004  2.237410686935E+005 -2.601533936400E-005  1.263709796262E-001
  7.746682662519E-003  1.476741223245E+003 -1.790004060747E+004  2.221913270325E+005 -2.601482186949E-005  1.266501238381E-001
  8.313014461060E-003  1.466639407502E+003 -1.777465898366E+004  2.205956785954E+005 -2.601416675594E-005  1.269402360540E-001
  8.899664713569E-003  1.456249764983E+003 -1.764572828809E+004  2.189551753765E+005 -2.601336069071E-005  1.272414068174E-001
  9.506680151615E-003  1.445578770817E+003 -1.751333098350E+004  2.172708948659E+005 -2.601238976834E-005  1.275537303844E-001
  1.013410917176E-002  1.434633051389E+003 -1.737755142921E+004  2.155439389648E+005 -2.601123949190E-005  1.278773047811E-001
  1.078200184380E-002  1.423419378064E+003 -1.723847579878E+004  2.137754328781E+005 -2.600989476705E-005  1.282122318658E-001
  1.145040991929E-002  1.411944660799E+003 -1.709619199619E+004  2.119665239885E+005 -2.600833988751E-005  1.285586173922E-001
  1.213938684040E-002  1.400215941640E+003 -1.695078957051E+004  2.101183807107E+005 -2.600655851713E-005  1.289165710759E-001
  1.284898774901E-002  1.388240388116E+003 -1.680235962936E+004  2.082321913303E+005 -2.600453368375E-005  1.292862066637E-001
  1.357926949620E-002  1.376025286538E+003 -1.665099475116E+004  2.063091628259E+005 -2.600224775943E-005  1.296676420055E-001
  1.433029065191E-002  1.363578035207E+003 -1.649678889618E+004  2.043505196776E+005 -2.599968244580E-005  1.300609991292E-001
  1.510211151509E-002  1.350906137551E+003 -1.633983731675E+004  2.023575026631E+005 -2.599681876291E-005  1.304664043186E-001
  1.589479412397E-002  1.338017195180E+003 -1.618023646647E+004  2.003313676428E+005 -2.599363702828E-005  1.308839881943E-001
  1.670840226680E-002  1.324918900883E+003 -1.601808390878E+004  1.982733843350E+005 -2.599011684013E-005  1.313138857977E-001
  1.754300149280E-002  1.311619031571E+003 -1.585347822471E+004  1.961848350839E+005 -2.598623706662E-005  1.317562366783E-001
  1.839865912351E-002  1.298125441170E+003 -1.568651892028E+004  1.940670136201E+005 -2.598197581934E-005  1.322111849844E-001
  1.927544426443E-002  1.284446053474E+003 -1.551730633329E+004  1.919212238175E+005 -2.597731044058E-005  1.326788795568E-001
  2.017342781695E-002  1.270588854973E+003 -1.534594153991E+004  1.897487784456E+005 -2.597221748260E-005  1.331594740265E-001
  2.109268249069E-002  1.256561887658E+003 -1.517252626102E+004  1.875509979209E+005 -2.596667268691E-005  1.336531269157E-001
  2.203328281612E-002  1.242373241805E+003 -1.499716276847E+004  1.853292090577E+005 -2.596065096510E-005  1.341600017428E-001
  2.299530515754E-002  1.228031048762E+003 -1.481995379129E+004  1.830847438199E+005 -2.595412637738E-005  1.346802671309E-001
  2.397882772639E-002  1.213543473740E+003 -1.464100242218E+004  1.808189380764E+005 -2.594707210979E-005  1.352140969203E-001
  2.498393059493E-002  1.198918708603E+003 -1.446041202403E+004  1.785331303594E+005 -2.593946045365E-005  1.357616702854E-001
  2.601069571024E-002  1.184164964693E+003 -1.427828613698E+004  1.762286606302E+005 -2.593126277658E-005  1.363231718554E-001
  2.705920690860E-002  1.169290465674E+003 -1.409472838585E+004  1.739068690507E+005 -2.592244951060E-005  1.368987918397E-001
  2.812954993023E-002  1.154303440408E+003 -1.390984238810E+004  1.715690947651E+005 -2.591299011275E-005  1.374887261572E-001
  2.922181243436E-002  1.139212115889E+003 -1.372373166255E+004  1.692166746904E+005 -2.590285304845E-005  1.380931765707E-001
  3.033608401473E-002  1.124024710212E+003 -1.353649953882E+004  1.668509423199E+005 -2.589200576481E-005  1.387123508263E-001
  3.147245621542E-002  1.108749425612E+003 -1.334824906764E+004  1.644732265386E+005 -2.588041465600E-005  1.393464627964E-001
  3.263102254705E-002  1.093394441568E+003 -1.315908293222E+004  1.620848504537E+005 -2.586804504959E-005  1.399957326299E-001
  3.381187850339E-002  1.077967907980E+003 -1.296910336064E+004  1.596871302412E+005 -2.585486116081E-005  1.406603869052E-001
  3.501512157837E-002  1.062477938430E+003 -1.277841203941E+004  1.572813740084E+005 -2.584082607572E-005  1.413406587907E-001
  3.624085128345E-002  1.046932603534E+003 -1.258711002837E+004  1.548688806764E+005 -2.582590171423E-005  1.420367882098E-001
  3.748916916538E-002  1.031339924386E+003 -1.239529767695E+004  1.524509388812E+005 -2.581004880039E-005  1.427490220114E-001
  3.876017882444E-002  1.015707866111E+003 -1.220307454183E+004  1.500288258963E+005 -2.579322683215E-005  1.434776141476E-001
  4.005398593302E-002  1.000044331526E+003 -1.201053930627E+004  1.476038065768E+005 -2.577539404471E-005  1.442228258562E-001
  4.137069825459E-002  9.843571549215E+002 -1.181778970098E+004  1.451771323283E+005 -2.575650737742E-005  1.449849258507E-001
  4.271042566323E-002  9.686540959606E+002 -1.162492242680E+004  1.427500400981E+005 -2.573652244023E-005  1.457641905160E-001
  4.407328016341E-002  9.529428337163E+002 -1.143203307911E+004  1.403237513938E+005 -2.571539347733E-005  1.465609041114E-001
  4.545937591035E-002  9.372309608391E+002 -1.123921607422E+004  1.378994713277E+005 -2.569307332914E-005  1.473753589808E-001
  4.686882923075E-002  9.215259778702E+002 -1.104656457765E+004  1.354783876885E+005 -2.566951339678E-005  1.482078557697E-001
  4.830175864396E-002  9.058352877007E+002 -1.085417043448E+004  1.330616700421E+005 -2.564466360081E-005  1.490587036504E-001
  4.975828488365E-002  8.901661901856E+002 -1.066212410180E+004  1.306504688616E+005 -2.561847234225E-005  1.499282205541E-001
  5.123853091993E-002  8.745258769153E+002 -1.047051458334E+004  1.282459146873E+005 -2.559088646409E-005  1.508167334121E-001
  5.274262198188E-002  8.589214261512E+002 -1.027942936635E+004  1.258491173187E+005 -2.556185120741E-005  1.517245784049E-001
  5.427068558066E-002  8.433597979299E+002 -1.008895436075E+004  1.234611650374E+005 -2.553131017191E-005  1.526521012196E-001
  5.582285153302E-002  8.278478293391E+002 -9.899173840602E+003  1.210831238627E+005 -2.549920526683E-005  1.535996573172E-001
  5.739925198530E-002  8.123922299719E+002 -9.710170388095E+003  1.187160368417E+005 -2.546547667601E-005  1.545676122082E-001
  5.900002143803E-002  7.969995775610E+002 -9.522024839860E+003  1.163609233713E+005 -2.543006280395E-005  1.555563417384E-001
  6.062529677088E-002  7.816763137977E+002 -9.334816235854E+003  1.140187785564E+005 -2.539290023400E-005  1.565662323847E-001
  6.227521726827E-002  7.664287403398E+002 -9.148621770762E+003  1.116905726018E+005 -2.535392368482E-005  1.575976815606E-001
  6.394992464542E-002  7.512630150095E+002 -8.963516747973E+003  1.093772502404E+005 -2.531306595740E-005  1.586510979335E-001
  6.564956307496E-002  7.361851481865E+002 -8.779574536172E+003  1.070797301966E+005 -2.527025788939E-005  1.597269017515E-001
  6.737427921404E-002  7.212009993969E+002 -8.596866528561E+003  1.047989046860E+005 -2.522542830712E-005  1.608255251831E-001
  6.912422223211E-002  7.063162741022E+002 -8.415462104758E+003  1.025356389512E+005 -2.517850397660E-005  1.619474126679E-001
  7.089954383907E-002  6.915365206878E+002 -8.235428595366E+003  1.002907708354E+005 -2.512940955294E-005  1.630930212799E-001
  7.270039831418E-002  6.768671276560E+002 -8.056831249256E+003  9.806511039097E+004 -2.507806753056E-005  1.642628211030E-001
  7.452694253540E-002  6.623133210215E+002 -7.879733203568E+003  9.585943952677E+004 -2.502439819104E-005  1.654572956206E-001
  7.637933600943E-002  6.478801619139E+002 -7.704195456427E+003  9.367451169125E+004 -2.496831955614E-005  1.666769421179E-001
  7.825774090225E-002  6.335725443851E+002 -7.530276842411E+003  9.151105159313E+004 -2.490974733505E-005  1.679222720984E-001
  8.016232207035E-002  6.193951934243E+002 -7.358034010731E+003  8.936975495892E+004 -2.484859487377E-005  1.691938117157E-001
  8.209324709253E-002  6.053526631796E+002 -7.187521406165E+003  8.725128832732E+004 -2.478477310371E-005  1.704921022191E-001
  8.405068630235E-002  5.914493353876E+002 -7.018791252702E+003  8.515628888035E+004 -2.471819049416E-005  1.718177004162E-001
  8.603481282122E-002  5.776894180083E+002 -6.851893539914E+003  8.308536431096E+004 -2.464875300099E-005  1.731711791505E-001
  8.804580259214E-002  5.640769440678E+002 -6.686876012021E+003  8.103909272700E+004 -2.457636402178E-005  1.745531277962E-001
  9.008383441408E-002  5.506157707057E+002 -6.523784159653E+003  7.901802259098E+004 -2.450092434131E-005  1.759641527702E-001
  9.214908997710E-002  5.373095784266E+002 -6.362661214265E+003  7.702267269555E+004 -2.442233209291E-005  1.774048780615E-001
  9.424175389809E-002  5.241618705548E+002 -6.203548145197E+003  7.505353217413E+004 -2.434048271560E-005  1.788759457799E-001
  9.636201375725E-002  5.111759728902E+002 -6.046483659346E+003  7.311106054617E+004 -2.425526890100E-005  1.803780167227E-001
  9.851006013526E-002  4.983550335636E+002 -5.891504203414E+003  7.119568779673E+004 -2.416658056598E-005  1.819117709614E-001
  1.006860866512E-001  4.857020230882E+002 -5.738643968699E+003  6.930781448961E+004 -2.407430481110E-005  1.834779084488E-001
  1.028902900012E-001  4.732197346071E+002 -5.587934898391E+003  6.744781191357E+004 -2.397832588625E-005  1.850771496471E-001
  1.051228699979E-001  4.609107843316E+002 -5.439406697334E+003  6.561602226096E+004 -2.387852516547E-005  1.867102361765E-001
  1.073840296104E-001  4.487776121688E+002 -5.293086844194E+003  6.381275883800E+004 -2.377478111907E-005  1.883779314875E-001
  1.096739750056E-001  4.368224825349E+002 -5.149000606009E+003  6.203830630614E+004 -2.366696929737E-005  1.900810215548E-001
  1.119929155896E-001  4.250474853509E+002 -5.007171055043E+003  6.029292095348E+004 -2.355496231364E-005  1.918203155950E-001
  1.143410640503E-001  4.134545372167E+002 -4.867619087909E+003  5.857683099573E+004 -2.343862984511E-005  1.935966468086E-001
  1.167186364011E-001  4.020453827606E+002 -4.730363446895E+003  5.689023690564E+004 -2.331783862546E-005  1.954108731468E-001
  1.191258520249E-001  3.908215961583E+002 -4.595420743432E+003  5.523331177014E+004 -2.319245246369E-005  1.972638781031E-001
  1.215629337189E-001  3.797845828197E+002 -4.462805483649E+003  5.360620167417E+004 -2.306233225789E-005  1.991565715319E-001
  1.240301077413E-001  3.689355812365E+002 -4.332530095943E+003  5.200902611044E+004 -2.292733603432E-005  2.010898904928E-001
  1.265276038575E-001  3.582756649879E+002 -4.204604960493E+003  5.044187841389E+004 -2.278731898006E-005  2.030648001224E-001
  1.290556553882E-001  3.478057448979E+002 -4.079038440668E+003  4.890482622012E+004 -2.264213351447E-005  2.050822945343E-001
  1.316144992580E-001  3.375265713408E+002 -3.955836916227E+003  4.739791194653E+004 -2.249162935549E-005  2.071433977467E-001
  1.342043760450E-001  3.274387366880E+002 -3.835004818272E+003  4.592115329527E+004 -2.233565360992E-005  2.092491646392E-001
  1.368255300316E-001  3.175426778930E+002 -3.716544665846E+003  4.447454377685E+004 -2.217405088958E-005  2.114006819385E-001
  1.394782092560E-001  3.078386792065E+002 -3.600457104126E+003  4.305805325341E+004 -2.200666344022E-005  2.135990692335E-001
  1.421626655646E-001  2.983268750182E+002 -3.486740944116E+003  4.167162850037E+004 -2.183333129936E-005  2.158454800204E-001
  1.448791546661E-001  2.890072528187E+002 -3.375393203770E+003  4.031519378559E+004 -2.165389248199E-005  2.181411027773E-001
  1.476279361856E-001  2.798796562757E+002 -3.266409150454E+003  3.898865146463E+004 -2.146818319212E-005  2.204871620692E-001
  1.504092737207E-001  2.709437884181E+002 -3.159782344680E+003  3.769188259121E+004 -2.127603806850E-005  2.228849196821E-001
  1.532234348983E-001  2.621992149238E+002 -3.055504685014E+003  3.642474754152E+004 -2.107729047781E-005  2.253356757872E-001
  1.560706914324E-001  2.536453675030E+002 -2.953566454091E+003  3.518708665135E+004 -2.087177282387E-005  2.278407701340E-001
  1.589513191834E-001  2.452815473719E+002 -2.853956365634E+003  3.397872086487E+004 -2.065931693242E-005  2.304015832721E-001
  1.618655982178E-001  2.371069288109E+002 -2.756661612409E+003  3.279945239374E+004 -2.043975445774E-005  2.330195378003E-001
  1.648138128702E-001  2.291205628004E+002 -2.661667915028E+003  3.164906538566E+004 -2.021291737118E-005  2.356960996421E-001
  1.677962518056E-001  2.213213807283E+002 -2.568959571507E+003  3.052732660087E+004 -1.997863848515E-005  2.384327793468E-001
  1.708132080832E-001  2.137081981629E+002 -2.478519507506E+003  2.943398609578E+004 -1.973675206044E-005  2.412311334129E-001
  1.738649792215E-001  2.062797186850E+002 -2.390329327159E+003  2.836877791230E+004 -1.948709448768E-005  2.440927656332E-001
  1.769518672648E-001  1.990345377730E+002 -2.304369364416E+003  2.733142077185E+004 -1.922950503867E-005  2.470193284582E-001
  1.800741788507E-001  1.919711467337E+002 -2.220618734801E+003  2.632161877299E+004 -1.896382672237E-005  2.500125243738E-001
  1.832322252791E-001  1.850879366745E+002 -2.139055387531E+003  2.533906209135E+004 -1.868990723579E-005  2.530741072914E-001
  1.864263225826E-001  1.783832025093E+002 -2.059656157872E+003  2.438342768100E+004 -1.840760001805E-005  2.562058839441E-001
  1.896567915983E-001  1.718551469919E+002 -1.982396819696E+003  2.345437997597E+004 -1.811676543105E-005  2.594097152851E-001
  1.929239580409E-001  1.655018847720E+002 -1.907252138124E+003  2.255157159095E+004 -1.781727207618E-005  2.626875178816E-001
  1.962281525771E-001  1.593214464664E+002 -1.834195922200E+003  2.167464402015E+004 -1.750899825442E-005  2.660412652975E-001
  1.995697109023E-001  1.533117827402E+002 -1.763201077499E+003  2.082322833318E+004 -1.719183358060E-005  2.694729894564E-001
  2.029489738173E-001  1.474707683923E+002 -1.694239658607E+003  1.999694586708E+004 -1.686568078678E-005  2.729847819765E-001
  2.063662873085E-001  1.417962064383E+002 -1.627282921402E+003  1.919540891347E+004 -1.653045770561E-005  2.765787954662E-001
  2.098220026275E-001  1.362858321863E+002 -1.562301375043E+003  1.841822139978E+004 -1.618609948950E-005  2.802572447678E-001
  2.133164763746E-001  1.309373173001E+002 -1.499264833617E+003  1.766497956386E+004 -1.583256103114E-005  2.840224081372E-001
  2.168500705817E-001  1.257482738422E+002 -1.438142467364E+003  1.693527262082E+004 -1.546981966762E-005  2.878766283415E-001
  2.204231527988E-001  1.207162582948E+002 -1.378902853418E+003  1.622868342146E+004 -1.509787815565E-005  2.918223136588E-001
  2.240360961807E-001  1.158387755502E+002 -1.321514026000E+003  1.554478910128E+004 -1.471676794870E-005  2.958619387594E-001
  2.276892795770E-001  1.111132828678E+002 -1.265943525989E+003  1.488316171947E+004 -1.432655282067E-005  2.999980454444E-001
  2.313830876220E-001  1.065371937916E+002 -1.212158449827E+003  1.424336888694E+004 -1.392733284575E-005  3.042332432185E-001
  2.351179108282E-001  1.021078820240E+002 -1.160125497692E+003  1.362497438275E+004 -1.351924878562E-005  3.085702096648E-001
  2.388941456809E-001  9.782268525134E+001 -1.109811020882E+003  1.302753875830E+004 -1.310248691706E-005  3.130116905926E-001
  2.427121947345E-001  9.367890891610E+001 -1.061181068359E+003  1.245061992850E+004 -1.267728432413E-005  3.175604999189E-001
  2.465724667110E-001  8.967382993248E+001 -1.014201432402E+003  1.189377374947E+004 -1.224393471961E-005  3.222195192439E-001
  2.504753766009E-001  8.580470034049E+001 -9.688376933289E+002  1.135655458200E+004 -1.180279481883E-005  3.269916970747E-001
  2.544213457654E-001  8.206875089508E+001 -9.250552632222E+002  1.083851584049E+004 -1.135429132575E-005  3.318800476463E-001
  2.584108020414E-001  7.846319458653E+001 -8.828194286418E+002  1.033921052660E+004 -1.089892859132E-005  3.368876492823E-001
  2.624441798480E-001  7.498523008851E+001 -8.420953922650E+002  9.858191747325E+003 -1.043729696060E-005  3.420176422329E-001
  2.665219202956E-001  7.163204513057E+001 -8.028483134271E+002  9.395013217105E+003 -9.970081901744E-006  3.472732259192E-001
  2.706444712976E-001  6.840081979199E+001 -7.650433475251E+002  8.949229743422E+003 -9.498073962450E-006  3.526576555071E-001
  2.748122876832E-001  6.528872971395E+001 -7.286456842541E+002  8.520397695717E+003 -9.022179601024E-006  3.581742377239E-001
  2.790258313137E-001  6.229294922736E+001 -6.936205846478E+002  8.108075457247E+003 -8.543432961122E-006  3.638263258230E-001
  2.832855712010E-001  5.941065439397E+001 -6.599334168972E+002  7.711823859644E+003 -8.063008663978E-006  3.696173135938E-001
  2.875919836279E-001  5.663902595818E+001 -6.275496909253E+002  7.331206599958E+003 -7.582235640940E-006  3.755506283015E-001
  2.919455522717E-001  5.397525220775E+001 -5.964350916969E+002  6.965790640001E+003 -7.102612112466E-006  3.816297224328E-001
  2.963467683296E-001  5.141653174125E+001 -5.665555112477E+002  6.615146587855E+003 -6.625821712841E-006  3.878580641120E-001
  3.007961306479E-001  4.896007614073E+001 -5.378770794163E+002  6.278849061444E+003 -6.153750852868E-006  3.942391260411E-001
  3.052941458522E-001  4.660311254808E+001 -5.103661932698E+002  5.956477034099E+003 -5.688507344727E-006  4.007763728049E-001
  3.098413284823E-001  4.434288614374E+001 -4.839895452112E+002  5.647614162086E+003 -5.232440293592E-006  4.074732463712E-001
  3.144382011281E-001  4.217666252667E+001 -4.587141497651E+002  5.351849094117E+003 -4.788161295567E-006  4.143331496058E-001
  3.190852945695E-001  4.010172999486E+001 -4.345073690362E+002  5.068775762865E+003 -4.358566918894E-006  4.213594276096E-001
  3.237831479192E-001  3.811540172537E+001 -4.113369368392E+002  4.797993658584E+003 -3.946862435812E-006  4.285553466763E-001
  3.285323087679E-001  3.621501785372E+001 -3.891709815033E+002  4.539108084922E+003 -3.556586740992E-006  4.359240706618E-001
  3.333333333333E-001  3.439794745215E+001 -3.679780473531E+002  4.291730397077E+003 -3.191638327670E-006  4.434686345503E-001
  3.381867866117E-001  3.266159040657E+001 -3.477271148730E+002  4.055478222473E+003 -2.856302192358E-006  4.511919149975E-001
  3.430932425333E-001  3.100337919248E+001 -3.283876195639E+002  3.829975664151E+003 -2.555277467421E-006  4.590965976371E-001
  3.480532841203E-001  2.942078054982E+001 -3.099294695018E+002  3.614853487104E+003 -2.293705446185E-006  4.671851409381E-001
  3.530675036492E-001  2.791129705737E+001 -2.923230616124E+002  3.409749287822E+003 -2.077197683298E-006  4.754597364179E-001
  3.581365028158E-001  2.647246860721E+001 -2.755392966755E+002  3.214307647320E+003 -1.911863726918E-006  4.839222650350E-001
  3.632608929041E-001  2.510187377986E+001 -2.595495930773E+002  3.028180267970E+003 -1.804337883354E-006  4.925742496173E-001
  3.684412949588E-001  2.379713112122E+001 -2.443258993284E+002  2.851026094454E+003 -1.761804362233E-006  5.014168032244E-001
  3.736783399619E-001  2.255590032218E+001 -2.298407053680E+002  2.682511419203E+003 -1.792019978271E-006  5.104505733992E-001
  3.789726690123E-001  2.137588330215E+001 -2.160670526783E+002  2.522309972685E+003 -1.903333460450E-006  5.196756823378E-001
  3.843249335105E-001  2.025482519787E+001 -2.029785432307E+002  2.370102998946E+003 -2.104700230985E-006  5.290916630969E-001
  3.897357953460E-001  1.919051525891E+001 -1.905493472909E+002  2.225579316802E+003 -2.405691375334E-006  5.386973920716E-001
  3.952059270903E-001  1.818078765151E+001 -1.787542101091E+002  2.088435367117E+003 -2.816495357814E-006  5.484910181104E-001
  4.007360121927E-001  1.722352217241E+001 -1.675684575239E+002  1.958375246599E+003 -3.347910839887E-006  5.584698887953E-001
  4.063267451812E-001  1.631664487460E+001 -1.569680005089E+002  1.835110728571E+003 -4.011328809666E-006  5.686304745977E-001
  4.119788318683E-001  1.545812860679E+001 -1.469293386922E+002  1.718361271190E+003 -4.818702135964E-006  5.789682918347E-001
  4.176929895600E-001  1.464599346876E+001 -1.374295628818E+002  1.607854013563E+003 -5.782500474944E-006  5.894778255854E-001
  4.234699472710E-001  1.387830718456E+001 -1.284463566277E+002  1.503323760273E+003 -6.915648516241E-006  6.001524539835E-001
  4.293104459435E-001  1.315318539601E+001 -1.199579968541E+002  1.404512954791E+003 -8.231445452074E-006  6.109843755799E-001
  4.352152386716E-001  1.246879187850E+001 -1.119433535975E+002  1.311171642259E+003 -9.743463781649E-006  6.219645417518E-001
  4.411850909306E-001  1.182333868170E+001 -1.043818888826E+002  1.223057422168E+003 -1.146542571335E-005  6.330825964236E-001
  4.472207808110E-001  1.121508619744E+001 -9.725365477345E+001  1.139935391413E+003 -1.341105580603E-005  6.443268256306E-001
  4.533230992589E-001  1.064234315733E+001 -9.053929063319E+001  1.061578078239E+003 -1.559390903083E-005  6.556841197031E-001
  4.594928503202E-001  1.010346656261E+001 -8.422001963044E+001  9.877653675824E+002 -1.802717412758E-005  6.671399510329E-001
  4.657308513924E-001  9.596861548833E+000 -7.827764452650E+001  9.182844183073E+002 -2.072345291710E-005  6.786783705057E-001
  4.720379334802E-001  9.120981187941E+000 -7.269454278047E+001  8.529295728424E+002 -2.369451745518E-005  6.902820256941E-001
  4.784149414579E-001  8.674326230458E+000 -6.745366100833E+001  7.915022597130E+002 -2.695104795975E-005  7.019322038049E-001
  4.848627343381E-001  8.255444790373E+000 -6.253850883208E+001  7.338108894642E+002 -3.050235594326E-005  7.136089021126E-001
  4.913821855461E-001  7.862931975458E+000 -5.793315215510E+001  6.796707444617E+002 -3.435609825144E-005  7.252909281867E-001
  4.979741832006E-001  7.495429465677E+000 -5.362220589937E+001  6.289038630511E+002 -3.851798940730E-005  7.369560316074E-001
  5.046396304008E-001  7.151625042395E+000 -4.959082624043E+001  5.813389185505E+002 -4.299152072959E-005  7.485810680618E-001
  5.113794455212E-001  6.830252071069E+000 -4.582470237497E+001  5.368110935411E+002 -4.777769607058E-005  7.601421957270E-001
  5.181945625116E-001  6.530088940111E+000 -4.231004785606E+001  4.951619499101E+002 -5.287479479426E-005  7.716151026985E-001
  5.250859312060E-001  6.249958458592E+000 -3.903359153020E+001  4.562392950944E+002 -5.827817298377E-005  7.829752629520E-001
  5.320545176366E-001  5.988727215436E+000 -3.598256810993E+001  4.198970449565E+002 -6.398011379531E-005  7.941982169902E-001
  5.391013043575E-001  5.745304902732E+000 -3.314470841521E+001  3.859950837182E+002 -6.996973701959E-005  8.052598719896E-001
  5.462272907741E-001  5.518643605761E+000 -3.050822931591E+001  3.543991213620E+002 -7.623297653106E-005  8.161368150167E-001
  5.534334934816E-001  5.307737062305E+000 -2.806182340721E+001  3.249805488977E+002 -8.275263206264E-005  8.268066318068E-001
  5.607209466109E-001  5.111619893762E+000 -2.579464844885E+001  2.976162918805E+002 -8.950849912060E-005  8.372482227884E-001
  5.680907021827E-001  4.929366810545E+000 -2.369631659837E+001  2.721886625511E+002 -9.647757747009E-005  8.474421075686E-001
  5.755438304707E-001  4.760091794212E+000 -2.175688346766E+001  2.485852109546E+002 -1.036343552538E-004  8.573707090204E-001
  5.830814203728E-001  4.602947258703E+000 -1.996683703121E+001  2.266985753817E+002 -1.109511620917E-004  8.670186084849E-001
  5.907045797917E-001  4.457123193021E+000 -1.831708641348E+001  2.064263324592E+002 -1.183985812519E-004  8.763727644009E-001
  5.984144360243E-001  4.321846287626E+000 -1.679895058206E+001  1.876708472048E+002 -1.259459079304E-004  8.854226878898E-001
  6.062121361613E-001  4.196379046771E+000 -1.540414697202E+001  1.703391233426E+002 -1.335616384901E-004  8.941605703740E-001
  6.140988474955E-001  4.080018888909E+000 -1.412478006614E+001  1.543426541634E+002 -1.412139741120E-004  9.025813601173E-001
  6.220757579409E-001  3.972097237279E+000 -1.295332995441E+001  1.395972741975E+002 -1.488713218365E-004  9.106827865136E-001
  6.301440764614E-001  3.871978602672E+000 -1.188264089547E+001  1.260230119526E+002 -1.565027765459E-004  9.184653329186E-001
  6.383050335109E-001  3.779059660340E+000 -1.090590990136E+001  1.135439439552E+002 -1.640785687421E-004  9.259321606687E-001
  6.465598814833E-001  3.692768322906E+000 -1.001667536607E+001  1.020880503170E+002 -1.715704654205E-004  9.330889885858E-001
  6.549098951744E-001  3.612562811105E+000 -9.208805757146E+000  9.158707203461E+001 -1.789521138087E-004  9.399439336105E-001
  6.633563722545E-001  3.537930724056E+000 -8.476488388843E+000  8.197637021622E+001 -1.861993210955E-004  9.465073192051E-001
  6.719006337539E-001  3.468388110744E+000 -7.814218293950E+000  7.319478741213E+001 -1.932902663519E-004  9.527914587756E-001
  6.805440245593E-001  3.403478544266E+000 -7.216787210577E+000  6.518451121503E+001 -2.002056439850E-004  9.588104215953E-001
  6.892879139233E-001  3.342772200370E+000 -6.679272699072E+000  5.789094027922E+001 -2.069287409165E-004  9.645797885846E-001
  6.981336959871E-001  3.285864941678E+000 -6.197027403215E+000  5.126255289573E+001 -2.134454519171E-004  9.701164048774E-001
  7.070827903152E-001  3.232377408965E+000 -5.765668468825E+000  4.525077824653E+001 -2.197442394742E-004  9.754381354291E-001
  7.161366424455E-001  3.181954120748E+000 -5.381067131910E+000  3.980987044797E+001 -2.258160458401E-004  9.805636290834E-001
  7.252967244510E-001  3.134262582380E+000 -5.039338487495E+000  3.489678548107E+001 -2.316541655391E-004  9.855120955597E-001
  7.345645355186E-001  3.088992405768E+000 -4.736831449313E+000  3.047106109424E+001 -2.372540869261E-004  9.903030988434E-001
  7.439416025400E-001  3.045854440738E+000 -4.470118909556E+000  2.649469975179E+001 -2.426133112069E-004  9.949563694860E-001
  7.534294807203E-001  3.004579919030E+000 -4.235988107006E+000  2.293205469077E+001 -2.477311567178E-004  9.994916374111E-001
  7.630297542000E-001  2.964919611795E+000 -4.031431210909E+000  1.974971913720E+001 -2.526085555770E-004  1.003928486006E+000
  7.727440366954E-001  2.926643001415E+000 -3.853636127110E+000  1.691641872285E+001 -2.572478487981E-004  1.008286227572E+000
  7.825739721536E-001  2.889537468390E+000 -3.699977532100E+000  1.440290713322E+001 -2.616525850644E-004  1.012583799620E+000
  7.925212354258E-001  2.853407493956E+000 -3.568008139787E+000  1.218186500813E+001 -2.658273272393E-004  1.016839681045E+000
  8.025875329584E-001  2.818073879049E+000 -3.455450205018E+000  1.022780210713E+001 -2.697774697546E-004  1.021071826864E+000
  8.127746035011E-001  2.783372980139E+000 -3.360187267102E+000  8.516962743459E+000 -2.735090691484E-004  1.025297619985E+000
  8.230842188350E-001  2.749155962408E+000 -3.280256135832E+000  7.027234481815E+000 -2.770286892129E-004  1.029533838301E+000
  8.335181845190E-001  2.715288070683E+000 -3.213839121795E+000  5.738060087996E+000 -2.803432614689E-004  1.033796635396E+000
  8.440783406568E-001  2.681647918455E+000 -3.159256512098E+000  4.630352710794E+000 -2.834599612431E-004  1.038101533108E+000
  8.547665626839E-001  2.648126795289E+000 -3.114959291934E+000  3.686414270050E+000 -2.863860990687E-004  1.042463424269E+000
  8.655847621758E-001  2.614627992835E+000 -3.079522111866E+000  2.889857018334E+000 -2.891290268341E-004  1.046896584039E+000
  8.765348876780E-001  2.581066149625E+000 -3.051636500038E+000  2.225528237886E+000 -2.916960578495E-004  1.051414688369E+000
  8.876189255584E-001  2.547366614769E+000 -3.030104318039E+000  1.679438028988E+000 -2.940943998064E-004  1.056030838233E+000
  8.988389008829E-001  2.513464830635E+000 -3.013831458569E+000  1.238690140944E+000 -2.963310995672E-004  1.060757588457E+000
  9.101968783143E-001  2.479305734519E+000 -3.001821782590E+000  8.914157922148E-001 -2.984129985682E-004  1.065606980069E+000
  9.216949630368E-001  2.444843179302E+000 -2.993171293183E+000  6.267104220933E-001 -3.003466977473E-004  1.070590575268E+000
  9.333353017046E-001  2.410039373024E+000 -2.987062542897E+000  4.345733124696E-001 -3.021385308062E-004  1.075719494219E+000
  9.451200834176E-001  2.374864337281E+000 -2.982759270982E+000  3.058500148386E-001 -3.037945447918E-004  1.081004453004E+000
  9.570515407237E-001  2.339295384297E+000 -2.979601266552E+000  2.321775146450E-001 -3.053204869283E-004  1.086455802196E+000
  9.691319506484E-001  2.303316612513E+000 -2.976999453357E+000  2.059320623685E-001 -3.067217968361E-004  1.092083565591E+000
  9.813636357544E-001  2.266918420492E+000 -2.974431191585E+000  2.201795984262E-001 -3.080036032380E-004  1.097897478742E+000
  9.937489652293E-001  2.230097038905E+000 -2.971435791811E+000  2.686286969531E-001 -3.091707244285E-004  1.103907027013E+000
  1.006290356005E+000  2.192854080347E+000 -2.967610235994E+000  3.455859518509E-001 -3.102276718245E-004  1.110121482939E+000
  1.018990273907E+000  2.155196106714E+000 -2.962605100204E+000  4.459137271322E-001 -3.111786559964E-004  1.116549942744E+000
  1.031851234841E+000  2.117134213837E+000 -2.956120673583E+000  5.649901925271E-001 -3.120275946623E-004  1.123201361892E+000
  1.044875806003E+000  2.078683633073E+000 -2.947903267909E+000  6.986715645457E-001 -3.127781221935E-004  1.130084589634E+000
  1.058066607138E+000  2.039863349514E+000 -2.937741711979E+000  8.432564727028E-001 -3.134336002680E-004  1.137208402500E+000
  1.071426311823E+000  2.000695736486E+000 -2.925464024982E+000  9.954523703893E-001 -3.139971292870E-004  1.144581536751E+000
  1.084957648792E+000  1.961206205988E+000 -2.910934262909E+000  1.152343909904E+000 -3.144715603397E-004  1.152212719800E+000
  1.098663403298E+000  1.921422874719E+000 -2.894049532060E+000  1.311363201448E+000 -3.148595074523E-004  1.160110700662E+000
  1.112546418516E+000  1.881376245325E+000 -2.874737163657E+000  1.470261876386E+000 -3.151633599080E-004  1.168284279473E+000
  1.126609596985E+000  1.841098902524E+000 -2.852952043596E+000  1.627084875824E+000 -3.153852945368E-004  1.176742336161E+000
  1.140855902095E+000  1.800625223725E+000 -2.828674091394E+000  1.780145886488E+000 -3.155272877743E-004  1.185493858333E+000
  1.155288359613E+000  1.759991103791E+000 -2.801905882440E+000  1.928004347052E+000 -3.155911274441E-004  1.194547968477E+000
  1.169910059257E+000  1.719233693594E+000 -2.772670407753E+000  2.069443949369E+000 -3.155784241628E-004  1.203913950562E+000
  1.184724156317E+000  1.678391151986E+000 -2.741008965490E+000  2.203452560572E+000 -3.154906222780E-004  1.213601276126E+000
  1.199733873325E+000  1.637502410859E+000 -2.706979178613E+000  2.329203493703E+000 -3.153290103524E-004  1.223619629955E+000
  1.214942501771E+000  1.596606952940E+000 -2.670653133216E+000  2.446038056294E+000 -3.150947310983E-004  1.233978935453E+000
  1.230353403874E+000  1.555744601986E+000 -2.632115632146E+000  2.553449308319E+000 -3.147887907662E-004  1.244689379788E+000
  1.245970014403E+000  1.514955325055E+000 -2.591462558726E+000  2.651066962980E+000 -3.144120679966E-004  1.255761438934E+000
  1.261795842559E+000  1.474279046529E+000 -2.548799345528E+000  2.738643365970E+000 -3.139653220868E-004  1.267205902694E+000
  1.277834473907E+000  1.433755473586E+000 -2.504239543328E+000  2.816040491136E+000 -3.134492006956E-004  1.279033899812E+000
  1.294089572372E+000  1.393423932816E+000 -2.457903485539E+000  2.883217892813E+000 -3.128642469997E-004  1.291256923273E+000
  1.310564882294E+000  1.353323217689E+000 -2.409917043611E+000  2.940221557487E+000 -3.122109062860E-004  1.303886855895E+000
  1.327264230548E+000  1.313491446596E+000 -2.360410469080E+000  2.987173599957E+000 -3.114895320202E-004  1.316935996312E+000
  1.344191528724E+000  1.273965931192E+000 -2.309517318106E+000  3.024262751596E+000 -3.107003913867E-004  1.330417085459E+000
  1.361350775387E+000  1.234783054759E+000 -2.257373454569E+000  3.051735590884E+000 -3.098436703238E-004  1.344343333648E+000
  1.378746058390E+000  1.195978160362E+000 -2.204116127953E+000  3.069888468856E+000 -3.089194780811E-004  1.358728448364E+000
  1.396381557275E+000  1.157585448512E+000 -2.149883122435E+000  3.079060084645E+000 -3.079278513081E-004  1.373586662868E+000
  1.414261545744E+000  1.119637884119E+000 -2.094811973793E+000  3.079624668768E+000 -3.068687576919E-004  1.388932765727E+000
  1.432390394201E+000  1.082167112481E+000 -2.039039250901E+000  3.071985734235E+000 -3.057420992004E-004  1.404782131390E+000
  1.450772572390E+000  1.045203384073E+000 -1.982699898758E+000  3.056570357985E+000 -3.045477148950E-004  1.421150751909E+000
  1.469412652102E+000  1.008775487918E+000 -1.925926640158E+000  3.033823957440E+000 -3.032853833949E-004  1.438055269948E+000
  1.488315309978E+000  9.729106932826E-001 -1.868849433259E+000  3.004205529246E+000 -3.019548249711E-004  1.455513013187E+000
  1.507485330398E+000  9.376346994980E-001 -1.811594982447E+000  2.968183319433E+000 -3.005557033393E-004  1.473542030259E+000
  1.526927608467E+000  9.029715936490E-001 -1.754286300024E+000  2.926230896291E+000 -2.990876271185E-004  1.492161128356E+000
  1.546647153093E+000  8.689438159174E-001 -1.697042316369E+000  2.878823599231E+000 -2.975501510435E-004  1.511389912638E+000
  1.566649090169E+000  8.355721323367E-001 -1.639977536334E+000  2.826435338775E+000 -2.959427769022E-004  1.531248827611E+000
  1.586938665861E+000  8.028756147229E-001 -1.583201739735E+000  2.769535724546E+000 -2.942649542624E-004  1.551759200604E+000
  1.607521250000E+000  7.708716275392E-001 -1.526819723870E+000  2.708587499766E+000 -2.925160809887E-004  1.572943287539E+000
  1.628402339588E+000  7.395758214475E-001 -1.470931086103E+000  2.644044262306E+000 -2.906955035844E-004  1.594824321144E+000
  1.649587562420E+000  7.090021332937E-001 -1.415630044586E+000  2.576348453674E+000 -2.888025173966E-004  1.617426561812E+000
  1.671082680832E+000  6.791627922677E-001 -1.361005295271E+000  2.505929598641E+000 -2.868363666866E-004  1.640775351282E+000
  1.692893595565E+000  6.500683319730E-001 -1.307139903401E+000  2.433202779351E+000 -2.847962446142E-004  1.664897169377E+000
  1.715026349769E+000  6.217276081322E-001 -1.254111227700E+000  2.358567328777E+000 -2.826812931559E-004  1.689819693984E+000
  1.737487133138E+000  5.941478216492E-001 -1.201990875539E+000  2.282405729347E+000 -2.804906029894E-004  1.715571864545E+000
  1.760282286187E+000  5.673345467418E-001 -1.150844687335E+000  2.205082703387E+000 -2.782232133592E-004  1.742183949294E+000
  1.783418304674E+000  5.412917638501E-001 -1.100732748514E+000  2.126944482732E+000 -2.758781119806E-004  1.769687616495E+000
  1.806901844175E+000  5.160218970222E-001 -1.051709427335E+000  2.048318245558E+000 -2.734542349791E-004  1.798116010002E+000
  1.830739724818E+000  4.915258554706E-001 -1.003823436906E+000  1.969511708979E+000 -2.709504669181E-004  1.827503829403E+000
  1.854938936184E+000  4.678030789883E-001 -9.571179197331E-001  1.890812866512E+000 -2.683656409366E-004  1.857887415114E+000
  1.879506642368E+000  4.448515869100E-001 -9.116305531433E-001  1.812489859910E+000 -2.656985390329E-004  1.889304838744E+000
  1.904450187236E+000  4.226680302982E-001 -8.673936739290E-001  1.734790975227E+000 -2.629478925082E-004  1.921795999128E+000
  1.929777099847E+000  4.012477470336E-001 -8.244344205782E-001  1.657944753354E+000 -2.601123826235E-004  1.955402724411E+000
  1.955495100083E+000  3.805848194870E-001 -7.827748914559E-001  1.582160205527E+000 -2.571906414757E-004  1.990168880632E+000
  1.981612104475E+000  3.606721344484E-001 -7.424323173210E-001  1.507627124578E+000 -2.541812531443E-004  2.026140487264E+000
  2.008136232230E+000  3.415014449928E-001 -7.034192465740E-001  1.434516482987E+000 -2.510827551090E-004  2.063365840204E+000
  2.035075811486E+000  3.230634339613E-001 -6.657437416552E-001  1.362980908993E+000 -2.478936399901E-004  2.101895642755E+000
  2.062439385788E+000  3.053477787426E-001 -6.294095850346E-001  1.293155232275E+000 -2.446123576251E-004  2.141783145184E+000
  2.090235720801E+000  2.883432170429E-001 -5.944164932640E-001  1.225157090958E+000 -2.412373174859E-004  2.183084293449E+000
  2.118473811262E+000  2.720376133401E-001 -5.607603375984E-001  1.159087591925E+000 -2.377668914930E-004  2.225857887805E+000
  2.147162888201E+000  2.564180257238E-001 -5.284333697311E-001  1.095032016677E+000 -2.341994172038E-004  2.270165751963E+000
  2.176312426413E+000  2.414707728346E-001 -4.974244512330E-001  1.033060565252E+000 -2.305332014157E-004  2.316072913621E+000
  2.205932152222E+000  2.271815006228E-001 -4.677192853362E-001  9.732291309824E-001 -2.267665241759E-004  2.363647797175E+000
  2.236032051522E+000  2.135352486606E-001 -4.393006497598E-001  9.155800991807E-001 -2.228976432027E-004  2.412962429535E+000
  2.266622378129E+000  2.005165157525E-001 -4.121486293310E-001  8.601431631475E-001 -2.189247987234E-004  2.464092660012E+000
  2.297713662445E+000  1.881093246037E-001 -3.862408472262E-001  8.069361512365E-001 -2.148462187162E-004  2.517118395354E+000
  2.329316720450E+000  1.762972853182E-001 -3.615526937197E-001  7.559658590535E-001 -2.106601245401E-004  2.572123851058E+000
  2.361442663038E+000  1.650636575154E-001 -3.380575514032E-001  7.072288812337E-001 -2.063647369319E-004  2.629197820225E+000
  2.394102905709E+000  1.543914108686E-001 -3.157270159155E-001  6.607124376182E-001 -2.019582823510E-004  2.688433961298E+000
  2.427309178642E+000  1.442632838849E-001 -2.945311112983E-001  6.163951890408E-001 -1.974389996170E-004  2.749931106161E+000
  2.461073537146E+000  1.346618407638E-001 -2.744384991748E-001  5.742480383320E-001 -1.928051468137E-004  2.813793590198E+000
  2.495408372530E+000  1.255695261864E-001 -2.554166810320E-001  5.342349125551E-001 -1.880550083956E-004  2.880131606062E+000
  2.530326423398E+000  1.169687179062E-001 -2.374321929651E-001  4.963135228934E-001 -1.831869024369E-004  2.949061583062E+000
  2.565840787378E+000  1.088417770300E-001 -2.204507923315E-001  4.604360990189E-001 -1.781991879591E-004  3.020706594248E+000
  2.601964933334E+000  1.011710958905E-001 -2.044376358371E-001  4.265500951795E-001 -1.730902722404E-004  3.095196793488E+000
  2.638712714049E+000  9.393914343458E-002 -1.893574486658E-001  3.945988656403E-001 -1.678586180384E-004  3.172669885041E+000
  2.676098379430E+000  8.712850806226E-002 -1.751746843362E-001  3.645223075134E-001 -1.625027506188E-004  3.253271628386E+000
  2.714136590232E+000  8.072193787166E-002 -1.618536750516E-001  3.362574693889E-001 -1.570212644706E-004  3.337156381330E+000
  2.752842432351E+000  7.470237827709E-002 -1.493587723805E-001  3.097391245545E-001 -1.514128296315E-004  3.424487684765E+000
  2.792231431696E+000  6.905300698457E-002 -1.376544781788E-001  2.849003079436E-001 -1.456761974692E-004  3.515438892753E+000
  2.832319569669E+000  6.375726632174E-002 -1.267055657298E-001  2.616728162925E-001 -1.398102058062E-004  3.610193852043E+000
  2.873123299289E+000  5.879889293273E-002 -1.164771911438E-001  2.399876713036E-001 -1.338137832681E-004  3.708947635564E+000
  2.914659561979E+000  5.416194486068E-002 -1.069349951163E-001  2.197755459118E-001 -1.276859527185E-004  3.811907334933E+000
  2.956945805065E+000  4.983082605187E-002 -9.804519519806E-002  2.009671540248E-001 -1.214258336437E-004  3.919292917583E+000
  3.000000000000E+000  4.579030832584E-002 -8.977466878197E-002  1.834936043608E-001 -1.150326433825E-004  4.031338154784E+000
  3.043840661365E+000  4.202555086521E-002 -8.209102705069E-002  1.672867192337E-001 -1.085056970476E-004  4.148291627515E+000
  3.088486866678E+000  3.852211728734E-002 -7.496268017245E-002  1.522793193361E-001 -1.018444060652E-004  4.270417818002E+000
  3.133958277047E+000  3.526599036707E-002 -6.835889406265E-002  1.384054757480E-001 -9.504827519817E-005  4.397998295654E+000
  3.180275158719E+000  3.224358448679E-002 -6.224983905799E-002  1.256007305453E-001 -8.811689799152E-005  4.531333007185E+000
  3.227458405560E+000  2.944175589486E-002 -5.660663087230E-002  1.138022875093E-001 -8.104995058603E-005  4.670741681911E+000
  3.275529562509E+000  2.684781085867E-002 -5.140136422100E-002  1.029491745296E-001 -7.384718382760E-005  4.816565364584E+000
  3.324510850077E+000  2.444951180194E-002 -4.660713951415E-002  9.298237937374E-002 -6.650841372281E-005  4.969168089652E+000
  3.374425189910E+000  2.223508151933E-002 -4.219808302632E-002  8.384496053798E-002 -5.903351022408E-005  5.128938712597E+000
  3.425296231502E+000  2.019320556339E-002 -3.814936095599E-002  7.548213492516E-002 -5.142238445003E-005  5.296292916034E+000
  3.477148380094E+000  1.831303290095E-002 -3.443718778784E-002  6.784134409971E-002 -4.367497444849E-005  5.471675410482E+000
  3.530006825834E+000  1.658417493697E-002 -3.103882936840E-002  6.087230085661E-002 -3.579122965408E-005  5.655562352355E+000
  3.583897574256E+000  1.499670300488E-002 -2.793260110021E-002  5.452701781174E-002 -2.777109431411E-005  5.848464004652E+000
  3.638847478148E+000  1.354114442258E-002 -2.509786165159E-002  4.875981967662E-002 -1.961449009461E-005  6.050927669216E+000
  3.694884270887E+000  1.220847721318E-002 -2.251500256922E-002  4.352734082395E-002 -1.132129825201E-005  6.263540923263E+000
  3.752036601308E+000  1.099012358951E-002 -2.016543416926E-002  3.878850968395E-002 -2.891341754438E-006  6.486935197295E+000
  3.810334070199E+000  9.877942300704E-003 -1.803156807032E-002  3.450452143762E-002  5.675632217758E-006  6.721789736512E+000
  3.869807268505E+000  8.864219938298E-003 -1.609679671801E-002  3.063880039413E-002  1.437996886131E-005  6.968835993601E+000
  3.930487817331E+000  7.941661298564E-003 -1.434547023714E-002  2.715695335660E-002  2.322212093393E-005  7.228862507331E+000
  3.992408409843E+000  7.103378896430E-003 -1.276287093365E-002  2.402671519767E-002  3.220266190584E-005  7.502720328916E+000
  4.055602855172E+000  6.342881725132E-003 -1.133518575389E-002  2.121788778222E-002  4.132229653073E-005  7.791329066703E+000
  4.120106124432E+000  5.654063354182E-003 -1.004947699544E-002  1.870227329326E-002  5.058186822335E-005  8.095683629640E+000
  4.185954398964E+000  5.031189456528E-003 -8.893651549374E-003  1.645360293813E-002  5.998236266516E-005  8.416861761266E+000
  4.253185120935E+000  4.468884853877E-003 -7.856428940621E-003  1.444746193637E-002  6.952490711397E-005  8.756032468978E+000
  4.321837046422E+000  3.962120166950E-003 -6.927308419556E-003  1.266121161929E-002  7.921076493095E-005  9.114465468233E+000
  4.391950301120E+000  3.506198155046E-003 -6.096535344816E-003  1.107390940395E-002  8.904132494563E-005  9.493541778474E+000
  4.463566438835E+000  3.096739826592E-003 -5.355067084260E-003  9.666227340549E-003  9.901808539021E-005  9.894765627261E+000
  4.536728502895E+000  2.729670399360E-003 -4.694538647925E-003  8.420369873382E-003  1.091426322798E-004  1.031977784175E+001
  4.611481090679E+000  2.401205185767E-003 -4.107228253761E-003  7.319991399199E-003  1.194166122613E-004  1.077037093271E+001
  4.687870421430E+000  2.107835475106E-003 -3.586023013711E-003  6.350114154336E-003  1.298417001626E-004  1.124850610643E+001
  4.765944407533E+000  1.846314480661E-003 -3.124384914364E-003  5.497046911823E-003  1.404195616784E-004  1.175633247426E+001
  4.845752729492E+000  1.613643415557E-003 -2.716317252868E-003  4.748304921890E-003  1.511518117729E-004  1.229620876991E+001
  4.927346914797E+000  1.407057756761E-003 -2.356331675075E-003  4.092531483251E-003  1.620399697176E-004  1.287072793043E+001
  5.010780420931E+000  1.224013752058E-003 -2.039415948993E-003  3.519421488157E-003  1.730854117507E-004  1.348274495046E+001
  5.096108722763E+000  1.062175219979E-003 -1.761002592647E-003  3.019647241053E-003  1.842893226547E-004  1.413540848120E+001
  5.183389404586E+000  9.194006877142E-004 -1.516938461413E-003  2.584786808894E-003  1.956526476272E-004  1.483219671707E+001
  5.272682257105E+000  7.937309069379E-004 -1.303455385903E-003  2.207255120577E-003  2.071760460592E-004  1.557695819623E+001
  5.364049379651E+000  6.833767823336E-004 -1.117141937674E-003  1.880237993783E-003  2.188598488504E-004  1.637395823775E+001
  5.457555287978E+000  5.867077424126E-004 -9.549163864196E-004  1.597629229904E-003  2.307040210455E-004  1.722793185000E+001
  5.553267027968E+000  5.022405770684E-004 -8.140008991110E-004  1.353970881863E-003  2.427081315351E-004  1.814414407551E+001
  5.651254295630E+000  4.286287612008E-004 -6.918970187515E-004  1.144396765770E-003  2.548713316479E-004  1.912845888866E+001
  5.751589563796E+000  3.646522787476E-004 -5.863624481685E-004  9.645792556868E-004  2.671923443379E-004  2.018741793890E+001
  5.854348215936E+000  3.092079566066E-004 -4.953891526144E-004  8.106793714589E-004  2.796694656551E-004  2.132833063676E+001
  5.959608687557E+000  2.613003132625E-004 -4.171827839498E-004  6.793001427872E-004  2.923005801651E-004  2.255937731767E+001
  6.067452615683E+000  2.200329224932E-004 -3.501434188960E-004  5.674432084249E-004  3.050831917601E-004  2.388972749443E+001
  6.177964996951E+000  1.846002883550E-004 -2.928475942884E-004  4.724685876949E-004  3.180144714346E-004  2.532967552875E+001
  6.291234354880E+000  1.542802237815E-004 -2.440316134860E-004  3.920575422980E-004  3.310913233421E-004  2.689079642155E+001
  6.407352916949E+000  1.284267216180E-004 -2.025760901181E-004  3.241784295752E-004  3.443104705501E-004  2.858612484752E+001
  6.526416802128E+000  1.064633037878E-004 -1.674916882081E-004  2.670554338556E-004  3.576685617101E-004  3.043036104908E+001
  6.648526219580E+000  8.787683158810E-005 -1.379060114501E-004  2.191400501508E-004  3.711622998977E-004  3.244010776445E+001
  6.773785679311E+000  7.221175787990E-005 -1.130515890575E-004  1.790851841395E-004  3.847885944894E-004  3.463414300270E+001
  6.902304215570E+000  5.906480018167E-005 -9.225490120464E-005  1.457217240240E-004  3.985447367170E-004  3.703373420071E+001
  7.034195623922E+000  4.808001243169E-005 -7.492638367649E-005  1.180374333904E-004  4.124285986720E-004  3.966300010913E+001
  7.169578712934E+000  3.894423244170E-005 -6.055134897020E-005  9.515800963742E-005  4.264388543324E-004  4.254932766103E+001
  7.308577571516E+000  3.138288182226E-005 -4.868175976910E-005  7.633014985788E-005  4.405752192554E-004  4.572385207975E+001
  7.451321853057E+000  2.515609538837E-005 -3.892879044469E-005  6.090646528923E-005  4.548387024489E-004  4.922200958199E+001
  7.597947077547E+000  2.005515771113E-005 -3.095611300593E-005  4.833208659294E-005  4.692318597030E-004  5.308417322728E+001
  7.748594953021E+000  1.589922550814E-005 -2.447384565332E-005  3.813280528517E-005  4.837590313265E-004  5.735638375526E+001
  7.903413717736E+000  1.253231588792E-005 -1.923310471874E-005  2.990460155935E-005  4.984265392284E-004  6.209118864630E+001
  8.062558504629E+000  9.820541996587E-006 -1.502110415381E-005  2.330441541100E-005  5.132428078329E-004  6.734860416517E+001
  8.226191729726E+000  7.649579265468E-006 -1.165675071463E-005  1.804202621790E-005  5.282183605191E-004  7.319721687625E+001
  8.394483506327E+000  5.922347131362E-006 -8.986687396260E-006  1.387291549287E-005  5.433656298352E-004  7.971544321243E+001
  8.567612086926E+000  4.556892706007E-006 -6.881742299712E-006  1.059199809860E-005  5.586985056669E-004  8.699296846678E+001
  8.745764335025E+000  3.484464326474E-006 -5.233744765073E-006  8.028118423335E-006  5.742315361568E-004  9.513239067573E+001
  8.929136229160E+000  2.647764158338E-006 -3.952675085676E-006  6.039219465770E-006  5.899786950116E-004  1.042511013917E+002
  9.117933401693E+000  1.999370002735E-006 -2.964118258752E-006  4.508104059986E-006  6.059516460895E-004  1.144834462274E+002
  9.312371715124E+000  1.500317154067E-006 -2.206995892509E-006  3.338718208207E-006  6.221574813524E-004  1.259832264835E+002
  9.512677878945E+000  1.118831568933E-006 -1.631553484582E-006  2.452896348869E-006  6.385959971564E-004  1.389266342495E+002
  9.719090110332E+000  8.292057635607E-007 -1.197582768137E-006  1.787517117158E-006  6.552567203094E-004  1.535157649140E+002
  9.931858842267E+000  6.108088018941E-007 -8.728606946676E-007  1.292025592447E-006  6.721161090422E-004  1.699829346012E+002
  1.015124748302E+001  4.472215301569E-007 -6.317879385002E-007  9.262841112845E-007  6.891356337716E-004  1.885961620276E+002
  1.037753323129E+001  3.254879260044E-007 -4.542106571452E-007  6.587184942209E-007  7.062617613898E-004  2.096663769247E+002
  1.061100795175E+001  2.354731333923E-007 -3.244097414664E-007  4.647301163989E-007  7.234291631516E-004  2.335572200048E+002
  1.085197911611E+001  1.693185152592E-007 -2.302420715381E-007  3.253468410299E-007  7.405686351219E-004  2.606987413457E+002
  1.110077081537E+001  1.209839312556E-007 -1.624184890701E-007  2.260876704679E-007  7.576211356490E-004  2.916069389936E+002
  1.135772484956E+001  8.586747735462E-008 -1.139034230175E-007  1.560173060389E-007  7.745588859348E-004  3.269119906574E+002
  1.162320190175E+001  6.049312983920E-008 -7.942145460110E-008  1.069678874373E-007  7.914136247833E-004  3.673993637935E+002
  1.189758280382E+001  4.225712008076E-008 -5.505664298131E-008  7.290621220546E-008  8.083109948650E-004  4.140700191043E+002
  1.218126990242E+001  2.922441318090E-008 -3.793118019679E-008  4.942586983095E-008  8.255089916795E-004  4.682291904707E+002
  1.247468853413E+001  1.996734313535E-008 -2.595089743366E-008  3.334505620314E-008  8.434378077387E-004  5.316187922712E+002
  1.277828862002E+001  1.343923052097E-008 -1.760627014765E-008  2.239239375109E-008  8.627382899958E-004  6.066184529110E+002
  1.309254639077E+001  8.876632682758E-009 -1.181881330733E-008  1.496484773625E-008  8.842953939216E-004  6.965586160195E+002
  1.341796625462E+001  5.724709247247E-009 -7.824056430581E-009  9.943736651307E-009  9.092567343938E-004  8.062244045598E+002
  1.375508282195E+001  3.580991520456E-009 -5.083577304384E-009  6.556797789954E-009  9.389991576466E-004  9.426981483257E+002
  1.410446310162E+001  2.153595607887E-009 -3.219797466570E-009  4.276195138660E-009  9.749053762377E-004  1.116826471657E+003
  1.446670888596E+001  1.230598647958E-009 -1.968359730991E-009  2.744162291222E-009  1.017440445970E-003  1.345865334216E+003
  1.484245934302E+001  6.578975555586E-010 -1.143892810278E-009  1.719595035056E-009  1.062564507934E-003  1.658266500120E+003
  1.523239383723E+001  3.233902218389E-010 -6.158113088629E-010  1.040309231756E-009  1.087492340472E-003  2.101187411169E+003
  1.563723500136E+001  1.457655255098E-010 -2.915054697158E-010  5.968486723749E-010  9.948085823178E-004  2.740451648938E+003
  1.605775208607E+001  6.656861498552E-011 -1.048577085021E-010  3.146758099242E-010  4.796524694797E-004  3.558638813111E+003
  1.649476461582E+001  4.452972293629E-011 -8.500335110146E-012  1.423319724221E-010 -4.792954349206E-004  4.069025584913E+003
  1.694914638379E+001  5.141481802606E-011  3.138076456970E-011  4.374646296885E-011 -7.514121913634E-004  3.878623733163E+003
  1.742182982203E+001  6.887924622751E-011  3.857268212296E-011 -6.660320085170E-012 -5.270085896774E-004  3.518392527403E+003
  1.791381078784E+001  8.598400403157E-011  2.930934080740E-011 -2.706688739220E-011 -2.922056280819E-004  3.267642453886E+003
  1.842615381215E+001  9.717050832172E-011  1.410296140762E-011 -3.022950279083E-011 -1.212344086651E-004  3.137104073714E+003
  1.895999786176E+001  1.005861781673E-010 -8.157258732644E-013 -2.481601553898E-011  2.463444994012E-007  3.101184817905E+003
  1.951656267356E+001  9.671368417614E-011 -1.231278913586E-011 -1.638426060653E-011  8.924119084605E-005  3.142035655678E+003
  2.009715572669E+001  8.728705383138E-011 -1.936218228785E-011 -8.165224756665E-012  1.570089190527E-004  3.251300717330E+003
  2.070317992707E+001  7.448530207405E-011 -2.223534234562E-011 -1.723780046965E-012  2.105311660493E-004  3.427811176241E+003
  2.133614208874E+001  6.038716292933E-011 -2.186848229794E-011  2.481800640189E-012  2.541833445253E-004  3.676141413662E+003
  2.199766230782E+001  4.665692949940E-011 -1.940572377230E-011  4.643782111979E-012  2.907834274558E-004  4.006222202068E+003
  2.268948433818E+001  3.441816481794E-011 -1.590608389066E-011  5.258565050183E-012  3.222004616102E-004  4.433817858011E+003
  2.341348709294E+001  2.426379511650E-011 -1.219030424789E-011  4.889315973752E-012  3.497084652056E-004  4.981813993377E+003
  2.417169741362E+001  1.634996561968E-011 -8.794568758626E-012  4.026614917342E-012  3.741971426188E-004  5.682439278735E+003
  2.496630426925E+001  1.052683617280E-011 -5.994852270014E-012  3.027433494207E-012  3.963011072135E-004  6.580735924362E+003
  2.579967457140E+001  6.470308258799E-012 -3.868184772935E-012  2.108493875122E-012  4.164813535307E-004  7.739841984714E+003
  2.667437081864E+001  3.791697359971E-012 -2.364016813249E-012  1.370588116435E-012  4.350780946516E-004  9.249023072770E+003
  2.759317081651E+001  2.114884711802E-012 -1.367900714415E-012  8.347158316873E-013  4.523458861990E-004  1.123599452694E+004
  2.855908975674E+001  1.120422436328E-012 -7.485955220802E-013  4.770442986582E-013  4.684774327132E-004  1.388608499725E+004
  2.957540498378E+001  5.624108266701E-013 -3.868015405496E-013  2.558656840199E-013  0.000000000000E+000  0.000000000000E+000
  3.064568382919E+001  2.667300286841E-013 -1.882773455556E-013  1.286683029789E-013  0.000000000000E+000  0.000000000000E+000
  3.177381495601E+001  1.191338323866E-013 -8.609396962331E-014  6.055279698042E-014  0.000000000000E+000  0.000000000000E+000
  3.296404372807E+001  4.992988756376E-014 -3.686260220145E-014  2.659940963191E-014  0.000000000000E+000  0.000000000000E+000
  3.422101220608E+001  1.955568646138E-014 -1.472280432029E-014  1.087097037341E-014  0.000000000000E+000  0.000000000000E+000
  3.554980447538E+001  7.125052306237E-015 -5.461414212216E-015  4.117353618912E-015  0.000000000000E+000  0.000000000000E+000
  3.695599813319E+001  2.402660770652E-015 -1.872418904631E-015  1.438590215657E-015  0.000000000000E+000  0.000000000000E+000
  3.844572291106E+001  7.456291292944E-016 -5.900545694203E-016  4.612599620723E-016  0.000000000000E+000  0.000000000000E+000
  4.002572758518E+001  2.116106478127E-016 -1.698599937383E-016  1.349133443782E-016  0.000000000000E+000  0.000000000000E+000
  4.170345654134E+001  5.453634801811E-017 -4.436091284183E-017  3.575535239401E-017  0.000000000000E+000  0.000000000000E+000
  4.348713762001E+001  1.266405197936E-017 -1.042960795745E-017  8.521476686752E-018  0.000000000000E+000  0.000000000000E+000
  4.538588318162E+001  2.618063604924E-018 -2.179847137224E-018  1.802194115809E-018  0.000000000000E+000  0.000000000000E+000
  4.740980671574E+001  4.807925736691E-019 -4.197257885281E-019  3.533352988725E-019  0.000000000000E+000  0.000000000000E+000
  4.957015778746E+001  7.908014778948E-020 -6.439568997245E-020  4.732610672357E-020  0.000000000000E+000  0.000000000000E+000
  5.187947869225E+001  9.728868615633E-021 -8.259008428034E-021  1.121571761791E-020  0.000000000000E+000  0.000000000000E+000
  5.435178690397E+001  1.641949390646E-021 -1.257244028413E-021 -8.635036305389E-023  0.000000000000E+000  0.000000000000E+000
  5.700278828629E+001  2.070517420892E-023 -3.160433742902E-022  2.821250372295E-022  0.000000000000E+000  0.000000000000E+000
  5.985012714155E+001  2.744600785730E-023  0.000000000000E+000  0.000000000000E+000  0.000000000000E+000  0.000000000000E+000
  6.291368055481E+001  0.000000000000E+000  0.000000000000E+000  0.000000000000E+000  0.000000000000E+000  0.000000000000E+000
  6.621590623276E+001  0.000000000000E+000  0.000000000000E+000  0.000000000000E+000  0.000000000000E+000  0.000000000000E+000
  6.978225524452E+001  0.000000000000E+000  0.000000000000E+000  0.000000000000E+000  0.000000000000E+000  0.000000000000E+000
  7.364166388185E+001  0.000000000000E+000  0.000000000000E+000  0.000000000000E+000  0.000000000000E+000  0.000000000000E+000
  7.782714245929E+001  0.000000000000E+000  0.000000000000E+000  0.000000000000E+000  0.000000000000E+000  0.000000000000E+000
  8.237648351994E+001  0.000000000000E+000  0.000000000000E+000  0.000000000000E+000  0.000000000000E+000  0.000000000000E+000
  8.733311794502E+001  0.000000000000E+000  0.000000000000E+000  0.000000000000E+000  0.000000000000E+000  0.000000000000E+000
  9.274715535088E+001  0.000000000000E+000  0.000000000000E+000  0.000000000000E+000  0.000000000000E+000  0.000000000000E+000
  9.867665554529E+001  0.000000000000E+000  0.000000000000E+000  0.000000000000E+000  0.000000000000E+000  0.000000000000E+000
  1.051891916055E+002  0.000000000000E+000  0.000000000000E+000  0.000000000000E+000  0.000000000000E+000  0.000000000000E+000
  1.123637836013E+002  0.000000000000E+000  0.000000000000E+000  0.000000000000E+000  0.000000000000E+000  0.000000000000E+000
  1.202933069206E+002  0.000000000000E+000  0.000000000000E+000  0.000000000000E+000  0.000000000000E+000  0.000000000000E+000
  1.290875131414E+002  0.000000000000E+000  0.000000000000E+000  0.000000000000E+000  0.000000000000E+000  0.000000000000E+000
  1.388768482001E+002  0.000000000000E+000  0.000000000000E+000  0.000000000000E+000  0.000000000000E+000  0.000000000000E+000
  1.498173177370E+002  0.000000000000E+000  0.000000000000E+000  0.000000000000E+000  0.000000000000E+000  0.000000000000E+000
  1.620967411853E+002  0.000000000000E+000  0.000000000000E+000  0.000000000000E+000  0.000000000000E+000  0.000000000000E+000
  1.759428668168E+002  0.000000000000E+000  0.000000000000E+000  0.000000000000E+000  0.000000000000E+000  0.000000000000E+000
  1.916340085825E+002  0.000000000000E+000  0.000000000000E+000  0.000000000000E+000  0.000000000000E+000  0.000000000000E+000
  2.095131417987E+002  0.000000000000E+000  0.000000000000E+000  0.000000000000E+000  0.000000000000E+000  0.000000000000E+000
  2.300068054477E+002  0.000000000000E+000  0.000000000000E+000  0.000000000000E+000  0.000000000000E+000  0.000000000000E+000
  2.536507797910E+002  0.000000000000E+000  0.000000000000E+000  0.000000000000E+000  0.000000000000E+000  0.000000000000E+000
  2.811254638474E+002  0.000000000000E+000  0.000000000000E+000  0.000000000000E+000  0.000000000000E+000  0.000000000000E+000
  3.133053780630E+002  0.000000000000E+000  0.000000000000E+000  0.000000000000E+000  0.000000000000E+000  0.000000000000E+000
  3.513296254502E+002  0.000000000000E+000  0.000000000000E+000  0.000000000000E+000  0.000000000000E+000  0.000000000000E+000
  3.967041014107E+002  0.000000000000E+000  0.000000000000E+000  0.000000000000E+000  0.000000000000E+000  0.000000000000E+000
  4.514529193350E+002  0.000000000000E+000  0.000000000000E+000  0.000000000000E+000  0.000000000000E+000  0.000000000000E+000
  5.183481233601E+002  0.000000000000E+000  0.000000000000E+000  0.000000000000E+000  0.000000000000E+000  0.000000000000E+000
  6.012676077950E+002  0.000000000000E+000  0.000000000000E+000  0.000000000000E+000  0.000000000000E+000  0.000000000000E+000
  7.057700503752E+002  0.000000000000E+000  0.000000000000E+000  0.000000000000E+000  0.000000000000E+000  0.000000000000E+000
  8.400513767914E+002  0.000000000000E+000  0.000000000000E+000  0.000000000000E+000  0.000000000000E+000  0.000000000000E+000
  1.016602135495E+003  0.000000000000E+000  0.000000000000E+000  0.000000000000E+000  0.000000000000E+000  0.000000000000E+000
  1.255220715579E+003  0.000000000000E+000  0.000000000000E+000  0.000000000000E+000  0.000000000000E+000  0.000000000000E+000
  1.588815776243E+003  0.000000000000E+000  0.000000000000E+000  0.000000000000E+000  0.000000000000E+000  0.000000000000E+000
  2.075392011604E+003  0.000000000000E+000  0.000000000000E+000  0.000000000000E+000  0.000000000000E+000  0.000000000000E+000
  2.825079847528E+003  0.000000000000E+000  0.000000000000E+000  0.000000000000E+000  0.000000000000E+000  0.000000000000E+000
  4.068408296183E+003  0.000000000000E+000  0.000000000000E+000  0.000000000000E+000  0.000000000000E+000  0.000000000000E+000
  6.357262947672E+003  0.000000000000E+000  0.000000000000E+000  0.000000000000E+000  0.000000000000E+000  0.000000000000E+000
  1.130231930164E+004  0.000000000000E+000  0.000000000000E+000  0.000000000000E+000  0.000000000000E+000  0.000000000000E+000
  2.543105175136E+004  0.000000000000E+000  0.000000000000E+000  0.000000000000E+000  0.000000000000E+000  0.000000000000E+000
  1.017262069952E+005  0.000000000000E+000  0.000000000000E+000  0.000000000000E+000  0.000000000000E+000  0.000000000000E+000
