# 1st line: number of mesh points
# rho and r_seitz are calculated from total density
# zeta and r_seitz only correct of rho > 1d-12

# abcissa rho drho ddrho zeta r_seitz
500
  9.830308526563E-006  1.622140875918E+003 -1.970709371193E+004  2.452197681345E+005  2.739380152958E-008  1.227470025417E-001
  3.932200719722E-005  1.621559786877E+003 -1.969986312499E+004  2.451275064760E+005  2.741021188428E-008  1.227616629981E-001
  8.847741541467E-005  1.620591728146E+003 -1.968781756030E+004  2.449738081113E+005  2.743743587809E-008  1.227861019818E-001
  1.573003992805E-004  1.619237333798E+003 -1.967096513242E+004  2.447587795612E+005  2.747528162642E-008  1.228203268303E-001
  2.457963722418E-004  1.617497490658E+003 -1.964931719017E+004  2.444825697986E+005  2.752348125306E-008  1.228643478222E-001
  3.539722959954E-004  1.615373337433E+003 -1.962288830509E+004  2.441453700924E+005  2.758168978935E-008  1.229181781833E-001
  4.818366816529E-004  1.612866263593E+003 -1.959169625664E+004  2.437474138073E+005  2.764948292912E-008  1.229818340943E-001
  6.293995911626E-004  1.609977908004E+003 -1.955576201416E+004  2.432889761593E+005  2.772635997851E-008  1.230553347005E-001
  7.966726389935E-004  1.606710157315E+003 -1.951510971552E+004  2.427703739279E+005  2.781173770464E-008  1.231387021230E-001
  9.836689940782E-004  1.603065144110E+003 -1.946976664270E+004  2.421919651250E+005  2.790495353931E-008  1.232319614720E-001
  1.190403382016E-003  1.599045244807E+003 -1.941976319405E+004  2.415541486205E+005  2.800526356152E-008  1.233351408616E-001
  1.416892087541E-003  1.594653077336E+003 -1.936513285354E+004  2.408573637263E+005  2.811183960171E-008  1.234482714262E-001
  1.663152957245E-003  1.589891498565E+003 -1.930591215683E+004  2.401020897373E+005  2.822376909469E-008  1.235713873396E-001
  1.929205402573E-003  1.584763601505E+003 -1.924214065430E+004  2.392888454328E+005  2.834005235850E-008  1.237045258348E-001
  2.215070403073E-003  1.579272712287E+003 -1.917386087110E+004  2.384181885354E+005  2.845960206927E-008  1.238477272264E-001
  2.520770509919E-003  1.573422386904E+003 -1.910111826422E+004  2.374907151315E+005  2.858124108584E-008  1.240010349349E-001
  2.846329849692E-003  1.567216407746E+003 -1.902396117664E+004  2.365070590523E+005  2.870369895079E-008  1.241644955122E-001
  3.191774128432E-003  1.560658779908E+003 -1.894244078863E+004  2.354678912157E+005  2.882561081972E-008  1.243381586699E-001
  3.557130635959E-003  1.553753727291E+003 -1.885661106632E+004  2.343739189314E+005  2.894551501429E-008  1.245220773086E-001
  3.942428250463E-003  1.546505688491E+003 -1.876652870747E+004  2.332258851698E+005  2.906184842882E-008  1.247163075506E-001
  4.347697443358E-003  1.538919312493E+003 -1.867225308463E+004  2.320245677940E+005  2.917294703502E-008  1.249209087728E-001
  4.772970284417E-003  1.530999454162E+003 -1.857384618568E+004  2.307707787582E+005  2.927703948755E-008  1.251359436431E-001
  5.218280447175E-003  1.522751169541E+003 -1.847137255194E+004  2.294653632719E+005  2.937224620691E-008  1.253614781581E-001
  5.683663214611E-003  1.514179710970E+003 -1.836489921374E+004  2.281091989319E+005  2.945657378611E-008  1.255975816835E-001
  6.169155485101E-003  1.505290522014E+003 -1.825449562369E+004  2.267031948226E+005  2.952791360736E-008  1.258443269959E-001
  6.674795778653E-003  1.496089232232E+003 -1.814023358774E+004  2.252482905861E+005  2.958403496850E-008  1.261017903272E-001
  7.200624243425E-003  1.486581651758E+003 -1.802218719390E+004  2.237454554630E+005  2.962258396170E-008  1.263700514119E-001
  7.746682662519E-003  1.476773765742E+003 -1.790043273905E+004  2.221956873056E+005  2.964107712673E-008  1.266491935351E-001
  8.313014461060E-003  1.466671728620E+003 -1.777504865361E+004  2.206000115646E+005  2.963689654649E-008  1.269393035843E-001
  8.899664713569E-003  1.456281858245E+003 -1.764611542436E+004  2.189594802499E+005  2.960728630045E-008  1.272404721033E-001
  9.506680151615E-003  1.445610629873E+003 -1.751371551542E+004  2.172751708680E+005  2.954934642194E-008  1.275527933475E-001
  1.013410917176E-002  1.434664670018E+003 -1.737793328754E+004  2.155481853366E+005  2.946002622206E-008  1.278763653433E-001
  1.078200184380E-002  1.423450750179E+003 -1.723885491578E+004  2.137796488776E+005  2.933612030593E-008  1.282112899486E-001
  1.145040991929E-002  1.411975780448E+003 -1.709656830558E+004  2.119707088908E+005  2.917426051626E-008  1.285576729170E-001
  1.213938684040E-002  1.400246803012E+003 -1.695116300757E+004  2.101225338088E+005  2.897091121534E-008  1.289156239640E-001
  1.284898774901E-002  1.388270985540E+003 -1.680273013093E+004  2.082363119351E+005  2.872236090542E-008  1.292852568362E-001
  1.357926949620E-002  1.376055614486E+003 -1.665136225565E+004  2.063132502665E+005  2.842471625786E-008  1.296666893835E-001
  1.433029065191E-002  1.363608088301E+003 -1.649715334363E+004  2.043545733017E+005  2.807389104265E-008  1.300600436337E-001
  1.510211151509E-002  1.350935910561E+003 -1.634019864884E+004  2.023615218372E+005  2.766560369575E-008  1.304654458704E-001
  1.589479412397E-002  1.338046683027E+003 -1.618059462656E+004  2.003353517526E+005  2.719536303869E-008  1.308830267143E-001
  1.670840226680E-002  1.324948098643E+003 -1.601843884188E+004  1.982773327855E+005  2.665846410397E-008  1.313129212066E-001
  1.754300149280E-002  1.311647934476E+003 -1.585382987759E+004  1.961887472996E+005  2.604997293950E-008  1.317552688968E-001
  1.839865912351E-002  1.298154044607E+003 -1.568686724141E+004  1.940708890453E+005  2.536472204320E-008  1.322102139332E-001
  1.927544426443E-002  1.284474352993E+003 -1.551765127289E+004  1.919250619165E+005  2.459729801556E-008  1.326779051566E-001
  2.017342781695E-002  1.270616846285E+003 -1.534628304998E+004  1.897525787028E+005  2.374202928417E-008  1.331584961981E-001
  2.109268249069E-002  1.256589566635E+003 -1.517286429534E+004  1.875547598411E+005  2.279297419371E-008  1.336521455799E-001
  2.203328281612E-002  1.242400604485E+003 -1.499749728261E+004  1.853329321660E+005  2.174391079247E-008  1.341590168205E-001
  2.299530515754E-002  1.228058091350E+003 -1.482028474265E+004  1.830884276621E+005  2.058832172129E-008  1.346792785431E-001
  2.397882772639E-002  1.213570192604E+003 -1.464132976995E+004  1.808225822186E+005  1.931938094831E-008  1.352131045882E-001
  2.498393059493E-002  1.198945100283E+003 -1.446073572925E+004  1.785367343889E+005  1.792994234165E-008  1.357606741305E-001
  2.601069571024E-002  1.184191025897E+003 -1.427860616256E+004  1.762322241548E+005  1.641251683274E-008  1.363221717994E-001
  2.705920690860E-002  1.169316193278E+003 -1.409504469650E+004  1.739103916994E+005  1.475926519587E-008  1.368977878045E-001
  2.812954993023E-002  1.154328831462E+003 -1.391015495042E+004  1.715725761874E+005  1.296197646612E-008  1.374877180651E-001
  2.922181243436E-002  1.139237167611E+003 -1.372404044498E+004  1.692201145571E+005  1.101204868451E-008  1.380921643445E-001
  3.033608401473E-002  1.124049419993E+003 -1.353680451167E+004  1.668543403225E+005  8.900472931380E-009  1.387113343890E-001
  3.147245621542E-002  1.108773791015E+003 -1.334855020310E+004  1.644765823895E+005  6.617814754641E-009  1.393454420720E-001
  3.263102254705E-002  1.093418460329E+003 -1.315938020433E+004  1.620881638865E+005  4.154189047981E-009  1.399947075424E-001
  3.381187850339E-002  1.077991578005E+003 -1.296939674531E+004  1.596904010099E+005  1.499239484382E-009  1.406593573797E-001
  3.501512157837E-002  1.062501257800E+003 -1.277870151441E+004  1.572846018881E+005 -1.357883184215E-009  1.413396247530E-001
  3.624085128345E-002  1.046955570500E+003 -1.258739557334E+004  1.548720654629E+005 -4.428546620314E-009  1.420357495863E-001
  3.748916916538E-002  1.031362537371E+003 -1.239557927336E+004  1.524540803908E+005 -7.724662000123E-009  1.427479787297E-001
  3.876017882444E-002  1.015730123710E+003 -1.220335217303E+004  1.500319239658E+005 -1.125871503997E-008  1.434765661361E-001
  4.005398593302E-002  1.000066232505E+003 -1.201081295742E+004  1.476068610636E+005 -1.504378913977E-008  1.442217730446E-001
  4.137069825459E-002  9.843786982151E+002 -1.181805935910E+004  1.451801431097E+005 -1.909360208592E-008  1.449838681698E-001
  4.271042566323E-002  9.686752806747E+002 -1.162518808071E+004  1.427530070717E+005 -2.342253193722E-008  1.457631278980E-001
  4.407328016341E-002  9.529636591245E+002 -1.143229471946E+004  1.403266744773E+005 -2.804565436809E-008  1.465598364901E-001
  4.545937591035E-002  9.372514263826E+002 -1.123947369344E+004  1.379023504582E+005 -3.297878014966E-008  1.473742862914E-001
  4.686882923075E-002  9.215460831566E+002 -1.104681816996E+004  1.354812228229E+005 -3.823848896694E-008  1.482067779495E-001
  4.830175864396E-002  9.058550325028E+002 -1.085441999586E+004  1.330644611566E+005 -4.384217217744E-008  1.490576206382E-001
  4.975828488365E-002  8.901855744400E+002 -1.066236962999E+004  1.306532159514E+005 -4.980807513170E-008  1.499271322912E-001
  5.123853091993E-002  8.745449007210E+002 -1.047075607783E+004  1.282486177668E+005 -5.615534066974E-008  1.508156398418E-001
  5.274262198188E-002  8.589400897682E+002 -1.027966682833E+004  1.258517764206E+005 -6.290405814828E-008  1.517234794730E-001
  5.427068558066E-002  8.433781017771E+002 -1.008918779310E+004  1.234637802130E+005 -7.007531031537E-008  1.526509968747E-001
  5.582285153302E-002  8.278657739932E+002 -9.899403247908E+003  1.210856951815E+005 -7.769122813106E-008  1.535985475107E-001
  5.739925198530E-002  8.124098161649E+002 -9.710395776574E+003  1.187185643909E+005 -8.577504949162E-008  1.545664968945E-001
  5.900002143803E-002  7.970168061786E+002 -9.522246217368E+003  1.163634072557E+005 -9.435117274342E-008  1.555552208754E-001
  6.062529677088E-002  7.816931858773E+002 -9.335033611857E+003  1.140212188980E+005 -1.034452240199E-007  1.565651059338E-001
  6.227521726827E-002  7.664452570681E+002 -9.148835156312E+003  1.116929695398E+005 -1.130841196035E-007  1.575965494873E-001
  6.394992464542E-002  7.512791777204E+002 -8.963726155679E+003  1.093796039305E+005 -1.232961406987E-007  1.586499602072E-001
  6.564956307496E-002  7.362009583588E+002 -8.779779980178E+003  1.070820408107E+005 -1.341110021720E-007  1.597257583463E-001
  6.737427921404E-002  7.212164586519E+002 -8.597068024517E+003  1.048011724121E+005 -1.455599382282E-007  1.608243760780E-001
  6.912422223211E-002  7.063313842011E+002 -8.415659669790E+003  1.025378639930E+005 -1.576757786811E-007  1.619462578470E-001
  7.089954383907E-002  6.915512835292E+002 -8.235622248052E+003  1.002929534117E+005 -1.704930417746E-007  1.630918607328E-001
  7.270039831418E-002  6.768815452732E+002 -8.057021009593E+003  9.806725073568E+004 -1.840480265073E-007  1.642616548254E-001
  7.452694253540E-002  6.623273955800E+002 -7.879919092941E+003  9.586153788826E+004 -1.983789127409E-007  1.654561236147E-001
  7.637933600943E-002  6.478938957083E+002 -7.704377497583E+003  9.367656833209E+004 -2.135258646224E-007  1.666757643926E-001
  7.825774090225E-002  6.335859398364E+002 -7.530455059421E+003  9.151306678972E+004 -2.295311457222E-007  1.679210886702E-001
  8.016232207035E-002  6.194082530767E+002 -7.358208428964E+003  8.937172900109E+004 -2.464392312025E-007  1.691926226088E-001
  8.209324709253E-002  6.053653896981E+002 -7.187692052251E+003  8.725322151794E+004 -2.642969426259E-007  1.704909074663E-001
  8.405068630235E-002  5.914617315543E+002 -7.018958154501E+003  8.515818153495E+004 -2.831535723152E-007  1.718165000592E-001
  8.603481282122E-002  5.777014867196E+002 -6.852056726480E+003  8.308721675732E+004 -3.030610330803E-007  1.731699732408E-001
  8.804580259214E-002  5.640886883314E+002 -6.687035513572E+003  8.104090530475E+004 -3.240740004280E-007  1.745519163956E-001
  9.008383441408E-002  5.506271936369E+002 -6.523940007532E+003  7.901979565121E+004 -3.462500806327E-007  1.759629359515E-001
  9.214908997710E-002  5.373206832454E+002 -6.362813440906E+003  7.702440660041E+004 -3.696499754130E-007  1.774036559095E-001
  9.424175389809E-002  5.241726605825E+002 -6.203696784092E+003  7.505522729639E+004 -3.943376610167E-007  1.788747183919E-001
  9.636201375725E-002  5.111864515461E+002 -6.046628745007E+003  7.311271726886E+004 -4.203805869201E-007  1.803767842095E-001
  9.851006013526E-002  4.983652043614E+002 -5.891645771338E+003  7.119730651267E+004 -4.478498715527E-007  1.819105334482E-001
  1.006860866512E-001  4.857118896330E+002 -5.738782055330E+003  6.930939560103E+004 -4.768205249677E-007  1.834766660763E-001
  1.028902900012E-001  4.732293005916E+002 -5.588069541086E+003  6.744935583171E+004 -5.073716734685E-007  1.850759025722E-001
  1.051228699979E-001  4.609200535325E+002 -5.439537934324E+003  6.561752940564E+004 -5.395868154074E-007  1.867089845738E-001
  1.073840296104E-001  4.487865884437E+002 -5.293214714549E+003  6.381422963720E+004 -5.735540661040E-007  1.883766755503E-001
  1.096739750056E-001  4.368311698184E+002 -5.149125149600E+003  6.203974119559E+004 -6.093664543482E-007  1.900797614962E-001
  1.119929155896E-001  4.250558876512E+002 -5.007292312506E+003  6.029432037627E+004 -6.471222011761E-007  1.918190516494E-001
  1.143410640503E-001  4.134626586122E+002 -4.867737100606E+003  5.857819540187E+004 -6.869250442221E-007  1.935953792332E-001
  1.167186364011E-001  4.020532273960E+002 -4.730478256878E+003  5.689156675167E+004 -7.288845720430E-007  1.954096022230E-001
  1.191258520249E-001  3.908291682412E+002 -4.595532393406E+003  5.523460751871E+004 -7.731165780432E-007  1.972626041381E-001
  1.215629337189E-001  3.797918866169E+002 -4.462914016937E+003  5.360746379365E+004 -8.197434445044E-007  1.991552948603E-001
  1.240301077413E-001  3.689426210706E+002 -4.332635556444E+003  5.201025507449E+004 -8.688945452198E-007  2.010886114787E-001
  1.265276038575E-001  3.582824452335E+002 -4.204707392649E+003  5.044307470111E+004 -9.207066801256E-007  2.030635191610E-001
  1.290556553882E-001  3.478122699780E+002 -4.079137889426E+003  4.890599031361E+004 -9.753245337572E-007  2.050810120544E-001
  1.316144992580E-001  3.375328457232E+002 -3.955933427004E+003  4.739904433352E+004 -1.032901169952E-006  2.071421142124E-001
  1.342043760450E-001  3.274447648820E+002 -3.835098436916E+003  4.592225446671E+004 -1.093598550751E-006  2.092478805526E-001
  1.368255300316E-001  3.175484644454E+002 -3.716635438601E+003  4.447561422706E+004 -1.157588102029E-006  2.113993978420E-001
  1.394782092560E-001  3.078442286984E+002 -3.600545077597E+003  4.305909347967E+004 -1.225051304459E-006  2.135977857126E-001
  1.421626655646E-001  2.983321920613E+002 -3.486826165233E+003  4.167263900257E+004 -1.296180329994E-006  2.158441977065E-001
  1.448791546661E-001  2.890123420519E+002 -3.375475719752E+003  4.031617506583E+004 -1.371178724915E-006  2.181398223505E-001
  1.476279361856E-001  2.798845223611E+002 -3.266489008773E+003  3.898960402689E+004 -1.450262133212E-006  2.204858842618E-001
  1.504092737207E-001  2.709484360384E+002 -3.159859593030E+003  3.769280694097E+004 -1.533659064258E-006  2.228836452817E-001
  1.532234348983E-001  2.622036487781E+002 -3.055579371275E+003  3.642564418540E+004 -1.621611731903E-006  2.253344056406E-001
  1.560706914324E-001  2.536495923039E+002 -2.953638626293E+003  3.518795609681E+004 -1.714376921354E-006  2.278395051510E-001
  1.589513191834E-001  2.452855678417E+002 -2.854026071926E+003  3.397956361980E+004 -1.812226941494E-006  2.304003244297E-001
  1.618655982178E-001  2.371107496785E+002 -2.756728901027E+003  3.280026896618E+004 -1.915450625881E-006  2.330182861467E-001
  1.648138128702E-001  2.291241887980E+002 -2.661732834260E+003  3.164985628344E+004 -2.024354409513E-006  2.356948563019E-001
  1.677962518056E-001  2.213248165881E+002 -2.569022169663E+003  3.052809233132E+004 -2.139263474009E-006  2.384315455254E-001
  1.708132080832E-001  2.137114486140E+002 -2.478579832885E+003  2.943472716539E+004 -2.260522974587E-006  2.412299104025E-001
  1.738649792215E-001  2.062827884500E+002 -2.390387428021E+003  2.836949482641E+004 -2.388499343475E-006  2.440915548178E-001
  1.769518672648E-001  1.990374315649E+002 -2.304425288947E+003  2.733211403438E+004 -2.523581698878E-006  2.470181313199E-001
  1.800741788507E-001  1.919738692531E+002 -2.220672531091E+003  2.632228888612E+004 -2.666183321637E-006  2.500113424992E-001
  1.832322252791E-001  1.850904926064E+002 -2.139107103534E+003  2.533970955525E+004 -2.816743263620E-006  2.530729423781E-001
  1.864263225826E-001  1.783855965201E+002 -2.059705841388E+003  2.438405299355E+004 -2.975728043162E-006  2.562047378082E-001
  1.896567915983E-001  1.718573837265E+002 -1.982444518338E+003  2.345498363248E+004 -3.143633459678E-006  2.594085898690E-001
  1.929239580409E-001  1.655039688511E+002 -1.907297899292E+003  2.255215408392E+004 -3.320986538730E-006  2.626864152619E-001
  1.962281525771E-001  1.593233824834E+002 -1.834239793052E+003  2.167520583899E+004 -3.508347594213E-006  2.660401876936E-001
  1.995697109023E-001  1.533135752590E+002 -1.763243104927E+003  2.082376996399E+004 -3.706312445474E-006  2.694719392400E-001
  2.029489738173E-001  1.474724219440E+002 -1.694279889215E+003  1.999746779240E+004 -3.915514763896E-006  2.729837616814E-001
  2.063662873085E-001  1.417977255192E+002 -1.627321401477E+003  1.919591161204E+004 -4.136628590589E-006  2.765778077985E-001
  2.098220026275E-001  1.362872212550E+002 -1.562338150532E+003  1.841870534634E+004 -4.370371005614E-006  2.802562926172E-001
  2.133164763746E-001  1.309385807750E+002 -1.499299950105E+003  1.766544522893E+004 -4.617504978906E-006  2.840214945884E-001
  2.168500705817E-001  1.257494160995E+002 -1.438175970051E+003  1.693572047048E+004 -4.878842410499E-006  2.878757566868E-001
  2.204231527988E-001  1.207172836658E+002 -1.378934787100E+003  1.622911391717E+004 -5.155247347352E-006  2.918214874115E-001
  2.240360961807E-001  1.158396883193E+002 -1.321544435043E+003  1.554520269969E+004 -5.447639418607E-006  2.958611616672E-001
  2.276892795770E-001  1.111140872700E+002 -1.265972454312E+003  1.488355887224E+004 -5.756997481712E-006  2.999973215048E-001
  2.313830876220E-001  1.065378940108E+002 -1.212185940884E+003  1.424375004055E+004 -6.084363479982E-006  3.042325766937E-001
  2.351179108282E-001  1.021084821908E+002 -1.160151594451E+003  1.362533997837E+004 -6.430846546640E-006  3.085696050988E-001
  2.388941456809E-001  9.782318944102E+001 -1.109835765807E+003  1.302788923160E+004 -6.797627335833E-006  3.130111528280E-001
  2.427121947345E-001  9.367932114690E+001 -1.061204503395E+003  1.245095570952E+004 -7.185962605751E-006  3.175600341156E-001
  2.465724667110E-001  8.967415416373E+001 -1.014223598958E+003  1.189409526248E+004 -7.597190063200E-006  3.222191308980E-001
  2.504753766009E-001  8.580494047090E+001 -9.688586322597E+002  1.135686224537E+004 -8.032733443684E-006  3.269913920389E-001
  2.544213457654E-001  8.206891076114E+001 -9.250750148175E+002  1.083881006656E+004 -8.494107878849E-006  3.318798321510E-001
  2.584108020414E-001  7.846327796095E+001 -8.828380326101E+002  1.033949172156E+004 -8.982925504817E-006  3.368875299576E-001
  2.624441798480E-001  7.498524067875E+001 -8.421128877207E+002  9.858460311135E+003 -9.500901334374E-006  3.420176261317E-001
  2.665219202956E-001  7.163198657744E+001 -8.028647388781E+002  9.395269543366E+003 -1.004985938181E-005  3.472733205414E-001
  2.706444712976E-001  6.840069566836E+001 -7.650587408613E+002  8.949474219295E+003 -1.063173901544E-005  3.526578688243E-001
  2.748122876832E-001  6.528854352350E+001 -7.286600827362E+002  8.520630701838E+003 -1.124860153515E-005  3.581745782050E-001
  2.790258313137E-001  6.229270440348E+001 -6.936340248973E+002  8.108297367654E+003 -1.190263695232E-005  3.638268024612E-001
  2.832855712010E-001  5.941035429863E+001 -6.599459348868E+002  7.712035041703E+003 -1.259617090477E-005  3.696179359334E-001
  2.875919836279E-001  5.663867388102E+001 -6.275613219703E+002  7.331407414304E+003 -1.333167170970E-005  3.755514064655E-001
  2.919455522717E-001  5.397485136511E+001 -5.964458704477E+002  6.965981440481E+003 -1.411175746218E-005  3.816306671511E-001
  2.963467683296E-001  5.141608527539E+001 -5.665654716818E+002  6.615327721485E+003 -1.493920313327E-005  3.878591867495E-001
  3.007961306479E-001  4.895958711909E+001 -5.378862548328E+002  6.279020868364E+003 -1.581694755858E-005  3.942404386259E-001
  3.052941458522E-001  4.660258396261E+001 -5.103746162827E+002  5.956639847543E+003 -1.674810023710E-005  4.007778880554E-001
  3.098413284823E-001  4.434232091029E+001 -4.839972477453E+002  5.647768308354E+003 -1.773594777684E-005  4.074749777234E-001
  3.144382011281E-001  4.217606348455E+001 -4.587211630512E+002  5.351994892553E+003 -1.878395989540E-005  4.143351112385E-001
  3.190852945695E-001  4.010109990636E+001 -4.345137236075E+002  5.068913525849E+003 -1.989579472182E-005  4.213616344680E-001
  3.237831479192E-001  3.811474327543E+001 -4.113426625285E+002  4.798123691519E+003 -2.107530324681E-005  4.285578144931E-001
  3.285323087679E-001  3.621433364970E+001 -3.891761074410E+002  4.539230686236E+003 -2.232653264217E-005  4.359268159756E-001
  3.333333333333E-001  3.439724002356E+001 -3.679826019651E+002  4.291845858227E+003 -2.365372816510E-005  4.434716747190E-001
  3.381867866117E-001  3.266086220502E+001 -3.477311258804E+002  4.055586827959E+003 -2.506133333932E-005  4.511952682077E-001
  3.430932425333E-001  3.100263259160E+001 -3.283911139822E+002  3.830077691529E+003 -2.655398799310E-005  4.591002829067E-001
  3.480532841203E-001  2.942001784531E+001 -3.099324736414E+002  3.614949207011E+003 -2.813652376672E-005  4.671891781114E-001
  3.530675036492E-001  2.791052046710E+001 -2.923256010799E+002  3.409838964002E+003 -2.981395656733E-005  4.754641461527E-001
  3.581365028158E-001  2.647168027136E+001 -2.755413963749E+002  3.214391536659E+003 -3.159147548739E-005  4.839270687784E-001
  3.632608929041E-001  2.510107576120E+001 -2.595512772123E+002  3.028258620535E+003 -3.347442751682E-005  4.925794695698E-001
  3.684412949588E-001  2.379632540541E+001 -2.443271914052E+002  2.851099153534E+003 -3.546829746870E-005  5.014224622897E-001
  3.736783399619E-001  2.255508881814E+001 -2.298416281986E+002  2.682579421357E+003 -3.757868240469E-005  5.104566951179E-001
  3.789726690123E-001  2.137506784252E+001 -2.160676283843E+002  2.522373147798E+003 -3.981125979025E-005  5.196822908026E-001
  3.843249335105E-001  2.025400753949E+001 -2.029787932475E+002  2.370161570283E+003 -4.217174866996E-005  5.290987828469E-001
  3.897357953460E-001  1.918969708341E+001 -1.905492923730E+002  2.225633501072E+003 -4.466586301658E-005  5.387050479636E-001
  3.952059270903E-001  1.817997056592E+001 -1.787538703352E+002  2.088485374536E+003 -4.729925656244E-005  5.484992351642E-001
  4.007360121927E-001  1.722270770990E+001 -1.675678523028E+002  1.958421280960E+003 -5.007745831067E-005  5.584786920107E-001
  4.063267451812E-001  1.631583449518E+001 -1.569671485858E+002  1.835152987321E+003 -5.300579816106E-005  5.686398887409E-001
  4.119788318683E-001  1.545732369813E+001 -1.469282581558E+002  1.718399945502E+003 -5.608932204121E-005  5.789783411920E-001
  4.176929895600E-001  1.464519534704E+001 -1.374282711712E+002  1.607889288418E+003 -5.933269632344E-005  5.894885336822E-001
  4.234699472710E-001  1.387751709541E+001 -1.284448705399E+002  1.503355814546E+003 -6.274010133724E-005  6.001638432674E-001
  4.293104459435E-001  1.315240451545E+001 -1.199563325524E+002  1.404541961332E+003 -6.631511430367E-005  6.109964670668E-001
  4.352152386716E-001  1.246802131395E+001 -1.119415266197E+002  1.311197767989E+003 -7.006058227011E-005  6.219773546365E-001
  4.411850909306E-001  1.182257947305E+001 -1.043799141498E+002  1.223080828167E+003 -7.397848625296E-005  6.330961476540E-001
  4.472207808110E-001  1.121433931815E+001 -9.725154659908E+001  1.139956233015E+003 -7.806979821035E-005  6.443411294507E-001
  4.533230992589E-001  1.064160951559E+001 -9.053706273258E+001  1.061596505130E+003 -8.233433322840E-005  6.556991871664E-001
  4.594928503202E-001  1.010274700251E+001 -8.421768513048E+001  9.877815238991E+002 -8.677059998209E-005  6.671557894939E-001
  4.657308513924E-001  9.596156851604E+000 -7.827521597566E+001  9.182984427395E+002 -9.137565318977E-005  6.786949830958E-001
  4.720379334802E-001  9.120292073219E+000 -7.269203215913E+001  8.529415987344E+002 -9.614495263040E-005  6.902994107925E-001
  4.784149414579E-001  8.673653357587E+000 -6.745107973934E+001  7.915124151694E+002 -1.010722339091E-004  7.019503545158E-001
  4.848627343381E-001  8.254788759740E+000 -6.253586779155E+001  7.338192974557E+002 -1.061493967586E-004  7.136278057620E-001
  4.913821855461E-001  7.862293329863E+000 -5.793046168338E+001  6.796775229329E+002 -1.113664171276E-004  7.253105658546E-001
  4.979741832006E-001  7.494808691729E+000 -5.361947581233E+001  6.289091250290E+002 -1.167112894288E-004  7.369763777116E-001
  5.046396304008E-001  7.151022571935E+000 -4.958806584081E+001  5.813427722548E+002 -1.221700053253E-004  7.486020900117E-001
  5.113794455212E-001  6.829668282621E+000 -4.582192046396E+001  5.368136424943E+002 -1.277265748754E-004  7.601638536646E-001
  5.181945625116E-001  6.529524160359E+000 -4.230725274505E+001  4.951632930494E+002 -1.333630949943E-004  7.716373493437E-001
  5.250859312060E-001  6.249412963870E+000 -3.903079105257E+001  4.562395268832E+002 -1.390598689807E-004  7.829980435689E-001
  5.320545176366E-001  5.988201233246E+000 -3.597976963307E+001  4.198962554970E+002 -1.447955790184E-004  7.942214694868E-001
  5.391013043575E-001  5.744798613273E+000 -3.314191885259E+001  3.859933588642E+002 -1.505475116025E-004  8.052835271622E-001
  5.462272907741E-001  5.518157143479E+000 -3.050545513921E+001  3.543965428312E+002 -1.562918333750E-004  8.161607969429E-001
  5.534334934816E-001  5.307270517453E+000 -2.805907065856E+001  3.249771943846E+002 -1.620039124472E-004  8.268308583889E-001
  5.607209466109E-001  5.111173313970E+000 -2.579192275310E+001  2.976122351693E+002 -1.676586776863E-004  8.372726064426E-001
  5.680907021827E-001  4.928940202404E+000 -2.369362317542E+001  2.721839736278E+002 -1.732310062594E-004  8.474665560475E-001
  5.755438304707E-001  4.759685124862E+000 -2.175422714478E+001  2.485799561190E+002 -1.786961276571E-004  8.573951263541E-001
  5.830814203728E-001  4.602560457425E+000 -1.996422225540E+001  2.266928173586E+002 -1.840300312815E-004  8.670428960175E-001
  5.907045797917E-001  4.456756152837E+000 -1.831451726381E+001  2.064201305096E+002 -1.892098636975E-004  8.763968218977E-001
  5.984144360243E-001  4.321498866899E+000 -1.679643078200E+001  1.876642572358E+002 -1.942143020833E-004  8.854464146845E-001
  6.062121361613E-001  4.196051070803E+000 -1.540167990174E+001  1.703321980165E+002 -1.990238909694E-004  8.941838665266E-001
  6.140988474955E-001  4.079710151537E+000 -1.412236877471E+001  1.543354430060E+002 -2.036213312729E-004  9.026041275490E-001
  6.220757579409E-001  3.971807502471E+000 -1.295097717205E+001  1.395898237054E+002 -2.079917126815E-004  9.107049300915E-001
  6.301440764614E-001  3.871707606112E+000 -1.188034904562E+001  1.260153656992E+002 -2.121226831963E-004  9.184867614599E-001
  6.383050335109E-001  3.778807111008E+000 -1.090368111274E+001  1.135361426955E+002 -2.160045527475E-004  9.259527878430E-001
  6.465598814833E-001  3.692533904650E+000 -1.001451148461E+001  1.020801320910E+002 -2.196303305492E-004  9.331087336958E-001
  6.549098951744E-001  3.612346184198E+000 -9.206708357821E+000  9.157907226980E+001 -2.229956988936E-004  9.399627222376E-001
  6.633563722545E-001  3.537731526747E+000 -8.474458787397E+000  8.196832182772E+001 -2.260989284969E-004  9.465250837123E-001
  6.719006337539E-001  3.468205960786E+000 -7.812257558487E+000  7.318672090210E+001 -2.289407424711E-004  9.528081386660E-001
  6.805440245593E-001  3.403313040435E+000 -7.214896173020E+000  6.517645477004E+001 -2.315241374821E-004  9.588259637277E-001
  6.892879139233E-001  3.342622923963E+000 -6.677451966480E+000  5.788291986611E+001 -2.338541714944E-004  9.645941472550E-001
  6.981336959871E-001  3.285731457993E+000 -6.195277368938E+000  5.125459235572E+001 -2.359377277209E-004  9.701295417756E-001
  7.070827903152E-001  3.232259268760E+000 -5.763989323504E+000  4.524289938752E+001 -2.377832641960E-004  9.754500194858E-001
  7.161366424455E-001  3.181850861679E+000 -5.379458874305E+000  3.980209313504E+001 -2.394005577391E-004  9.805742362213E-001
  7.252967244510E-001  3.134173730414E+000 -5.037800935134E+000  3.488912772517E+001 -2.408004500641E-004  9.855214083661E-001
  7.345645355186E-001  3.088917476570E+000 -4.735364248955E+000  3.046353913891E+001 -2.419946025741E-004  9.903111061813E-001
  7.439416025400E-001  3.045792941035E+000 -4.468721547465E+000  2.648732815801E+001 -2.429952652217E-004  9.949630660574E-001
  7.534294807203E-001  3.004531347945E+000 -4.234659919022E+000  2.292484641979E+001 -2.438150633005E-004  9.994970232907E-001
  7.630297542000E-001  2.964883462152E+000 -4.030171392319E+000  1.974268563147E+001 -2.444668050128E-004  1.003932566156E+000
  7.727440366954E-001  2.926618761018E+000 -3.852443742304E+000  1.690956998490E+001 -2.449633113486E-004  1.008289011353E+000
  7.825739721536E-001  2.889524621261E+000 -3.698851524017E+000  1.439625180250E+001 -2.453172689191E-004  1.012585300303E+000
  7.925212354258E-001  2.853405521552E+000 -3.566947339133E+000  1.217541043587E+001 -2.455411055536E-004  1.016839915340E+000
  8.025875329584E-001  2.818082261439E+000 -3.454453339268E+000  1.022155442915E+001 -2.456468878022E-004  1.021070814470E+000
  8.127746035011E-001  2.783391197147E+000 -3.359252969265E+000  8.510926950890E+000 -2.456462389792E-004  1.025295383158E+000
  8.230842188350E-001  2.749183494720E+000 -3.279382952983E+000  7.021414489836E+000 -2.455502761215E-004  1.029530401457E+000
  8.335181845190E-001  2.715324400919E+000 -3.213025523378E+000  5.732458802484E+000 -2.453695639598E-004  1.033792024745E+000
  8.440783406568E-001  2.681692532205E+000 -3.158500897978E+000  4.624972092948E+000 -2.451140838916E-004  1.038095776314E+000
  8.547665626839E-001  2.648179182106E+000 -3.114260000214E+000  3.681255398971E+000 -2.447932160353E-004  1.042456550149E+000
  8.655847621758E-001  2.614687647194E+000 -3.078877426455E+000  2.884920151582E+000 -2.444157323466E-004  1.046888622295E+000
  8.765348876780E-001  2.581132571835E+000 -3.051044657971E+000  2.220812870020E+000 -2.439897990663E-004  1.051405669345E+000
  8.876189255584E-001  2.547439311857E+000 -3.029563516547E+000  1.674942948105E+000 -2.435229867154E-004  1.056020792708E+000
  8.988389008829E-001  2.513543317172E+000 -3.013339861897E+000  1.234413483226E+000 -2.430222862053E-004  1.060746547462E+000
  9.101968783143E-001  2.479389533420E+000 -3.001377528564E+000  8.873550945135E-001 -2.424941296237E-004  1.065594974735E+000
  9.216949630368E-001  2.444931822573E+000 -2.992772499516E+000  6.228626725584E-001 -2.419444145608E-004  1.070577636694E+000
  9.333353017046E-001  2.410132402474E+000 -2.986707313246E+000  4.309349992488E-001 -2.413785309212E-004  1.075705653364E+000
  9.451200834176E-001  2.374961305183E+000 -2.982445700747E+000  3.024171728686E-001 -2.408013893758E-004  1.080989740601E+000
  9.570515407237E-001  2.339395854013E+000 -2.979327448414E+000  2.289457705577E-001 -2.402174506869E-004  1.086440248683E+000
  9.691319506484E-001  2.303420159070E+000 -2.976763482565E+000  2.028966775351E-001 -2.396307553711E-004  1.092067201058E+000
  9.813636357544E-001  2.267024631120E+000 -2.974231170982E+000  2.173355101643E-001 -2.390449531409E-004  1.097880332891E+000
  9.937489652293E-001  2.230205513521E+000 -2.971269836604E+000  2.659705579242E-001 -2.384633318003E-004  1.103889129136E+000
  1.006290356005E+000  2.192964432008E+000 -2.967476478269E+000  3.431081676730E-001 -2.378888452680E-004  1.110102861904E+000
  1.018990273907E+000  2.155307962014E+000 -2.962501693185E+000  4.436104922347E-001 -2.373241405211E-004  1.116530626991E+000
  1.031851234841E+000  2.117247213272E+000 -2.956045795638E+000  5.628555242765E-001 -2.367715832784E-004  1.123181379439E+000
  1.044875806003E+000  2.078797431350E+000 -2.947855126300E+000  6.966993356695E-001 -2.362332823316E-004  1.130063968091E+000
  1.058066607138E+000  2.039977615826E+000 -2.937718546366E+000  8.414404420398E-001 -2.357111124648E-004  1.137187169091E+000
  1.071426311823E+000  2.000810154740E+000 -2.925464110672E+000  9.937862119952E-001 -2.352067358945E-004  1.144559718336E+000
  1.084957648792E+000  1.961320474990E+000 -2.910955913860E+000  1.150821240542E+000 -2.347216222748E-004  1.152190342911E+000
  1.098663403298E+000  1.921536708318E+000 -2.894091103646E+000  1.309977606491E+000 -2.342570672420E-004  1.160087791535E+000
  1.112546418516E+000  1.881489372519E+000 -2.874797055181E+000  1.469006934166E+000 -2.338142095589E-004  1.168260864092E+000
  1.126609596985E+000  1.841211067518E+000 -2.853028700574E+000  1.625954180449E+000 -2.333940468984E-004  1.176718440299E+000
  1.140855902095E+000  1.800736185952E+000 -2.828766007594E+000  1.779133069167E+000 -2.329974503036E-004  1.185469507599E+000
  1.155288359613E+000  1.760100637900E+000 -2.802011601702E+000  1.927103095951E+000 -2.326251774207E-004  1.194523188367E+000
  1.169910059257E+000  1.719341589387E+000 -2.772788525566E+000  2.068648028030E+000 -2.322778845247E-004  1.203888766510E+000
  1.184724156317E+000  1.678497214330E+000 -2.741138130361E+000  2.202755824933E+000 -2.319561374483E-004  1.213575713556E+000
  1.199733873325E+000  1.637606459555E+000 -2.707118093206E+000  2.328599907739E+000 -2.316604214420E-004  1.223593714343E+000
  1.214942501771E+000  1.596708822561E+000 -2.670800555284E+000  2.445521706321E+000 -2.313911500600E-004  1.233952692380E+000
  1.230353403874E+000  1.555844141677E+000 -2.632270375251E+000  2.553014415992E+000 -2.311486731140E-004  1.244662835004E+000
  1.245970014403E+000  1.515052398301E+000 -2.591623492761E+000  2.650707897011E+000 -2.309332837807E-004  1.255734618422E+000
  1.261795842559E+000  1.474373530899E+000 -2.548965397037E+000  2.738354652610E+000 -2.307452248941E-004  1.267178832732E+000
  1.277834473907E+000  1.433847260437E+000 -2.504409695641E+000  2.815816823454E+000 -2.305846945019E-004  1.279006607040E+000
  1.294089572372E+000  1.393512926978E+000 -2.458076778720E+000  2.883054138797E+000 -2.304518507431E-004  1.291229434765E+000
  1.310564882294E+000  1.353409337117E+000 -2.410092574234E+000  2.940112767023E+000 -2.303468160732E-004  1.303859199228E+000
  1.327264230548E+000  1.313574622004E+000 -2.360587389830E+000  2.987115010701E+000 -2.302696809036E-004  1.316908199642E+000
  1.344191528724E+000  1.274046105655E+000 -2.309694837222E+000  3.024249793800E+000 -2.302205067101E-004  1.330389177595E+000
  1.361350775387E+000  1.234860183305E+000 -2.257550835136E+000  3.051763891195E+000 -2.301993286228E-004  1.344315344135E+000
  1.378746058390E+000  1.196052209533E+000 -2.204292687043E+000  3.069953853144E+000 -2.302061575686E-004  1.358700407561E+000
  1.396381557275E+000  1.157656395915E+000 -2.150058230117E+000  3.079158579892E+000 -2.302409819877E-004  1.373558602038E+000
  1.414261545744E+000  1.119705717961E+000 -2.094985052011E+000  3.079752504063E+000 -2.303037691578E-004  1.388904717123E+000
  1.432390394201E+000  1.082231831085E+000 -2.039209772232E+000  3.072139340924E+000 -2.303944661788E-004  1.404754128348E+000
  1.450772572390E+000  1.045264995388E+000 -1.982867385062E+000  3.056746369007E+000 -2.305130006237E-004  1.421122828946E+000
  1.469412652102E+000  1.008834009015E+000 -1.926090661127E+000  3.034019205910E+000 -2.306592809014E-004  1.438027462863E+000
  1.488315309978E+000  9.729661498447E-001 -1.869009604872E+000  3.004417046319E+000 -2.308331963662E-004  1.455485359165E+000
  1.507485330398E+000  9.376871253028E-001 -1.811750965344E+000  2.968408331500E+000 -2.310346171785E-004  1.473514567984E+000
  1.526927608467E+000  9.030210300478E-001 -1.754437797805E+000  2.926466821554E+000 -2.312633939703E-004  1.492133898123E+000
  1.546647153093E+000  8.689903113115E-001 -1.697189073833E+000  2.879068043706E+000 -2.315193573245E-004  1.511362956479E+000
  1.566649090169E+000  8.356157416532E-001 -1.640119337660E+000  2.826686091769E+000 -2.318023170916E-004  1.531222189420E+000
  1.586938665861E+000  8.029163988919E-001 -1.583338406617E+000  2.769790753653E+000 -2.321120615755E-004  1.551732926270E+000
  1.607521250000E+000  7.709096529740E-001 -1.526951113621E+000  2.708844945440E+000 -2.324483566157E-004  1.572917425090E+000
  1.628402339588E+000  7.396111595291E-001 -1.471057089726E+000  2.644302432046E+000 -2.328109445686E-004  1.594798920892E+000
  1.649587562420E+000  7.090348598621E-001 -1.415750584835E+000  2.576605815875E+000 -2.331995432376E-004  1.617401676512E+000
  1.671082680832E+000  6.791929871214E-001 -1.361120324694E+000  2.506184776167E+000 -2.336138447523E-004  1.640751036296E+000
  1.692893595565E+000  6.500960783772E-001 -1.307249402386E+000  2.433454542853E+000 -2.340535144230E-004  1.664873482844E+000
  1.715026349769E+000  6.217529923385E-001 -1.254215202533E+000  2.358814589824E+000 -2.345181896129E-004  1.689796697008E+000
  1.737487133138E+000  5.941709324276E-001 -1.202089356464E+000  2.282647533407E+000 -2.350074786094E-004  1.715549621387E+000
  1.760282286187E+000  5.673554749258E-001 -1.150937726651E+000  2.205318222690E+000 -2.355209595568E-004  1.742162527571E+000
  1.783418304674E+000  5.413106018971E-001 -1.100820418692E+000  2.127173009075E+000 -2.360581794429E-004  1.769667087404E+000
  1.806901844175E+000  5.160387385890E-001 -1.051791819173E+000  2.048539183076E+000 -2.366186531742E-004  1.798096448537E+000
  1.830739724818E+000  4.915407950063E-001 -1.003900657727E+000  1.969724566927E+000 -2.372018627473E-004  1.827485314605E+000
  1.854938936184E+000  4.678162113446E-001 -9.571900916320E-001  1.891017252096E+000 -2.378072565525E-004  1.857870030318E+000
  1.879506642368E+000  4.448630069696E-001 -9.116978112820E-001  1.812685471190E+000 -2.384342488081E-004  1.889288671851E+000
  1.904450187236E+000  4.226778326228E-001 -8.674561648936E-001  1.734977594138E+000 -2.390822191548E-004  1.921781142885E+000
  1.929777099847E+000  4.012560255313E-001 -8.244923007962E-001  1.658122238865E+000 -2.397505124279E-004  1.955389276714E+000
  1.955495100083E+000  3.805916670996E-001 -7.828283256793E-001  1.582328486958E+000 -2.404384386044E-004  1.990156944842E+000
  1.981612104475E+000  3.606776428596E-001 -7.424814771776E-001  1.507786195119E+000 -2.411452729573E-004  2.026130172540E+000
  2.008136232230E+000  3.415057043566E-001 -7.034643091907E-001  1.434666393423E+000 -2.418702564247E-004  2.063357261858E+000
  2.035075811486E+000  3.230665326516E-001 -6.657848883544E-001  1.363121761657E+000 -2.426125961758E-004  2.101888922628E+000
  2.062439385788E+000  3.053498031234E-001 -6.294470001057E-001  1.293287175255E+000 -2.433714664152E-004  2.141778412039E+000
  2.090235720801E+000  2.883442512598E-001 -5.944503628116E-001  1.225280312558E+000 -2.441460094005E-004  2.183081683392E+000
  2.118473811262E+000  2.720377391316E-001 -5.607908484675E-001  1.159202315401E+000 -2.449353366833E-004  2.225857544722E+000
  2.147162888201E+000  2.564173222543E-001 -5.284607085096E-001  1.095138495256E+000 -2.457385305593E-004  2.270167827993E+000
  2.176312426413E+000  2.414693165467E-001 -4.974488033310E-001  1.033159077436E+000 -2.465546457176E-004  2.316077569647E+000
  2.205932152222E+000  2.271793651093E-001 -4.677408341429E-001  9.733199761442E-001 -2.473827110802E-004  2.363655203344E+000
  2.236032051522E+000  2.135325045565E-001 -4.393195758749E-001  9.156635934533E-001 -2.482217317912E-004  2.412972765809E+000
  2.266622378129E+000  2.005132306454E-001 -4.121651098713E-001  8.602196356091E-001 -2.490706913516E-004  2.464106116753E+000
  2.297713662445E+000  1.881055629623E-001 -3.862550552043E-001  8.070059403855E-001 -2.499285538405E-004  2.517135173936E+000
  2.329316720450E+000  1.762931084384E-001 -3.615647974939E-001  7.560293095721E-001 -2.507942661890E-004  2.572144164515E+000
  2.361442663038E+000  1.650591234836E-001 -3.380677141957E-001  7.072863410338E-001 -2.516667604678E-004  2.629221893937E+000
  2.394102905709E+000  1.543865745407E-001 -3.157353953967E-001  6.607642551635E-001 -2.525449561135E-004  2.688462033714E+000
  2.427309178642E+000  1.442581968810E-001 -2.945378592345E-001  6.164417109365E-001 -2.534277620298E-004  2.749963429560E+000
  2.461073537146E+000  1.346565514772E-001 -2.744437611369E-001  5.742896071731E-001 -2.543140785048E-004  2.813830431494E+000
  2.495408372530E+000  1.255640798062E-001 -2.554205961611E-001  5.342718650225E-001 -2.552027988442E-004  2.880173247655E+000
  2.530326423398E+000  1.169631564535E-001 -2.374348937936E-001  4.963461880875E-001 -2.560928106340E-004  2.949108323726E+000
  2.565840787378E+000  1.088361394048E-001 -2.204524046546E-001  4.604647970184E-001 -2.569829965507E-004  3.020758750078E+000
  2.601964933334E+000  1.011654179309E-001 -2.044382786332E-001  4.265751358132E-001 -2.578722345815E-004  3.095254698893E+000
  2.638712714049E+000  9.393345798529E-002 -1.893572340613E-001  3.946205474595E-001 -2.587593975765E-004  3.172733893792E+000
  2.676098379430E+000  8.712284505314E-002 -1.751737176120E-001  3.645409169517E-001 -2.596433519882E-004  3.253342114712E+000
  2.714136590232E+000  8.071632440405E-002 -1.618520546875E-001  3.362732800967E-001 -2.605229556912E-004  3.337233741084E+000
  2.752842432351E+000  7.469683871793E-002 -1.493565901353E-001  3.097523968947E-001 -2.613970547480E-004  3.424572336644E+000
  2.792231431696E+000  6.904756306709E-002 -1.376518192013E-001  2.849112886360E-001 -2.622644790107E-004  3.515531279582E+000
  2.832319569669E+000  6.375193725197E-002 -1.267025086993E-001  2.616817381942E-001 -2.631240363892E-004  3.610294442130E+000
  2.873123299289E+000  5.879369550086E-002 -1.164738084353E-001  2.399947533126E-001 -2.639745057357E-004  3.709056924122E+000
  2.914659561979E+000  5.415689355653E-002 -1.069313529885E-001  2.197809929822E-001 -2.648146281464E-004  3.812025845575E+000
  2.956945805065E+000  4.982593318364E-002 -9.804135400153E-002  2.009711572815E-001 -2.656430966381E-004  3.919421203898E+000
  3.000000000000E+000  4.578558414134E-002 -8.977068318321E-002  1.834963413028E-001 -2.664585440710E-004  4.031476801992E+000
  3.043840661365E+000  4.202100367487E-002 -8.208694627111E-002  1.672883540149E-001 -2.672595292530E-004  4.148441254206E+000
  3.088486866678E+000  3.851775358814E-002 -7.495854823870E-002  1.522800031142E-001 -2.680445211648E-004  4.270579077970E+000
  3.133958277047E+000  3.526181496691E-002 -6.835475006611E-002  1.384053470910E-001 -2.688118812712E-004  4.398171879818E+000
  3.180275158719E+000  3.223960062839E-002 -6.224571742124E-002  1.255999158878E-001 -2.695598439288E-004  4.531519645616E+000
  3.227458405560E+000  2.943796537875E-002 -5.660256162023E-002  1.138009016479E-001 -2.702864949296E-004  4.670942145966E+000
  3.275529562509E+000  2.684421416454E-002 -5.139737325470E-002  1.029473211530E-001 -2.709897482126E-004  4.816780469145E+000
  3.324510850077E+000  2.444610820795E-002 -4.660324888553E-002  9.298015161646E-002 -2.716673209466E-004  4.969398695489E+000
  3.374425189910E+000  2.223186921865E-002 -4.219431121173E-002  8.384244155406E-002 -2.723167070668E-004  5.129185728861E+000
  3.425296231502E+000  2.019018177771E-002 -3.814572312724E-002  7.547939847379E-002 -2.729351495659E-004  5.296557302877E+000
  3.477148380094E+000  1.831019399031E-002 -3.443369607907E-002  6.783845513794E-002 -2.735196117764E-004  5.471958181832E+000
  3.530006825834E+000  1.658151650572E-002 -3.103549313739E-002  6.086931613371E-002 -2.740667480274E-004  5.655864578838E+000
  3.583897574256E+000  1.499422000326E-002 -2.792942718299E-002  5.452398646077E-002 -2.745728740664E-004  5.848786816688E+000
  3.638847478148E+000  1.353883124364E-002 -2.509485460911E-002  4.875678379880E-002 -2.750339377574E-004  6.051272260295E+000
  3.694884270887E+000  1.220632778480E-002 -2.251216492511E-002  4.352433606222E-002 -2.754454905544E-004  6.263908553416E+000
  3.752036601308E+000  1.098813146134E-002 -2.016276663784E-002  3.878556578236E-002 -2.758026604213E-004  6.487327196775E+000
  3.810334070199E+000  9.876100725702E-003 -1.802906977408E-002  3.450166278367E-002 -2.761001268052E-004  6.722207509712E+000
  3.869807268505E+000  8.862521948863E-003 -1.609446539394E-002  3.063604654143E-002 -2.763320984306E-004  6.969281023219E+000
  3.930487817331E+000  7.940099777110E-003 -1.434330243141E-002  2.715431952579E-002 -2.764922946350E-004  7.229336358807E+000
  3.992408409843E+000  7.101946640362E-003 -1.276086218419E-002  2.402421275375E-002 -2.765739310609E-004  7.503224655169E+000
  4.055602855172E+000  6.341571506211E-003 -1.133333076065E-002  2.121552468673E-002 -2.765697104690E-004  7.791865613193E+000
  4.120106124432E+000  5.652867972314E-003 -1.004776977814E-002  1.870005453027E-002 -2.764718194855E-004  8.096254239780E+000
  4.185954398964E+000  5.030101788056E-003 -8.892085592678E-003  1.645153091309E-002 -2.762719320111E-004  8.417468382218E+000
  4.253185120935E+000  4.467897894466E-003 -7.854997326743E-003  1.444553684724E-002 -2.759612199868E-004  8.756677157868E+000
  4.321837046422E+000  3.961227069224E-003 -6.926003948506E-003  1.265943179980E-002 -2.755303721092E-004  9.115150398816E+000
  4.391950301120E+000  3.505392261145E-003 -6.095350642450E-003  1.107227163873E-002 -2.749696209768E-004  9.494269248289E+000
  4.463566438835E+000  3.096014695854E-003 -5.353994698485E-003  9.664727152555E-003 -2.742687789746E-004  9.895538065306E+000
  4.536728502895E+000  2.729019831352E-003 -4.693571133446E-003  8.419001783961E-003 -2.734172830136E-004  1.032059781672E+001
  4.611481090679E+000  2.400623238932E-003 -4.106358245833E-003  7.318749161494E-003 -2.724042480499E-004  1.077124116185E+001
  4.687870421430E+000  2.107316481277E-003 -3.585243291426E-003  6.348990960871E-003 -2.712185290226E-004  1.124942946498E+001
  4.765944407533E+000  1.845853055745E-003 -3.123688454064E-003  5.496035577332E-003 -2.698487905685E-004  1.175731200560E+001
  4.845752729492E+000  1.613234466670E-003 -2.715697272297E-003  4.747398042551E-003 -2.682835836122E-004  1.229724769640E+001
  4.927346914797E+000  1.406696486137E-003 -2.355781668946E-003  4.091721573668E-003 -2.665114275820E-004  1.287182966487E+001
  5.010780420931E+000  1.223695658017E-003 -2.038929716638E-003  3.518701097503E-003 -2.645208967051E-004  1.348391310836E+001
  5.096108722763E+000  1.061896095276E-003 -1.760574258469E-003  3.019009049890E-003 -2.623007085629E-004  1.413664689365E+001
  5.183389404586E+000  9.191566155714E-004 -1.516562488833E-003  2.584223708238E-003 -2.598398127619E-004  1.483350944426E+001
  5.272682257105E+000  7.935182550481E-004 -1.303126585509E-003  2.206760274804E-003 -2.571274773810E-004  1.557834954156E+001
  5.364049379651E+000  6.831921951277E-004 -1.116855470254E-003  1.879804888980E-003 -2.541533706712E-004  1.637543276232E+001
  5.457555287978E+000  5.865481318625E-004 -9.546677615587E-004  1.597251709273E-003 -2.509076352942E-004  1.722949438747E+001
  5.553267027968E+000  5.021031122850E-004 -8.137859699768E-004  1.353643169723E-003 -2.473809524727E-004  1.814579974688E+001
  5.651254295630E+000  4.285108570696E-004 -6.917119736873E-004  1.144113481673E-003 -2.435645932980E-004  1.913021311687E+001
  5.751589563796E+000  3.645515838264E-004 -5.862037996558E-004  9.643354200689E-004 -2.394504547405E-004  2.018927646264E+001
  5.854348215936E+000  3.091223404919E-004 -4.952537241304E-004  8.104704041936E-004 -2.350310779873E-004  2.133029952308E+001
  5.959608687557E+000  2.612278536121E-004 -4.170676952008E-004  6.791218558768E-004 -2.302996471747E-004  2.256146297259E+001
  6.067452615683E+000  2.199718918715E-004 -3.500460698586E-004  5.672917939877E-004 -2.252499669421E-004  2.389193667078E+001
  6.177964996951E+000  1.845491410510E-004 -2.927656484432E-004  4.723406022818E-004 -2.198764177384E-004  2.533201533003E+001
  6.291234354880E+000  1.542375827287E-004 -2.439629805837E-004  3.919498884649E-004 -2.141738884422E-004  2.689327430058E+001
  6.407352916949E+000  1.283913655294E-004 -2.025189087677E-004  3.240883355215E-004 -2.081376864805E-004  2.858874859821E+001
  6.526416802128E+000  1.064341546002E-004 -1.674443085370E-004  2.669804318305E-004 -2.017634264120E-004  3.043313878943E+001
  6.648526219580E+000  8.785294229814E-005 -1.378669780433E-004  2.190779542212E-004 -1.950468987280E-004  3.244304790846E+001
  6.773785679311E+000  7.219230083565E-005 -1.130196243450E-004  1.790340678143E-004 -1.879839216207E-004  3.463725421869E+001
  6.902304215570E+000  5.904905588440E-005 -9.222888943172E-005  1.456798981361E-004 -1.805701793441E-004  3.703702535300E+001
  7.034195623922E+000  4.806735888870E-005 -7.490535556260E-005  1.180034245544E-004 -1.728010522766E-004  3.966648017999E+001
  7.169578712934E+000  3.893413510174E-005 -6.053446713316E-005  9.513053952619E-005 -1.646714449175E-004  4.255300564942E+001
  7.308577571516E+000  3.137488411592E-005 -4.866830496995E-005  7.630811547692E-005 -1.561756200925E-004  4.572773687364E+001
  7.451321853057E+000  2.514980988774E-005 -3.891814868868E-005  6.088892037033E-005 -1.473070496560E-004  4.922610980121E+001
  7.597947077547E+000  2.005025791624E-005 -3.094776351876E-005  4.831822418531E-005 -1.380582948580E-004  5.308849703494E+001
  7.748594953021E+000  1.589543826122E-005 -2.446734973912E-005  3.812194158309E-005 -1.284209328462E-004  5.736093863728E+001
  7.903413717736E+000  1.252941441135E-005 -1.922809549512E-005  2.989616097646E-005 -1.183855502193E-004  6.209598116142E+001
  8.062558504629E+000  9.818339545045E-006 -1.501727715120E-005  2.329791688925E-005 -1.079418294062E-004  6.735363967199E+001
  8.226191729726E+000  7.647923378498E-006 -1.165385531996E-005  1.803707074233E-005 -9.707875963715E-005  7.320249925008E+001
  8.394483506327E+000  5.921114468210E-006 -8.984519115942E-006  1.386917477215E-005 -8.578501041528E-005  7.972097457380E+001
  8.567612086926E+000  4.555984440669E-006 -6.880135811683E-006  1.058920436320E-005 -7.404951096733E-005  8.699874895535E+001
  8.745764335025E+000  3.483802077265E-006 -5.232567726302E-006  8.026055288389E-006 -6.186228282584E-005  9.513841831999E+001
  8.929136229160E+000  2.647286422968E-006 -3.951822657600E-006  6.037713802247E-006 -4.921557143479E-005  1.042573721454E+002
  9.117933401693E+000  1.999029066884E-006 -2.963508310143E-006  4.507018816081E-006 -3.610531258778E-005  1.144899542689E+002
  9.312371715124E+000  1.500076438954E-006 -2.206564836309E-006  3.337946121127E-006 -2.253294445457E-005  1.259899649056E+002
  9.512677878945E+000  1.118663381365E-006 -1.631252702696E-006  2.452354486122E-006 -8.507528639885E-006  1.389335962968E+002
  9.719090110332E+000  8.290894105608E-007 -1.197375575998E-006  1.787142185188E-006  5.951934808214E-006  1.535229459586E+002
  9.931858842267E+000  6.107290313324E-007 -8.727197957709E-007  1.291769949300E-006  2.081423077758E-005  1.699903350703E+002
  1.015124748302E+001  4.471672588225E-007 -6.316933181703E-007  9.261124189719E-007  3.603408081201E-005  1.886037915004E+002
  1.037753323129E+001  3.254512173706E-007 -4.541478646318E-007  6.586049457413E-007  5.155130313748E-005  2.096742595980E+002
  1.061100795175E+001  2.354483888360E-007 -3.243685102378E-007  4.646561723437E-007  6.729175462399E-005  2.335654016525E+002
  1.085197911611E+001  1.693018446797E-007 -2.302152293076E-007  3.252994114202E-007  8.317097488148E-005  2.607072977724E+002
  1.110077081537E+001  1.209726717752E-007 -1.624011116810E-007  2.260576792535E-007  9.910147924450E-005  2.916159857772E+002
  1.135772484956E+001  8.585983194977E-008 -1.138921897104E-007  1.559985785571E-007  1.150044837531E-004  3.269216936826E+002
  1.162320190175E+001  6.048790117863E-008 -7.941416624796E-008  1.069563050838E-007  1.308264558116E-004  3.674099496637E+002
  1.189758280382E+001  4.225351838500E-008 -5.505186939524E-008  7.289908349622E-008  1.465603252843E-004  4.140817838986E+002
  1.218126990242E+001  2.922192039689E-008 -3.792800738951E-008  4.942147270067E-008  1.622706455782E-004  4.682425042324E+002
  1.247468853413E+001  1.996561900954E-008 -2.594875046026E-008  3.334231252351E-008  1.781217200276E-004  5.316340944313E+002
  1.277828862002E+001  1.343804913893E-008 -1.760479174011E-008  2.239064333046E-008  1.944079183816E-004  6.066362289820E+002
  1.309254639077E+001  8.875840649498E-009 -1.181778267449E-008  1.496369517385E-008  2.115858375492E-004  6.965793344770E+002
  1.341796625462E+001  5.724198873289E-009 -7.823336264867E-009  9.942950086853E-009  2.303069637492E-004  8.062483650429E+002
  1.375508282195E+001  3.580684151522E-009 -5.083080114982E-009  6.556243603745E-009  2.514409168044E-004  9.427251215541E+002
  1.410446310162E+001  2.153431620035E-009 -3.219464838329E-009  4.275796889506E-009  2.760407542768E-004  1.116854820414E+003
  1.446670888596E+001  1.230531673853E-009 -1.968150021519E-009  2.743875585458E-009  3.050446485782E-004  1.345889750895E+003
  1.484245934302E+001  6.578912723395E-010 -1.143774213497E-009  1.719392630243E-009  3.378518205872E-004  1.658271779219E+003
  1.523239383723E+001  3.234165796015E-010 -6.157582208483E-010  1.040172582769E-009  3.660184279185E-004  2.101130328852E+003
  1.563723500136E+001  1.458036852430E-010 -2.914967876005E-010  5.967634501814E-010  3.463107615648E-004  2.740212551122E+003
  1.605775208607E+001  6.660414255900E-011 -1.048761640846E-010  3.146298020797E-010  1.264296657637E-004  3.558005958139E+003
  1.649476461582E+001  4.455378570104E-011 -8.532284946029E-012  1.423143394308E-010 -3.502696073683E-004  4.068292915129E+003
  1.694914638379E+001  5.142327472121E-011  3.134544758951E-011  4.374768542475E-011 -5.330347342083E-004  3.878411104823E+003
  1.742182982203E+001  6.887162174913E-011  3.854080965195E-011 -6.648231277296E-012 -4.543687858456E-004  3.518522357935E+003
  1.791381078784E+001  8.596240478868E-011  2.928477847457E-011 -2.705017900723E-011 -3.532758355496E-004  3.267916111084E+003
  1.842615381215E+001  9.713856558031E-011  1.408715977048E-011 -3.021260290923E-011 -2.762472127532E-004  3.137447901186E+003
  1.895999786176E+001  1.005481104921E-010 -8.230976245092E-013 -2.480163714267E-011 -2.206419340236E-004  3.101576139699E+003
  1.951656267356E+001  9.667355209687E-011 -1.231318838226E-011 -1.637366423254E-011 -1.798026364385E-004  3.142470379814E+003
  2.009715572669E+001  8.724824826521E-011 -1.935759709494E-011 -8.158581410323E-012 -1.488847878349E-004  3.251782674912E+003
  2.070317992707E+001  7.445027172393E-011 -2.222781502171E-011 -1.720562990291E-012 -1.247539453325E-004  3.428348709975E+003
  2.133614208874E+001  6.035735305190E-011 -2.185978403875E-011  2.482458971326E-012 -1.053927168808E-004  3.676746516897E+003
  2.199766230782E+001  4.663288115453E-011 -1.939718209884E-011  4.642811445824E-012 -8.947584143805E-005  4.006910746677E+003
  2.268948433818E+001  3.439971298237E-011 -1.589854034918E-011  5.256775363722E-012 -7.610988221113E-005  4.434610475618E+003
  2.341348709294E+001  2.425030567917E-011 -1.218416525053E-011  4.887308425527E-012 -6.467701513345E-005  4.982737547521E+003
  2.417169741362E+001  1.634056249541E-011 -8.789908342483E-012  4.024766324941E-012 -5.474000370005E-005  5.683529050211E+003
  2.496630426925E+001  1.052058632368E-011 -5.991530194722E-012  3.025928187199E-012 -4.598298365239E-005  6.582038781566E+003
  2.579967457140E+001  6.466349843431E-012 -3.865953454216E-012  2.107377446990E-012 -3.817362351468E-005  7.741420993000E+003
  2.667437081864E+001  3.789310945477E-012 -2.362602421949E-012  1.369823290354E-012 -3.113830921913E-005  9.250964267461E+003
  2.759317081651E+001  2.113517395049E-012 -1.367054329159E-012  8.342283877873E-013 -2.474548260534E-005  1.123841700550E+004
  2.855908975674E+001  1.119679350577E-012 -7.481176793730E-013  4.767542777835E-013 -1.889423424642E-005  1.388915619499E+004
  2.957540498378E+001  5.620286792544E-013 -3.865473702532E-013  2.557043860844E-013  0.000000000000E+000  0.000000000000E+000
  3.064568382919E+001  2.665445692962E-013 -1.881502247972E-013  1.285844672249E-013  0.000000000000E+000  0.000000000000E+000
  3.177381495601E+001  1.190491642381E-013 -8.603434311897E-014  6.051212846677E-014  0.000000000000E+000  0.000000000000E+000
  3.296404372807E+001  4.989365594467E-014 -3.683645439465E-014  2.658103756895E-014  0.000000000000E+000  0.000000000000E+000
  3.422101220608E+001  1.954121211654E-014 -1.471212335021E-014  1.086326426989E-014  0.000000000000E+000  0.000000000000E+000
  3.554980447538E+001  7.119678412456E-015 -5.457367242763E-015  4.114363543488E-015  0.000000000000E+000  0.000000000000E+000
  3.695599813319E+001  2.400815909743E-015 -1.871003419923E-015  1.437521669268E-015  0.000000000000E+000  0.000000000000E+000
  3.844572291106E+001  7.450467900419E-016 -5.896000234935E-016  4.609100554294E-016  0.000000000000E+000  0.000000000000E+000
  4.002572758518E+001  2.114426899787E-016 -1.697267964066E-016  1.348089632460E-016  0.000000000000E+000  0.000000000000E+000
  4.170345654134E+001  5.449239379344E-017 -4.432553874854E-017  3.572717348786E-017  0.000000000000E+000  0.000000000000E+000
  4.348713762001E+001  1.265369590202E-017 -1.042115870204E-017  8.514643742913E-018  0.000000000000E+000  0.000000000000E+000
  4.538588318162E+001  2.615883408763E-018 -2.178045145151E-018  1.800715947204E-018  0.000000000000E+000  0.000000000000E+000
  4.740980671574E+001  4.803874459254E-019 -4.193911732456E-019  3.530578953659E-019  0.000000000000E+000  0.000000000000E+000
  4.957015778746E+001  7.901483390449E-020 -6.433963597061E-020  4.727875809027E-020  0.000000000000E+000  0.000000000000E+000
  5.187947869225E+001  9.719558235560E-021 -8.251046317290E-021  1.120723238868E-020  0.000000000000E+000  0.000000000000E+000
  5.435178690397E+001  1.640649991379E-021 -1.256330396491E-021 -8.610437476077E-023  0.000000000000E+000  0.000000000000E+000
  5.700278828629E+001  2.070179603167E-023 -3.157268178352E-022  2.818424541763E-022  0.000000000000E+000  0.000000000000E+000
  5.985012714155E+001  2.741851729221E-023  0.000000000000E+000  0.000000000000E+000  0.000000000000E+000  0.000000000000E+000
  6.291368055481E+001  0.000000000000E+000  0.000000000000E+000  0.000000000000E+000  0.000000000000E+000  0.000000000000E+000
  6.621590623276E+001  0.000000000000E+000  0.000000000000E+000  0.000000000000E+000  0.000000000000E+000  0.000000000000E+000
  6.978225524452E+001  0.000000000000E+000  0.000000000000E+000  0.000000000000E+000  0.000000000000E+000  0.000000000000E+000
  7.364166388185E+001  0.000000000000E+000  0.000000000000E+000  0.000000000000E+000  0.000000000000E+000  0.000000000000E+000
  7.782714245929E+001  0.000000000000E+000  0.000000000000E+000  0.000000000000E+000  0.000000000000E+000  0.000000000000E+000
  8.237648351994E+001  0.000000000000E+000  0.000000000000E+000  0.000000000000E+000  0.000000000000E+000  0.000000000000E+000
  8.733311794502E+001  0.000000000000E+000  0.000000000000E+000  0.000000000000E+000  0.000000000000E+000  0.000000000000E+000
  9.274715535088E+001  0.000000000000E+000  0.000000000000E+000  0.000000000000E+000  0.000000000000E+000  0.000000000000E+000
  9.867665554529E+001  0.000000000000E+000  0.000000000000E+000  0.000000000000E+000  0.000000000000E+000  0.000000000000E+000
  1.051891916055E+002  0.000000000000E+000  0.000000000000E+000  0.000000000000E+000  0.000000000000E+000  0.000000000000E+000
  1.123637836013E+002  0.000000000000E+000  0.000000000000E+000  0.000000000000E+000  0.000000000000E+000  0.000000000000E+000
  1.202933069206E+002  0.000000000000E+000  0.000000000000E+000  0.000000000000E+000  0.000000000000E+000  0.000000000000E+000
  1.290875131414E+002  0.000000000000E+000  0.000000000000E+000  0.000000000000E+000  0.000000000000E+000  0.000000000000E+000
  1.388768482001E+002  0.000000000000E+000  0.000000000000E+000  0.000000000000E+000  0.000000000000E+000  0.000000000000E+000
  1.498173177370E+002  0.000000000000E+000  0.000000000000E+000  0.000000000000E+000  0.000000000000E+000  0.000000000000E+000
  1.620967411853E+002  0.000000000000E+000  0.000000000000E+000  0.000000000000E+000  0.000000000000E+000  0.000000000000E+000
  1.759428668168E+002  0.000000000000E+000  0.000000000000E+000  0.000000000000E+000  0.000000000000E+000  0.000000000000E+000
  1.916340085825E+002  0.000000000000E+000  0.000000000000E+000  0.000000000000E+000  0.000000000000E+000  0.000000000000E+000
  2.095131417987E+002  0.000000000000E+000  0.000000000000E+000  0.000000000000E+000  0.000000000000E+000  0.000000000000E+000
  2.300068054477E+002  0.000000000000E+000  0.000000000000E+000  0.000000000000E+000  0.000000000000E+000  0.000000000000E+000
  2.536507797910E+002  0.000000000000E+000  0.000000000000E+000  0.000000000000E+000  0.000000000000E+000  0.000000000000E+000
  2.811254638474E+002  0.000000000000E+000  0.000000000000E+000  0.000000000000E+000  0.000000000000E+000  0.000000000000E+000
  3.133053780630E+002  0.000000000000E+000  0.000000000000E+000  0.000000000000E+000  0.000000000000E+000  0.000000000000E+000
  3.513296254502E+002  0.000000000000E+000  0.000000000000E+000  0.000000000000E+000  0.000000000000E+000  0.000000000000E+000
  3.967041014107E+002  0.000000000000E+000  0.000000000000E+000  0.000000000000E+000  0.000000000000E+000  0.000000000000E+000
  4.514529193350E+002  0.000000000000E+000  0.000000000000E+000  0.000000000000E+000  0.000000000000E+000  0.000000000000E+000
  5.183481233601E+002  0.000000000000E+000  0.000000000000E+000  0.000000000000E+000  0.000000000000E+000  0.000000000000E+000
  6.012676077950E+002  0.000000000000E+000  0.000000000000E+000  0.000000000000E+000  0.000000000000E+000  0.000000000000E+000
  7.057700503752E+002  0.000000000000E+000  0.000000000000E+000  0.000000000000E+000  0.000000000000E+000  0.000000000000E+000
  8.400513767914E+002  0.000000000000E+000  0.000000000000E+000  0.000000000000E+000  0.000000000000E+000  0.000000000000E+000
  1.016602135495E+003  0.000000000000E+000  0.000000000000E+000  0.000000000000E+000  0.000000000000E+000  0.000000000000E+000
  1.255220715579E+003  0.000000000000E+000  0.000000000000E+000  0.000000000000E+000  0.000000000000E+000  0.000000000000E+000
  1.588815776243E+003  0.000000000000E+000  0.000000000000E+000  0.000000000000E+000  0.000000000000E+000  0.000000000000E+000
  2.075392011604E+003  0.000000000000E+000  0.000000000000E+000  0.000000000000E+000  0.000000000000E+000  0.000000000000E+000
  2.825079847528E+003  0.000000000000E+000  0.000000000000E+000  0.000000000000E+000  0.000000000000E+000  0.000000000000E+000
  4.068408296183E+003  0.000000000000E+000  0.000000000000E+000  0.000000000000E+000  0.000000000000E+000  0.000000000000E+000
  6.357262947672E+003  0.000000000000E+000  0.000000000000E+000  0.000000000000E+000  0.000000000000E+000  0.000000000000E+000
  1.130231930164E+004  0.000000000000E+000  0.000000000000E+000  0.000000000000E+000  0.000000000000E+000  0.000000000000E+000
  2.543105175136E+004  0.000000000000E+000  0.000000000000E+000  0.000000000000E+000  0.000000000000E+000  0.000000000000E+000
  1.017262069952E+005  0.000000000000E+000  0.000000000000E+000  0.000000000000E+000  0.000000000000E+000  0.000000000000E+000
