# 1st line: number of mesh points
# abcissa wavefunction wavefunction_1st wavefunction_2nd
500
# Principal QN=   1 , l=   1 , Occupation=   1.9990
  9.830308526563E-006  6.125773737983E-005  6.231343728527E+000 -3.530744485815E+001
  3.932200719722E-005  2.450152951432E-004  6.230302524744E+000 -3.530251195431E+001
  8.847741541467E-005  5.512257124553E-004  6.228567417412E+000 -3.529429115093E+001
  1.573003992805E-004  9.798107288916E-004  6.226138754993E+000 -3.528278350299E+001
  2.457963722418E-004  1.530660795900E-003  6.223017025333E+000 -3.526799048850E+001
  3.539722959954E-004  2.203635092859E-003  6.219202855665E+000 -3.524991400941E+001
  4.818366816529E-004  2.998561547752E-003  6.214697012607E+000 -3.522855639292E+001
  6.293995911626E-004  3.915236862472E-003  6.209500402165E+000 -3.520392039300E+001
  7.966726389935E-004  4.953426542786E-003  6.203614069730E+000 -3.517600919220E+001
  9.836689940782E-004  6.112864932981E-003  6.197039200078E+000 -3.514482640375E+001
  1.190403382016E-003  7.393255255228E-003  6.189777117369E+000 -3.511037607390E+001
  1.416892087541E-003  8.794269653695E-003  6.181829285138E+000 -3.507266268453E+001
  1.663152957245E-003  1.031554924345E-002  6.173197306296E+000 -3.503169115606E+001
  1.929205402573E-003  1.195670416421E-002  6.163882923114E+000 -3.498746685053E+001
  2.215070403073E-003  1.371731363894E-002  6.153888017218E+000 -3.493999557503E+001
  2.520770509919E-003  1.559692603746E-002  6.143214609567E+000 -3.488928358532E+001
  2.846329849692E-003  1.759505894494E-002  6.131864860439E+000 -3.483533758964E+001
  3.191774128432E-003  1.971119923553E-002  6.119841069406E+000 -3.477816475291E+001
  3.557130635959E-003  2.194480315106E-002  6.107145675298E+000 -3.471777270095E+001
  3.942428250463E-003  2.429529638493E-002  6.093781256176E+000 -3.465416952511E+001
  4.347697443358E-003  2.676207417125E-002  6.079750529280E+000 -3.458736378695E+001
  4.772970284417E-003  2.934450137930E-002  6.065056350983E+000 -3.451736452328E+001
  5.218280447175E-003  3.204191261340E-002  6.049701716729E+000 -3.444418125122E+001
  5.683663214611E-003  3.485361231822E-002  6.033689760963E+000 -3.436782397363E+001
  6.169155485101E-003  3.777887488972E-002  6.017023757051E+000 -3.428830318457E+001
  6.674795778653E-003  4.081694479168E-002  5.999707117188E+000 -3.420562987498E+001
  7.200624243425E-003  4.396703667798E-002  5.981743392294E+000 -3.411981553857E+001
  7.746682662519E-003  4.722833552073E-002  5.963136271894E+000 -3.403087217775E+001
  8.313014461060E-003  5.059999674430E-002  5.943889583986E+000 -3.393881230982E+001
  8.899664713569E-003  5.408114636541E-002  5.924007294893E+000 -3.384364897314E+001
  9.506680151615E-003  5.767088113923E-002  5.903493509095E+000 -3.374539573357E+001
  1.013410917176E-002  6.136826871189E-002  5.882352469047E+000 -3.364406669091E+001
  1.078200184380E-002  6.517234777909E-002  5.860588554974E+000 -3.353967648542E+001
  1.145040991929E-002  6.908212825132E-002  5.838206284649E+000 -3.343224030451E+001
  1.213938684040E-002  7.309659142552E-002  5.815210313144E+000 -3.332177388944E+001
  1.284898774901E-002  7.721469016341E-002  5.791605432564E+000 -3.320829354201E+001
  1.357926949620E-002  8.143534907656E-002  5.767396571751E+000 -3.309181613141E+001
  1.433029065191E-002  8.575746471833E-002  5.742588795965E+000 -3.297235910104E+001
  1.510211151509E-002  9.017990578281E-002  5.717187306537E+000 -3.284994047526E+001
  1.589479412397E-002  9.470151331080E-002  5.691197440495E+000 -3.272457886632E+001
  1.670840226680E-002  9.932110090302E-002  5.664624670157E+000 -3.259629348109E+001
  1.754300149280E-002  1.040374549406E-001  5.637474602694E+000 -3.246510412784E+001
  1.839865912351E-002  1.088493348131E-001  5.609752979661E+000 -3.233103122301E+001
  1.927544426443E-002  1.137554731539E-001  5.581465676492E+000 -3.219409579781E+001
  2.017342781695E-002  1.187545760833E-001  5.552618701961E+000 -3.205431950484E+001
  2.109268249069E-002  1.238453234597E-001  5.523218197603E+000 -3.191172462458E+001
  2.203328281612E-002  1.290263691379E-001  5.493270437097E+000 -3.176633407175E+001
  2.299530515754E-002  1.342963412362E-001  5.462781825613E+000 -3.161817140157E+001
  2.397882772639E-002  1.396538424114E-001  5.431758899111E+000 -3.146726081586E+001
  2.498393059493E-002  1.450974501413E-001  5.400208323597E+000 -3.131362716899E+001
  2.601069571024E-002  1.506257170167E-001  5.368136894342E+000 -3.115729597366E+001
  2.705920690860E-002  1.562371710408E-001  5.335551535042E+000 -3.099829340648E+001
  2.812954993023E-002  1.619303159374E-001  5.302459296943E+000 -3.083664631333E+001
  2.922181243436E-002  1.677036314683E-001  5.268867357905E+000 -3.067238221450E+001
  3.033608401473E-002  1.735555737585E-001  5.234783021425E+000 -3.050552930959E+001
  3.147245621542E-002  1.794845756308E-001  5.200213715601E+000 -3.033611648216E+001
  3.263102254705E-002  1.854890469490E-001  5.165166992042E+000 -3.016417330405E+001
  3.381187850339E-002  1.915673749705E-001  5.129650524730E+000 -2.998973003951E+001
  3.501512157837E-002  1.977179247072E-001  5.093672108814E+000 -2.981281764887E+001
  3.624085128345E-002  2.039390392963E-001  5.057239659356E+000 -2.963346779200E+001
  3.748916916538E-002  2.102290403800E-001  5.020361210010E+000 -2.945171283138E+001
  3.876017882444E-002  2.165862284946E-001  4.983044911643E+000 -2.926758583481E+001
  4.005398593302E-002  2.230088834682E-001  4.945299030894E+000 -2.908112057769E+001
  4.137069825459E-002  2.294952648295E-001  4.907131948668E+000 -2.889235154500E+001
  4.271042566323E-002  2.360436122238E-001  4.868552158565E+000 -2.870131393275E+001
  4.407328016341E-002  2.426521458407E-001  4.829568265242E+000 -2.850804364911E+001
  4.545937591035E-002  2.493190668496E-001  4.790188982709E+000 -2.831257731497E+001
  4.686882923075E-002  2.560425578457E-001  4.750423132554E+000 -2.811495226414E+001
  4.830175864396E-002  2.628207833054E-001  4.710279642102E+000 -2.791520654300E+001
  4.975828488365E-002  2.696518900515E-001  4.669767542493E+000 -2.771337890967E+001
  5.123853091993E-002  2.765340077271E-001  4.628895966704E+000 -2.750950883267E+001
  5.274262198188E-002  2.834652492805E-001  4.587674147480E+000 -2.730363648904E+001
  5.427068558066E-002  2.904437114586E-001  4.546111415205E+000 -2.709580276192E+001
  5.582285153302E-002  2.974674753105E-001  4.504217195689E+000 -2.688604923752E+001
  5.739925198530E-002  3.045346067003E-001  4.462001007883E+000 -2.667441820164E+001
  5.900002143803E-002  3.116431568297E-001  4.419472461517E+000 -2.646095263542E+001
  6.062529677088E-002  3.187911627699E-001  4.376641254658E+000 -2.624569621062E+001
  6.227521726827E-002  3.259766480033E-001  4.333517171194E+000 -2.602869328425E+001
  6.394992464542E-002  3.331976229739E-001  4.290110078237E+000 -2.580998889253E+001
  6.564956307496E-002  3.404520856475E-001  4.246429923447E+000 -2.558962874419E+001
  6.737427921404E-002  3.477380220811E-001  4.202486732274E+000 -2.536765921323E+001
  6.912422223211E-002  3.550534070012E-001  4.158290605125E+000 -2.514412733086E+001
  7.089954383907E-002  3.623962043913E-001  4.113851714449E+000 -2.491908077684E+001
  7.270039831418E-002  3.697643680879E-001  4.069180301740E+000 -2.469256787011E+001
  7.452694253540E-002  3.771558423858E-001  4.024286674459E+000 -2.446463755873E+001
  7.637933600943E-002  3.845685626516E-001  3.979181202881E+000 -2.423533940908E+001
  7.825774090225E-002  3.920004559455E-001  3.933874316854E+000 -2.400472359436E+001
  8.016232207035E-002  3.994494416520E-001  3.888376502487E+000 -2.377284088236E+001
  8.209324709253E-002  4.069134321181E-001  3.842698298749E+000 -2.353974262246E+001
  8.405068630235E-002  4.143903332993E-001  3.796850293995E+000 -2.330548073197E+001
  8.603481282122E-002  4.218780454141E-001  3.750843122411E+000 -2.307010768157E+001
  8.804580259214E-002  4.293744636046E-001  3.704687460385E+000 -2.283367648020E+001
  9.008383441408E-002  4.368774786059E-001  3.658394022790E+000 -2.259624065897E+001
  9.214908997710E-002  4.443849774209E-001  3.611973559207E+000 -2.235785425451E+001
  9.424175389809E-002  4.518948440028E-001  3.565436850054E+000 -2.211857179138E+001
  9.636201375725E-002  4.594049599436E-001  3.518794702660E+000 -2.187844826384E+001
  9.851006013526E-002  4.669132051690E-001  3.472057947249E+000 -2.163753911679E+001
  1.006860866512E-001  4.744174586383E-001  3.425237432865E+000 -2.139590022597E+001
  1.028902900012E-001  4.819155990507E-001  3.378344023219E+000 -2.115358787734E+001
  1.051228699979E-001  4.894055055563E-001  3.331388592474E+000 -2.091065874579E+001
  1.073840296104E-001  4.968850584715E-001  3.284382020956E+000 -2.066716987300E+001
  1.096739750056E-001  5.043521399994E-001  3.237335190809E+000 -2.042317864457E+001
  1.119929155896E-001  5.118046349538E-001  3.190258981582E+000 -2.017874276645E+001
  1.143410640503E-001  5.192404314868E-001  3.143164265756E+000 -1.993392024054E+001
  1.167186364011E-001  5.266574218197E-001  3.096061904216E+000 -1.968876933963E+001
  1.191258520249E-001  5.340535029764E-001  3.048962741665E+000 -1.944334858153E+001
  1.215629337189E-001  5.414265775194E-001  3.001877601988E+000 -1.919771670262E+001
  1.240301077413E-001  5.487745542872E-001  2.954817283560E+000 -1.895193263050E+001
  1.265276038575E-001  5.560953491335E-001  2.907792554519E+000 -1.870605545614E+001
  1.290556553882E-001  5.633868856667E-001  2.860814147980E+000 -1.846014440521E+001
  1.316144992580E-001  5.706470959905E-001  2.813892757221E+000 -1.821425880885E+001
  1.342043760450E-001  5.778739214430E-001  2.767039030828E+000 -1.796845807369E+001
  1.368255300316E-001  5.850653133369E-001  2.720263567801E+000 -1.772280165134E+001
  1.394782092560E-001  5.922192336967E-001  2.673576912639E+000 -1.747734900719E+001
  1.421626655646E-001  5.993336559951E-001  2.626989550394E+000 -1.723215958868E+001
  1.448791546661E-001  6.064065658866E-001  2.580511901703E+000 -1.698729279298E+001
  1.476279361856E-001  6.134359619383E-001  2.534154317803E+000 -1.674280793409E+001
  1.504092737207E-001  6.204198563569E-001  2.487927075534E+000 -1.649876420949E+001
  1.532234348983E-001  6.273562757119E-001  2.441840372329E+000 -1.625522066625E+001
  1.560706914324E-001  6.342432616533E-001  2.395904321205E+000 -1.601223616668E+001
  1.589513191834E-001  6.410788716246E-001  2.350128945752E+000 -1.576986935355E+001
  1.618655982178E-001  6.478611795693E-001  2.304524175120E+000 -1.552817861491E+001
  1.648138128702E-001  6.545882766308E-001  2.259099839031E+000 -1.528722204849E+001
  1.677962518056E-001  6.612582718451E-001  2.213865662793E+000 -1.504705742586E+001
  1.708132080832E-001  6.678692928251E-001  2.168831262339E+000 -1.480774215615E+001
  1.738649792215E-001  6.744194864363E-001  2.124006139297E+000 -1.456933324960E+001
  1.769518672648E-001  6.809070194638E-001  2.079399676080E+000 -1.433188728082E+001
  1.800741788507E-001  6.873300792683E-001  2.035021131024E+000 -1.409546035190E+001
  1.832322252791E-001  6.936868744319E-001  1.990879633566E+000 -1.386010805529E+001
  1.864263225826E-001  6.999756353928E-001  1.946984179463E+000 -1.362588543665E+001
  1.896567915983E-001  7.061946150672E-001  1.903343626079E+000 -1.339284695757E+001
  1.929239580409E-001  7.123420894592E-001  1.859966687718E+000 -1.316104645826E+001
  1.962281525771E-001  7.184163582571E-001  1.816861931034E+000 -1.293053712029E+001
  1.995697109023E-001  7.244157454153E-001  1.774037770513E+000 -1.270137142936E+001
  2.029489738173E-001  7.303385997218E-001  1.731502464024E+000 -1.247360113819E+001
  2.063662873085E-001  7.361832953504E-001  1.689264108470E+000 -1.224727722955E+001
  2.098220026275E-001  7.419482323966E-001  1.647330635518E+000 -1.202244987951E+001
  2.133164763746E-001  7.476318373967E-001  1.605709807433E+000 -1.179916842096E+001
  2.168500705817E-001  7.532325638303E-001  1.564409213019E+000 -1.157748130738E+001
  2.204231527988E-001  7.587488926041E-001  1.523436263661E+000 -1.135743607701E+001
  2.240360961807E-001  7.641793325174E-001  1.482798189497E+000 -1.113907931745E+001
  2.276892795770E-001  7.695224207086E-001  1.442502035700E+000 -1.092245663065E+001
  2.313830876220E-001  7.747767230818E-001  1.402554658902E+000 -1.070761259847E+001
  2.351179108282E-001  7.799408347139E-001  1.362962723749E+000 -1.049459074885E+001
  2.388941456809E-001  7.850133802392E-001  1.323732699596E+000 -1.028343352247E+001
  2.427121947345E-001  7.899930142149E-001  1.284870857357E+000 -1.007418224026E+001
  2.465724667110E-001  7.948784214632E-001  1.246383266506E+000 -9.866877071504E+000
  2.504753766009E-001  7.996683173915E-001  1.208275792240E+000 -9.661557002849E+000
  2.544213457654E-001  8.043614482908E-001  1.170554092812E+000 -9.458259808086E+000
  2.584108020414E-001  8.089565916098E-001  1.133223617034E+000 -9.257022018870E+000
  2.624441798480E-001  8.134525562062E-001  1.096289601961E+000 -9.057878896405E+000
  2.665219202956E-001  8.178481825745E-001  1.059757070756E+000 -8.860864404137E+000
  2.706444712976E-001  8.221423430492E-001  1.023630830755E+000 -8.666011181523E+000
  2.748122876832E-001  8.263339419838E-001  9.879154717127E-001 -8.473350518934E+000
  2.790258313137E-001  8.304219159055E-001  9.526153642640E-001 -8.282912333735E+000
  2.832855712010E-001  8.344052336449E-001  9.177346585797E-001 -8.094725147612E+000
  2.875919836279E-001  8.382828964411E-001  8.832772832381E-001 -7.908816065186E+000
  2.919455522717E-001  8.420539380215E-001  8.492469443096E-001 -7.725210753968E+000
  2.963467683296E-001  8.457174246573E-001  8.156471246608E-001 -7.543933425718E+000
  3.007961306479E-001  8.492724551929E-001  7.824810834803E-001 -7.365006819243E+000
  3.052941458522E-001  8.527181610519E-001  7.497518560318E-001 -7.188452184695E+000
  3.098413284823E-001  8.560537062165E-001  7.174622536361E-001 -7.014289269409E+000
  3.144382011281E-001  8.592782871842E-001  6.856148638860E-001 -6.842536305331E+000
  3.190852945695E-001  8.623911328984E-001  6.542120510961E-001 -6.673209998079E+000
  3.237831479192E-001  8.653915046561E-001  6.232559569898E-001 -6.506325517677E+000
  3.285323087679E-001  8.682786959913E-001  5.927485016260E-001 -6.341896491011E+000
  3.333333333333E-001  8.710520325346E-001  5.626913845658E-001 -6.179934996029E+000
  3.381867866117E-001  8.737108718512E-001  5.330860862807E-001 -6.020451557740E+000
  3.430932425333E-001  8.762546032552E-001  5.039338698038E-001 -5.863455146028E+000
  3.480532841203E-001  8.786826476024E-001  4.752357826223E-001 -5.708953175329E+000
  3.530675036492E-001  8.809944570631E-001  4.469926588124E-001 -5.556951506175E+000
  3.581365028158E-001  8.831895148727E-001  4.192051214149E-001 -5.407454448660E+000
  3.632608929041E-001  8.852673350642E-001  3.918735850513E-001 -5.260464767822E+000
  3.684412949588E-001  8.872274621814E-001  3.649982587766E-001 -5.115983690978E+000
  3.736783399619E-001  8.890694709737E-001  3.385791491684E-001 -4.974010917017E+000
  3.789726690123E-001  8.907929660756E-001  3.126160636480E-001 -4.834544627668E+000
  3.843249335105E-001  8.923975816686E-001  2.871086140313E-001 -4.697581500750E+000
  3.897357953460E-001  8.938829811300E-001  2.620562203037E-001 -4.563116725405E+000
  3.952059270903E-001  8.952488566674E-001  2.374581146162E-001 -4.431144019318E+000
  4.007360121927E-001  8.964949289411E-001  2.133133454958E-001 -4.301655647919E+000
  4.063267451812E-001  8.976209466763E-001  1.896207822668E-001 -4.174642445559E+000
  4.119788318683E-001  8.986266862649E-001  1.663791196734E-001 -4.050093838648E+000
  4.176929895600E-001  8.995119513597E-001  1.435868826996E-001 -3.927997870732E+000
  4.234699472710E-001  9.002765724624E-001  1.212424315772E-001 -3.808341229505E+000
  4.293104459435E-001  9.009204065064E-001  9.934396697391E-002 -3.691109275707E+000
  4.352152386716E-001  9.014433364359E-001  7.788953535391E-002 -3.576286073900E+000
  4.411850909306E-001  9.018452707838E-001  5.687703449961E-002 -3.463854425069E+000
  4.472207808110E-001  9.021261432497E-001  3.630421918656E-002 -3.353795901019E+000
  4.533230992589E-001  9.022859122796E-001  1.616870699981E-002 -3.246090880520E+000
  4.594928503202E-001  9.023245606488E-001 -3.532015718875E-003 -3.140718587152E+000
  4.657308513924E-001  9.022420950513E-001 -2.280058780469E-002 -3.037657128791E+000
  4.720379334802E-001  9.020385456956E-001 -4.163976709660E-002 -2.936883538684E+000
  4.784149414579E-001  9.017139659101E-001 -6.005242416989E-002 -2.838373818041E+000
  4.848627343381E-001  9.012684317600E-001 -7.804153598782E-002 -2.742102980086E+000
  4.913821855461E-001  9.007020416770E-001 -9.561017948595E-002 -2.648045095476E+000
  4.979741832006E-001  9.000149161041E-001 -1.127615251035E-001 -2.556173339031E+000
  5.046396304008E-001  8.992071971578E-001 -1.294988302761E-001 -2.466460037677E+000
  5.113794455212E-001  8.982790483092E-001 -1.458254329056E-001 -2.378876719514E+000
  5.181945625116E-001  8.972306540860E-001 -1.617447448211E-001 -2.293394163931E+000
  5.250859312060E-001  8.960622197974E-001 -1.772602452488E-001 -2.209982452654E+000
  5.320545176366E-001  8.947739712844E-001 -1.923754743050E-001 -2.128611021636E+000
  5.391013043575E-001  8.933661546963E-001 -2.070940265295E-001 -2.049248713689E+000
  5.462272907741E-001  8.918390362964E-001 -2.214195444759E-001 -1.971863831736E+000
  5.534334934816E-001  8.901929022973E-001 -2.353557123759E-001 -1.896424192582E+000
  5.607209466109E-001  8.884280587298E-001 -2.489062498933E-001 -1.822897181085E+000
  5.680907021827E-001  8.865448313442E-001 -2.620749059861E-001 -1.751249804610E+000
  5.755438304707E-001  8.845435655484E-001 -2.748654528932E-001 -1.681448747638E+000
  5.830814203728E-001  8.824246263821E-001 -2.872816802620E-001 -1.613460426422E+000
  5.907045797917E-001  8.801883985304E-001 -2.993273894357E-001 -1.547251043539E+000
  5.984144360243E-001  8.778352863769E-001 -3.110063879147E-001 -1.482786642234E+000
  6.062121361613E-001  8.753657140976E-001 -3.223224840105E-001 -1.420033160415E+000
  6.140988474955E-001  8.727801257980E-001 -3.332794817084E-001 -1.358956484161E+000
  6.220757579409E-001  8.700789856921E-001 -3.438811757533E-001 -1.299522500633E+000
  6.301440764614E-001  8.672627783273E-001 -3.541313469771E-001 -1.241697150226E+000
  6.383050335109E-001  8.643320088520E-001 -3.640337578797E-001 -1.185446477858E+000
  6.465598814833E-001  8.612872033307E-001 -3.735921484809E-001 -1.130736683245E+000
  6.549098951744E-001  8.581289091031E-001 -3.828102324561E-001 -1.077534170039E+000
  6.633563722545E-001  8.548576951900E-001 -3.916916935687E-001 -1.025805593696E+000
  6.719006337539E-001  8.514741527453E-001 -4.002401824133E-001 -9.755179079538E-001
  6.805440245593E-001  8.479788955530E-001 -4.084593134805E-001 -9.266384097780E-001
  6.892879139233E-001  8.443725605705E-001 -4.163526625539E-001 -8.791347826730E-001
  6.981336959871E-001  8.406558085157E-001 -4.239237644512E-001 -8.329751382225E-001
  7.070827903152E-001  8.368293244991E-001 -4.311761111158E-001 -7.881280557526E-001
  7.161366424455E-001  8.328938186979E-001 -4.381131500691E-001 -7.445626200031E-001
  7.252967244510E-001  8.288500270722E-001 -4.447382832294E-001 -7.022484567002E-001
  7.345645355186E-001  8.246987121213E-001 -4.510548661020E-001 -6.611557659311E-001
  7.439416025400E-001  8.204406636781E-001 -4.570662073467E-001 -6.212553532234E-001
  7.534294807203E-001  8.160766997404E-001 -4.627755687240E-001 -5.825186582413E-001
  7.630297542000E-001  8.116076673355E-001 -4.681861654221E-001 -5.449177810159E-001
  7.727440366954E-001  8.070344434169E-001 -4.733011667651E-001 -5.084255056355E-001
  7.825739721536E-001  8.023579357896E-001 -4.781236973004E-001 -4.730153213287E-001
  7.925212354258E-001  7.975790840615E-001 -4.826568382628E-001 -4.386614408811E-001
  8.025875329584E-001  7.926988606167E-001 -4.869036294101E-001 -4.053388163364E-001
  8.127746035011E-001  7.877182716085E-001 -4.908670712255E-001 -3.730231519409E-001
  8.230842188350E-001  7.826383579667E-001 -4.945501274767E-001 -3.416909142997E-001
  8.335181845190E-001  7.774601964170E-001 -4.979557281249E-001 -3.113193397231E-001
  8.440783406568E-001  7.721849005066E-001 -5.010867725701E-001 -2.818864387533E-001
  8.547665626839E-001  7.668136216330E-001 -5.039461332221E-001 -2.533709978682E-001
  8.655847621758E-001  7.613475500693E-001 -5.065366593811E-001 -2.257525783739E-001
  8.765348876780E-001  7.557879159836E-001 -5.088611814121E-001 -1.990115125069E-001
  8.876189255584E-001  7.501359904457E-001 -5.109225151967E-001 -1.731288967764E-001
  8.988389008829E-001  7.443930864152E-001 -5.127234668403E-001 -1.480865825912E-001
  9.101968783143E-001  7.385605597084E-001 -5.142668376167E-001 -1.238671642251E-001
  9.216949630368E-001  7.326398099348E-001 -5.155554291248E-001 -1.004539641864E-001
  9.333353017046E-001  7.266322814001E-001 -5.165920486357E-001 -7.783101606816E-002
  9.451200834176E-001  7.205394639686E-001 -5.173795146030E-001 -5.598304496770E-002
  9.570515407237E-001  7.143628938795E-001 -5.179206623109E-001 -3.489544557435E-002
  9.691319506484E-001  7.081041545108E-001 -5.182183496309E-001 -1.455425803445E-002
  9.813636357544E-001  7.017648770849E-001 -5.182754628593E-001  5.053858285323E-003
  9.937489652293E-001  6.953467413100E-001 -5.180949226038E-001  2.394165300649E-002
  1.006290356005E+000  6.888514759508E-001 -5.176796896888E-001  4.212131477893E-002
  1.018990273907E+000  6.822808593226E-001 -5.170327710477E-001  5.960450300336E-002
  1.031851234841E+000  6.756367197037E-001 -5.161572255691E-001  7.640238107826E-002
  1.044875806003E+000  6.689209356584E-001 -5.150561698629E-001  9.252565100492E-002
  1.058066607138E+000  6.621354362671E-001 -5.137327839149E-001  1.079845891772E-001
  1.071426311823E+000  6.552822012561E-001 -5.121903165934E-001  1.227890831759E-001
  1.084957648792E+000  6.483632610232E-001 -5.104320909759E-001  1.369486693805E-001
  1.098663403298E+000  6.413806965525E-001 -5.084615094612E-001  1.504725712089E-001
  1.112546418516E+000  6.343366392153E-001 -5.062820586337E-001  1.633697377871E-001
  1.126609596985E+000  6.272332704508E-001 -5.038973138463E-001  1.756488828520E-001
  1.140855902095E+000  6.200728213244E-001 -5.013109434903E-001  1.873185236850E-001
  1.155288359613E+000  6.128575719574E-001 -4.985267129208E-001  1.983870198748E-001
  1.169910059257E+000  6.055898508270E-001 -4.955484880061E-001  2.088626117052E-001
  1.184724156317E+000  5.982720339324E-001 -4.923802382730E-001  2.187534579685E-001
  1.199733873325E+000  5.909065438243E-001 -4.890260396200E-001  2.280676730025E-001
  1.214942501771E+000  5.834958484970E-001 -4.854900765714E-001  2.368133627555E-001
  1.230353403874E+000  5.760424601407E-001 -4.817766440494E-001  2.449986596872E-001
  1.245970014403E+000  5.685489337531E-001 -4.778901486410E-001  2.526317563173E-001
  1.261795842559E+000  5.610178656109E-001 -4.738351093394E-001  2.597209372430E-001
  1.277834473907E+000  5.534518916010E-001 -4.696161577430E-001  2.662746094516E-001
  1.294089572372E+000  5.458536854115E-001 -4.652380376964E-001  2.723013307642E-001
  1.310564882294E+000  5.382259565862E-001 -4.607056043606E-001  2.778098362578E-001
  1.327264230548E+000  5.305714484427E-001 -4.560238227037E-001  2.828090625210E-001
  1.344191528724E+000  5.228929358592E-001 -4.511977654043E-001  2.873081696142E-001
  1.361350775387E+000  5.151932229309E-001 -4.462326101645E-001  2.913165606139E-001
  1.378746058390E+000  5.074751405038E-001 -4.411336364331E-001  2.948438986389E-001
  1.396381557275E+000  4.997415435882E-001 -4.359062215401E-001  2.979001212666E-001
  1.414261545744E+000  4.919953086582E-001 -4.305558362499E-001  3.004954522669E-001
  1.432390394201E+000  4.842393308453E-001 -4.250880397433E-001  3.026404105933E-001
  1.450772572390E+000  4.764765210301E-001 -4.195084740399E-001  3.043458165905E-001
  1.469412652102E+000  4.687098028435E-001 -4.138228578786E-001  3.056227953937E-001
  1.488315309978E+000  4.609421095819E-001 -4.080369800761E-001  3.064827775101E-001
  1.507485330398E+000  4.531763810487E-001 -4.021566923854E-001  3.069374965952E-001
  1.526927608467E+000  4.454155603287E-001 -3.961879018826E-001  3.069989844496E-001
  1.546647153093E+000  4.376625905081E-001 -3.901365629103E-001  3.066795632812E-001
  1.566649090169E+000  4.299204113480E-001 -3.840086686117E-001  3.059918352980E-001
  1.586938665861E+000  4.221919559240E-001 -3.778102420893E-001  3.049486697087E-001
  1.607521250000E+000  4.144801472421E-001 -3.715473272294E-001  3.035631872293E-001
  1.628402339588E+000  4.067878948438E-001 -3.652259792310E-001  3.018487422090E-001
  1.649587562420E+000  3.991180914097E-001 -3.588522548839E-001  2.998189025041E-001
  1.671082680832E+000  3.914736093766E-001 -3.524322026415E-001  2.974874272432E-001
  1.692893595565E+000  3.838572975775E-001 -3.459718525356E-001  2.948682426421E-001
  1.715026349769E+000  3.762719779183E-001 -3.394772059821E-001  2.919754160389E-001
  1.737487133138E+000  3.687204421022E-001 -3.329542255283E-001  2.888231283319E-001
  1.760282286187E+000  3.612054484145E-001 -3.264088245929E-001  2.854256450131E-001
  1.783418304674E+000  3.537297185780E-001 -3.198468572508E-001  2.817972860009E-001
  1.806901844175E+000  3.462959346930E-001 -3.132741081141E-001  2.779523944810E-001
  1.830739724818E+000  3.389067362693E-001 -3.066962823628E-001  2.739053049726E-001
  1.854938936184E+000  3.315647173645E-001 -3.001189959761E-001  2.696703108417E-001
  1.879506642368E+000  3.242724238350E-001 -2.935477662146E-001  2.652616314855E-001
  1.904450187236E+000  3.170323507121E-001 -2.869880024035E-001  2.606933794139E-001
  1.929777099847E+000  3.098469397094E-001 -2.804449970662E-001  2.559795274545E-001
  1.955495100083E+000  3.027185768704E-001 -2.739239174512E-001  2.511338763036E-001
  1.981612104475E+000  2.956495903635E-001 -2.674297974992E-001  2.461700226449E-001
  2.008136232230E+000  2.886422484296E-001 -2.609675302897E-001  2.411013280489E-001
  2.035075811486E+000  2.816987574875E-001 -2.545418610055E-001  2.359408888620E-001
  2.062439385788E+000  2.748212604013E-001 -2.481573804498E-001  2.307015072839E-001
  2.090235720801E+000  2.680118349123E-001 -2.418185191464E-001  2.253956638213E-001
  2.118473811262E+000  2.612724922374E-001 -2.355295420512E-001  2.200354912958E-001
  2.147162888201E+000  2.546051758339E-001 -2.292945438961E-001  2.146327505689E-001
  2.176312426413E+000  2.480117603301E-001 -2.231174451840E-001  2.091988081342E-001
  2.205932152222E+000  2.414940506211E-001 -2.170019888502E-001  2.037446157090E-001
  2.236032051522E+000  2.350537811236E-001 -2.109517375959E-001  1.982806919433E-001
  2.266622378129E+000  2.286926151889E-001 -2.049700719006E-001  1.928171063451E-001
  2.297713662445E+000  2.224121446661E-001 -1.990601887098E-001  1.873634655008E-001
  2.329316720450E+000  2.162138896094E-001 -1.932251007939E-001  1.819289016547E-001
  2.361442663038E+000  2.100992981226E-001 -1.874676367648E-001  1.765220636871E-001
  2.394102905709E+000  2.040697463303E-001 -1.817904417356E-001  1.711511105137E-001
  2.427309178642E+000  1.981265384687E-001 -1.761959786007E-001  1.658237069076E-001
  2.461073537146E+000  1.922709070821E-001 -1.706865299119E-001  1.605470217265E-001
  2.495408372530E+000  1.865040133170E-001 -1.652642003180E-001  1.553277285057E-001
  2.530326423398E+000  1.808269472997E-001 -1.599309195347E-001  1.501720083599E-001
  2.565840787378E+000  1.752407285861E-001 -1.546884458050E-001  1.450855551183E-001
  2.601964933334E+000  1.697463066704E-001 -1.495383698079E-001  1.400735825977E-001
  2.638712714049E+000  1.643445615406E-001 -1.444821189692E-001  1.351408339028E-001
  2.676098379430E+000  1.590363042668E-001 -1.395209621271E-001  1.302915926264E-001
  2.714136590232E+000  1.538222776104E-001 -1.346560145000E-001  1.255296958082E-001
  2.752842432351E+000  1.487031566415E-001 -1.298882429053E-001  1.208585484959E-001
  2.792231431696E+000  1.436795493525E-001 -1.252184711745E-001  1.162811397433E-001
  2.832319569669E+000  1.387519972570E-001 -1.206473857110E-001  1.118000598684E-001
  2.873123299289E+000  1.339209759636E-001 -1.161755411344E-001  1.074175187865E-001
  2.914659561979E+000  1.291868957150E-001 -1.118033659600E-001  1.031353652286E-001
  2.956945805065E+000  1.245501018856E-001 -1.075311682588E-001  9.895510664985E-002
  3.000000000000E+000  1.200108754296E-001 -1.033591412484E-001  9.487792963097E-002
  3.043840661365E+000  1.155694332758E-001 -9.928736876616E-002  9.090472057774E-002
  3.088486866678E+000  1.112259286657E-001 -9.531583058093E-002  8.703608652296E-002
  3.133958277047E+000  1.069804514328E-001 -9.144440750117E-002  8.327237584247E-002
  3.180275158719E+000  1.028330282248E-001 -8.767288624369E-002  7.961369870229E-002
  3.227458405560E+000  9.878362267017E-002 -8.400096403133E-002  7.605994706322E-002
  3.275529562509E+000  9.483213549479E-002 -8.042825289344E-002  7.261081408021E-002
  3.324510850077E+000  9.097840459413E-002 -7.695428364921E-002  6.926581274653E-002
  3.374425189910E+000  8.722220507078E-002 -7.357850955979E-002  6.602429364777E-002
  3.425296231502E+000  8.356324924723E-002 -7.030030964194E-002  6.288546170699E-002
  3.477148380094E+000  8.000118666679E-002 -6.711899164270E-002  5.984839182011E-002
  3.530006825834E+000  7.653560409654E-002 -6.403379468100E-002  5.691204329991E-002
  3.583897574256E+000  7.316602554836E-002 -6.104389156938E-002  5.407527306727E-002
  3.638847478148E+000  6.989191233457E-002 -5.814839083527E-002  5.133684754881E-002
  3.694884270887E+000  6.671266317659E-002 -5.534633846768E-002  4.869545326182E-002
  3.752036601308E+000  6.362761438478E-002 -5.263671942125E-002  4.614970608865E-002
  3.810334070199E+000  6.063604012877E-002 -5.001845891474E-002  4.369815926391E-002
  3.869807268505E+000  5.773715281684E-002 -4.749042356620E-002  4.133931011861E-002
  3.930487817331E+000  5.493010360289E-002 -4.505142241062E-002  3.907160564527E-002
  3.992408409843E+000  5.221398303829E-002 -4.270020784940E-002  3.689344696616E-002
  4.055602855172E+000  4.958782188466E-002 -4.043547658266E-002  3.480319280399E-002
  4.120106124432E+000  4.705059210178E-002 -3.825587057692E-002  3.279916206917E-002
  4.185954398964E+000  4.460120802245E-002 -3.615997812010E-002  3.087963569023E-002
  4.253185120935E+000  4.223852772349E-002 -3.414633501482E-002  2.904285782410E-002
  4.321837046422E+000  3.996135459876E-002 -3.221342595807E-002  2.728703659000E-002
  4.391950301120E+000  3.776843913679E-002 -3.035968615179E-002  2.561034447482E-002
  4.463566438835E+000  3.565848090166E-002 -2.858350318350E-002  2.401091855867E-002
  4.536728502895E+000  3.363013071168E-002 -2.688321921022E-002  2.248686070683E-002
  4.611481090679E+000  3.168199300634E-002 -2.525713347112E-002  2.103623786859E-002
  4.687870421430E+000  2.981262838765E-002 -2.370350514648E-002  1.965708261431E-002
  4.765944407533E+000  2.802055631772E-002 -2.222055657100E-002  1.834739402976E-002
  4.845752729492E+000  2.630425795051E-002 -2.080647679985E-002  1.710513907162E-002
  4.927346914797E+000  2.466217907171E-002 -1.945942551569E-002  1.592825447017E-002
  5.010780420931E+000  2.309273311754E-002 -1.817753725427E-002  1.481464924485E-002
  5.096108722763E+000  2.159430424016E-002 -1.695892591602E-002  1.376220787650E-002
  5.183389404586E+000  2.016525038571E-002 -1.580168952107E-002  1.276879415657E-002
  5.272682257105E+000  1.880390634899E-002 -1.470391515573E-002  1.183225570954E-002
  5.364049379651E+000  1.750858676902E-002 -1.366368405003E-002  1.095042916038E-002
  5.457555287978E+000  1.627758902977E-002 -1.267907671920E-002  1.012114589529E-002
  5.553267027968E+000  1.510919603237E-002 -1.174817809577E-002  9.342238341195E-003
  5.651254295630E+000  1.400167880756E-002 -1.086908257584E-002  8.611546668838E-003
  5.751589563796E+000  1.295329894151E-002 -1.003989890078E-002  7.926925806311E-003
  5.854348215936E+000  1.196231079272E-002 -9.258754796506E-003  7.286252634515E-003
  5.959608687557E+000  1.102696348445E-002 -8.523801294932E-003  6.687433224927E-003
  6.067452615683E+000  1.014550266374E-002 -7.833216667529E-003  6.128409972709E-003
  6.177964996951E+000  9.316172026607E-003 -7.185209908477E-003  5.607168475501E-003
  6.291234354880E+000  8.537214617410E-003 -6.578023714699E-003  5.121744010192E-003
  6.407352916949E+000  7.806873919581E-003 -6.009936922079E-003  4.670227466759E-003
  6.526416802128E+000  7.123394764285E-003 -5.479266371043E-003  4.250770609763E-003
  6.648526219580E+000  6.485024092687E-003 -4.984368190069E-003  3.861590554130E-003
  6.773785679311E+000  5.890011616201E-003 -4.523638502207E-003  3.500973361993E-003
  6.902304215570E+000  5.336610426885E-003 -4.095513576882E-003  3.167276691076E-003
  7.034195623922E+000  4.823077616798E-003 -3.698469466416E-003  2.858931451744E-003
  7.169578712934E+000  4.347674970043E-003 -3.331021183474E-003  2.574442458474E-003
  7.308577571516E+000  3.908669794277E-003 -2.991721491101E-003  2.312388091299E-003
  7.451321853057E+000  3.504335959136E-003 -2.679159390814E-003  2.071419012629E-003
  7.597947077547E+000  3.132955207141E-003 -2.391958405465E-003  1.850256013711E-003
  7.748594953021E+000  2.792818797966E-003 -2.128774761894E-003  1.647687091787E-003
  7.903413717736E+000  2.482229539296E-003 -1.888295583132E-003  1.462563882616E-003
  8.062558504629E+000  2.199504246949E-003 -1.669237200710E-003  1.293797592524E-003
  8.226191729726E+000  1.942976663479E-003 -1.470343694138E-003  1.140354588583E-003
  8.394483506327E+000  1.711000848382E-003 -1.290385756786E-003  1.001251814223E-003
  8.567612086926E+000  1.501955034678E-003 -1.128159975130E-003  8.755521999881E-004
  8.745764335025E+000  1.314245926529E-003 -9.824885918986E-004  7.623602350193E-004
  8.929136229160E+000  1.146313391248E-003 -8.522198035300E-004  6.608178540736E-004
  9.117933401693E+000  9.966354775229E-004 -7.362286189667E-004  5.701007778145E-004
  9.312371715124E+000  8.637336705362E-004 -6.334182812016E-004  4.894154212028E-004
  9.512677878945E+000  7.461782751206E-004 -5.427222259257E-004  4.179964569526E-004
  9.719090110332E+000  6.425938009974E-004 -4.631065243572E-004  3.551050892703E-004
  9.931858842267E+000  5.516642105692E-004 -3.935727310423E-004  3.000280587996E-004
  1.015124748302E+001  4.721378806412E-004 -3.331610333937E-004  2.520773643759E-004
  1.037753323129E+001  4.028321256566E-004 -2.809535792623E-004  2.105906524767E-004
  1.061100795175E+001  3.426371322550E-004 -2.360778431211E-004  1.749321928419E-004
  1.085197911611E+001  2.905191636445E-004 -1.977098815309E-004  1.444943302666E-004
  1.110077081537E+001  2.455229076101E-004 -1.650773253045E-004  1.186992795700E-004
  1.135772484956E+001  2.067728638101E-004 -1.374619597225E-004  9.700111450876E-005
  1.162320190175E+001  1.734736938473E-004 -1.142017554903E-004  7.888779291398E-005
  1.189758280382E+001  1.449094905641E-004 -9.469223166017E-005  6.388306018508E-005
  1.218126990242E+001  1.204419598726E-004 -7.838705685708E-005  5.154808160705E-005
  1.247468853413E+001  9.950754762347E-005 -6.479782581377E-005  4.148267041603E-005
  1.277828862002E+001  8.161358371532E-005 -5.349298300106E-005  3.332600227432E-005
  1.309254639077E+001  6.633355381428E-005 -4.409590228641E-005  2.675673650385E-005
  1.341796625462E+001  5.330164361966E-005 -3.628216905572E-005  2.149249833266E-005
  1.375508282195E+001  4.220672951397E-005 -2.977614696629E-005  1.728871248557E-005
  1.410446310162E+001  3.278601084305E-005 -2.434694334102E-005  1.393681446515E-005
  1.446670888596E+001  2.481849146751E-005 -1.980391320554E-005  1.126189955872E-005
  1.484245934302E+001  1.811852056881E-005 -1.599186045898E-005  9.119898839326E-006
  1.523239383723E+001  1.252959451945E-005 -1.278610444923E-005  7.394394370922E-006
  1.563723500136E+001  7.918603123902E-006 -1.008758064719E-005  5.993201091314E-006
  1.605775208607E+001  4.170675582233E-006 -7.818135165317E-006  4.844849609905E-006
  1.649476461582E+001  1.184745657780E-006 -5.916155182860E-006  3.895102235230E-006
  1.694914638379E+001 -1.130086128151E-006 -4.332652190645E-006  3.103624414660E-006
  1.742182982203E+001 -2.857360315671E-006 -3.027884158599E-006  2.440916516569E-006
  1.791381078784E+001 -4.075248584458E-006 -1.968568471345E-006  1.885588125464E-006
  1.842615381215E+001 -4.857780941553E-006 -1.125702209270E-006  1.422030736001E-006
  1.895999786176E+001 -5.275402094697E-006 -4.729725399469E-007  1.038517093258E-006
  1.951656267356E+001 -5.394978522945E-006  1.429008658741E-008  7.257285925564E-007
  2.009715572669E+001 -5.279397568821E-006  3.596876581353E-007  4.756880744984E-007
  2.070317992707E+001 -4.986908959870E-006  5.859483150687E-007  2.810556079624E-007
  2.133614208874E+001 -4.570357241918E-006  7.148366742954E-007  1.347305288236E-007
  2.199766230782E+001 -4.076441245230E-006  7.668809867276E-007  2.969461907585E-008
  2.268948433818E+001 -3.545115293143E-006  7.610115787955E-007 -4.097116766558E-008
  2.341348709294E+001 -3.009218485191E-006  7.141929824486E-007 -8.396114635608E-008
  2.417169741362E+001 -2.494385656267E-006  6.411153920364E-007 -1.055679242768E-007
  2.496630426925E+001 -2.019259452153E-006  5.539914362347E-007 -1.115009410823E-007
  2.579967457140E+001 -1.595990350701E-006  4.624836635176E-007 -1.067351325322E-007
  2.667437081864E+001 -1.230983173045E-006  3.737684894143E-007 -9.541150114247E-008
  2.759317081651E+001 -9.258269849783E-007  2.927252942342E-007 -8.079926547444E-008
  2.855908975674E+001 -6.783319107376E-007  2.222261776332E-007 -6.531884819514E-008
  2.957540498378E+001 -4.835920327810E-007  1.634933896309E-007 -5.061695053780E-008
  3.064568382919E+001 -3.349980364342E-007  1.164879552587E-007 -3.767972492813E-008
  3.177381495601E+001 -2.251354282120E-007  8.029423934655E-008 -2.696765044092E-008
  3.296404372807E+001 -1.465220288809E-007  5.347040891090E-008 -1.855588839354E-008
  3.422101220608E+001 -9.215943918037E-008  3.434279679405E-008 -1.226614874448E-008
  3.554980447538E+001 -5.589446208582E-008  2.123166305413E-008 -7.779758603101E-009
  3.695599813319E+001 -3.260534373278E-008  1.260535141995E-008 -4.725939063633E-009
  3.844572291106E+001 -1.824200122113E-008  7.168062674094E-009 -2.743537732489E-009
  4.002572758518E+001 -9.757825296855E-009  3.892468501931E-009 -1.518028713045E-009
  4.170345654134E+001 -4.972888061516E-009  2.011684975486E-009 -7.980799244738E-010
  4.348713762001E+001 -2.405163747437E-009  9.857344450712E-010 -3.972444990852E-010
  4.538588318162E+001 -1.099188385246E-009  4.560133180533E-010 -1.864422847413E-010
  4.740980671574E+001 -4.723715996677E-010  1.982170534238E-010 -8.212935798671E-011
  4.957015778746E+001 -1.898563585728E-010  8.052427230176E-011 -3.377925854227E-011
  5.187947869225E+001 -7.093513206665E-011  3.038973622854E-011 -1.289546233944E-011
  5.435178690397E+001 -2.447024308619E-011  1.058304675415E-011 -4.539069519835E-012
  5.700278828629E+001 -7.734578955065E-012  3.375045905317E-012 -1.462091381419E-012
  5.985012714155E+001 -2.220847724195E-012  9.772694935922E-013 -4.273355697824E-013
  6.291368055481E+001 -5.736737513121E-013  2.544551735213E-013 -1.122462392122E-013
  6.621590623276E+001 -1.318557257993E-013  5.892623192485E-014 -2.620852385453E-014
  6.978225524452E+001 -2.663170786117E-014  1.198664330643E-014 -5.372684788131E-015
  7.364166388185E+001 -4.660062220582E-015  2.111622261937E-015 -9.533955007803E-016
  7.782714245929E+001 -6.950647132254E-016  3.169736462576E-016 -1.440990297798E-016
  8.237648351994E+001 -8.673940243403E-017  3.979646871721E-017 -1.820935296929E-017
  8.733311794502E+001 -8.864738954994E-018  4.090623484941E-018 -1.883190542700E-018
  9.274715535088E+001 -7.238250993427E-019  3.358346781059E-019 -1.555027964872E-019
  9.867665554529E+001 -4.588425957356E-020  2.139950936512E-020 -9.962924958688E-021
  1.051891916055E+002 -2.183971795231E-021  1.023579216668E-021 -4.790112924580E-022
  1.123637836013E+002 -7.505900508251E-023  3.534300668656E-023 -1.662062983796E-023
  1.202933069206E+002 -1.778926194352E-024  8.413603365747E-025 -3.974943800863E-025
  1.290875131414E+002 -2.753552329091E-026  1.307804451212E-026 -6.205663434174E-027
  1.388768482001E+002 -2.609262488337E-028  1.244225126921E-028 -5.928405687069E-029
  1.498173177370E+002 -1.400924463350E-030  6.705605607287E-031 -3.207544520401E-031
  1.620967411853E+002 -3.882293599872E-033  1.864952671206E-033 -8.953752477753E-034
  1.759428668168E+002 -4.959139891206E-036  2.390338449713E-036 -1.151622998743E-036
  1.916340085825E+002 -2.542704185821E-039  1.229541055687E-039 -5.943230483502E-040
  2.095131417987E+002 -4.412552448408E-043  2.140201459963E-043 -1.037722593459E-043
  2.300068054477E+002 -2.096195219350E-047  1.019624187440E-047 -4.958331073293E-048
  2.536507797910E+002 -2.087901310431E-052  1.018334515595E-052 -4.965686293418E-053
  2.811254638474E+002 -3.107350528317E-058  1.519404917176E-058 -7.428191820829E-059
  3.133053780630E+002 -4.469752233252E-065  2.190797542675E-065 -1.073649201522E-065
  3.513296254502E+002 -3.522636447313E-073  1.730440778480E-073 -8.499620679421E-074
  3.967041014107E+002 -7.179989592393E-083  3.534428334863E-083 -1.739717582069E-083
  4.514529193350E+002 -1.379403491878E-094  6.803478846942E-095 -3.355392930749E-095
  5.183481233601E+002 -6.266723794554E-109  3.096449263436E-109 -1.529913252097E-109
  6.012676077950E+002 -9.723499411992E-127  4.812495795865E-127 -2.381787260912E-127
  7.057700503752E+002 -3.214583948764E-149  1.593451149394E-149 -7.898448893635E-150
  8.400513767914E+002 -3.783741480706E-178  1.878211899136E-178 -9.323093990309E-179
  1.016602135495E+003 -3.100224152541E-216  1.540881680750E-216 -7.658439635017E-217
  1.255220715579E+003 -8.973059064891E-268  4.464929232720E-268 -2.221699130713E-268
  1.588815776243E+003  0.000000000000E+000  0.000000000000E+000  0.000000000000E+000
  2.075392011604E+003  0.000000000000E+000  0.000000000000E+000  0.000000000000E+000
  2.825079847528E+003  0.000000000000E+000  0.000000000000E+000  0.000000000000E+000
  4.068408296183E+003  0.000000000000E+000  0.000000000000E+000  0.000000000000E+000
  6.357262947672E+003  0.000000000000E+000  0.000000000000E+000  0.000000000000E+000
  1.130231930164E+004  0.000000000000E+000  0.000000000000E+000  0.000000000000E+000
  2.543105175136E+004  0.000000000000E+000  0.000000000000E+000  0.000000000000E+000
  1.017262069952E+005  0.000000000000E+000  0.000000000000E+000  0.000000000000E+000
