# 1st line: number of mesh points
# rho and r_seitz are calculated from total density
# zeta and r_seitz only correct of rho > 1d-12

# abcissa rho drho ddrho zeta r_seitz
500
  9.830308526563E-006  1.622158800186E+003 -1.970730614552E+004  2.452221093597E+005  0.000000000000E+000  1.227465504367E-001
  3.932200719722E-005  1.621577704881E+003 -1.970007548954E+004  2.451298469524E+005  0.000000000000E+000  1.227612108352E-001
  8.847741541467E-005  1.620609635714E+003 -1.968802980983E+004  2.449761473401E+005  0.000000000000E+000  1.227856497223E-001
  1.573003992805E-004  1.619255226764E+003 -1.967117722102E+004  2.447611170443E+005  0.000000000000E+000  1.228198744355E-001
  2.457963722418E-004  1.617515364864E+003 -1.964952907201E+004  2.444849050390E+005  0.000000000000E+000  1.228638952535E-001
  3.539722959954E-004  1.615391188732E+003 -1.962309993446E+004  2.441477025943E+005  0.000000000000E+000  1.229177254019E-001
  4.818366816529E-004  1.612884087851E+003 -1.959190758798E+004  2.437497430765E+005  0.000000000000E+000  1.229813810615E-001
  6.293995911626E-004  1.609995701103E+003 -1.955597300206E+004  2.432913017035E+005  0.000000000000E+000  1.230548813776E-001
  7.966726389935E-004  1.606727915154E+003 -1.951532031477E+004  2.427726952569E+005  0.000000000000E+000  1.231382484712E-001
  9.836689940782E-004  1.603082862608E+003 -1.946997680831E+004  2.421942817509E+005  0.000000000000E+000  1.232315074524E-001
  1.190403382016E-003  1.599062919906E+003 -1.941997288127E+004  2.415564600583E+005  0.000000000000E+000  1.233346864353E-001
  1.416892087541E-003  1.594670705002E+003 -1.936534201789E+004  2.408596694936E+005  0.000000000000E+000  1.234478165542E-001
  1.663152957245E-003  1.589909074792E+003 -1.930612075411E+004  2.401043893554E+005  0.000000000000E+000  1.235709319830E-001
  1.929205402573E-003  1.584781122316E+003 -1.924234864065E+004  2.392911384261E+005  0.000000000000E+000  1.237040699544E-001
  2.215070403073E-003  1.579290173735E+003 -1.917406820298E+004  2.384204744322E+005  0.000000000000E+000  1.238472707833E-001
  2.520770509919E-003  1.573439785078E+003 -1.910132489846E+004  2.374929934643E+005  0.000000000000E+000  1.240005778897E-001
  2.846329849692E-003  1.567233738769E+003 -1.902416707045E+004  2.365093293576E+005  0.000000000000E+000  1.241640378257E-001
  3.191774128432E-003  1.560676039941E+003 -1.894264589964E+004  2.354701530346E+005  0.000000000000E+000  1.243377003025E-001
  3.557130635959E-003  1.553770912536E+003 -1.885681535260E+004  2.343761718101E+005  0.000000000000E+000  1.245216182211E-001
  3.942428250463E-003  1.546522795192E+003 -1.876673212753E+004  2.332281286591E+005  0.000000000000E+000  1.247158477034E-001
  4.347697443358E-003  1.538936336938E+003 -1.867245559746E+004  2.320268014502E+005  0.000000000000E+000  1.249204481263E-001
  4.772970284417E-003  1.531016392686E+003 -1.857404775079E+004  2.307730021431E+005  0.000000000000E+000  1.251354821575E-001
  5.218280447175E-003  1.522768018526E+003 -1.847157312934E+004  2.294675759531E+005  0.000000000000E+000  1.253610157937E-001
  5.683663214611E-003  1.514196466849E+003 -1.836509876398E+004  2.281114004829E+005  0.000000000000E+000  1.255971184003E-001
  6.169155485101E-003  1.505307181272E+003 -1.825469410791E+004  2.267053848232E+005  0.000000000000E+000  1.258438627538E-001
  6.674795778653E-003  1.496105791407E+003 -1.814043096763E+004  2.252504686224E+005  0.000000000000E+000  1.261013250862E-001
  7.200624243425E-003  1.486598107446E+003 -1.802238343177E+004  2.237476211278E+005  0.000000000000E+000  1.263695851317E-001
  7.746682662519E-003  1.476790114595E+003 -1.790062779784E+004  2.221978401986E+005  0.000000000000E+000  1.266487261753E-001
  8.313014461060E-003  1.466687967349E+003 -1.777524249688E+004  2.206021512924E+005  0.000000000000E+000  1.269388351046E-001
  8.899664713569E-003  1.456297983624E+003 -1.764630801633E+004  2.189616064265E+005  0.000000000000E+000  1.272400024631E-001
  9.506680151615E-003  1.445626638736E+003 -1.751390682100E+004  2.172772831149E+005  0.000000000000E+000  1.275523225061E-001
  1.013410917176E-002  1.434680559265E+003 -1.737812327233E+004  2.155502832827E+005  0.000000000000E+000  1.278758932599E-001
  1.078200184380E-002  1.423466516776E+003 -1.723904354608E+004  2.137817321597E+005  0.000000000000E+000  1.282108165823E-001
  1.145040991929E-002  1.411991421428E+003 -1.709675554842E+004  2.119727771537E+005  0.000000000000E+000  1.285571982268E-001
  1.213938684040E-002  1.400262315475E+003 -1.695134883073E+004  2.101245867054E+005  0.000000000000E+000  1.289151479088E-001
  1.284898774901E-002  1.388286366658E+003 -1.680291450293E+004  2.082383491267E+005  0.000000000000E+000  1.292847793749E-001
  1.357926949620E-002  1.376070861503E+003 -1.665154514579E+004  2.063152714226E+005  0.000000000000E+000  1.296662104747E-001
  1.433029065191E-002  1.363623198532E+003 -1.649733472199E+004  2.043565781006E+005  0.000000000000E+000  1.300595632359E-001
  1.510211151509E-002  1.350950881396E+003 -1.634037848630E+004  2.023635099659E+005  0.000000000000E+000  1.304649639423E-001
  1.589479412397E-002  1.338061511931E+003 -1.618077289479E+004  2.003373229068E+005  0.000000000000E+000  1.308825432141E-001
  1.670840226680E-002  1.324962783157E+003 -1.601861551341E+004  1.982792866701E+005  0.000000000000E+000  1.313124360927E-001
  1.754300149280E-002  1.311662472218E+003 -1.585400492574E+004  1.961906836285E+005  0.000000000000E+000  1.317547821275E-001
  1.839865912351E-002  1.298168433275E+003 -1.568704064037E+004  1.940728075416E+005  0.000000000000E+000  1.322097254666E-001
  1.927544426443E-002  1.284488590362E+003 -1.551782299769E+004  1.919269623125E+005  0.000000000000E+000  1.326774149508E-001
  2.017342781695E-002  1.270630930212E+003 -1.534645307651E+004  1.897544607404E+005  0.000000000000E+000  1.331580042112E-001
  2.109268249069E-002  1.256603495057E+003 -1.517303260037E+004  1.875566232716E+005  0.000000000000E+000  1.336516517698E-001
  2.203328281612E-002  1.242414375420E+003 -1.499766384377E+004  1.853347767502E+005  0.000000000000E+000  1.341585211453E-001
  2.299530515754E-002  1.228071702900E+003 -1.482044953847E+004  1.830902531705E+005  0.000000000000E+000  1.346787809607E-001
  2.397882772639E-002  1.213583642954E+003 -1.464149277984E+004  1.808243884315E+005  0.000000000000E+000  1.352126050566E-001
  2.498393059493E-002  1.198958387700E+003 -1.446089693354E+004  1.785385210962E+005  0.000000000000E+000  1.357601726076E-001
  2.601069571024E-002  1.184204148733E+003 -1.427876554245E+004  1.762339911563E+005  0.000000000000E+000  1.363216682432E-001
  2.705920690860E-002  1.169329149971E+003 -1.409520223413E+004  1.739121388046E+005  0.000000000000E+000  1.368972821730E-001
  2.812954993023E-002  1.154341620532E+003 -1.391031062881E+004  1.715743032159E+005  0.000000000000E+000  1.374872103164E-001
  2.922181243436E-002  1.139249787666E+003 -1.372419424808E+004  1.692218213383E+005  0.000000000000E+000  1.380916544367E-001
  3.033608401473E-002  1.124061869725E+003 -1.353695642435E+004  1.668560266957E+005  0.000000000000E+000  1.387108222805E-001
  3.147245621542E-002  1.108786069202E+003 -1.334870021113E+004  1.644782482042E+005  0.000000000000E+000  1.393449277210E-001
  3.263102254705E-002  1.093430565834E+003 -1.315952829443E+004  1.620898090017E+005  0.000000000000E+000  1.399941909076E-001
  3.381187850339E-002  1.078003509780E+003 -1.296954290508E+004  1.596920252949E+005  0.000000000000E+000  1.406588384198E-001
  3.501512157837E-002  1.062513014880E+003 -1.277884573241E+004  1.572862052221E+005  0.000000000000E+000  1.413391034269E-001
  3.624085128345E-002  1.046967152006E+003 -1.258753783902E+004  1.548736477348E+005  0.000000000000E+000  1.420352258532E-001
  3.748916916538E-002  1.031373942512E+003 -1.239571957710E+004  1.524556414996E+005  0.000000000000E+000  1.427474525491E-001
  3.876017882444E-002  1.015741351779E+003 -1.220349050612E+004  1.500334638202E+005  0.000000000000E+000  1.434760374678E-001
  4.005398593302E-002  1.000077282880E+003 -1.201094931208E+004  1.476083795823E+005  0.000000000000E+000  1.442212418488E-001
  4.137069825459E-002  9.843895703607E+002 -1.181819372843E+004  1.451816402211E+005  0.000000000000E+000  1.449833344071E-001
  4.271042566323E-002  9.686859741391E+002 -1.162532045874E+004  1.427544827140E+005  0.000000000000E+000  1.457625915293E-001
  4.407328016341E-002  9.529741735406E+002 -1.143242510110E+004  1.403281285981E+005  0.000000000000E+000  1.465592974769E-001
  4.545937591035E-002  9.372617614672E+002 -1.123960207451E+004  1.379037830150E+005  0.000000000000E+000  1.473737445960E-001
  4.686882923075E-002  9.215562387098E+002 -1.104694454716E+004  1.354826337826E+005  0.000000000000E+000  1.482062335344E-001
  4.830175864396E-002  9.058650084076E+002 -1.085454436679E+004  1.330658504954E+005  0.000000000000E+000  1.490570734669E-001
  4.975828488365E-002  8.901953706613E+002 -1.066249199311E+004  1.306545836552E+005  0.000000000000E+000  1.499265823277E-001
  5.123853091993E-002  8.745545173052E+002 -1.047087643247E+004  1.282499638305E+005  0.000000000000E+000  1.508150870512E-001
  5.274262198188E-002  8.589495268424E+002 -1.027978517469E+004  1.258531008485E+005  0.000000000000E+000  1.517229238210E-001
  5.427068558066E-002  8.433873595484E+002 -1.008930413222E+004  1.234650830182E+005  0.000000000000E+000  1.526504383282E-001
  5.582285153302E-002  8.278748527475E+002 -9.899517581661E+003  1.210869763862E+005  0.000000000000E+000  1.535979860375E-001
  5.739925198530E-002  8.124187162665E+002 -9.710508107684E+003  1.187198240262E+005  0.000000000000E+000  1.545659324636E-001
  5.900002143803E-002  7.970255280686E+002 -9.522356549374E+003  1.163646453614E+005  0.000000000000E+000  1.555546534571E-001
  6.062529677088E-002  7.817017300732E+002 -9.335141949109E+003  1.140224355225E+005  0.000000000000E+000  1.565645354997E-001
  6.227521726827E-002  7.664536241623E+002 -9.148941503956E+003  1.116941647398E+005  0.000000000000E+000  1.575959760105E-001
  6.394992464542E-002  7.512873683794E+002 -8.963830519653E+003  1.093807777713E+005  0.000000000000E+000  1.586493836624E-001
  6.564956307496E-002  7.362089733220E+002 -8.779882367191E+003  1.070831933657E+005  0.000000000000E+000  1.597251787099E-001
  6.737427921404E-002  7.212242987302E+002 -8.597168442042E+003  1.048023037627E+005  0.000000000000E+000  1.608237933281E-001
  6.912422223211E-002  7.063390502759E+002 -8.415758126050E+003  1.025389742286E+005  0.000000000000E+000  1.619456719637E-001
  7.089954383907E-002  6.915587765510E+002 -8.235718752002E+003  1.002940426293E+005  0.000000000000E+000  1.630912716986E-001
  7.270039831418E-002  6.768888662603E+002 -8.057115570913E+003  9.806831903996E+004  0.000000000000E+000  1.642610626249E-001
  7.452694253540E-002  6.623345456171E+002 -7.880011722015E+003  9.586258539135E+004  0.000000000000E+000  1.654555282350E-001
  7.637933600943E-002  6.479008759452E+002 -7.704468205489E+003  9.367759515335E+004  0.000000000000E+000  1.666751658234E-001
  7.825774090225E-002  6.335927514865E+002 -7.530543857911E+003  9.151407305560E+004  0.000000000000E+000  1.679204869042E-001
  8.016232207035E-002  6.194148974156E+002 -7.358295330453E+003  8.937271484497E+004  0.000000000000E+000  1.691920176415E-001
  8.209324709253E-002  6.053718680619E+002 -7.187777069798E+003  8.725418707993E+004  0.000000000000E+000  1.704902992968E-001
  8.405068630235E-002  5.914680453383E+002 -7.019041301795E+003  8.515912696173E+004  0.000000000000E+000  1.718158886900E-001
  8.603481282122E-002  5.777076373766E+002 -6.852138017822E+003  8.308814220196E+004  0.000000000000E+000  1.731693586780E-001
  8.804580259214E-002  5.640946773702E+002 -6.687114963858E+003  8.104181092651E+004  0.000000000000E+000  1.745512986495E-001
  9.008383441408E-002  5.506330226205E+002 -6.524017632236E+003  7.902068161537E+004  0.000000000000E+000  1.759623150366E-001
  9.214908997710E-002  5.373263537897E+002 -6.362889256065E+003  7.702527307805E+004  0.000000000000E+000  1.774030318451E-001
  9.424175389809E-002  5.241781743542E+002 -6.203770806285E+003  7.505607446425E+004  0.000000000000E+000  1.788740912020E-001
  9.636201375725E-002  5.111918102614E+002 -6.046700991338E+003  7.311354530908E+004  0.000000000000E+000  1.803761539235E-001
  9.851006013526E-002  4.983704097839E+002 -5.891716259420E+003  7.119811561265E+004  0.000000000000E+000  1.819099001010E-001
  1.006860866512E-001  4.857169435723E+002 -5.738850803266E+003  6.931018595323E+004  0.000000000000E+000  1.834760297090E-001
  1.028902900012E-001  4.732342049013E+002 -5.588136567450E+003  6.745012763342E+004  0.000000000000E+000  1.850752632322E-001
  1.051228699979E-001  4.609248101086E+002 -5.439603258143E+003  6.561828285878E+004  0.000000000000E+000  1.867083423154E-001
  1.073840296104E-001  4.487911992228E+002 -5.293278355284E+003  6.381496494817E+004  0.000000000000E+000  1.883760304350E-001
  1.096739750056E-001  4.368356367759E+002 -5.149187127129E+003  6.204045857501E+004  0.000000000000E+000  1.900791135934E-001
  1.119929155896E-001  4.250602127994E+002 -5.007352647101E+003  6.029502003882E+004  0.000000000000E+000  1.918184010368E-001
  1.143410640503E-001  4.134668439985E+002 -4.867795812919E+003  5.857887756607E+004  0.000000000000E+000  1.935947259973E-001
  1.167186364011E-001  4.020572751012E+002 -4.730535367921E+003  5.689223163969E+004  0.000000000000E+000  1.954089464598E-001
  1.191258520249E-001  3.908330803777E+002 -4.595587924531E+003  5.523525535615E+004  0.000000000000E+000  1.972619459536E-001
  1.215629337189E-001  3.797956653266E+002 -4.462967989816E+003  5.360809480934E+004  0.000000000000E+000  1.991546343714E-001
  1.240301077413E-001  3.689462685234E+002 -4.332687993052E+003  5.201086950032E+004  0.000000000000E+000  2.010879488134E-001
  1.265276038575E-001  3.582859636251E+002 -4.204758315245E+003  5.044367277179E+004  0.000000000000E+000  2.030628544598E-001
  1.290556553882E-001  3.478156615285E+002 -4.079187320533E+003  4.890657226650E+004  0.000000000000E+000  2.050803454705E-001
  1.316144992580E-001  3.375361126750E+002 -3.955981389392E+003  4.739961040839E+004  0.000000000000E+000  2.071414459130E-001
  1.342043760450E-001  3.274479094980E+002 -3.835144953580E+003  4.592280490560E+004  0.000000000000E+000  2.092472107195E-001
  1.368255300316E-001  3.175514890072E+002 -3.716680532746E+003  4.447614927405E+004  0.000000000000E+000  2.113987266726E-001
  1.394782092560E-001  3.078471355045E+002 -3.600588772617E+003  4.305961338066E+004  0.000000000000E+000  2.135971134209E-001
  1.421626655646E-001  2.983349834253E+002 -3.486868484694E+003  4.167314400515E+004  0.000000000000E+000  2.158435245240E-001
  1.448791546661E-001  2.890150203006E+002 -3.375516687372E+003  4.031666541903E+004  0.000000000000E+000  2.181391485280E-001
  1.476279361856E-001  2.798870898331E+002 -3.266528648406E+003  3.899007998102E+004  0.000000000000E+000  2.204852100696E-001
  1.504092737207E-001  2.709508950817E+002 -3.159897928645E+003  3.769326874741E+004  0.000000000000E+000  2.228829710116E-001
  1.532234348983E-001  2.622060017491E+002 -3.055616426942E+003  3.642609209646E+004  0.000000000000E+000  2.253337316071E-001
  1.560706914324E-001  2.536518415648E+002 -2.953674426162E+003  3.518839036547E+004  0.000000000000E+000  2.278388316925E-001
  1.589513191834E-001  2.452877157597E+002 -2.854060640211E+003  3.397998449961E+004  0.000000000000E+000  2.303996519100E-001
  1.618655982178E-001  2.371127986234E+002 -2.756762261989E+003  3.280067671104E+004  0.000000000000E+000  2.330176149570E-001
  1.648138128702E-001  2.291261411409E+002 -2.661765012189E+003  3.165025114742E+004  0.000000000000E+000  2.356941868621E-001
  1.677962518056E-001  2.213266746996E+002 -2.569053188863E+003  3.052847456850E+004  0.000000000000E+000  2.384308782861E-001
  1.708132080832E-001  2.137132148625E+002 -2.478609717656E+003  2.943509702969E+004  0.000000000000E+000  2.412292458465E-001
  1.738649792215E-001  2.062844652004E+002 -2.390416202643E+003  2.836985257142E+004  0.000000000000E+000  2.440908934630E-001
  1.769518672648E-001  1.990390211767E+002 -2.304452977666E+003  2.733245991321E+004  0.000000000000E+000  2.470174737203E-001
  1.800741788507E-001  1.919753740790E+002 -2.220699158098E+003  2.632262315121E+004  0.000000000000E+000  2.500106892478E-001
  1.832322252791E-001  1.850919149908E+002 -2.139132692958E+003  2.534003245824E+004  0.000000000000E+000  2.530722941093E-001
  1.864263225826E-001  1.783869387975E+002 -2.059730417274E+003  2.438436478512E+004  0.000000000000E+000  2.562040952001E-001
  1.896567915983E-001  1.718586482202E+002 -1.982468104635E+003  2.345528456221E+004  0.000000000000E+000  2.594079536459E-001
  1.929239580409E-001  1.655051578714E+002 -1.907320519840E+003  2.255244440013E+004  0.000000000000E+000  2.626857861974E-001
  1.962281525771E-001  1.593244983269E+002 -1.834261471565E+003  2.167548578859E+004  0.000000000000E+000  2.660395666133E-001
  1.995697109023E-001  1.533146202064E+002 -1.763263864983E+003  2.082403979237E+004  0.000000000000E+000  2.694713270248E-001
  2.029489738173E-001  1.474733982594E+002 -1.694299754239E+003  1.999772774328E+004  0.000000000000E+000  2.729831592704E-001
  2.063662873085E-001  1.417986354484E+002 -1.627340394730E+003  1.919616192735E+004  0.000000000000E+000  2.765772161925E-001
  2.098220026275E-001  1.362880670248E+002 -1.562356295100E+003  1.841894626608E+004  0.000000000000E+000  2.802557128825E-001
  2.133164763746E-001  1.309393645912E+002 -1.499317268884E+003  1.766567699106E+004  0.000000000000E+000  2.840209278602E-001
  2.168500705817E-001  1.257501401464E+002 -1.438192485738E+003  1.693594331081E+004  0.000000000000E+000  2.878752041734E-001
  2.204231527988E-001  1.207179501046E+002 -1.378950522180E+003  1.622932806923E+004  0.000000000000E+000  2.918209503980E-001
  2.240360961807E-001  1.158402992872E+002 -1.321559411779E+003  1.554540839463E+004  0.000000000000E+000  2.958606415201E-001
  2.276892795770E-001  1.111146448793E+002 -1.265986694734E+003  1.488375633873E+004  0.000000000000E+000  2.999968196761E-001
  2.313830876220E-001  1.065384003475E+002 -1.212199466778E+003  1.424393950469E+004  0.000000000000E+000  3.042320947256E-001
  2.351179108282E-001  1.021089393138E+002 -1.160164427353E+003  1.362552166356E+004  0.000000000000E+000  3.085691446282E-001
  2.388941456809E-001  9.782359938121E+001 -1.109847926989E+003  1.302806335849E+004  0.000000000000E+000  3.130107155919E-001
  2.427121947345E-001  9.367968590626E+001 -1.061216013859E+003  1.245112249592E+004  0.000000000000E+000  3.175596219553E-001
  2.465724667110E-001  8.967447571439E+001 -1.014234479429E+003  1.189425492323E+004  0.000000000000E+000  3.222187457646E-001
  2.504753766009E-001  8.580522075436E+001 -9.688689031741E+002  1.135701499234E+004  0.000000000000E+000  3.269910359985E-001
  2.544213457654E-001  8.206915168750E+001 -9.250846963183E+002  1.083895610851E+004  0.000000000000E+000  3.318795073896E-001
  2.584108020414E-001  7.846348140815E+001 -8.828471445388E+002  1.033963126413E+004  0.000000000000E+000  3.368872387866E-001
  2.624441798480E-001  7.498540849188E+001 -8.421214496113E+002  9.858593556725E+003  0.000000000000E+000  3.420173709928E-001
  2.665219202956E-001  7.163212056812E+001 -8.028727699503E+002  9.395396691121E+003  0.000000000000E+000  3.472731040118E-001
  2.706444712976E-001  6.840079761410E+001 -7.650662600148E+002  8.949595465033E+003  0.000000000000E+000  3.526576936217E-001
  2.748122876832E-001  6.528861516714E+001 -7.286671085459E+002  8.520746238005E+003  0.000000000000E+000  3.581744471922E-001
  2.790258313137E-001  6.229274745265E+001 -6.936405756077E+002  8.108407383275E+003  0.000000000000E+000  3.638267186502E-001
  2.832855712010E-001  5.941037042531E+001 -6.599520284080E+002  7.712139722345E+003  0.000000000000E+000  3.696179024897E-001
  2.875919836279E-001  5.663866472103E+001 -6.275669758737E+002  7.331506942038E+003  0.000000000000E+000  3.755514267111E-001
  2.919455522717E-001  5.397481851777E+001 -5.964511019621E+002  6.966075993851E+003  0.000000000000E+000  3.816307445671E-001
  2.963467683296E-001  5.141603030313E+001 -5.665702976907E+002  6.615417475478E+003  0.000000000000E+000  3.878593249781E-001
  3.007961306479E-001  4.895951154714E+001 -5.378906918709E+002  6.279105994389E+003  0.000000000000E+000  3.942406414704E-001
  3.052941458522E-001  4.660248927871E+001 -5.103786805340E+002  5.956720513408E+003  0.000000000000E+000  4.007781594800E-001
  3.098413284823E-001  4.434220856448E+001 -4.840009550406E+002  5.647844678255E+003  0.000000000000E+000  4.074753218505E-001
  3.144382011281E-001  4.217593488892E+001 -4.587245288668E+002  5.352067127058E+003  0.000000000000E+000  4.143355323446E-001
  3.190852945695E-001  4.010095643494E+001 -4.345167630635E+002  5.068981781892E+003  0.000000000000E+000  4.213621369770E-001
  3.237831479192E-001  3.811458626405E+001 -4.113453903883E+002  4.798188122398E+003  0.000000000000E+000  4.285584029674E-001
  3.285323087679E-001  3.621416439588E+001 -3.891785381103E+002  4.539291441610E+003  0.000000000000E+000  4.359274951036E-001
  3.333333333333E-001  3.439705978650E+001 -3.679847494920E+002  4.291903084122E+003  0.000000000000E+000  4.434724492996E-001
  3.381867866117E-001  3.266067220558E+001 -3.477330039553E+002  4.055640666772E+003  0.000000000000E+000  4.511961431303E-001
  3.430932425333E-001  3.100243401230E+001 -3.283927359385E+002  3.830128282041E+003  0.000000000000E+000  4.591012631267E-001
  3.480532841203E-001  2.941981183042E+001 -3.099338524565E+002  3.614996684400E+003  0.000000000000E+000  4.671902686204E-001
  3.530675036492E-001  2.791030812271E+001 -2.923267493756E+002  3.409883459861E+003  0.000000000000E+000  4.754653519424E-001
  3.581365028158E-001  2.647146266553E+001 -2.755423264198E+002  3.214433179016E+003  0.000000000000E+000  4.839283947984E-001
  3.632608929041E-001  2.510085392410E+001 -2.595520009230E+002  3.028297533874E+003  0.000000000000E+000  4.925809206769E-001
  3.684412949588E-001  2.379610032951E+001 -2.443277203481E+002  2.851135458825E+003  0.000000000000E+000  5.014240431896E-001
  3.736783399619E-001  2.255486145847E+001 -2.298419735931E+002  2.682613236084E+003  0.000000000000E+000  5.104584102970E-001
  3.789726690123E-001  2.137483911686E+001 -2.160678011045E+002  2.522404585987E+003  0.000000000000E+000  5.196841444501E-001
  3.843249335105E-001  2.025377832870E+001 -2.029788038257E+002  2.370190742542E+003  0.000000000000E+000  5.291007787657E-001
  3.897357953460E-001  1.918946823174E+001 -1.905491510025E+002  2.225660514625E+003  0.000000000000E+000  5.387071894692E-001
  3.952059270903E-001  1.817974288132E+001 -1.787535868739E+002  2.088510333261E+003  0.000000000000E+000  5.485015249713E-001
  4.007360121927E-001  1.722248196439E+001 -1.675674362767E+002  1.958444285435E+003  0.000000000000E+000  5.584811321063E-001
  4.063267451812E-001  1.631561142525E+001 -1.569666091927E+002  1.835174134862E+003  0.000000000000E+000  5.686424802441E-001
  4.119788318683E-001  1.545710400515E+001 -1.469276042694E+002  1.718419330212E+003  0.000000000000E+000  5.789810841998E-001
  4.176929895600E-001  1.464497969770E+001 -1.374275113455E+002  1.607907001233E+003  0.000000000000E+000  5.894914271012E-001
  4.234699472710E-001  1.387730612217E+001 -1.284440130134E+002  1.503371943286E+003  0.000000000000E+000  6.001668846327E-001
  4.293104459435E-001  1.315219881701E+001 -1.199553852529E+002  1.404556590750E+003  0.000000000000E+000  6.109996523483E-001
  4.352152386716E-001  1.246782145578E+001 -1.119404971689E+002  1.311210979824E+003  0.000000000000E+000  6.219806780343E-001
  4.411850909306E-001  1.182238598789E+001 -1.043788098684E+002  1.223092701196E+003  0.000000000000E+000  6.330996013856E-001
  4.472207808110E-001  1.121415270655E+001 -9.725037451145E+001  1.139966843111E+003  0.000000000000E+000  6.443447035315E-001
  4.533230992589E-001  1.064143024648E+001 -9.053582957243E+001  1.061605925316E+003  0.000000000000E+000  6.557028691888E-001
  4.594928503202E-001  1.010257551375E+001 -8.421639734593E+001  9.877898244071E+002  0.000000000000E+000  6.671595644083E-001
  4.657308513924E-001  9.595993550589E+000 -7.827387973469E+001  9.183056910656E+002  0.000000000000E+000  6.786988329994E-001
  4.720379334802E-001  9.120137337483E+000 -7.269065335515E+001  8.529478597000E+002  0.000000000000E+000  6.903033147316E-001
  4.784149414579E-001  8.673507535408E+000 -6.744966399679E+001  7.915177509796E+002  0.000000000000E+000  7.019542883091E-001
  4.848627343381E-001  8.254652170777E+000 -6.253442047161E+001  7.338237677600E+002  0.000000000000E+000  7.136317418513E-001
  4.913821855461E-001  7.862166265791E+000 -5.792898788976E+001  6.796811848851E+002  0.000000000000E+000  7.253144731923E-001
  4.979741832006E-001  7.494691416895E+000 -5.361798039708E+001  6.289120333488E+002  0.000000000000E+000  7.369802216916E-001
  5.046396304008E-001  7.150915324015E+000 -4.958655341025E+001  5.813449792882E+002  0.000000000000E+000  7.486058324517E-001
  5.113794455212E-001  6.829571273295E+000 -4.582039538460E+001  5.368151982754E+002  0.000000000000E+000  7.601674528478E-001
  5.181945625116E-001  6.529437575981E+000 -4.230571914952E+001  4.951642453614E+002  0.000000000000E+000  7.716407601247E-001
  5.250859312060E-001  6.249336966162E+000 -3.902925284570E+001  4.562399213201E+002  0.000000000000E+000  7.830012175491E-001
  5.320545176366E-001  5.988135959981E+000 -3.597823049786E+001  4.198961355245E+002  0.000000000000E+000  7.942243552619E-001
  5.391013043575E-001  5.744744178978E+000 -3.314038225622E+001  3.859927658805E+002  0.000000000000E+000  8.052860706409E-001
  5.462272907741E-001  5.518113640131E+000 -3.050392433911E+001  3.543955162278E+002  0.000000000000E+000  8.161629417358E-001
  5.534334934816E-001  5.307238015188E+000 -2.805754870840E+001  3.249757716069E+002  0.000000000000E+000  8.268325462612E-001
  5.607209466109E-001  5.111151861788E+000 -2.579041250884E+001  2.976104517760E+002  0.000000000000E+000  8.372737778224E-001
  5.680907021827E-001  4.928929828880E+000 -2.369212730128E+001  2.721818633503E+002  0.000000000000E+000  8.474671505788E-001
  5.755438304707E-001  4.759685838857E+000 -2.175274811924E+001  2.485775509201E+002  0.000000000000E+000  8.573950834818E-001
  5.830814203728E-001  4.602572248799E+000 -1.996276237709E+001  2.266901474908E+002  0.000000000000E+000  8.670421555884E-001
  5.907045797917E-001  4.456778993160E+000 -1.831307865747E+001  2.064172245723E+002  0.000000000000E+000  8.763953247611E-001
  5.984144360243E-001  4.321532710160E+000 -1.679501540433E+001  1.876611422316E+002  0.000000000000E+000  8.854441032768E-001
  6.062121361613E-001  4.196095854123E+000 -1.540028954719E+001  1.703288994074E+002  0.000000000000E+000  8.941806854216E-001
  6.140988474955E-001  4.079765795876E+000 -1.412100508129E+001  1.543319847680E+002  0.000000000000E+000  9.026000239607E-001
  6.220757579409E-001  3.971873913328E+000 -1.294964162700E+001  1.395862283826E+002  0.000000000000E+000  9.106998543151E-001
  6.301440764614E-001  3.871784674231E+000 -1.187904299108E+001  1.260116544569E+002  0.000000000000E+000  9.184806672404E-001
  6.383050335109E-001  3.778894713072E+000 -1.090240575135E+001  1.135323353722E+002  0.000000000000E+000  9.259456326642E-001
  6.465598814833E-001  3.692631903974E+000 -1.001326788499E+001  1.020762472496E+002  0.000000000000E+000  9.331004789842E-001
  6.549098951744E-001  3.612454431416E+000 -9.205497460069E+000  9.157512724724E+001  0.000000000000E+000  9.399533334811E-001
  6.633563722545E-001  3.537849860488E+000 -8.473281408425E+000  8.196433278451E+001  0.000000000000E+000  9.465145304943E-001
  6.719006337539E-001  3.468334208354E+000 -7.811114397337E+000  7.318270286990E+001  0.000000000000E+000  9.527963946197E-001
  6.805440245593E-001  3.403451018472E+000 -7.213787816082E+000  6.517242169860E+001  0.000000000000E+000  9.588130064175E-001
  6.892879139233E-001  3.342770439108E+000 -6.676378892625E+000  5.787888466898E+001  0.000000000000E+000  9.645799579928E-001
  6.981336959871E-001  3.285888307533E+000 -6.194239954579E+000  5.125056695489E+001  0.000000000000E+000  9.701141053822E-001
  7.070827903152E-001  3.232425241272E+000 -5.762987847560E+000  4.523889475698E+001  0.000000000000E+000  9.754333240070E-001
  7.161366424455E-001  3.182025737662E+000 -5.378493523082E+000  3.979811934317E+001  0.000000000000E+000  9.805562726095E-001
  7.252967244510E-001  3.134357282909E+000 -5.036871807122E+000  3.488519397608E+001  0.000000000000E+000  9.855021701376E-001
  7.345645355186E-001  3.089109471775E+000 -4.734471359525E+000  3.045965381266E+001  0.000000000000E+000  9.902905890576E-001
  7.439416025400E-001  3.045993138903E+000 -4.467864833482E+000  2.648349884974E+001  0.000000000000E+000  9.949412676006E-001
  7.534294807203E-001  3.004739502776E+000 -4.233839243360E+000  2.292107997777E+001  0.000000000000E+000  9.994739425390E-001
  7.630297542000E-001  2.965099323168E+000 -4.029386548283E+000  1.973898819406E+001  0.000000000000E+000  1.003908203267E+000
  7.727440366954E-001  2.926842072926E+000 -3.851694457961E+000  1.690594701647E+001  0.000000000000E+000  1.008263367255E+000
  7.825739721536E-001  2.889755124809E+000 -3.698137466420E+000  1.439270812830E+001  0.000000000000E+000  1.012558376371E+000
  7.925212354258E-001  2.853642954064E+000 -3.566268118461E+000  1.217195027588E+001  0.000000000000E+000  1.016811713079E+000
  8.025875329584E-001  2.818326357341E+000 -3.453808512856E+000  1.021818143091E+001  0.000000000000E+000  1.021041335225E+000
  8.127746035011E-001  2.783641688476E+000 -3.358642045538E+000  8.507644221325E+000  0.000000000000E+000  1.025264627845E+000
  8.230842188350E-001  2.749440111619E+000 -3.278805395295E+000  7.018224626137E+000  0.000000000000E+000  1.029498370315E+000
  8.335181845190E-001  2.715586872119E+000 -3.212480753741E+000  5.729363922011E+000  0.000000000000E+000  1.033758717104E+000
  8.440783406568E-001  2.681960585486E+000 -3.157988300696E+000  4.621973862204E+000  0.000000000000E+000  1.038061190390E+000
  8.547665626839E-001  2.648452544750E+000 -3.113778925410E+000  3.678355061662E+000  0.000000000000E+000  1.042420682854E+000
  8.655847621758E-001  2.614966046411E+000 -3.078427193491E+000  2.882118555785E+000  0.000000000000E+000  1.046851469064E+000
  8.765348876780E-001  2.581415735184E+000 -3.050624558772E+000  2.218110494463E+000  0.000000000000E+000  1.051367223977E+000
  8.876189255584E-001  2.547726967640E+000 -3.029172818810E+000  1.672339927600E+000  0.000000000000E+000  1.055981047225E+000
  8.988389008829E-001  2.513835194819E+000 -3.012977812194E+000  1.231909633255E+000  0.000000000000E+000  1.060705491974E+000
  9.101968783143E-001  2.479685363848E+000 -3.001043355339E+000  8.849499349935E-001  0.000000000000E+000  1.065552597321E+000
  9.216949630368E-001  2.445231338534E+000 -2.992465415974E+000  6.205554507965E-001  0.000000000000E+000  1.070533923286E+000
  9.333353017046E-001  2.410435338883E+000 -2.986426520125E+000  4.287247121094E-001  0.000000000000E+000  1.075660587637E+000
  9.451200834176E-001  2.375267399424E+000 -2.982190388984E+000  3.003025881600E-001  0.000000000000E+000  1.080943303872E+000
  9.570515407237E-001  2.339704846231E+000 -2.979096801697E+000  2.269254476534E-001  0.000000000000E+000  1.086392419807E+000
  9.691319506484E-001  2.303731792447E+000 -2.976556679770E+000  2.009689872417E-001  0.000000000000E+000  1.092017956330E+000
  9.813636357544E-001  2.267338652122E+000 -2.974047388493E+000  2.154986538462E-001  0.000000000000E+000  1.097829645947E+000
  9.937489652293E-001  2.230521672139E+000 -2.971108250523E+000  2.642225858931E-001  0.000000000000E+000  1.103836970851E+000
  1.006290356005E+000  2.193282481970E+000 -2.967336266506E+000  3.414469968505E-001  0.000000000000E+000  1.110049200289E+000
  1.018990273907E+000  2.155627660988E+000 -2.962382037428E+000  4.420339230946E-001  0.000000000000E+000  1.116475427083E+000
  1.031851234841E+000  2.117568323040E+000 -2.955945883208E+000  5.613612570717E-001  0.000000000000E+000  1.123124603192E+000
  1.044875806003E+000  2.079119717975E+000 -2.947774151887E+000  6.952849859480E-001  0.000000000000E+000  1.130005574256E+000
  1.058066607138E+000  2.040300849793E+000 -2.937655713645E+000  8.401035554524E-001  0.000000000000E+000  1.137127113090E+000
  1.071426311823E+000  2.001134111084E+000 -2.925418633801E+000  9.925242783980E-001  0.000000000000E+000  1.144497952129E+000
  1.084957648792E+000  1.961644933406E+000 -2.910927018860E+000  1.149631707394E+000  0.000000000000E+000  1.152126814855E+000
  1.098663403298E+000  1.921861453249E+000 -2.894078029654E+000  1.308857891553E+000  0.000000000000E+000  1.160022446233E+000
  1.112546418516E+000  1.881814193238E+000 -2.874799055598E+000  1.467954437487E+000  0.000000000000E+000  1.168193642229E+000
  1.126609596985E+000  1.841535758185E+000 -2.853045044083E+000  1.624966295663E+000  0.000000000000E+000  1.176649278469E+000
  1.140855902095E+000  1.801060545662E+000 -2.828795979069E+000  1.778207194081E+000  0.000000000000E+000  1.185398338119E+000
  1.155288359613E+000  1.760424470711E+000 -2.802054503000E+000  1.926236642437E+000  0.000000000000E+000  1.194449939078E+000
  1.169910059257E+000  1.719664704342E+000 -2.772843676206E+000  2.067838431208E+000  0.000000000000E+000  1.203813360564E+000
  1.184724156317E+000  1.678819425459E+000 -2.741204868086E+000  2.202000551669E+000  0.000000000000E+000  1.213498069188E+000
  1.199733873325E+000  1.637927585868E+000 -2.707195774449E+000  2.327896464436E+000  0.000000000000E+000  1.223513744625E+000
  1.214942501771E+000  1.597028688027E+000 -2.670888555516E+000  2.444867646026E+000  0.000000000000E+000  1.233870304962E+000
  1.230353403874E+000  1.556162575201E+000 -2.632368089234E+000  2.552407344812E+000  0.000000000000E+000  1.244577931834E+000
  1.245970014403E+000  1.515369233683E+000 -2.591730334695E+000  2.650145479848E+000  0.000000000000E+000  1.255647095443E+000
  1.261795842559E+000  1.474688606787E+000 -2.549080800621E+000  2.737834618227E+000  0.000000000000E+000  1.267088579569E+000
  1.277834473907E+000  1.434160420275E+000 -2.504533114035E+000  2.815336968870E+000  0.000000000000E+000  1.278913506656E+000
  1.294089572372E+000  1.393824018946E+000 -2.458207684425E+000  2.882612333038E+000  0.000000000000E+000  1.291133363097E+000
  1.310564882294E+000  1.353718214069E+000 -2.410230458892E+000  2.939706954233E+000  0.000000000000E+000  1.303760024800E+000
  1.327264230548E+000  1.313881141397E+000 -2.360731763947E+000  2.986743212628E+000  0.000000000000E+000  1.316805783149E+000
  1.344191528724E+000  1.274350129479E+000 -2.309845229821E+000  3.023910111681E+000  0.000000000000E+000  1.330283371463E+000
  1.361350775387E+000  1.235161578011E+000 -2.257706793346E+000  3.051454507057E+000  0.000000000000E+000  1.344205992048E+000
  1.378746058390E+000  1.196350845959E+000 -2.204453775636E+000  3.069673030539E+000  0.000000000000E+000  1.358587343961E+000
  1.396381557275E+000  1.157952149215E+000 -2.150224030984E+000  3.078904664106E+000  0.000000000000E+000  1.373441651586E+000
  1.414261545744E+000  1.119998467531E+000 -2.095155163603E+000  3.079523921804E+000  0.000000000000E+000  1.388783694133E+000
  1.432390394201E+000  1.082521460495E+000 -2.039383808960E+000  3.071934599538E+000  0.000000000000E+000  1.404628836174E+000
  1.450772572390E+000  1.045551392320E+000 -1.983044976666E+000  3.056564055246E+000  0.000000000000E+000  1.420993059337E+000
  1.469412652102E+000  1.009117065196E+000 -1.926271452021E+000  3.033857984279E+000  0.000000000000E+000  1.437892995270E+000
  1.488315309978E+000  9.732457609985E-001 -1.869193253478E+000  3.004275657044E+000  0.000000000000E+000  1.455345960006E+000
  1.507485330398E+000  9.379631910932E-001 -1.811937143407E+000  2.968285588157E+000  0.000000000000E+000  1.473369989858E+000
  1.526927608467E+000  9.032934540393E-001 -1.754626189712E+000  2.926361608384E+000  0.000000000000E+000  1.491983878975E+000
  1.546647153093E+000  8.692590009322E-001 -1.697379375933E+000  2.878979312669E+000  0.000000000000E+000  1.511207218705E+000
  1.566649090169E+000  8.358806081667E-001 -1.640311257595E+000  2.826612859361E+000  0.000000000000E+000  1.531060438916E+000
  1.586938665861E+000  8.031773573768E-001 -1.583531662671E+000  2.769732097541E+000  0.000000000000E+000  1.551564851422E+000
  1.607521250000E+000  7.711666223117E-001 -1.527145434085E+000  2.708800000945E+000  0.000000000000E+000  1.572742695686E+000
  1.628402339588E+000  7.398640624006E-001 -1.471252212299E+000  2.644270388515E+000  0.000000000000E+000  1.594617186971E+000
  1.649587562420E+000  7.092836227530E-001 -1.415946256045E+000  2.576585912985E+000  0.000000000000E+000  1.617212567129E+000
  1.671082680832E+000  6.794375403349E-001 -1.361316299371E+000  2.506176300191E+000  0.000000000000E+000  1.640554158209E+000
  1.692893595565E+000  6.503363560565E-001 -1.307445443164E+000  2.433456822939E+000  0.000000000000E+000  1.664668419105E+000
  1.715026349769E+000  6.219889324961E-001 -1.254411079400E+000  2.358826994304E+000  0.000000000000E+000  1.689583005466E+000
  1.737487133138E+000  5.944024769826E-001 -1.202284846363E+000  2.282669466187E+000  0.000000000000E+000  1.715326833080E+000
  1.760282286187E+000  5.675825697482E-001 -1.151132613123E+000  2.205349119737E+000  0.000000000000E+000  1.741930145014E+000
  1.783418304674E+000  5.415331968581E-001 -1.101014491575E+000  2.127212335049E+000  0.000000000000E+000  1.769424582750E+000
  1.806901844175E+000  5.162567876175E-001 -1.051984874353E+000  2.048586428107E+000  0.000000000000E+000  1.797843261619E+000
  1.830739724818E+000  4.917542561497E-001 -1.004092496939E+000  1.969779243589E+000  0.000000000000E+000  1.827220850829E+000
  1.854938936184E+000  4.680250468331E-001 -9.573805223156E-001  1.891078892581E+000  0.000000000000E+000  1.857593658416E+000
  1.879506642368E+000  4.450671832841E-001 -9.118866464861E-001  1.812753624700E+000  0.000000000000E+000  1.888999721466E+000
  1.904450187236E+000  4.228773205635E-001 -8.676432232332E-001  1.735051824518E+000  0.000000000000E+000  1.921478901987E+000
  1.929777099847E+000  4.014508002873E-001 -8.246774064554E-001  1.658202122480E+000  0.000000000000E+000  1.955072988823E+000
  1.955495100083E+000  3.807817083176E-001 -7.830113084599E-001  1.582413610829E+000  0.000000000000E+000  1.989825806048E+000
  1.981612104475E+000  3.608629347102E-001 -7.426621725899E-001  1.507876155310E+000  0.000000000000E+000  2.025783328306E+000
  2.008136232230E+000  3.416862355980E-001 -7.036425585824E-001  1.434760793696E+000  0.000000000000E+000  2.062993803581E+000
  2.035075811486E+000  3.232422966880E-001 -6.659605390742E-001  1.363220212380E+000  0.000000000000E+000  2.101507883940E+000
  2.062439385788E+000  3.055207980578E-001 -6.296199056963E-001  1.293389292560E+000  0.000000000000E+000  2.141378764827E+000
  2.090235720801E+000  2.885104799394E-001 -5.946203832285E-001  1.225385717751E+000  0.000000000000E+000  2.182662333515E+000
  2.118473811262E+000  2.721992091850E-001 -5.609578503173E-001  1.159310634600E+000  0.000000000000E+000  2.225417327391E+000
  2.147162888201E+000  2.565740461187E-001 -5.286245653040E-001  1.095249359247E+000  0.000000000000E+000  2.269705502793E+000
  2.176312426413E+000  2.416213114843E-001 -4.976093957497E-001  1.033272121737E+000  0.000000000000E+000  2.315591815160E+000
  2.205932152222E+000  2.273266532124E-001 -4.678980503015E-001  9.734348412596E-001  0.000000000000E+000  2.363144611352E+000
  2.236032051522E+000  2.136751127388E-001 -4.394733115907E-001  9.157799252891E-001  0.000000000000E+000  2.412435835018E+000
  2.266622378129E+000  2.006511906204E-001 -4.123152689236E-001  8.603370860415E-001  0.000000000000E+000  2.463541246013E+000
  2.297713662445E+000  1.882389112066E-001 -3.864015495826E-001  8.071241679545E-001  0.000000000000E+000  2.516540654902E+000
  2.329316720450E+000  1.764218861403E-001 -3.617075476290E-001  7.561479802793E-001  0.000000000000E+000  2.571518173699E+000
  2.361442663038E+000  1.651833764756E-001 -3.382066491703E-001  7.074051292235E-001  0.000000000000E+000  2.628562484091E+000
  2.394102905709E+000  1.545063532163E-001 -3.158704531295E-001  6.608828444624E-001  0.000000000000E+000  2.687767124487E+000
  2.427309178642E+000  1.443735560950E-001 -2.946689866345E-001  6.165597952315E-001  0.000000000000E+000  2.749230797354E+000
  2.461073537146E+000  1.347675504297E-001 -2.745709142246E-001  5.744068916049E-001  0.000000000000E+000  2.813057698450E+000
  2.495408372530E+000  1.256707819106E-001 -2.555437401523E-001  5.343880669741E-001  0.000000000000E+000  2.879357869673E+000
  2.530326423398E+000  1.170656291880E-001 -2.375540031445E-001  4.964610381476E-001  0.000000000000E+000  2.948247577446E+000
  2.565840787378E+000  1.089344541487E-001 -2.205674630645E-001  4.605780399016E-001  0.000000000000E+000  3.019849718696E+000
  2.601964933334E+000  1.012596497856E-001 -2.045492790049E-001  4.266865312192E-001  0.000000000000E+000  3.094294256721E+000
  2.638712714049E+000  9.402368558069E-002 -1.894641784161E-001  3.947298708570E-001  0.000000000000E+000  3.171718689423E+000
  2.676098379430E+000  8.720915034093E-002 -1.752766169605E-001  3.646479602722E-001  0.000000000000E+000  3.252268552664E+000
  2.714136590232E+000  8.079879243806E-002 -1.619509288556E-001  3.363778523271E-001  0.000000000000E+000  3.336097961765E+000
  2.752842432351E+000  7.477555742315E-002 -1.494514675452E-001  3.098543245590E-001  0.000000000000E+000  3.423370194470E+000
  2.792231431696E+000  6.912262299841E-002 -1.377427366102E-001  2.850104161585E-001  0.000000000000E+000  3.514258319075E+000
  2.832319569669E+000  6.382343134390E-002 -1.267895108959E-001  2.617779281385E-001  0.000000000000E+000  3.608945871780E+000
  2.873123299289E+000  5.886171880984E-002 -1.165569478973E-001  2.400878864933E-001  0.000000000000E+000  3.707627587799E+000
  2.914659561979E+000  5.422154299713E-002 -1.070106895032E-001  2.198709684469E-001  0.000000000000E+000  3.810510191236E+000
  2.956945805065E+000  4.988730726031E-002 -9.811695425234E-002  2.010578921654E-001  0.000000000000E+000  3.917813249327E+000
  3.000000000000E+000  4.584378267726E-002 -8.984262030629E-002  1.835797705565E-001  0.000000000000E+000  4.029770097255E+000
  3.043840661365E+000  4.207612753953E-002 -8.215529938474E-002  1.673684300113E-001  0.000000000000E+000  4.146628840501E+000
  3.088486866678E+000  3.856990442532E-002 -7.502340195011E-002  1.523566951389E-001  0.000000000000E+000  4.268653442502E+000
  3.133958277047E+000  3.531109492457E-002 -6.841619395977E-002  1.384786407247E-001  0.000000000000E+000  4.396124906286E+000
  3.180275158719E+000  3.228611209221E-002 -6.230384553282E-002  1.256698122889E-001  0.000000000000E+000  4.529342559864E+000
  3.227458405560E+000  2.948181071072E-002 -5.665747190084E-002  1.138674167456E-001  0.000000000000E+000  4.668625456300E+000
  3.275529562509E+000  2.688549544823E-002 -5.144916702973E-002  1.030104847608E-001  0.000000000000E+000  4.814313900765E+000
  3.324510850077E+000  2.448492700173E-002 -4.665203031269E-002  9.304000647902E-002  0.000000000000E+000  4.966771118416E+000
  3.374425189910E+000  2.226832631828E-002 -4.224018674255E-002  8.389904233757E-002  0.000000000000E+000  5.126385078687E+000
  3.425296231502E+000  2.022437698943E-002 -3.818880097634E-002  7.553281071446E-002  0.000000000000E+000  5.293570493585E+000
  3.477148380094E+000  1.834222591561E-002 -3.447408570516E-002  6.788875415948E-002  0.000000000000E+000  5.468771009831E+000
  3.530006825834E+000  1.661148233863E-002 -3.107330473992E-002  6.091658594715E-002  0.000000000000E+000  5.652461617301E+000
  3.583897574256E+000  1.502221534110E-002 -2.796477121781E-002  5.456831865841E-002  0.000000000000E+000  5.845151299138E+000
  3.638847478148E+000  1.356494991183E-002 -2.512784132644E-002  4.879827645435E-002  0.000000000000E+000  6.047385952274E+000
  3.694884270887E+000  1.223066167632E-002 -2.254290393265E-002  4.356309264813E-002  0.000000000000E+000  6.259751610953E+000
  3.752036601308E+000  1.101077039115E-002 -2.019136649139E-002  3.882169411480E-002  0.000000000000E+000  6.482878010184E+000
  3.810334070199E+000  9.897132300396E-003 -1.805563759778E-002  3.453527400473E-002  0.000000000000E+000  6.717442531082E+000
  3.869807268505E+000  8.882031451641E-003 -1.611910653167E-002  3.066725414691E-002  0.000000000000E+000  6.964174575775E+000
  3.930487817331E+000  7.958170067982E-003 -1.436612013058E-002  2.718323844629E-002  0.000000000000E+000  7.223860426049E+000
  3.992408409843E+000  7.118658071392E-003 -1.278195731270E-002  2.405095849502E-002  0.000000000000E+000  7.497348647460E+000
  4.055602855172E+000  6.357001851475E-003 -1.135280155729E-002  2.124021253464E-002  0.000000000000E+000  7.785556109128E+000
  4.120106124432E+000  5.667092372117E-003 -1.006571163645E-002  1.872279882423E-002  0.000000000000E+000  8.089474699327E+000
  4.185954398964E+000  5.043192706854E-003 -8.908590877728E-003  1.647244439051E-002  0.000000000000E+000  8.410178828188E+000
  4.253185120935E+000  4.479925091851E-003 -7.870155224129E-003  1.446473006072E-002  0.000000000000E+000  8.748833821789E+000
  4.321837046422E+000  3.972257583233E-003 -6.939900344349E-003  1.267701260724E-002  0.000000000000E+000  9.106705326704E+000
  4.391950301120E+000  3.515490403115E-003 -6.108068033036E-003  1.108834476593E-002  0.000000000000E+000  9.485169861157E+000
  4.463566438835E+000  3.105242055962E-003 -5.365612127859E-003  9.679393826476E-003  0.000000000000E+000  9.885726668459E+000
  4.536728502895E+000  2.737435293983E-003 -4.704164157093E-003  8.432359434276E-003  0.000000000000E+000  1.031001105096E+001
  4.611481090679E+000  2.408283006972E-003 -4.115998918406E-003  7.330891187062E-003  0.000000000000E+000  1.075980938863E+001
  4.687870421430E+000  2.114274108432E-003 -3.594000176376E-003  6.360006557278E-003  0.000000000000E+000  1.123707607635E+001
  4.765944407533E+000  1.852159486008E-003 -3.131626652920E-003  5.506009621029E-003  0.000000000000E+000  1.174395264814E+001
  4.845752729492E+000  1.618938080066E-003 -2.722878471352E-003  4.756411026740E-003  0.000000000000E+000  1.228278939669E+001
  4.927346914797E+000  1.411843149914E-003 -2.362264201069E-003  4.099849590814E-003  0.000000000000E+000  1.285616984206E+001
  5.010780420931E+000  1.228328782514E-003 -2.044768636012E-003  3.526015863170E-003  0.000000000000E+000  1.346693845664E+001
  5.096108722763E+000  1.066056693732E-003 -1.765821426101E-003  3.025577962570E-003  0.000000000000E+000  1.411823211495E+001
  5.183389404586E+000  9.228833672025E-004 -1.521266666808E-003  2.590109939873E-003  0.000000000000E+000  1.481351580772E+001
  5.272682257105E+000  7.968475708065E-004 -1.307333538098E-003  2.212022886858E-003  0.000000000000E+000  1.555662324260E+001
  5.364049379651E+000  6.861582855977E-004 -1.120608070113E-003  1.884498969151E-003  0.000000000000E+000  1.635180304917E+001
  5.457555287978E+000  5.891830768389E-004 -9.580060994575E-004  1.601428524212E-003  0.000000000000E+000  1.720377141748E+001
  5.553267027968E+000  5.044369316385E-004 -8.167474666526E-004  1.357350329507E-003  0.000000000000E+000  1.811777212851E+001
  5.651254295630E+000  4.305715825754E-004 -6.943314926200E-004  1.147395112144E-003  0.000000000000E+000  1.909964508500E+001
  5.751589563796E+000  3.663653316903E-004 -5.885137597421E-004  9.672323396113E-004  0.000000000000E+000  2.015590462609E+001
  5.854348215936E+000  3.107133843685E-004 -4.972842114234E-004  8.130203019431E-004  0.000000000000E+000  2.129382911190E+001
  5.959608687557E+000  2.626186979548E-004 -4.188465730582E-004  6.813594688202E-004  0.000000000000E+000  2.252156350006E+001
  6.067452615683E+000  2.211833454986E-004 -3.515990870094E-004  5.692490808555E-004  0.000000000000E+000  2.384823690951E+001
  6.177964996951E+000  1.856003908390E-004 -2.941165446364E-004  4.740469125753E-004  0.000000000000E+000  2.528409748382E+001
  6.291234354880E+000  1.551462673697E-004 -2.451335896154E-004  3.934321253687E-004  0.000000000000E+000  2.684066723209E+001
  6.407352916949E+000  1.291736492975E-004 -2.035292588004E-004  3.253711118375E-004  0.000000000000E+000  2.853091994770E+001
  6.526416802128E+000  1.071048010757E-004 -1.683127197164E-004  2.680862184129E-004  0.000000000000E+000  3.036948579003E+001
  6.648526219580E+000  8.842538799002E-005 -1.386101574891E-004  2.200272206986E-004  0.000000000000E+000  3.237288666896E+001
  6.773785679311E+000  7.267872862660E-005 -1.136527586423E-004  1.798454156407E-004  0.000000000000E+000  3.455980720417E+001
  6.902304215570E+000  5.946046820011E-005 -9.276573477236E-005  1.463701862229E-004  0.000000000000E+000  3.695140674663E+001
  7.034195623922E+000  4.841365046436E-005 -7.535832569243E-005  1.185878878958E-004  0.000000000000E+000  3.957167875453E+001
  7.169578712934E+000  3.922416518660E-005 -6.091471924538E-005  9.562290133785E-005  0.000000000000E+000  4.244786471477E+001
  7.308577571516E+000  3.161654792291E-005 -4.898582365385E-005  7.672069343096E-005  0.000000000000E+000  4.561093079540E+001
  7.451321853057E+000  2.535010906208E-005 -3.918182799832E-005  6.123272752704E-005  0.000000000000E+000  4.909611650646E+001
  7.597947077547E+000  2.021536976661E-005 -3.116548717235E-005  4.860306519717E-005  0.000000000000E+000  5.294356583406E+001
  7.748594953021E+000  1.603078347188E-005 -2.464606940043E-005  3.835650469055E-005  0.000000000000E+000  5.719905259846E+001
  7.903413717736E+000  1.263972293492E-005 -1.937390702848E-005  3.008810623074E-005  0.000000000000E+000  6.191481317916E+001
  8.062558504629E+000  9.907714366263E-006 -1.513549468488E-005  2.345396093417E-005  0.000000000000E+000  6.715050127908E+001
  8.226191729726E+000  7.719901838831E-006 -1.174908290366E-005  1.816306837427E-005  0.000000000000E+000  7.297428114222E+001
  8.394483506327E+000  5.978726852096E-006 -9.060719719782E-006  1.397019738239E-005  0.000000000000E+000  7.946407775780E+001
  8.567612086926E+000  4.601809545138E-006 -6.940697390056E-006  1.066961525835E-005  0.000000000000E+000  8.670900541153E+001
  8.745764335025E+000  3.520019518347E-006 -5.280366060955E-006  8.089581790392E-006  0.000000000000E+000  9.481100010107E+001
  8.929136229160E+000  2.675725473102E-006 -3.989280702455E-006  6.087515954479E-006  0.000000000000E+000  1.038866879325E+002
  9.117933401693E+000  2.021213866135E-006 -2.992651784558E-006  4.545754471615E-006  0.000000000000E+000  1.140695325707E+002
  9.312371715124E+000  1.517267477280E-006 -2.229073852923E-006  3.367832165234E-006  0.000000000000E+000  1.255123232910E+002
  9.512677878945E+000  1.131895207067E-006 -1.648509268263E-006  2.475223947854E-006  0.000000000000E+000  1.383900962127E+002
  9.719090110332E+000  8.392045789987E-007 -1.210506865704E-006  1.804497021053E-006  0.000000000000E+000  1.529036326086E+002
  9.931858842267E+000  6.184083653779E-007 -8.826371698595E-007  1.304829331965E-006  0.000000000000E+000  1.692837611595E+002
  1.015124748302E+001  4.529565460832E-007 -6.391271203186E-007  9.358564309170E-007  0.000000000000E+000  1.877968217730E+002
  1.037753323129E+001  3.297845167541E-007 -4.596781105414E-007  6.658136559453E-007  0.000000000000E+000  2.087518490307E+002
  1.061100795175E+001  2.386681589140E-007 -3.284516387291E-007  4.699441571830E-007  0.000000000000E+000  2.325103325161E+002
  1.085197911611E+001  1.716761373500E-007 -2.332071437161E-007  3.291458628769E-007  0.000000000000E+000  2.594998476125E+002
  1.110077081537E+001  1.227096562853E-007 -1.645767842421E-007  2.288323186894E-007  0.000000000000E+000  2.902334772081E+002
  1.135772484956E+001  8.711992636772E-008 -1.154621343921E-007  1.579836582097E-007  0.000000000000E+000  3.253378445383E+002
  1.162320190175E+001  6.139379132961E-008 -8.053810557711E-008  1.083650288765E-007  0.000000000000E+000  3.655938939514E+002
  1.189758280382E+001  4.289833901310E-008 -5.584992851523E-008  7.389081195923E-008  0.000000000000E+000  4.119965625644E+002
  1.218126990242E+001  2.967586108633E-008 -3.848976491701E-008  5.011409346504E-008  0.000000000000E+000  4.658427151908E+002
  1.247468853413E+001  2.028119966566E-008 -2.634046230480E-008  3.382215892103E-008  0.000000000000E+000  5.288622130869E+002
  1.277828862002E+001  1.365428812169E-008 -1.787508290733E-008  2.272033110600E-008  0.000000000000E+000  6.034167999022E+002
  1.309254639077E+001  9.021514492347E-009 -1.200207537116E-008  1.518822385398E-008  0.000000000000E+000  6.928096600275E+002
  1.341796625462E+001  5.820367302993E-009 -7.947252514554E-009  1.009438417577E-008  0.000000000000E+000  8.017832037374E+002
  1.375508282195E+001  3.642629058296E-009 -5.165025551888E-009  6.657252528719E-009  0.000000000000E+000  9.373506876353E+002
  1.410446310162E+001  2.192134682440E-009 -3.272569054046E-009  4.342294282532E-009  0.000000000000E+000  1.110242906702E+003
  1.446670888596E+001  1.253793242634E-009 -2.001709115402E-009  2.786960413563E-009  0.000000000000E+000  1.337514328701E+003
  1.484245934302E+001  6.711733392618E-010 -1.164313985666E-009  1.746758682292E-009  0.000000000000E+000  1.647260126146E+003
  1.523239383723E+001  3.304754600686E-010 -6.278123334879E-010  1.057120128628E-009  0.000000000000E+000  2.086062645124E+003
  1.563723500136E+001  1.491634988327E-010 -2.981734806238E-010  6.069182296499E-010  0.000000000000E+000  2.719482265348E+003
  1.605775208607E+001  6.791020723764E-011 -1.082697710212E-010  3.204501582172E-010  0.000000000000E+000  3.535048687693E+003
  1.649476461582E+001  4.483546233312E-011 -1.002169339004E-011  1.454472299422E-010  0.000000000000E+000  4.059755393152E+003
  1.694914638379E+001  5.128834569434E-011  3.088039718997E-011  4.527820061175E-011  0.000000000000E+000  3.881809225726E+003
  1.742182982203E+001  6.864865304891E-011  3.856255759278E-011 -6.021772997341E-012  0.000000000000E+000  3.522327591713E+003
  1.791381078784E+001  8.580339791873E-011  2.948486324911E-011 -2.689299567164E-011  0.000000000000E+000  3.269933515505E+003
  1.842615381215E+001  9.709123147722E-011  1.430517666950E-011 -3.026648958823E-011  0.000000000000E+000  3.137957676556E+003
  1.895999786176E+001  1.006049921795E-010 -6.566167339115E-013 -2.492364957364E-011  0.000000000000E+000  3.100991489638E+003
  1.951656267356E+001  9.680372462489E-011 -1.221599787128E-011 -1.649320184600E-011  0.000000000000E+000  3.141061181945E+003
  2.009715572669E+001  8.741622084997E-011 -1.932160959098E-011 -8.247865640379E-012  0.000000000000E+000  3.249698543911E+003
  2.070317992707E+001  7.462584969512E-011 -2.223516178120E-011 -1.774945380786E-012  0.000000000000E+000  3.425657885414E+003
  2.133614208874E+001  6.051948199946E-011 -2.189187789713E-011  2.457007072860E-012  0.000000000000E+000  3.673460301551E+003
  2.199766230782E+001  4.676983624894E-011 -1.943902806311E-011  4.637070723539E-012  0.000000000000E+000  4.002995806307E+003
  2.268948433818E+001  3.450739391392E-011 -1.594005192158E-011  5.262119468615E-012  0.000000000000E+000  4.429992909139E+003
  2.341348709294E+001  2.432985733420E-011 -1.221980776705E-011  4.897270491967E-012  0.000000000000E+000  4.977300910261E+003
  2.417169741362E+001  1.639607950637E-011 -8.817599547855E-012  4.035280305770E-012  0.000000000000E+000  5.677106999822E+003
  2.496630426925E+001  1.055729167607E-011 -6.011392315834E-012  3.034920000033E-012  0.000000000000E+000  6.574401829643E+003
  2.579967457140E+001  6.489371418839E-012 -3.879241809734E-012  2.114144289900E-012  0.000000000000E+000  7.732255705042E+003
  2.667437081864E+001  3.803011528045E-012 -2.370939392742E-012  1.374449005834E-012  0.000000000000E+000  9.239841844724E+003
  2.759317081651E+001  2.121249104820E-012 -1.371971989858E-012  8.371435680738E-013  0.000000000000E+000  1.122474613530E+004
  2.855908975674E+001  1.123811602920E-012 -7.508471394782E-013  4.784605253753E-013  0.000000000000E+000  1.387211182344E+004
  2.957540498378E+001  5.641163626030E-013 -3.879722613674E-013  2.566350634023E-013  0.000000000000E+000  0.000000000000E+000
  3.064568382919E+001  2.675392265614E-013 -1.888489151223E-013  1.290580572847E-013  0.000000000000E+000  0.000000000000E+000
  3.177381495601E+001  1.194947813675E-013 -8.635545946839E-014  6.073684277715E-014  0.000000000000E+000  0.000000000000E+000
  3.296404372807E+001  5.008075203938E-014 -3.697439628351E-014  2.668029252117E-014  0.000000000000E+000  0.000000000000E+000
  3.422101220608E+001  1.961454506864E-014 -1.476731750289E-014  1.090396713792E-014  0.000000000000E+000  0.000000000000E+000
  3.554980447538E+001  7.146393377451E-015 -5.477854813251E-015  4.129807003088E-015  0.000000000000E+000  0.000000000000E+000
  3.695599813319E+001  2.409816642777E-015 -1.878025305392E-015  1.442920178076E-015  0.000000000000E+000  0.000000000000E+000
  3.844572291106E+001  7.478358267708E-016 -5.918103829195E-016  4.626400459263E-016  0.000000000000E+000  0.000000000000E+000
  4.002572758518E+001  2.122326079860E-016 -1.703619722702E-016  1.353142640157E-016  0.000000000000E+000  0.000000000000E+000
  4.170345654134E+001  5.469546308714E-017 -4.449103727118E-017  3.586081308599E-017  0.000000000000E+000  0.000000000000E+000
  4.348713762001E+001  1.270071488104E-017 -1.045996023486E-017  8.546409718634E-018  0.000000000000E+000  0.000000000000E+000
  4.538588318162E+001  2.625599514981E-018 -2.186156317397E-018  1.807440543669E-018  0.000000000000E+000  0.000000000000E+000
  4.740980671574E+001  4.821640702996E-019 -4.208989691797E-019  3.543239978356E-019  0.000000000000E+000  0.000000000000E+000
  4.957015778746E+001  7.930004215085E-020 -6.458121492658E-020  4.748131323386E-020  0.000000000000E+000  0.000000000000E+000
  5.187947869225E+001  9.758481668658E-021 -8.284520682970E-021  1.123818302632E-020  0.000000000000E+000  0.000000000000E+000
  5.435178690397E+001  1.645497766174E-021 -1.260335898297E-021 -8.447098309986E-023  0.000000000000E+000  0.000000000000E+000
  5.700278828629E+001  2.097454429256E-023 -3.167237535742E-022  2.827323969985E-022  0.000000000000E+000  0.000000000000E+000
  5.985012714155E+001  2.750509371921E-023  0.000000000000E+000  0.000000000000E+000  0.000000000000E+000  0.000000000000E+000
  6.291368055481E+001  0.000000000000E+000  0.000000000000E+000  0.000000000000E+000  0.000000000000E+000  0.000000000000E+000
  6.621590623276E+001  0.000000000000E+000  0.000000000000E+000  0.000000000000E+000  0.000000000000E+000  0.000000000000E+000
  6.978225524452E+001  0.000000000000E+000  0.000000000000E+000  0.000000000000E+000  0.000000000000E+000  0.000000000000E+000
  7.364166388185E+001  0.000000000000E+000  0.000000000000E+000  0.000000000000E+000  0.000000000000E+000  0.000000000000E+000
  7.782714245929E+001  0.000000000000E+000  0.000000000000E+000  0.000000000000E+000  0.000000000000E+000  0.000000000000E+000
  8.237648351994E+001  0.000000000000E+000  0.000000000000E+000  0.000000000000E+000  0.000000000000E+000  0.000000000000E+000
  8.733311794502E+001  0.000000000000E+000  0.000000000000E+000  0.000000000000E+000  0.000000000000E+000  0.000000000000E+000
  9.274715535088E+001  0.000000000000E+000  0.000000000000E+000  0.000000000000E+000  0.000000000000E+000  0.000000000000E+000
  9.867665554529E+001  0.000000000000E+000  0.000000000000E+000  0.000000000000E+000  0.000000000000E+000  0.000000000000E+000
  1.051891916055E+002  0.000000000000E+000  0.000000000000E+000  0.000000000000E+000  0.000000000000E+000  0.000000000000E+000
  1.123637836013E+002  0.000000000000E+000  0.000000000000E+000  0.000000000000E+000  0.000000000000E+000  0.000000000000E+000
  1.202933069206E+002  0.000000000000E+000  0.000000000000E+000  0.000000000000E+000  0.000000000000E+000  0.000000000000E+000
  1.290875131414E+002  0.000000000000E+000  0.000000000000E+000  0.000000000000E+000  0.000000000000E+000  0.000000000000E+000
  1.388768482001E+002  0.000000000000E+000  0.000000000000E+000  0.000000000000E+000  0.000000000000E+000  0.000000000000E+000
  1.498173177370E+002  0.000000000000E+000  0.000000000000E+000  0.000000000000E+000  0.000000000000E+000  0.000000000000E+000
  1.620967411853E+002  0.000000000000E+000  0.000000000000E+000  0.000000000000E+000  0.000000000000E+000  0.000000000000E+000
  1.759428668168E+002  0.000000000000E+000  0.000000000000E+000  0.000000000000E+000  0.000000000000E+000  0.000000000000E+000
  1.916340085825E+002  0.000000000000E+000  0.000000000000E+000  0.000000000000E+000  0.000000000000E+000  0.000000000000E+000
  2.095131417987E+002  0.000000000000E+000  0.000000000000E+000  0.000000000000E+000  0.000000000000E+000  0.000000000000E+000
  2.300068054477E+002  0.000000000000E+000  0.000000000000E+000  0.000000000000E+000  0.000000000000E+000  0.000000000000E+000
  2.536507797910E+002  0.000000000000E+000  0.000000000000E+000  0.000000000000E+000  0.000000000000E+000  0.000000000000E+000
  2.811254638474E+002  0.000000000000E+000  0.000000000000E+000  0.000000000000E+000  0.000000000000E+000  0.000000000000E+000
  3.133053780630E+002  0.000000000000E+000  0.000000000000E+000  0.000000000000E+000  0.000000000000E+000  0.000000000000E+000
  3.513296254502E+002  0.000000000000E+000  0.000000000000E+000  0.000000000000E+000  0.000000000000E+000  0.000000000000E+000
  3.967041014107E+002  0.000000000000E+000  0.000000000000E+000  0.000000000000E+000  0.000000000000E+000  0.000000000000E+000
  4.514529193350E+002  0.000000000000E+000  0.000000000000E+000  0.000000000000E+000  0.000000000000E+000  0.000000000000E+000
  5.183481233601E+002  0.000000000000E+000  0.000000000000E+000  0.000000000000E+000  0.000000000000E+000  0.000000000000E+000
  6.012676077950E+002  0.000000000000E+000  0.000000000000E+000  0.000000000000E+000  0.000000000000E+000  0.000000000000E+000
  7.057700503752E+002  0.000000000000E+000  0.000000000000E+000  0.000000000000E+000  0.000000000000E+000  0.000000000000E+000
  8.400513767914E+002  0.000000000000E+000  0.000000000000E+000  0.000000000000E+000  0.000000000000E+000  0.000000000000E+000
  1.016602135495E+003  0.000000000000E+000  0.000000000000E+000  0.000000000000E+000  0.000000000000E+000  0.000000000000E+000
  1.255220715579E+003  0.000000000000E+000  0.000000000000E+000  0.000000000000E+000  0.000000000000E+000  0.000000000000E+000
  1.588815776243E+003  0.000000000000E+000  0.000000000000E+000  0.000000000000E+000  0.000000000000E+000  0.000000000000E+000
  2.075392011604E+003  0.000000000000E+000  0.000000000000E+000  0.000000000000E+000  0.000000000000E+000  0.000000000000E+000
  2.825079847528E+003  0.000000000000E+000  0.000000000000E+000  0.000000000000E+000  0.000000000000E+000  0.000000000000E+000
  4.068408296183E+003  0.000000000000E+000  0.000000000000E+000  0.000000000000E+000  0.000000000000E+000  0.000000000000E+000
  6.357262947672E+003  0.000000000000E+000  0.000000000000E+000  0.000000000000E+000  0.000000000000E+000  0.000000000000E+000
  1.130231930164E+004  0.000000000000E+000  0.000000000000E+000  0.000000000000E+000  0.000000000000E+000  0.000000000000E+000
  2.543105175136E+004  0.000000000000E+000  0.000000000000E+000  0.000000000000E+000  0.000000000000E+000  0.000000000000E+000
  1.017262069952E+005  0.000000000000E+000  0.000000000000E+000  0.000000000000E+000  0.000000000000E+000  0.000000000000E+000
