# 1st line: number of mesh points
# abcissa wavefunction wavefunction_1st wavefunction_2nd
500
# Principal QN=   1 , l=   1 , Occupation=   2.0000
  9.830308526563E-006  6.123802314461E-005  6.229338334800E+000 -3.529510661653E+001
  3.932200719722E-005  2.449364438058E-004  6.228297494858E+000 -3.529017599747E+001
  8.847741541467E-005  5.510483179572E-004  6.226562993812E+000 -3.528195900107E+001
  1.573003992805E-004  9.794954131825E-004  6.224135179945E+000 -3.527045668089E+001
  2.457963722418E-004  1.530168220128E-003  6.221014540856E+000 -3.525567051287E+001
  3.539722959954E-004  2.202925968547E-003  6.217201703460E+000 -3.523760239637E+001
  4.818366816529E-004  2.997596647959E-003  6.212697433988E+000 -3.521625465539E+001
  6.293995911626E-004  3.913977032932E-003  6.207502637986E+000 -3.519163004013E+001
  7.966726389935E-004  4.951832713027E-003  6.201618360317E+000 -3.516373172881E+001
  9.836689940782E-004  6.110898127409E-003  6.195045785161E+000 -3.513256332974E+001
  1.190403382016E-003  7.390876604187E-003  6.187786236008E+000 -3.509812888371E+001
  1.416892087541E-003  8.791440404485E-003  6.179841175660E+000 -3.506043286656E+001
  1.663152957245E-003  1.031223077132E-002  6.171212206221E+000 -3.501948019210E+001
  1.929205402573E-003  1.195285798327E-002  6.161901069091E+000 -3.497527621523E+001
  2.215070403073E-003  1.371290141311E-002  6.151909644954E+000 -3.492782673533E+001
  2.520770509919E-003  1.559190959126E-002  6.141239953763E+000 -3.487713799991E+001
  2.846329849692E-003  1.758940027431E-002  6.129894154721E+000 -3.482321670843E+001
  3.191774128432E-003  1.970486051857E-002  6.117874546259E+000 -3.476607001648E+001
  3.557130635959E-003  2.193774675869E-002  6.105183566002E+000 -3.470570554003E+001
  3.942428250463E-003  2.428748489153E-002  6.091823790739E+000 -3.464213136006E+001
  4.347697443358E-003  2.675347036517E-002  6.077797936376E+000 -3.457535602726E+001
  4.772970284417E-003  2.933506827337E-002  6.063108857887E+000 -3.450538856701E+001
  5.218280447175E-003  3.203161345533E-002  6.047759549254E+000 -3.443223848457E+001
  5.683663214611E-003  3.484241060091E-002  6.031753143398E+000 -3.435591577038E+001
  6.169155485101E-003  3.776673436154E-002  6.015092912101E+000 -3.427643090564E+001
  6.674795778653E-003  4.080382946661E-002  5.997782265912E+000 -3.419379486796E+001
  7.200624243425E-003  4.395291084569E-002  5.979824754044E+000 -3.410801913719E+001
  7.746682662519E-003  4.721316375661E-002  5.961224064260E+000 -3.401911570151E+001
  8.313014461060E-003  5.058374391933E-002  5.941984022735E+000 -3.392709706345E+001
  8.899664713569E-003  5.406377765595E-002  5.922108593913E+000 -3.383197624623E+001
  9.506680151615E-003  5.765236203680E-002  5.901601880338E+000 -3.373376680011E+001
  1.013410917176E-002  6.134856503268E-002  5.880468122476E+000 -3.363248280885E+001
  1.078200184380E-002  6.515142567355E-002  5.858711698506E+000 -3.352813889630E+001
  1.145040991929E-002  6.905995421354E-002  5.836337124105E+000 -3.342075023306E+001
  1.213938684040E-002  7.307313230252E-002  5.813349052194E+000 -3.331033254313E+001
  1.284898774901E-002  7.718991316430E-002  5.789752272678E+000 -3.319690211074E+001
  1.357926949620E-002  8.140922178165E-002  5.765551712148E+000 -3.308047578712E+001
  1.433029065191E-002  8.572995508807E-002  5.740752433564E+000 -3.296107099734E+001
  1.510211151509E-002  9.015098216664E-002  5.715359635912E+000 -3.283870574711E+001
  1.589479412397E-002  9.467114445584E-002  5.689378653824E+000 -3.271339862968E+001
  1.670840226680E-002  9.928925596270E-002  5.662814957181E+000 -3.258516883260E+001
  1.754300149280E-002  1.040041034831E-001  5.635674150670E+000 -3.245403614454E+001
  1.839865912351E-002  1.088144468298E-001  5.607961973319E+000 -3.232002096200E+001
  1.927544426443E-002  1.137190190673E-001  5.579684297996E+000 -3.218314429600E+001
  2.017342781695E-002  1.187165267556E-001  5.550847130864E+000 -3.204342777868E+001
  2.109268249069E-002  1.238056502003E-001  5.521456610811E+000 -3.190089366979E+001
  2.203328281612E-002  1.289850437115E-001  5.491519008831E+000 -3.175556486306E+001
  2.299530515754E-002  1.342533358704E-001  5.461040727371E+000 -3.160746489253E+001
  2.397882772639E-002  1.396091298042E-001  5.430028299631E+000 -3.145661793859E+001
  2.498393059493E-002  1.450510034686E-001  5.398488388827E+000 -3.130304883399E+001
  2.601069571024E-002  1.505775099396E-001  5.366427787403E+000 -3.114678306961E+001
  2.705920690860E-002  1.561871777125E-001  5.333853416199E+000 -3.098784680007E+001
  2.812954993023E-002  1.618785110106E-001  5.300772323571E+000 -3.082626684908E+001
  2.922181243436E-002  1.676499901017E-001  5.267191684465E+000 -3.066207071462E+001
  3.033608401473E-002  1.735000716238E-001  5.233118799432E+000 -3.049528657385E+001
  3.147245621542E-002  1.794271889189E-001  5.198561093599E+000 -3.032594328775E+001
  3.263102254705E-002  1.854297523768E-001  5.163526115582E+000 -3.015407040548E+001
  3.381187850339E-002  1.915061497868E-001  5.128021536339E+000 -2.997969816851E+001
  3.501512157837E-002  1.976547466992E-001  5.092055147981E+000 -2.980285751430E+001
  3.624085128345E-002  2.038738867953E-001  5.055634862503E+000 -2.962358007980E+001
  3.748916916538E-002  2.101618922674E-001  5.018768710478E+000 -2.944189820449E+001
  3.876017882444E-002  2.165170642074E-001  4.981464839670E+000 -2.925784493314E+001
  4.005398593302E-002  2.229376830047E-001  4.943731513600E+000 -2.907145401809E+001
  4.137069825459E-002  2.294220087545E-001  4.905577110039E+000 -2.888275992124E+001
  4.271042566323E-002  2.359682816742E-001  4.867010119435E+000 -2.869179781552E+001
  4.407328016341E-002  2.425747225300E-001  4.828039143284E+000 -2.849860358603E+001
  4.545937591035E-002  2.492395330732E-001  4.788672892420E+000 -2.830321383062E+001
  4.686882923075E-002  2.559608964858E-001  4.748920185246E+000 -2.810566586009E+001
  4.830175864396E-002  2.627369778354E-001  4.708789945891E+000 -2.790599769785E+001
  4.975828488365E-002  2.695659245403E-001  4.668291202292E+000 -2.770424807913E+001
  5.123853091993E-002  2.764458668439E-001  4.627433084214E+000 -2.750045644963E+001
  5.274262198188E-002  2.833749182986E-001  4.586224821187E+000 -2.729466296365E+001
  5.427068558066E-002  2.903511762595E-001  4.544675740373E+000 -2.708690848167E+001
  5.582285153302E-002  2.973727223879E-001  4.502795264357E+000 -2.687723456742E+001
  5.739925198530E-002  3.044376231636E-001  4.460592908864E+000 -2.666568348426E+001
  5.900002143803E-002  3.115439304079E-001  4.418078280395E+000 -2.645229819108E+001
  6.062529677088E-002  3.186896818149E-001  4.375261073789E+000 -2.623712233752E+001
  6.227521726827E-002  3.258729014929E-001  4.332151069708E+000 -2.602020025861E+001
  6.394992464542E-002  3.330916005151E-001  4.288758132040E+000 -2.580157696878E+001
  6.564956307496E-002  3.403437774798E-001  4.245092205220E+000 -2.558129815515E+001
  6.737427921404E-002  3.476274190789E-001  4.201163311484E+000 -2.535941017029E+001
  6.912422223211E-002  3.549405006767E-001  4.156981548028E+000 -2.513596002416E+001
  7.089954383907E-002  3.622809868970E-001  4.112557084094E+000 -2.491099537553E+001
  7.270039831418E-002  3.696468322191E-001  4.067900157978E+000 -2.468456452252E+001
  7.452694253540E-002  3.770359815826E-001  4.023021073952E+000 -2.445671639262E+001
  7.637933600943E-002  3.844463710012E-001  3.977930199112E+000 -2.422750053188E+001
  7.825774090225E-002  3.918759281843E-001  3.932637960136E+000 -2.399696709341E+001
  8.016232207035E-002  3.993225731672E-001  3.887154839973E+000 -2.376516682515E+001
  8.209324709253E-002  4.067842189493E-001  3.841491374445E+000 -2.353215105693E+001
  8.405068630235E-002  4.142587721405E-001  3.795658148775E+000 -2.329797168672E+001
  8.603481282122E-002  4.217441336146E-001  3.749665794029E+000 -2.306268116621E+001
  8.804580259214E-002  4.292381991708E-001  3.703524983486E+000 -2.282633248557E+001
  9.008383441408E-002  4.367388602017E-001  3.657246428932E+000 -2.258897915747E+001
  9.214908997710E-002  4.442440043694E-001  3.610840876870E+000 -2.235067520036E+001
  9.424175389809E-002  4.517515162869E-001  3.564319104662E+000 -2.211147512098E+001
  9.636201375725E-002  4.592592782068E-001  3.517691916596E+000 -2.187143389602E+001
  9.851006013526E-002  4.667651707156E-001  3.470970139874E+000 -2.163060695315E+001
  1.006860866512E-001  4.742670734344E-001  3.424164620533E+000 -2.138905015119E+001
  1.028902900012E-001  4.817628657243E-001  3.377286219302E+000 -2.114681975952E+001
  1.051228699979E-001  4.892504273973E-001  3.330345807375E+000 -2.090397243674E+001
  1.073840296104E-001  4.967276394322E-001  3.283354262136E+000 -2.066056520860E+001
  1.096739750056E-001  5.041923846940E-001  3.236322462803E+000 -2.041665544509E+001
  1.119929155896E-001  5.116425486584E-001  3.189261286021E+000 -2.017230083690E+001
  1.143410640503E-001  5.190760201391E-001  3.142181601391E+000 -1.992755937098E+001
  1.167186364011E-001  5.264906920185E-001  3.095094266938E+000 -1.968248930552E+001
  1.191258520249E-001  5.338844619809E-001  3.048010124528E+000 -1.943714914410E+001
  1.215629337189E-001  5.412552332486E-001  3.000939995230E+000 -1.919159760915E+001
  1.240301077413E-001  5.486009153191E-001  2.953894674630E+000 -1.894589361472E+001
  1.265276038575E-001  5.559194247040E-001  2.906884928097E+000 -1.870009623855E+001
  1.290556553882E-001  5.632086856687E-001  2.859921486004E+000 -1.845426469343E+001
  1.316144992580E-001  5.704666309723E-001  2.813015038908E+000 -1.820845829793E+001
  1.342043760450E-001  5.776912026074E-001  2.766176232699E+000 -1.796273644651E+001
  1.368255300316E-001  5.848803525393E-001  2.719415663707E+000 -1.771715857888E+001
  1.394782092560E-001  5.920320434437E-001  2.672743873786E+000 -1.747178414893E+001
  1.421626655646E-001  5.991442494428E-001  2.626171345363E+000 -1.722667259291E+001
  1.448791546661E-001  6.062149568387E-001  2.579708496482E+000 -1.698188329711E+001
  1.476279361856E-001  6.132421648439E-001  2.533365675807E+000 -1.673747556503E+001
  1.504092737207E-001  6.202238863088E-001  2.487153157631E+000 -1.649350858393E+001
  1.532234348983E-001  6.271581484438E-001  2.441081136870E+000 -1.625004139102E+001
  1.560706914324E-001  6.340429935379E-001  2.395159724043E+000 -1.600713283906E+001
  1.589513191834E-001  6.408764796708E-001  2.349398940271E+000 -1.576484156156E+001
  1.618655982178E-001  6.476566814196E-001  2.303808712261E+000 -1.552322593764E+001
  1.648138128702E-001  6.543816905586E-001  2.258398867315E+000 -1.528234405645E+001
  1.677962518056E-001  6.610496167518E-001  2.213179128348E+000 -1.504225368119E+001
  1.708132080832E-001  6.676585882368E-001  2.168159108928E+000 -1.480301221300E+001
  1.738649792215E-001  6.742067525010E-001  2.123348308339E+000 -1.456467665437E+001
  1.769518672648E-001  6.806922769478E-001  2.078756106680E+000 -1.432730357248E+001
  1.800741788507E-001  6.871133495528E-001  2.034391759995E+000 -1.409094906222E+001
  1.832322252791E-001  6.934681795095E-001  1.990264395458E+000 -1.385566870917E+001
  1.864263225826E-001  6.997549978635E-001  1.946383006586E+000 -1.362151755234E+001
  1.896567915983E-001  7.059720581350E-001  1.902756448529E+000 -1.338855004694E+001
  1.929239580409E-001  7.121176369278E-001  1.859393433404E+000 -1.315682002707E+001
  1.962281525771E-001  7.181900345255E-001  1.816302525704E+000 -1.292638066841E+001
  1.995697109023E-001  7.241875754737E-001  1.773492137775E+000 -1.269728445102E+001
  2.029489738173E-001  7.301086091473E-001  1.730970525377E+000 -1.246958312220E+001
  2.063662873085E-001  7.359515103022E-001  1.688745783327E+000 -1.224332765953E+001
  2.098220026275E-001  7.417146796112E-001  1.646825841230E+000 -1.201856823411E+001
  2.133164763746E-001  7.473965441832E-001  1.605218459320E+000 -1.179535417405E+001
  2.168500705817E-001  7.529955580651E-001  1.563931224389E+000 -1.157373392825E+001
  2.204231527988E-001  7.585102027256E-001  1.522971545840E+000 -1.135375503057E+001
  2.240360961807E-001  7.639389875209E-001  1.482346651851E+000 -1.113546406441E+001
  2.276892795770E-001  7.692804501405E-001  1.442063585666E+000 -1.091890662768E+001
  2.313830876220E-001  7.745331570342E-001  1.402129202009E+000 -1.070412729840E+001
  2.351179108282E-001  7.796957038181E-001  1.362550163644E+000 -1.049116960080E+001
  2.388941456809E-001  7.847667156604E-001  1.323332938075E+000 -1.028007597200E+001
  2.427121947345E-001  7.897448476454E-001  1.284483794385E+000 -1.007088772953E+001
  2.465724667110E-001  7.946287851163E-001  1.246008800247E+000 -9.863645039406E+000
  2.504753766009E-001  7.994172439949E-001  1.207913819083E+000 -9.658386885130E+000
  2.544213457654E-001  8.041089710797E-001  1.170204507397E+000 -9.455151037467E+000
  2.584108020414E-001  8.087027443201E-001  1.132886312278E+000 -9.253974025169E+000
  2.624441798480E-001  8.131973730675E-001  1.095964469088E+000 -9.054891106637E+000
  2.665219202956E-001  8.175916983027E-001  1.059443999323E+000 -8.857936242615E+000
  2.706444712976E-001  8.218845928390E-001  1.023329708677E+000 -8.663142069956E+000
  2.748122876832E-001  8.260749615012E-001  9.876261852974E-001 -8.470539876508E+000
  2.790258313137E-001  8.301617412797E-001  9.523377982340E-001 -8.280159577200E+000
  2.832855712010E-001  8.341439014607E-001  9.174686961044E-001 -8.092029691358E+000
  2.875919836279E-001  8.380204437304E-001  8.830228059625E-001 -7.906177321307E+000
  2.919455522717E-001  8.417904022551E-001  8.490038323844E-001 -7.722628132335E+000
  2.963467683296E-001  8.454528437362E-001  8.154152567725E-001 -7.541406334034E+000
  3.007961306479E-001  8.490068674395E-001  7.822603368821E-001 -7.362534663103E+000
  3.052941458522E-001  8.524516052012E-001  7.495421065750E-001 -7.186034367636E+000
  3.098413284823E-001  8.557862214070E-001  7.172633758024E-001 -7.011925192960E+000
  3.144382011281E-001  8.590099129483E-001  6.854267308198E-001 -6.840225369058E+000
  3.190852945695E-001  8.621219091533E-001  6.540345346379E-001 -6.670951599627E+000
  3.237831479192E-001  8.651214716939E-001  6.230889277104E-001 -6.504119052811E+000
  3.285323087679E-001  8.680078944690E-001  5.925918288610E-001 -6.339741353655E+000
  3.333333333333E-001  8.707805034643E-001  5.625449364511E-001 -6.177830578302E+000
  3.381867866117E-001  8.734386565899E-001  5.329497297889E-001 -6.018397249991E+000
  3.430932425333E-001  8.759817434939E-001  5.038074707809E-001 -5.861450336877E+000
  3.480532841203E-001  8.784091853563E-001  4.751192058258E-001 -5.706997251694E+000
  3.530675036492E-001  8.807204346601E-001  4.468857679499E-001 -5.555043853315E+000
  3.581365028158E-001  8.829149749431E-001  4.191077791837E-001 -5.405594450209E+000
  3.632608929041E-001  8.849923205292E-001  3.917856531786E-001 -5.258651805828E+000
  3.684412949588E-001  8.869520162418E-001  3.649195980610E-001 -5.114217145940E+000
  3.736783399619E-001  8.887936370990E-001  3.385096195222E-001 -4.972290167933E+000
  3.789726690123E-001  8.905167879920E-001  3.125555241402E-001 -4.832869052076E+000
  3.843249335105E-001  8.921211033474E-001  2.870569229317E-001 -4.695950474778E+000
  3.897357953460E-001  8.936062467758E-001  2.620132351280E-001 -4.561529623824E+000
  3.952059270903E-001  8.949719107062E-001  2.374236921717E-001 -4.429600215600E+000
  4.007360121927E-001  8.962178160082E-001  2.132873419287E-001 -4.300154514295E+000
  4.063267451812E-001  8.973437116039E-001  1.896030531095E-001 -4.173183353090E+000
  4.119788318683E-001  8.983493740699E-001  1.663695198937E-001 -4.048676157293E+000
  4.176929895600E-001  8.992346072315E-001  1.435852667500E-001 -3.926620969429E+000
  4.234699472710E-001  8.999992417500E-001  1.212486534455E-001 -3.807004476255E+000
  4.293104459435E-001  9.006431347059E-001  9.935788023491E-002 -3.689812037667E+000
  4.352152386716E-001  9.011661691780E-001  7.791099322121E-002 -3.575027717477E+000
  4.411850909306E-001  9.015682538208E-001  5.690588987898E-002 -3.462634316031E+000
  4.472207808110E-001  9.018493224429E-001  3.634032472965E-002 -3.352613404606E+000
  4.533230992589E-001  9.020093335862E-001  1.621191515883E-002 -3.244945361567E+000
  4.594928503202E-001  9.020482701094E-001 -3.481852635893E-003 -3.139609410218E+000
  4.657308513924E-001  9.019661387766E-001 -2.274361757794E-002 -3.036583658299E+000
  4.720379334802E-001  9.017629698535E-001 -4.157613753791E-002 -2.935845139065E+000
  4.784149414579E-001  9.014388167129E-001 -5.998228306567E-002 -2.837369853896E+000
  4.848627343381E-001  9.009937554516E-001 -7.796503104144E-002 -2.741132816342E+000
  4.913821855461E-001  9.004278845197E-001 -9.552745825975E-002 -2.647108097568E+000
  4.979741832006E-001  8.997413243659E-001 -1.126727349604E-001 -2.555268873082E+000
  5.046396304008E-001  8.989342170995E-001 -1.294041183212E-001 -2.465587470689E+000
  5.113794455212E-001  8.980067261716E-001 -1.457249459271E-001 -2.378035419570E+000
  5.181945625116E-001  8.969590360773E-001 -1.616386292317E-001 -2.292583500405E+000
  5.250859312060E-001  8.957913520805E-001 -1.771486470266E-001 -2.209201796427E+000
  5.320545176366E-001  8.945038999644E-001 -1.922585389346E-001 -2.127859745329E+000
  5.391013043575E-001  8.930969258082E-001 -2.069718989439E-001 -2.048526191892E+000
  5.462272907741E-001  8.915706957924E-001 -2.212923689977E-001 -1.971169441256E+000
  5.534334934816E-001  8.899254960352E-001 -2.352236326596E-001 -1.895757312692E+000
  5.607209466109E-001  8.881616324603E-001 -2.487694088680E-001 -1.822257193782E+000
  5.680907021827E-001  8.862794306996E-001 -2.619334457986E-001 -1.750636094884E+000
  5.755438304707E-001  8.842792360305E-001 -2.747195148520E-001 -1.680860703743E+000
  5.830814203728E-001  8.821614133508E-001 -2.871314047826E-001 -1.612897440151E+000
  5.907045797917E-001  8.799263471924E-001 -2.991729159859E-001 -1.546712510512E+000
  5.984144360243E-001  8.775744417742E-001 -3.108478549619E-001 -1.482271962184E+000
  6.062121361613E-001  8.751061210969E-001 -3.221600289701E-001 -1.419541737480E+000
  6.140988474955E-001  8.725218290794E-001 -3.331132408932E-001 -1.358487727184E+000
  6.220757579409E-001  8.698220297390E-001 -3.437112843251E-001 -1.299075823456E+000
  6.301440764614E-001  8.670072074157E-001 -3.539579388988E-001 -1.241271971996E+000
  6.383050335109E-001  8.640778670405E-001 -3.638569658707E-001 -1.185042223324E+000
  6.465598814833E-001  8.610345344504E-001 -3.734121039731E-001 -1.130352783064E+000
  6.549098951744E-001  8.578777567478E-001 -3.826270655526E-001 -1.077170061077E+000
  6.633563722545E-001  8.546081027071E-001 -3.915055330046E-001 -1.025460719329E+000
  6.719006337539E-001  8.512261632259E-001 -4.000511555185E-001 -9.751917183634E-001
  6.805440245593E-001  8.477325518233E-001 -4.082675461452E-001 -9.263303622494E-001
  6.892879139233E-001  8.441279051824E-001 -4.161582791967E-001 -8.788443418831E-001
  6.981336959871E-001  8.404128837385E-001 -4.237268879890E-001 -8.327017765255E-001
  7.070827903152E-001  8.365881723109E-001 -4.309768629379E-001 -7.878712534582E-001
  7.161366424455E-001  8.326544807769E-001 -4.379116500129E-001 -7.443218656470E-001
  7.252967244510E-001  8.286125447889E-001 -4.445346495593E-001 -7.020232473072E-001
  7.345645355186E-001  8.244631265304E-001 -4.508492154918E-001 -6.609456072674E-001
  7.439416025400E-001  8.202070155105E-001 -4.568586548645E-001 -6.210597600389E-001
  7.534294807203E-001  8.158450293954E-001 -4.625662278207E-001 -5.823371544996E-001
  7.630297542000E-001  8.113780148729E-001 -4.679751479227E-001 -5.447499001126E-001
  7.727440366954E-001  8.068068485496E-001 -4.730885828636E-001 -5.082707906019E-001
  7.825739721536E-001  8.021324378760E-001 -4.779096555579E-001 -4.728733250207E-001
  7.925212354258E-001  7.973557220977E-001 -4.824414456088E-001 -4.385317261529E-001
  8.025875329584E-001  7.924776732289E-001 -4.866869911474E-001 -4.052209561973E-001
  8.127746035011E-001  7.874992970453E-001 -4.906492910378E-001 -3.729167296946E-001
  8.230842188350E-001  7.824216340913E-001 -4.943313074404E-001 -3.415955236647E-001
  8.335181845190E-001  7.772457606995E-001 -4.977359687235E-001 -3.112345849352E-001
  8.440783406568E-001  7.719727900157E-001 -5.008661727122E-001 -2.818119346463E-001
  8.547665626839E-001  7.666038730275E-001 -5.037247902622E-001 -2.533063699354E-001
  8.655847621758E-001  7.611401995901E-001 -5.063146691436E-001 -2.256974628078E-001
  8.765348876780E-001  7.555829994444E-001 -5.086386382186E-001 -1.989655562170E-001
  8.876189255584E-001  7.499335432238E-001 -5.106995118957E-001 -1.730917573847E-001
  8.988389008829E-001  7.441931434423E-001 -5.125000948402E-001 -1.480579284054E-001
  9.101968783143E-001  7.383631554601E-001 -5.140431869205E-001 -1.238466741882E-001
  9.216949630368E-001  7.324449784204E-001 -5.153315883683E-001 -1.004413278036E-001
  9.333353017046E-001  7.264400561512E-001 -5.163681051271E-001 -7.782593331005E-002
  9.451200834176E-001  7.203498780277E-001 -5.171555543647E-001 -5.598522615056E-002
  9.570515407237E-001  7.141759797875E-001 -5.176967701235E-001 -3.490461121676E-002
  9.691319506484E-001  7.079199442939E-001 -5.179946090786E-001 -1.457013869108E-002
  9.813636357544E-001  7.015834022410E-001 -5.180519563762E-001  5.031522212719E-003
  9.937489652293E-001  6.951680327937E-001 -5.178717315217E-001  2.391311148043E-002
  1.006290356005E+000  6.886755641580E-001 -5.174568942859E-001  4.208680835933E-002
  1.018990273907E+000  6.821077740743E-001 -5.168104505974E-001  5.956426310187E-002
  1.031851234841E+000  6.754664902282E-001 -5.159354583890E-001  7.635663023295E-002
  1.044875806003E+000  6.687535905730E-001 -5.148350333639E-001  9.247460317450E-002
  1.058066607138E+000  6.619710035586E-001 -5.135123546496E-001  1.079284500538E-001
  1.071426311823E+000  6.551207082602E-001 -5.119706703035E-001  1.227280505152E-001
  1.084957648792E+000  6.482047344023E-001 -5.102133026391E-001  1.368829333482E-001
  1.098663403298E+000  6.412251622733E-001 -5.082436533356E-001  1.504023147418E-001
  1.112546418516E+000  6.341841225240E-001 -5.060652083006E-001  1.632951369681E-001
  1.126609596985E+000  6.270837958480E-001 -5.036815422511E-001  1.755701072965E-001
  1.140855902095E+000  6.199264125380E-001 -5.010963229805E-001  1.872357369382E-001
  1.155288359613E+000  6.127142519148E-001 -4.983133152804E-001  1.983003798165E-001
  1.169910059257E+000  6.054496416255E-001 -4.953363844876E-001  2.087722709628E-001
  1.184724156317E+000  5.981349568083E-001 -4.921694996245E-001  2.186595643339E-001
  1.199733873325E+000  5.907726191212E-001 -4.888167361091E-001  2.279703698522E-001
  1.214942501771E+000  5.833650956322E-001 -4.852822780040E-001  2.367127894717E-001
  1.230353403874E+000  5.759148975705E-001 -4.815704197841E-001  2.448949520779E-001
  1.245970014403E+000  5.684245789372E-001 -4.776855675977E-001  2.525250470330E-001
  1.261795842559E+000  5.608967349748E-001 -4.736322400031E-001  2.596113561881E-001
  1.277834473907E+000  5.533340004978E-001 -4.694150681616E-001  2.661622841884E-001
  1.294089572372E+000  5.457390480824E-001 -4.650387954726E-001  2.721863869075E-001
  1.310564882294E+000  5.381145861199E-001 -4.605082766373E-001  2.776923978573E-001
  1.327264230548E+000  5.304633567339E-001 -4.558284761430E-001  2.826892524303E-001
  1.344191528724E+000  5.227881335657E-001 -4.510044661599E-001  2.871861098435E-001
  1.361350775387E+000  5.150917194309E-001 -4.460414238478E-001  2.911923726652E-001
  1.378746058390E+000  5.073769438515E-001 -4.409446280717E-001  2.947177038206E-001
  1.396381557275E+000  4.996466604690E-001 -4.357194555294E-001  2.977720409870E-001
  1.414261545744E+000  4.919037443440E-001 -4.303713762986E-001  3.003656083035E-001
  1.432390394201E+000  4.841510891487E-001 -4.249059488107E-001  3.025089253371E-001
  1.450772572390E+000  4.763916042593E-001 -4.193288142672E-001  3.042128132634E-001
  1.469412652102E+000  4.686282117561E-001 -4.136456905132E-001  3.054883982372E-001
  1.488315309978E+000  4.608638433402E-001 -4.078623653889E-001  3.063471119447E-001
  1.507485330398E+000  4.531014371741E-001 -4.019846895821E-001  3.068006893489E-001
  1.526927608467E+000  4.453439346576E-001 -3.960185690086E-001  3.068611636545E-001
  1.546647153093E+000  4.375942771481E-001 -3.899699567500E-001  3.065408585378E-001
  1.566649090169E+000  4.298554026350E-001 -3.838448445818E-001  3.058523777062E-001
  1.586938665861E+000  4.221302423810E-001 -3.776492541275E-001  3.048085918648E-001
  1.607521250000E+000  4.144217175391E-001 -3.713892276784E-001  3.034226231902E-001
  1.628402339588E+000  4.067327357592E-001 -3.650708187179E-001  3.017078274219E-001
  1.649587562420E+000  3.990661877943E-001 -3.587000821969E-001  2.996777737031E-001
  1.671082680832E+000  3.914249441190E-001 -3.522830646029E-001  2.973462223126E-001
  1.692893595565E+000  3.838118515724E-001 -3.458257938730E-001  2.947271004481E-001
  1.715026349769E+000  3.762297300375E-001 -3.393342691980E-001  2.918344762294E-001
  1.737487133138E+000  3.686813691685E-001 -3.328144507687E-001  2.886825311063E-001
  1.760282286187E+000  3.611695251782E-001 -3.262722495162E-001  2.852855308641E-001
  1.783418304674E+000  3.536969176981E-001 -3.197135168968E-001  2.816577954282E-001
  1.806901844175E+000  3.462662267209E-001 -3.131440347760E-001  2.778136676808E-001
  1.830739724818E+000  3.388800896371E-001 -3.065695054603E-001  2.737674815036E-001
  1.854938936184E+000  3.315410983772E-001 -2.999955419329E-001  2.695335292704E-001
  1.879506642368E+000  3.242517966673E-001 -2.934276583395E-001  2.651260290136E-001
  1.904450187236E+000  3.170146774093E-001 -2.868712607780E-001  2.605590914898E-001
  1.929777099847E+000  3.098321801937E-001 -2.803316384366E-001  2.558466873724E-001
  1.955495100083E+000  3.027066889518E-001 -2.738139551291E-001  2.510026147924E-001
  1.981612104475E+000  2.956405297559E-001 -2.673232412698E-001  2.460404674513E-001
  2.008136232230E+000  2.886359687720E-001 -2.608643863286E-001  2.409736035165E-001
  2.035075811486E+000  2.816952103707E-001 -2.544421318053E-001  2.358151155111E-001
  2.062439385788E+000  2.748203954000E-001 -2.480610647576E-001  2.305778013940E-001
  2.090235720801E+000  2.680135996226E-001 -2.417256119127E-001  2.252741370211E-001
  2.118473811262E+000  2.612768323200E-001 -2.354400343904E-001  2.199162501631E-001
  2.147162888201E+000  2.546120350624E-001 -2.292084230600E-001  2.145158962447E-001
  2.176312426413E+000  2.480210806456E-001 -2.230346945489E-001  2.090844359531E-001
  2.205932152222E+000  2.415057721910E-001 -2.169225879172E-001  2.036328148510E-001
  2.236032051522E+000  2.350678424070E-001 -2.108756620064E-001  1.981715451092E-001
  2.266622378129E+000  2.287089530060E-001 -2.048972934652E-001  1.927106894576E-001
  2.297713662445E+000  2.224306942735E-001 -1.989906754537E-001  1.872598474366E-001
  2.329316720450E+000  2.162345847795E-001 -1.931588170157E-001  1.818281440080E-001
  2.361442663038E+000  2.101220712279E-001 -1.874045431113E-001  1.764242205683E-001
  2.394102905709E+000  2.040945284322E-001 -1.817304952913E-001  1.710562283853E-001
  2.427309178642E+000  1.981532594093E-001 -1.761391329924E-001  1.657318244592E-001
  2.461073537146E+000  1.922994955806E-001 -1.706327354271E-001  1.604581697898E-001
  2.495408372530E+000  1.865343970689E-001 -1.652134040376E-001  1.552419300125E-001
  2.530326423398E+000  1.808590530786E-001 -1.598830654794E-001  1.500892783422E-001
  2.565840787378E+000  1.752744823479E-001 -1.546434750939E-001  1.450059007526E-001
  2.601964933334E+000  1.697816336600E-001 -1.494962208293E-001  1.399970032926E-001
  2.638712714049E+000  1.643813863992E-001 -1.444427275626E-001  1.350673214305E-001
  2.676098379430E+000  1.590745511405E-001 -1.394842617743E-001  1.302211312971E-001
  2.714136590232E+000  1.538618702595E-001 -1.346219365258E-001  1.254622626861E-001
  2.752842432351E+000  1.487440185490E-001 -1.298567166851E-001  1.207941136563E-001
  2.792231431696E+000  1.437216038330E-001 -1.251894243483E-001  1.162196665681E-001
  2.832319569669E+000  1.387951675635E-001 -1.206207444017E-001  1.117415053780E-001
  2.873123299289E+000  1.339651853933E-001 -1.161512301698E-001  1.073618340060E-001
  2.914659561979E+000  1.292320677131E-001 -1.117813090960E-001  1.030824955844E-001
  2.956945805065E+000  1.245961601463E-001 -1.075112884025E-001  9.890499239357E-002
  3.000000000000E+000  1.200577439942E-001 -1.033413606800E-001  9.483050628831E-002
  3.043840661365E+000  1.156170366278E-001 -9.927160935709E-002  9.085991941621E-002
  3.088486866678E+000  1.112741918219E-001 -9.530201400765E-002  8.699383503593E-002
  3.133958277047E+000  1.070293000306E-001 -9.143245545200E-002  8.323259824453E-002
  3.180275158719E+000  1.028823886052E-001 -8.766272061799E-002  7.957631643147E-002
  3.227458405560E+000  9.883342195690E-002 -8.399250712905E-002  7.602487928552E-002
  3.275529562509E+000  9.488230166830E-002 -8.042142759406E-002  7.257797819159E-002
  3.324510850077E+000  9.102886656160E-002 -7.694901357850E-002  6.923512486789E-002
  3.374425189910E+000  8.727289273149E-002 -7.357471924352E-002  6.599566910817E-002
  3.425296231502E+000  8.361409355362E-002 -7.029792464552E-002  6.285881551065E-002
  3.477148380094E+000  8.005211968133E-002 -6.711793869593E-002  5.982363909292E-002
  3.530006825834E+000  7.658655904479E-002 -6.403400178744E-002  5.688909971146E-002
  3.583897574256E+000  7.321693686838E-002 -6.104528809987E-002  5.405405522451E-002
  3.638847478148E+000  6.994271572329E-002 -5.815090760552E-002  5.131727335815E-002
  3.694884270887E+000  6.676329563346E-002 -5.534990779991E-002  4.867744225661E-002
  3.752036601308E+000  6.367801425333E-002 -5.264127519023E-002  4.613317971959E-002
  3.810334070199E+000  6.068614713664E-002 -5.002393657873E-002  4.368304115043E-002
  3.869807268505E+000  5.778690811492E-002 -4.749676018352E-002  4.132552625983E-002
  3.930487817331E+000  5.497944980426E-002 -4.505855664289E-002  3.905908458962E-002
  3.992408409843E+000  5.226286425761E-002 -4.270807995251E-002  3.688211993950E-002
  4.055602855172E+000  4.963618377876E-002 -4.044402838705E-002  3.479299379660E-002
  4.120106124432E+000  4.709838191212E-002 -3.826504545858E-002  3.279002788255E-002
  4.185954398964E+000  4.464837462010E-002 -3.616972096408E-002  3.087150594535E-002
  4.253185120935E+000  4.228502165724E-002 -3.415659217308E-002  2.903567493326E-002
  4.321837046422E+000  4.000712814695E-002 -3.222414520371E-002  2.728074569501E-002
  4.391950301120E+000  3.781344636333E-002 -3.037081663156E-002  2.560489335475E-002
  4.463566438835E+000  3.570267771654E-002 -2.859499537077E-002  2.400625751091E-002
  4.536728502895E+000  3.367347493636E-002 -2.689502486030E-002  2.248294240543E-002
  4.611481090679E+000  3.172444444403E-002 -2.526920558106E-002  2.103301720446E-002
  4.687870421430E+000  2.985414889846E-002 -2.371579792109E-002  1.965451652171E-002
  4.765944407533E+000  2.806110989858E-002 -2.223302539691E-002  1.834544130406E-002
  4.845752729492E+000  2.634381081932E-002 -2.081907822917E-002  1.710376018307E-002
  4.927346914797E+000  2.470069975534E-002 -1.947211726045E-002  1.592741137852E-002
  5.010780420931E+000  2.313019254273E-002 -1.819027819286E-002  1.481430521944E-002
  5.096108722763E+000  2.163067582656E-002 -1.697167611227E-002  1.376232732625E-002
  5.183389404586E+000  2.020051013975E-002 -1.581441025645E-002  1.276934247401E-002
  5.272682257105E+000  1.883803295738E-002 -1.471656897460E-002  1.183319913240E-002
  5.364049379651E+000  1.754156169028E-002 -1.367623481785E-002  1.095173465401E-002
  5.457555287978E+000  1.630939658222E-002 -1.269148969277E-002  1.012278105834E-002
  5.553267027968E+000  1.513982347664E-002 -1.176042000461E-002  9.344171336509E-003
  5.651254295630E+000  1.403111642194E-002 -1.088112171316E-002  8.613746180848E-003
  5.751589563796E+000  1.298154008793E-002 -1.005170522228E-002  7.929361025279E-003
  5.854348215936E+000  1.198935197154E-002 -9.270300024910E-003  7.288893267468E-003
  5.959608687557E+000  1.105280437589E-002 -8.535059027782E-003  6.690249532285E-003
  6.067452615683E+000  1.017014615410E-002 -7.844162485699E-003  6.131372828915E-003
  6.177964996951E+000  9.339624217433E-003 -7.195821482496E-003  5.610249451307E-003
  6.291234354880E+000  8.559484815722E-003 -6.588280905980E-003  5.124915473641E-003
  6.407352916949E+000  7.827974607825E-003 -6.019821876068E-003  4.673462699383E-003
  6.526416802128E+000  7.143341548629E-003 -5.488763599308E-003  4.254043934083E-003
  6.648526219580E+000  6.503835628696E-003 -4.993464638487E-003  3.864877468217E-003
  6.773785679311E+000  5.907709511233E-003 -4.532323602573E-003  3.504250676633E-003
  6.902304215570E+000  5.353219118932E-003 -4.103779279519E-003  3.170522665014E-003
  7.034195623922E+000  4.838624229894E-003 -3.706310251726E-003  2.862125920506E-003
  7.169578712934E+000  4.362189146795E-003 -3.338434050739E-003  2.577566952459E-003
  7.308577571516E+000  3.922183506516E-003 -2.998705923347E-003  2.315425939122E-003
  7.451321853057E+000  3.516883298148E-003 -2.685717295032E-003  2.074355426109E-003
  7.597947077547E+000  3.144572155363E-003 -2.398094028056E-003  1.853078151437E-003
  7.748594953021E+000  2.803542984463E-003 -2.134494579772E-003  1.650384098801E-003
  7.903413717736E+000  2.492099981743E-003 -1.893608171510E-003  1.465126904448E-003
  8.062558504629E+000  2.208561083170E-003 -1.674153079149E-003  1.296219762554E-003
  8.226191729726E+000  1.951260875899E-003 -1.474875153018E-003  1.142630988480E-003
  8.394483506327E+000  1.718553984976E-003 -1.294546666822E-003  1.003379407991E-003
  8.567612086926E+000  1.508818930159E-003 -1.131965583032E-003  8.775297429070E-004
  8.745764335025E+000  1.320462427559E-003 -9.859553056248E-004  7.641881594831E-004
  8.929136229160E+000  1.151924089460E-003 -8.553649708479E-004  6.624981349722E-004
  9.117933401693E+000  1.001681454000E-003 -7.390703032389E-004  5.716367806620E-004
  9.312371715124E+000  8.682552551994E-004 -6.359750383510E-004  4.908117366603E-004
  9.512677878945E+000  7.502148241577E-004 -5.450128864999E-004  4.192587257134E-004
  9.719090110332E+000  6.461834950870E-004 -4.651499844452E-004  3.562398214597E-004
  9.931858842267E+000  5.548438761854E-004 -3.953877555230E-004  3.010424520881E-004
  1.015124748302E+001  4.749428362001E-004 -3.347660746169E-004  2.529791249038E-004
  1.037753323129E+001  4.052960536946E-004 -2.823666137978E-004  2.113878224555E-004
  1.061100795175E+001  3.447919782274E-004 -2.373162286658E-004  1.756329883364E-004
  1.085197911611E+001  2.923950613282E-004 -1.987902354691E-004  1.451069921930E-004
  1.110077081537E+001  2.471481304983E-004 -1.660154257835E-004  1.192319403844E-004
  1.135772484956E+001  2.081738013299E-004 -1.382726694681E-004  9.746168243682E-005
  1.162320190175E+001  1.746748507271E-004 -1.148989679612E-004  7.928385490944E-005
  1.189758280382E+001  1.459335072482E-004 -9.528883855789E-005  6.422180413506E-005
  1.218126990242E+001  1.213096515390E-004 -7.889493548786E-005  5.183623764920E-005
  1.247468853413E+001  1.002379591242E-004 -6.522784435934E-005  4.172647062940E-005
  1.277828862002E+001  8.222405762138E-005 -5.385502141774E-005  3.353115747374E-005
  1.309254639077E+001  6.683980872944E-005 -4.439888632107E-005  2.692842842798E-005
  1.341796625462E+001  5.371786000468E-005 -3.653411475210E-005  2.163538518456E-005
  1.375508282195E+001  4.254564044247E-005 -2.998421303329E-005  1.740694556965E-005
  1.410446310162E+001  3.305899536750E-005 -2.451748885935E-005  1.403406356878E-005
  1.446670888596E+001  2.503566859428E-005 -1.994255834800E-005  1.134138474526E-005
  1.484245934302E+001  1.828884220230E-005 -1.610354817445E-005  9.184426442308E-006
  1.523239383723E+001  1.266093611292E-005 -1.287516139097E-005  7.446395188533E-006
  1.563723500136E+001  8.017851146261E-006 -1.015777598791E-005  6.034769057357E-006
  1.605775208607E+001  4.243811252771E-006 -7.872736311427E-006  4.877779537232E-006
  1.649476461582E+001  1.236924697029E-006 -5.957979755127E-006  3.920925567203E-006
  1.694914638379E+001 -1.094457748819E-006 -4.364115958413E-006  3.123642255664E-006
  1.742182982203E+001 -2.834554478065E-006 -3.051044884160E-006  2.456229523608E-006
  1.791381078784E+001 -4.062146740948E-006 -1.985165829003E-006  1.897123112794E-006
  1.842615381215E+001 -4.851809181404E-006 -1.137194085795E-006  1.430564062114E-006
  1.895999786176E+001 -5.274469329916E-006 -4.805681001452E-007  1.044695058335E-006
  1.951656267356E+001 -5.397417644381E-006  9.600167181267E-009  7.300851743381E-007
  2.009715572669E+001 -5.283909531499E-006  3.571034214388E-007  4.786603758786E-007
  2.070317992707E+001 -4.992509874372E-006  5.848349023488E-007  2.829973889272E-007
  2.133614208874E+001 -4.576328657968E-006  7.147006394811E-007  1.359241597991E-007
  2.199766230782E+001 -4.082283898683E-006  7.673484090795E-007  3.036173461554E-008
  2.268948433818E+001 -3.550506636178E-006  7.618079255251E-007 -4.066010445402E-008
  2.341348709294E+001 -3.013974324362E-006  7.151247367426E-007 -8.387822642907E-008
  2.417169741362E+001 -2.498426182235E-006  6.420535023977E-007 -1.056200394944E-007
  2.496630426925E+001 -2.022579861895E-006  5.548566563430E-007 -1.116228574312E-007
  2.579967457140E+001 -1.598636145870E-006  4.632338389163E-007 -1.068833798167E-007
  2.667437081864E+001 -1.233030079058E-006  3.743878124160E-007 -9.555908016094E-008
  2.759317081651E+001 -9.273652884290E-007  2.932154980422E-007 -8.093116992597E-008
  2.855908975674E+001 -6.794548727477E-007  2.225995826498E-007 -6.542838390972E-008
  2.957540498378E+001 -4.843879167030E-007  1.637676573930E-007 -5.070281368939E-008
  3.064568382919E+001 -3.355452009323E-007  1.166823557423E-007 -3.774377832838E-008
  3.177381495601E+001 -2.254998884419E-007  8.042720125971E-008 -2.701331691688E-008
  3.296404372807E+001 -1.467568818687E-007  5.355810359758E-008 -1.858706570726E-008
  3.422101220608E+001 -9.230558241946E-008  3.439850559135E-008 -1.228654332816E-008
  3.554980447538E+001 -5.598210037799E-008  2.126569408624E-008 -7.792536043247E-009
  3.695599813319E+001 -3.265586870876E-008  1.262530157209E-008 -4.733597050892E-009
  3.844572291106E+001 -1.826992929989E-008  7.179259209721E-009 -2.747920453662E-009
  4.002572758518E+001 -9.772581519614E-009  3.898467241386E-009 -1.520418206419E-009
  4.170345654134E+001 -4.980315214263E-009  2.014743178517E-009 -7.993174259226E-010
  4.348713762001E+001 -2.408711204804E-009  9.872125326992E-010 -3.978512084147E-010
  4.538588318162E+001 -1.100789400120E-009  4.566877668751E-010 -1.867227586317E-010
  4.740980671574E+001 -4.730510692521E-010  1.985062337932E-010 -8.225106412531E-011
  4.957015778746E+001 -1.901260728240E-010  8.064016558451E-011 -3.382857598194E-011
  5.187947869225E+001 -7.103466725438E-011  3.043289084859E-011 -1.291401543740E-011
  5.435178690397E+001 -2.450416234425E-011  1.059787738731E-011 -4.545506546308E-012
  5.700278828629E+001 -7.745171596600E-012  3.379714311906E-012 -1.464135728957E-012
  5.985012714155E+001 -2.223853257625E-012  9.786040724162E-013 -4.279248795533E-013
  6.291368055481E+001 -5.744410884390E-013  2.547983287800E-013 -1.123989539019E-013
  6.621590623276E+001 -1.320300784233E-013  5.900472879992E-014 -2.624371484679E-014
  6.978225524452E+001 -2.666652813766E-014  1.200242034583E-014 -5.379806916195E-015
  7.364166388185E+001 -4.666088217636E-015  2.114369222350E-015 -9.546436696672E-016
  7.782714245929E+001 -6.959538548572E-016  3.173813032409E-016 -1.442854089837E-016
  8.237648351994E+001 -8.684919647825E-017  3.984708401661E-017 -1.823262973132E-017
  8.733311794502E+001 -8.875844919336E-018  4.095770132469E-018 -1.885570505330E-018
  9.274715535088E+001 -7.247228712340E-019  3.362527893904E-019 -1.556971615800E-019
  9.867665554529E+001 -4.594061744975E-020  2.142588097837E-020 -9.975245430904E-021
  1.051891916055E+002 -2.186628938879E-021  1.024828200994E-021 -4.795975689842E-022
  1.123637836013E+002 -7.514948836966E-023  3.538572150368E-023 -1.664077059151E-023
  1.202933069206E+002 -1.781051606304E-024  8.423678110817E-025 -3.979714534597E-025
  1.290875131414E+002 -2.756813861061E-026  1.309356515302E-026 -6.213042849251E-027
  1.388768482001E+002 -2.612327371686E-028  1.245689051517E-028 -5.935392897225E-029
  1.498173177370E+002 -1.402556780875E-030  6.713429968302E-031 -3.211292717119E-031
  1.620967411853E+002 -3.886782075860E-033  1.867111449823E-033 -8.964129891675E-034
  1.759428668168E+002 -4.964830585201E-036  2.393084240050E-036 -1.152947274040E-036
  1.916340085825E+002 -2.545601072942E-039  1.230943084289E-039 -5.950013500014E-040
  2.095131417987E+002 -4.417545104945E-043  2.142624789153E-043 -1.038898468938E-043
  2.300068054477E+002 -2.098551404665E-047  1.020770966353E-047 -4.963911169892E-048
  2.536507797910E+002 -2.090233447023E-052  1.019472534690E-052 -4.971238389510E-053
  2.811254638474E+002 -3.110800626444E-058  1.521092595316E-058 -7.436446053208E-059
  3.133053780630E+002 -4.474686847015E-065  2.193216970275E-065 -1.074835285174E-065
  3.513296254502E+002 -3.526504548149E-073  1.732341412342E-073 -8.508958689469E-074
  3.967041014107E+002 -7.187833746464E-083  3.538290484130E-083 -1.741618997911E-083
  4.514529193350E+002 -1.380903309228E-094  6.810877380582E-095 -3.359042370298E-095
  5.183481233601E+002 -6.273507157595E-109  3.099801384401E-109 -1.531569686075E-109
  6.012676077950E+002 -9.733980769118E-127  4.817683835881E-127 -2.384355137853E-127
  7.057700503752E+002 -3.218035730409E-149  1.595162286769E-149 -7.906931233604E-150
  8.400513767914E+002 -3.787790007542E-178  1.880221637898E-178 -9.333070408195E-179
  1.016602135495E+003 -3.103530582119E-216  1.542525101440E-216 -7.666607961367E-217
  1.255220715579E+003 -8.982600881873E-268  4.469677266929E-268 -2.224061747231E-268
  1.588815776243E+003  0.000000000000E+000  0.000000000000E+000  0.000000000000E+000
  2.075392011604E+003  0.000000000000E+000  0.000000000000E+000  0.000000000000E+000
  2.825079847528E+003  0.000000000000E+000  0.000000000000E+000  0.000000000000E+000
  4.068408296183E+003  0.000000000000E+000  0.000000000000E+000  0.000000000000E+000
  6.357262947672E+003  0.000000000000E+000  0.000000000000E+000  0.000000000000E+000
  1.130231930164E+004  0.000000000000E+000  0.000000000000E+000  0.000000000000E+000
  2.543105175136E+004  0.000000000000E+000  0.000000000000E+000  0.000000000000E+000
  1.017262069952E+005  0.000000000000E+000  0.000000000000E+000  0.000000000000E+000
