# 1st line: number of mesh points
# rho and r_seitz are calculated from total density
# zeta and r_seitz only correct of rho > 1d-12

# abcissa rho drho ddrho zeta r_seitz
500
  9.830308526563E-006  1.622131984905E+003 -1.970698627691E+004  2.452185631786E+005  0.000000000000E+000  1.227472268028E-001
  3.932200719722E-005  1.621550899031E+003 -1.969975572549E+004  2.451263019256E+005  0.000000000000E+000  1.227618872864E-001
  8.847741541467E-005  1.620582845578E+003 -1.968771022000E+004  2.449726042365E+005  0.000000000000E+000  1.227863263155E-001
  1.573003992805E-004  1.619228458615E+003 -1.967085787494E+004  2.447575766317E+005  0.000000000000E+000  1.228205512275E-001
  2.457963722418E-004  1.617488624962E+003 -1.964921003909E+004  2.444813680833E+005  0.000000000000E+000  1.228645723011E-001
  3.539722959954E-004  1.615364483321E+003 -1.962278128392E+004  2.441441698597E+005  0.000000000000E+000  1.229184027620E-001
  4.818366816529E-004  1.612857423156E+003 -1.959158938883E+004  2.437462153244E+005  0.000000000000E+000  1.229820587910E-001
  6.293995911626E-004  1.609969083323E+003 -1.955565532305E+004  2.432877796925E+005  0.000000000000E+000  1.230555595334E-001
  7.966726389935E-004  1.606701350464E+003 -1.951500322436E+004  2.427691797420E+005  0.000000000000E+000  1.231389271103E-001
  9.836689940782E-004  1.603056357151E+003 -1.946966037461E+004  2.421907734835E+005  0.000000000000E+000  1.232321866320E-001
  1.190403382016E-003  1.599036479793E+003 -1.941965717203E+004  2.415529597853E+005  0.000000000000E+000  1.233353662124E-001
  1.416892087541E-003  1.594644336304E+003 -1.936502710043E+004  2.408561779574E+005  0.000000000000E+000  1.234484969861E-001
  1.663152957245E-003  1.589882783539E+003 -1.930580669531E+004  2.401009072929E+005  0.000000000000E+000  1.235716131268E-001
  1.929205402573E-003  1.584754914496E+003 -1.924203550690E+004  2.392876665688E+005  0.000000000000E+000  1.237047518677E-001
  2.215070403073E-003  1.579264055287E+003 -1.917375606015E+004  2.384170135057E+005  0.000000000000E+000  1.238479535233E-001
  2.520770509919E-003  1.573413761891E+003 -1.910101381185E+004  2.374895441874E+005  0.000000000000E+000  1.240012615142E-001
  2.846329849692E-003  1.567207816676E+003 -1.902385710477E+004  2.365058924426E+005  0.000000000000E+000  1.241647223922E-001
  3.191774128432E-003  1.560650224720E+003 -1.894233711897E+004  2.354667291863E+005  0.000000000000E+000  1.243383858688E-001
  3.557130635959E-003  1.553745209901E+003 -1.885650782034E+004  2.343727617257E+005  0.000000000000E+000  1.245223048451E-001
  3.942428250463E-003  1.546497210796E+003 -1.876642590638E+004  2.332247330278E+005  0.000000000000E+000  1.247165354430E-001
  4.347697443358E-003  1.538910876366E+003 -1.867215074938E+004  2.320234209528E+005  0.000000000000E+000  1.249211370396E-001
  4.772970284417E-003  1.530991061452E+003 -1.857374433698E+004  2.307696374514E+005  0.000000000000E+000  1.251361723027E-001
  5.218280447175E-003  1.522742822072E+003 -1.847127121019E+004  2.294642277299E+005  0.000000000000E+000  1.253617072292E-001
  5.683663214611E-003  1.514171410541E+003 -1.836479839905E+004  2.281080693815E+005  0.000000000000E+000  1.255978111846E-001
  6.169155485101E-003  1.505282270398E+003 -1.825439535589E+004  2.267020714868E+005  0.000000000000E+000  1.258445569455E-001
  6.674795778653E-003  1.496081031171E+003 -1.814013388631E+004  2.252471736841E+005  0.000000000000E+000  1.261020207440E-001
  7.200624243425E-003  1.486573502969E+003 -1.802208807802E+004  2.237443452101E+005  0.000000000000E+000  1.263702823145E-001
  7.746682662519E-003  1.476765670910E+003 -1.790033422756E+004  2.221945839130E+005  0.000000000000E+000  1.266494249421E-001
  8.313014461060E-003  1.466663689402E+003 -1.777495076500E+004  2.205989152394E+005  0.000000000000E+000  1.269395355145E-001
  8.899664713569E-003  1.456273876265E+003 -1.764601817677E+004  2.189583911950E+005  0.000000000000E+000  1.272407045754E-001
  9.506680151615E-003  1.445602706724E+003 -1.751361892664E+004  2.172740892817E+005  0.000000000000E+000  1.275530263802E-001
  1.013410917176E-002  1.434656807259E+003 -1.737783737498E+004  2.155471114129E+005  0.000000000000E+000  1.278765989553E-001
  1.078200184380E-002  1.423442949336E+003 -1.723875969645E+004  2.137785828059E+005  0.000000000000E+000  1.282115241587E-001
  1.145040991929E-002  1.411968043014E+003 -1.709647379613E+004  2.119696508558E+005  0.000000000000E+000  1.285579077440E-001
  1.213938684040E-002  1.400239130442E+003 -1.695106922425E+004  2.101214839905E+005  0.000000000000E+000  1.289158594267E-001
  1.284898774901E-002  1.388263379254E+003 -1.680263708958E+004  2.082352705086E+005  0.000000000000E+000  1.292854929535E-001
  1.357926949620E-002  1.376048075870E+003 -1.665126997170E+004  2.063122174019E+005  0.000000000000E+000  1.296669261741E-001
  1.433029065191E-002  1.363600618702E+003 -1.649706183211E+004  2.043535491643E+005  0.000000000000E+000  1.300602811164E-001
  1.510211151509E-002  1.350928511289E+003 -1.634010792433E+004  2.023605065872E+005  0.000000000000E+000  1.304656840640E-001
  1.589479412397E-002  1.338039355352E+003 -1.618050470323E+004  2.003343455450E+005  0.000000000000E+000  1.308832656376E-001
  1.670840226680E-002  1.324940843799E+003 -1.601834973347E+004  1.982763357702E+005  0.000000000000E+000  1.313131608784E-001
  1.754300149280E-002  1.311640753655E+003 -1.585374159738E+004  1.961877596211E+005  0.000000000000E+000  1.317555093360E-001
  1.839865912351E-002  1.298146938964E+003 -1.568677980225E+004  1.940699108432E+005  0.000000000000E+000  1.322104551584E-001
  1.927544426443E-002  1.284467323640E+003 -1.551756468719E+004  1.919240933246E+005  0.000000000000E+000  1.326781471864E-001
  2.017342781695E-002  1.270609894295E+003 -1.534619732968E+004  1.897516198499E+005  0.000000000000E+000  1.331587390512E-001
  2.109268249069E-002  1.256582693041E+003 -1.517277945193E+004  1.875538108503E+005  0.000000000000E+000  1.336523892749E-001
  2.203328281612E-002  1.242393810276E+003 -1.499741332711E+004  1.853319931552E+005  0.000000000000E+000  1.341592613760E-001
  2.299530515754E-002  1.228051377475E+003 -1.482020168563E+004  1.830874987437E+005  0.000000000000E+000  1.346795239775E-001
  2.397882772639E-002  1.213563559970E+003 -1.464124762152E+004  1.808216634995E+005  0.000000000000E+000  1.352133509199E-001
  2.498393059493E-002  1.198938549754E+003 -1.446065449905E+004  1.785358259705E+005  0.000000000000E+000  1.357609213777E-001
  2.601069571024E-002  1.184184558295E+003 -1.427852585974E+004  1.762313261330E+005  0.000000000000E+000  1.363224199803E-001
  2.705920690860E-002  1.169309809383E+003 -1.409496532976E+004  1.739095041645E+005  0.000000000000E+000  1.368980369371E-001
  2.812954993023E-002  1.154322532010E+003 -1.391007652797E+004  1.715716992244E+005  0.000000000000E+000  1.374879681673E-001
  2.922181243436E-002  1.139230953296E+003 -1.372396297458E+004  1.692192482453E+005  0.000000000000E+000  1.380924154340E-001
  3.033608401473E-002  1.124043291466E+003 -1.353672800059E+004  1.668534847357E+005  0.000000000000E+000  1.387115864833E-001
  3.147245621542E-002  1.108767748883E+003 -1.334847465813E+004  1.644757375962E+005  0.000000000000E+000  1.393456951884E-001
  3.263102254705E-002  1.093412505156E+003 -1.315930563182E+004  1.620873299495E+005  0.000000000000E+000  1.399949616982E-001
  3.381187850339E-002  1.077985710313E+003 -1.296932315109E+004  1.596895779868E+005  0.000000000000E+000  1.406596125916E-001
  3.501512157837E-002  1.062495478066E+003 -1.277862890388E+004  1.572837898309E+005  0.000000000000E+000  1.413398810377E-001
  3.624085128345E-002  1.046949879160E+003 -1.258732395140E+004  1.548712644182E+005  0.000000000000E+000  1.420360069601E-001
  3.748916916538E-002  1.031356934816E+003 -1.239550864447E+004  1.524532903999E+005  0.000000000000E+000  1.427482372085E-001
  3.876017882444E-002  1.015724610290E+003 -1.220328254115E+004  1.500311450646E+005  0.000000000000E+000  1.434768257357E-001
  4.005398593302E-002  1.000060808526E+003 -1.201074432609E+004  1.476060932828E+005  0.000000000000E+000  1.442220337802E-001
  4.137069825459E-002  9.843733639423E+002 -1.181799173135E+004  1.451793864748E+005  0.000000000000E+000  1.449841300563E-001
  4.271042566323E-002  9.686700363289E+002 -1.162512145915E+004  1.427522616030E+005  0.000000000000E+000  1.457633909497E-001
  4.407328016341E-002  9.529585048853E+002 -1.143222910622E+004  1.403259401899E+005  0.000000000000E+000  1.465601007209E-001
  4.545937591035E-002  9.372463623879E+002 -1.123940909022E+004  1.379016273621E+005  0.000000000000E+000  1.473745517148E-001
  4.686882923075E-002  9.215411095026E+002 -1.104675457799E+004  1.354805109232E+005  0.000000000000E+000  1.482070445782E-001
  4.830175864396E-002  9.058501492446E+002 -1.085435741595E+004  1.330637604533E+005  0.000000000000E+000  1.490578884844E-001
  4.975828488365E-002  8.901807815918E+002 -1.066230806251E+004  1.306525264398E+005  0.000000000000E+000  1.499274013663E-001
  5.123853091993E-002  8.745401982565E+002 -1.047069552269E+004  1.282479394372E+005  0.000000000000E+000  1.508159101568E-001
  5.274262198188E-002  8.589354776210E+002 -1.027960728504E+004  1.258511092588E+005  0.000000000000E+000  1.517237510378E-001
  5.427068558066E-002  8.433735798414E+002 -1.008912926074E+004  1.234631241998E+005  0.000000000000E+000  1.526512696984E-001
  5.582285153302E-002  8.278613421236E+002 -9.899345725120E+003  1.210850502934E+005  0.000000000000E+000  1.535988216015E-001
  5.739925198530E-002  8.124054741777E+002 -9.710339261614E+003  1.187179305998E+005  0.000000000000E+000  1.545667722597E-001
  5.900002143803E-002  7.970125538515E+002 -9.522190708079E+003  1.163627845291E+005  0.000000000000E+000  1.555554975212E-001
  6.062529677088E-002  7.816890229505E+002 -9.334979105681E+003  1.140206071991E+005  0.000000000000E+000  1.565653838652E-001
  6.227521726827E-002  7.664411832445E+002 -9.148781650297E+003  1.116923688275E+005  0.000000000000E+000  1.575968287083E-001
  6.394992464542E-002  7.512751926665E+002 -8.963673646492E+003  1.093790141595E+005  0.000000000000E+000  1.586502407203E-001
  6.564956307496E-002  7.361970617049E+002 -8.779728464101E+003  1.070814619318E+005  0.000000000000E+000  1.597260401526E-001
  6.737427921404E-002  7.212126499931E+002 -8.597017497464E+003  1.048006043719E+005  0.000000000000E+000  1.608246591772E-001
  6.912422223211E-002  7.063276630975E+002 -8.415610127311E+003  1.025373067345E+005  0.000000000000E+000  1.619465422371E-001
  7.089954383907E-002  6.915476495070E+002 -8.235573685337E+003  1.002924068740E+005  0.000000000000E+000  1.630921464101E-001
  7.270039831418E-002  6.768779978249E+002 -8.056973421485E+003  9.806671485417E+004  0.000000000000E+000  1.642619417844E-001
  7.452694253540E-002  6.623239341655E+002 -7.879872473941E+003  9.586101259485E+004  0.000000000000E+000  1.654564118479E-001
  7.637933600943E-002  6.478905197553E+002 -7.704331841859E+003  9.367605355518E+004  0.000000000000E+000  1.666760538904E-001
  7.825774090225E-002  6.335826487413E+002 -7.530410360815E+003  9.151256245437E+004  0.000000000000E+000  1.679213794207E-001
  8.016232207035E-002  6.194050462054E+002 -7.358164681001E+003  8.937123502909E+004  0.000000000000E+000  1.691929145976E-001
  8.209324709253E-002  6.053622663864E+002 -7.187649248148E+003  8.725273782795E+004  0.000000000000E+000  1.704912006766E-001
  8.405068630235E-002  5.914586911088E+002 -7.018916287175E+003  8.515770804256E+004  0.000000000000E+000  1.718167944713E-001
  8.603481282122E-002  5.776985284189E+002 -6.852015788556E+003  8.308675337521E+004  0.000000000000E+000  1.731702688321E-001
  8.804580259214E-002  5.640858114262E+002 -6.686995497391E+003  8.104045194275E+004  0.000000000000E+000  1.745522131403E-001
  9.008383441408E-002  5.506243973513E+002 -6.523900905163E+003  7.901935221645E+004  0.000000000000E+000  1.759632338205E-001
  9.214908997710E-002  5.373179667775E+002 -6.362775244152E+003  7.702397299739E+004  0.000000000000E+000  1.774039548700E-001
  9.424175389809E-002  5.241700231054E+002 -6.203659484499E+003  7.505480342712E+004  0.000000000000E+000  1.788750184073E-001
  9.636201375725E-002  5.111838922083E+002 -6.046592333874E+003  7.311230303293E+004  0.000000000000E+000  1.803770852391E-001
  9.851006013526E-002  4.983627222882E+002 -5.891610239726E+003  7.119690180740E+004  0.000000000000E+000  1.819108354468E-001
  1.006860866512E-001  4.857094839268E+002 -5.738747394070E+003  6.930900032156E+004  0.000000000000E+000  1.834769689942E-001
  1.028902900012E-001  4.732269703332E+002 -5.588035740791E+003  6.744896987110E+004  0.000000000000E+000  1.850762063545E-001
  1.051228699979E-001  4.609177977818E+002 -5.439504985393E+003  6.561715265497E+004  0.000000000000E+000  1.867092891605E-001
  1.073840296104E-001  4.487844062404E+002 -5.293182607182E+003  6.381386198573E+004  0.000000000000E+000  1.883769808755E-001
  1.096739750056E-001  4.368290601832E+002 -5.149093873802E+003  6.203938253079E+004  0.000000000000E+000  1.900800674880E-001
  1.119929155896E-001  4.250538495864E+002 -5.007261858099E+003  6.029397058396E+004  0.000000000000E+000  1.918193582294E-001
  1.143410640503E-001  4.134606911026E+002 -4.867707457238E+003  5.857785436636E+004  0.000000000000E+000  1.935956863162E-001
  1.167186364011E-001  4.020513294099E+002 -4.730449414031E+003  5.689123435580E+004  0.000000000000E+000  1.954099097162E-001
  1.191258520249E-001  3.908273387313E+002 -4.595504340407E+003  5.523428364398E+004  0.000000000000E+000  1.972629119410E-001
  1.215629337189E-001  3.797901245210E+002 -4.462886742964E+003  5.360714832035E+004  0.000000000000E+000  1.991556028640E-001
  1.240301077413E-001  3.689409253127E+002 -4.332609050538E+003  5.200994788175E+004  0.000000000000E+000  2.010889195651E-001
  1.265276038575E-001  3.582808147244E+002 -4.204681643722E+003  5.044277566703E+004  0.000000000000E+000  2.030638272028E-001
  1.290556553882E-001  3.478107036166E+002 -4.079112886268E+003  4.890569931535E+004  0.000000000000E+000  2.050813199139E-001
  1.316144992580E-001  3.375313423970E+002 -3.955909158295E+003  4.739876124740E+004  0.000000000000E+000  2.071424217411E-001
  1.342043760450E-001  3.274433234681E+002 -3.835074891233E+003  4.592197916831E+004  0.000000000000E+000  2.092481875903E-001
  1.368255300316E-001  3.175470838115E+002 -3.716612604428E+003  4.447534659129E+004  0.000000000000E+000  2.113997042163E-001
  1.394782092560E-001  3.078429077035E+002 -3.600522943332E+003  4.305883338088E+004  0.000000000000E+000  2.135980912377E-001
  1.421626655646E-001  2.983309295567E+002 -3.486804719197E+003  4.167238631464E+004  0.000000000000E+000  2.158445021826E-001
  1.448791546661E-001  2.890111368818E+002 -3.375454950197E+003  4.031592966227E+004  0.000000000000E+000  2.181401255628E-001
  1.476279361856E-001  2.798833733640E+002 -3.266468903894E+003  3.898936578091E+004  0.000000000000E+000  2.204861859794E-001
  1.504092737207E-001  2.709473420474E+002 -3.159840140967E+003  3.769257572555E+004  0.000000000000E+000  2.228839452568E-001
  1.532234348983E-001  2.622026086220E+002 -3.055560560127E+003  3.642541987341E+004  0.000000000000E+000  2.253347036069E-001
  1.560706914324E-001  2.536486048079E+002 -2.953620444124E+003  3.518773856107E+004  0.000000000000E+000  2.278398008230E-001
  1.589513191834E-001  2.452846318285E+002 -2.854008506770E+003  3.397935273317E+004  0.000000000000E+000  2.304006175007E-001
  1.618655982178E-001  2.371098639689E+002 -2.756711940901E+003  3.280006460162E+004  0.000000000000E+000  2.330185762883E-001
  1.648138128702E-001  2.291233522116E+002 -2.661716467168E+003  3.164965831411E+004  0.000000000000E+000  2.356951431617E-001
  1.677962518056E-001  2.213240279445E+002 -2.569006383604E+003  3.052790063063E+004  0.000000000000E+000  2.384318287261E-001
  1.708132080832E-001  2.137107067331E+002 -2.478564615864E+003  2.943454160710E+004  0.000000000000E+000  2.412301895394E-001
  1.738649792215E-001  2.062820921533E+002 -2.390372768052E+003  2.836931528467E+004  0.000000000000E+000  2.440918294578E-001
  1.769518672648E-001  1.990367796760E+002 -2.304411174061E+003  2.733194038383E+004  0.000000000000E+000  2.470184009991E-001
  1.800741788507E-001  1.919732605982E+002 -2.220658949344E+003  2.632212100192E+004  0.000000000000E+000  2.500116067208E-001
  1.832322252791E-001  1.850899260156E+002 -2.139094043015E+003  2.533954731317E+004  0.000000000000E+000  2.530732006105E-001
  1.864263225826E-001  1.783850708277E+002 -2.059693290223E+003  2.438389627003E+004  0.000000000000E+000  2.562049894824E-001
  1.896567915983E-001  1.718568977720E+002 -1.982432464698E+003  2.345483230469E+004  0.000000000000E+000  2.594088343760E-001
  1.929239580409E-001  1.655035214796E+002 -1.907286331401E+003  2.255200802980E+004  0.000000000000E+000  2.626866519503E-001
  1.962281525771E-001  1.593229725467E+002 -1.834228699190E+003  2.167506493733E+004  0.000000000000E+000  2.660404158665E-001
  1.995697109023E-001  1.533132016158E+002 -1.763232473440E+003  2.082363409446E+004  0.000000000000E+000  2.694721581520E-001
  2.029489738173E-001  1.474720834611E+002 -1.694269708518E+003  1.999733683564E+004  0.000000000000E+000  2.729839705351E-001
  2.063662873085E-001  1.417974210716E+002 -1.627311660059E+003  1.919578544966E+004  0.000000000000E+000  2.765780057414E-001
  2.098220026275E-001  1.362869497271E+002 -1.562328836965E+003  1.841858386101E+004  0.000000000000E+000  2.802564787377E-001
  2.133164763746E-001  1.309383410608E+002 -1.499291053048E+003  1.766532830441E+004  0.000000000000E+000  2.840216679116E-001
  2.168500705817E-001  1.257492071032E+002 -1.438167478255E+003  1.693560799166E+004  0.000000000000E+000  2.878759161708E-001
  2.204231527988E-001  1.207171043027E+002 -1.378926689413E+003  1.622900577011E+004  0.000000000000E+000  2.918216319422E-001
  2.240360961807E-001  1.158395375160E+002 -1.321536720416E+003  1.554509877168E+004  0.000000000000E+000  2.958612900540E-001
  2.276892795770E-001  1.111139639654E+002 -1.265965111803E+003  1.488345905181E+004  0.000000000000E+000  2.999974324750E-001
  2.313830876220E-001  1.065377971562E+002 -1.212178959662E+003  1.424365421754E+004  0.000000000000E+000  3.042326688873E-001
  2.351179108282E-001  1.021084107507E+002 -1.160144963802E+003  1.362524804393E+004  0.000000000000E+000  3.085696770623E-001
  2.388941456809E-001  9.782314239338E+001 -1.109829475139E+003  1.302780107825E+004  0.000000000000E+000  3.130112030085E-001
  2.427121947345E-001  9.367929748384E+001 -1.061198542238E+003  1.245087123117E+004  0.000000000000E+000  3.175600608538E-001
  2.465724667110E-001  8.967415289187E+001 -1.014217956973E+003  1.189401435444E+004  0.000000000000E+000  3.222191324213E-001
  2.504753766009E-001  8.580496061187E+001 -9.688532992404E+002  1.135678480442E+004  0.000000000000E+000  3.269913664541E-001
  2.544213457654E-001  8.206895135196E+001 -9.250699806927E+002  1.083873599094E+004  0.000000000000E+000  3.318797774357E-001
  2.584108020414E-001  7.846333805446E+001 -8.828332874488E+002  1.033942091101E+004  0.000000000000E+000  3.368874439525E-001
  2.624441798480E-001  7.498531934398E+001 -8.421084217350E+002  9.858392666918E+003  0.000000000000E+000  3.420175065310E-001
  2.665219202956E-001  7.163208290000E+001 -8.028605424263E+002  9.395204968272E+003  0.000000000000E+000  3.472731648836E-001
  2.706444712976E-001  6.840080875078E+001 -7.650548044507E+002  8.949412617678E+003  0.000000000000E+000  3.526576744824E-001
  2.748122876832E-001  6.528867248556E+001 -7.286563970261E+002  8.520571979627E+003  0.000000000000E+000  3.581743423757E-001
  2.790258313137E-001  6.229284838249E+001 -6.936305807015E+002  8.108241432367E+003  0.000000000000E+000  3.638265221537E-001
  2.832855712010E-001  5.941051244979E+001 -6.599427231761E+002  7.711981802464E+003  0.000000000000E+000  3.696176079580E-001
  2.875919836279E-001  5.663884537760E+001 -6.275583338749E+002  7.331356781854E+003  0.000000000000E+000  3.755510274215E-001
  2.919455522717E-001  5.397503539879E+001 -5.964430972590E+002  6.965933327191E+003  0.000000000000E+000  3.816302334137E-001
  2.963467683296E-001  5.141628105643E+001 -5.665629048547E+002  6.615282041362E+003  0.000000000000E+000  3.878586944569E-001
  3.007961306479E-001  4.895979387655E+001 -5.378838859873E+002  6.278977537065E+003  0.000000000000E+000  3.942398836653E-001
  3.052941458522E-001  4.660280094456E+001 -5.103724372056E+002  5.956598782375E+003  0.000000000000E+000  4.007772660491E-001
  3.098413284823E-001  4.434254738397E+001 -4.839952503916E+002  5.647729428286E+003  0.000000000000E+000  4.074742840141E-001
  3.144382011281E-001  4.217629873653E+001 -4.587193395455E+002  5.351958118217E+003  0.000000000000E+000  4.143343408743E-001
  3.190852945695E-001  4.010134324264E+001 -4.345120662450E+002  5.068878779541E+003  0.000000000000E+000  4.213607821874E-001
  3.237831479192E-001  3.811499402161E+001 -4.113411637763E+002  4.798090897206E+003  0.000000000000E+000  4.285568747101E-001
  3.285323087679E-001  3.621459115101E+001 -3.891747599385E+002  4.539199769552E+003  0.000000000000E+000  4.359257827641E-001
  3.333333333333E-001  3.439750364497E+001 -3.679813985250E+002  4.291816746474E+003  0.000000000000E+000  4.434705417983E-001
  3.381867866117E-001  3.266113133129E+001 -3.477300594891E+002  4.055559450104E+003  0.000000000000E+000  4.511940289280E-001
  3.430932425333E-001  3.100290662730E+001 -3.283901778002E+002  3.830051978201E+003  0.000000000000E+000  4.590989302352E-001
  3.480532841203E-001  2.942029621485E+001 -3.099316610037E+002  3.614925090497E+003  0.000000000000E+000  4.671877046202E-001
  3.530675036492E-001  2.791080261471E+001 -2.923249054957E+002  3.409816378242E+003  0.000000000000E+000  4.754625440069E-001
  3.581365028158E-001  2.647196566108E+001 -2.755408115278E+002  3.214370417240E+003  0.000000000000E+000  4.839253297273E-001
  3.632608929041E-001  2.510136387684E+001 -2.595507969603E+002  3.028238904681E+003  0.000000000000E+000  4.925775849393E-001
  3.684412949588E-001  2.379661575049E+001 -2.443268097797E+002  2.851080780100E+003  0.000000000000E+000  5.014204229783E-001
  3.736783399619E-001  2.255538091579E+001 -2.298413394046E+002  2.682562330820E+003  0.000000000000E+000  5.104544915958E-001
  3.789726690123E-001  2.137536123542E+001 -2.160674267994E+002  2.522357282243E+003  0.000000000000E+000  5.196799131150E-001
  3.843249335105E-001  2.025430178974E+001 -2.029786734214E+002  2.370146873394E+003  0.000000000000E+000  5.290962206225E-001
  3.897357953460E-001  1.918999177239E+001 -1.905492490262E+002  2.225619918119E+003  0.000000000000E+000  5.387022904280E-001
  3.952059270903E-001  1.818026529418E+001 -1.787538983584E+002  2.088472852364E+003  0.000000000000E+000  5.484962711610E-001
  4.007360121927E-001  1.722300209693E+001 -1.675679467558E+002  1.958409767973E+003  0.000000000000E+000  5.584755100293E-001
  4.063267451812E-001  1.631612817929E+001 -1.569673046959E+002  1.835142433465E+003  0.000000000000E+000  5.686364769530E-001
  4.119788318683E-001  1.545761633624E+001 -1.469284713166E+002  1.718390302254E+003  0.000000000000E+000  5.789746874980E-001
  4.176929895600E-001  1.464548661446E+001 -1.374285369411E+002  1.607880508766E+003  0.000000000000E+000  5.894846257673E-001
  4.234699472710E-001  1.387780668562E+001 -1.284451846406E+002  1.503347852973E+003  0.000000000000E+000  6.001596686697E-001
  4.293104459435E-001  1.315269213983E+001 -1.199566908671E+002  1.404534773800E+003  0.000000000000E+000  6.109920132571E-001
  4.352152386716E-001  1.246830670158E+001 -1.119419251912E+002  1.311191311917E+003  0.000000000000E+000  6.219726091111E-001
  4.411850909306E-001  1.182286237039E+001 -1.043803491787E+002  1.223075062413E+003  0.000000000000E+000  6.330910980408E-001
  4.472207808110E-001  1.121461948880E+001 -9.725201444166E+001  1.139951117857E+003  0.000000000000E+000  6.443357636283E-001
  4.533230992589E-001  1.064188673994E+001 -9.053755989878E+001  1.061592002246E+003  0.000000000000E+000  6.556934933967E-001
  4.594928503202E-001  1.010302107748E+001 -8.421820828164E+001  9.877775963449E+002  0.000000000000E+000  6.671497565672E-001
  4.657308513924E-001  9.596427590308E+000 -7.827576192221E+001  9.182950549265E+002  0.000000000000E+000  6.786886004870E-001
  4.720379334802E-001  9.120559304627E+000 -7.269259785824E+001  8.529387164089E+002  0.000000000000E+000  6.902926688271E-001
  4.784149414579E-001  8.673916926187E+000 -6.745166229242E+001  7.915100053891E+002  0.000000000000E+000  7.019432445428E-001
  4.848627343381E-001  8.255048525184E+000 -6.253646444172E+001  7.338173285672E+002  0.000000000000E+000  7.136203203310E-001
  4.913821855461E-001  7.862549166602E+000 -5.793106981286E+001  6.796759645477E+002  0.000000000000E+000  7.253026988936E-001
  4.979741832006E-001  7.495060488642E+000 -5.362009293973E+001  6.289079480000E+002  0.000000000000E+000  7.369681247003E-001
  5.046396304008E-001  7.151270231946E+000 -4.958868961841E+001  5.813419486514E+002  0.000000000000E+000  7.485934481464E-001
  5.113794455212E-001  6.829911722310E+000 -4.582254867487E+001  5.368131455782E+002  0.000000000000E+000  7.601548220081E-001
  5.181945625116E-001  6.529763309563E+000 -4.230788330033E+001  4.951630972494E+002  0.000000000000E+000  7.716279289557E-001
  5.250859312060E-001  6.249647765279E+000 -3.903142198833E+001  4.562396077700E+002  0.000000000000E+000  7.829882376111E-001
  5.320545176366E-001  5.988431641991E+000 -3.598039910748E+001  4.198965897575E+002  0.000000000000E+000  7.942112832962E-001
  5.391013043575E-001  5.745024596509E+000 -3.314254514285E+001  3.859939242756E+002  0.000000000000E+000  8.052729682887E-001
  5.462272907741E-001  5.518378679961E+000 -3.050607663851E+001  3.543973182350E+002  0.000000000000E+000  8.161498751473E-001
  5.534334934816E-001  5.307487597109E+000 -2.805968587296E+001  3.249781596606E+002  0.000000000000E+000  8.268195855973E-001
  5.607209466109E-001  5.111385937468E+000 -2.579253029841E+001  2.976133712090E+002  0.000000000000E+000  8.372609966561E-001
  5.680907021827E-001  4.929148380719E+000 -2.369422177404E+001  2.721852623078E+002  0.000000000000E+000  8.474546252075E-001
  5.755438304707E-001  4.759888878833E+000 -2.175481562254E+001  2.485813802745E+002  0.000000000000E+000  8.573828921641E-001
  5.830814203728E-001  4.602759817319E+000 -1.996479953830E+001  2.266943607570E+002  0.000000000000E+000  8.670303777254E-001
  5.907045797917E-001  4.456951157902E+000 -1.831508237485E+001  2.064217778233E+002  0.000000000000E+000  8.763840400426E-001
  5.984144360243E-001  4.321689564923E+000 -1.679698283795E+001  1.876659940157E+002  0.000000000000E+000  8.854333908149E-001
  6.062121361613E-001  4.196237517666E+000 -1.540221810987E+001  1.703340106653E+002  0.000000000000E+000  8.941706228970E-001
  6.140988474955E-001  4.079892410770E+000 -1.412289242960E+001  1.543373187515E+002  0.000000000000E+000  9.025906868037E-001
  6.220757579409E-001  3.971985644808E+000 -1.295148565229E+001  1.395917505738E+002  0.000000000000E+000  9.106913149425E-001
  6.301440764614E-001  3.871881709050E+000 -1.188084181064E+001  1.260173324888E+002  0.000000000000E+000  9.184729943692E-001
  6.383050335109E-001  3.778977258362E+000 -1.090415769956E+001  1.135381389501E+002  0.000000000000E+000  9.259388907159E-001
  6.465598814833E-001  3.692700186119E+000 -1.001497150461E+001  1.020821480740E+002  0.000000000000E+000  9.330947275926E-001
  6.549098951744E-001  3.612508694924E+000 -9.207151493582E+000  9.158109893789E+001  0.000000000000E+000  9.399486271099E-001
  6.633563722545E-001  3.537890366883E+000 -8.474884789515E+000  8.197035080516E+001  0.000000000000E+000  9.465109181686E-001
  6.719006337539E-001  3.468361235066E+000 -7.812666242425E+000  7.318874445513E+001  0.000000000000E+000  9.527939197697E-001
  6.805440245593E-001  3.403464857753E+000 -7.215287415994E+000  6.517846578161E+001  0.000000000000E+000  9.588117068300E-001
  6.892879139233E-001  3.342771396949E+000 -6.677825704366E+000  5.788491181079E+001  0.000000000000E+000  9.645798658623E-001
  6.981336959871E-001  3.285876702599E+000 -6.195633593225E+000  5.125655927497E+001  0.000000000000E+000  9.701152474515E-001
  7.070827903152E-001  3.232401403853E+000 -5.764328078279E+000  4.524483586535E+001  0.000000000000E+000  9.754357217864E-001
  7.161366424455E-001  3.181990008636E+000 -5.379780253278E+000  3.980399427393E+001  0.000000000000E+000  9.805599426597E-001
  7.252967244510E-001  3.134310012730E+000 -5.038105078714E+000  3.489098912243E+001  0.000000000000E+000  9.855071244050E-001
  7.345645355186E-001  3.089051019467E+000 -4.735651341368E+000  3.046535686341E+001  0.000000000000E+000  9.902968352483E-001
  7.439416025400E-001  3.045923871082E+000 -4.468991813923E+000  2.648909872734E+001  0.000000000000E+000  9.949488095808E-001
  7.534294807203E-001  3.004659792685E+000 -4.234913622947E+000  2.292656677787E+001  0.000000000000E+000  9.994827807503E-001
  7.630297542000E-001  2.965009549739E+000 -4.030408832618E+000  1.974435312659E+001  0.000000000000E+000  1.003918335148E+000
  7.727440366954E-001  2.926742619860E+000 -3.852665250709E+000  1.691118234821E+001  0.000000000000E+000  1.008274787659E+000
  7.825739721536E-001  2.889646379675E+000 -3.699057462472E+000  1.439780712707E+001  0.000000000000E+000  1.012571077973E+000
  7.925212354258E-001  2.853525307427E+000 -3.567138097257E+000  1.217690715615E+001  0.000000000000E+000  1.016825686769E+000
  8.025875329584E-001  2.818200201908E+000 -3.454629331870E+000  1.022299130102E+001  0.000000000000E+000  1.021056570480E+000
  8.127746035011E-001  2.783507418272E+000 -3.359414633930E+000  8.512303032197E+000  0.000000000000E+000  1.025281113075E+000
  8.230842188350E-001  2.749298121186E+000 -3.279530747723E+000  7.022729121480E+000  0.000000000000E+000  1.029516093190E+000
  8.335181845190E-001  2.715437555736E+000 -3.213159924349E+000  5.733711590047E+000  0.000000000000E+000  1.033777664852E+000
  8.440783406568E-001  2.681804336425E+000 -3.158622397268E+000  4.626162888874E+000  0.000000000000E+000  1.038081350068E+000
  8.547665626839E-001  2.648289754548E+000 -3.114369103701E+000  3.682384285311E+000  0.000000000000E+000  1.042442041594E+000
  8.655847621758E-001  2.614797104184E+000 -3.078974651733E+000  2.885987423304E+000  0.000000000000E+000  1.046874014294E+000
  8.765348876780E-001  2.581241026954E+000 -3.051130532352E+000  2.221819018882E+000  0.000000000000E+000  1.051390943622E+000
  8.876189255584E-001  2.547546875701E+000 -3.029638575131E+000  1.675888647110E+000  0.000000000000E+000  1.056005929880E+000
  8.988389008829E-001  2.513650097128E+000 -3.013404645715E+000  1.235299571643E+000  0.000000000000E+000  1.060731527064E+000
  9.101968783143E-001  2.479495633446E+000 -3.001432582794E+000  8.881825634706E-001  0.000000000000E+000  1.065579775236E+000
  9.216949630368E-001  2.445037343002E+000 -2.992818371773E+000  6.236326512136E-001  0.000000000000E+000  1.070562235506E+000
  9.333353017046E-001  2.410237439819E+000 -2.986744551940E+000  4.316487415248E-001  0.000000000000E+000  1.075690026839E+000
  9.451200834176E-001  2.375065951959E+000 -2.982474853521E+000  3.030760447544E-001  0.000000000000E+000  1.080973864024E+000
  9.570515407237E-001  2.339500198571E+000 -2.979349060644E+000  2.295512379697E-001  0.000000000000E+000  1.086424096257E+000
  9.691319506484E-001  2.303524285449E+000 -2.976778095940E+000  2.034502947320E-001  0.000000000000E+000  1.092050745878E+000
  9.813636357544E-001  2.267128618900E+000 -2.974239322152E+000  2.178389087090E-001  0.000000000000E+000  1.097863546917E+000
  9.937489652293E-001  2.230309437702E+000 -2.971272055897E+000  2.664254361820E-001  0.000000000000E+000  1.103871983151E+000
  1.006290356005E+000  2.193068362887E+000 -2.967473288480E+000  3.435162808394E-001  0.000000000000E+000  1.110085325471E+000
  1.018990273907E+000  2.155411965091E+000 -2.962493608431E+000  4.439736428814E-001  0.000000000000E+000  1.116512668399E+000
  1.031851234841E+000  2.117351349154E+000 -2.956033320284E+000  5.631755534034E-001  0.000000000000E+000  1.123162965647E+000
  1.044875806003E+000  2.078901755680E+000 -2.947838753950E+000  6.969781142536E-001  0.000000000000E+000  1.130045064659E+000
  1.058066607138E+000  2.040082179215E+000 -2.937698758922E+000  8.416798630645E-001  0.000000000000E+000  1.137167740107E+000
  1.071426311823E+000  2.000915002717E+000 -2.925441377454E+000  9.939881829507E-001  0.000000000000E+000  1.144539726338E+000
  1.084957648792E+000  1.961425647966E+000 -2.910930690798E+000  1.150987676380E+000  0.000000000000E+000  1.152169748799E+000
  1.098663403298E+000  1.921642241557E+000 -2.894063832523E+000  1.310110423023E+000  0.000000000000E+000  1.160066554481E+000
  1.112546418516E+000  1.881595296125E+000 -2.874768162949E+000  1.469108041885E+000  0.000000000000E+000  1.168238941432E+000
  1.126609596985E+000  1.841317406437E+000 -2.852998598722E+000  1.626025478766E+000  0.000000000000E+000  1.176695787428E+000
  1.140855902095E+000  1.800842959983E+000 -2.828735091582E+000  1.779176441048E+000  0.000000000000E+000  1.185446077857E+000
  1.155288359613E+000  1.760207861718E+000 -2.801980250449E+000  1.927120402931E+000  0.000000000000E+000  1.194498932910E+000
  1.169910059257E+000  1.719449272581E+000 -2.772757100998E+000  2.068641105597E+000  0.000000000000E+000  1.203863634181E+000
  1.184724156317E+000  1.678605361452E+000 -2.741106977010E+000  2.202726478266E+000  0.000000000000E+000  1.213549650742E+000
  1.199733873325E+000  1.637715070180E+000 -2.707087537872E+000  2.328549907783E+000  0.000000000000E+000  1.223566664823E+000
  1.214942501771E+000  1.596817891360E+000 -2.670770906743E+000  2.445452786188E+000  0.000000000000E+000  1.233924597170E+000
  1.230353403874E+000  1.555953658501E+000 -2.632241924021E+000  2.552928267671E+000  0.000000000000E+000  1.244633632181E+000
  1.245970014403E+000  1.515162348281E+000 -2.591596510915E+000  2.650606168374E+000  0.000000000000E+000  1.255704242946E+000
  1.261795842559E+000  1.474483894547E+000 -2.548940138074E+000  2.738238944703E+000  0.000000000000E+000  1.267147216253E+000
  1.277834473907E+000  1.433958013771E+000 -2.504386394396E+000  2.815688688056E+000  0.000000000000E+000  1.278973677696E+000
  1.294089572372E+000  1.393624041648E+000 -2.458055651335E+000  2.882915076241E+000  0.000000000000E+000  1.291195116962E+000
  1.310564882294E+000  1.353520780548E+000 -2.410073818167E+000  2.939964224265E+000  0.000000000000E+000  1.303823413414E+000
  1.327264230548E+000  1.313686357544E+000 -2.360571183915E+000  2.986958379623E+000  0.000000000000E+000  1.316870862059E+000
  1.344191528724E+000  1.274158092739E+000 -2.309681341776E+000  3.024086409739E+000  0.000000000000E+000  1.330350200023E+000
  1.361350775387E+000  1.234972377622E+000 -2.257540192106E+000  3.051595031694E+000  0.000000000000E+000  1.344274633613E+000
  1.378746058390E+000  1.196164563210E+000 -2.204285020204E+000  3.069780736902E+000  0.000000000000E+000  1.358657866100E+000
  1.396381557275E+000  1.157768857705E+000 -2.150053645306E+000  3.078982365927E+000  0.000000000000E+000  1.373514126304E+000
  1.414261545744E+000  1.119818233438E+000 -2.094983637408E+000  3.079574291052E+000  0.000000000000E+000  1.388858198112E+000
  1.432390394201E+000  1.082344342855E+000 -2.039211598680E+000  3.071960166739E+000  0.000000000000E+000  1.404705451032E+000
  1.450772572390E+000  1.045377443300E+000 -1.982872506427E+000  3.056567210430E+000  0.000000000000E+000  1.421071871905E+000
  1.469412652102E+000  1.008946330380E+000 -1.926099114698E+000  3.033840978510E+000  0.000000000000E+000  1.437974097883E+000
  1.488315309978E+000  9.730782796687E-001 -1.869021411796E+000  3.004240604509E+000  0.000000000000E+000  1.455429450821E+000
  1.507485330398E+000  9.377989965143E-001 -1.811766131102E+000  2.968234468747E+000  0.000000000000E+000  1.473455973190E+000
  1.526927608467E+000  9.031325737404E-001 -1.754456312719E+000  2.926296270752E+000  0.000000000000E+000  1.492072465659E+000
  1.546647153093E+000  8.691014569869E-001 -1.697210913605E+000  2.878901477698E+000  0.000000000000E+000  1.511298526481E+000
  1.566649090169E+000  8.357264174691E-001 -1.640144463952E+000  2.826524124021E+000  0.000000000000E+000  1.531154592838E+000
  1.586938665861E+000  8.030265319134E-001 -1.583366767653E+000  2.769633939067E+000  0.000000000000E+000  1.551661984302E+000
  1.607521250000E+000  7.710191694275E-001 -1.526982644820E+000  2.708693781313E+000  0.000000000000E+000  1.572842948560E+000
  1.628402339588E+000  7.397199850582E-001 -1.471091714367E+000  2.644157359161E+000  0.000000000000E+000  1.594720709609E+000
  1.649587562420E+000  7.091429197847E-001 -1.415788214738E+000  2.576467219728E+000  0.000000000000E+000  1.617319518565E+000
  1.671082680832E+000  6.793002066865E-001 -1.361160860934E+000  2.506052988315E+000  0.000000000000E+000  1.640664707322E+000
  1.692893595565E+000  6.502023830219E-001 -1.307292736021E+000  2.433329842391E+000  0.000000000000E+000  1.664782745234E+000
  1.715026349769E+000  6.218583079430E-001 -1.254261215352E+000  2.358697204976E+000  0.000000000000E+000  1.689701299066E+000
  1.737487133138E+000  5.942751855678E-001 -1.202137921754E+000  2.282537643232E+000  0.000000000000E+000  1.715449296431E+000
  1.760282286187E+000  5.674585931229E-001 -1.150988709974E+000  2.205215958893E+000  0.000000000000E+000  1.742056992974E+000
  1.783418304674E+000  5.414125138625E-001 -1.100873678674E+000  2.127078457920E+000  0.000000000000E+000  1.769556043567E+000
  1.806901844175E+000  5.161393744651E-001 -1.051847208304E+000  2.048452387390E+000  0.000000000000E+000  1.797979577797E+000
  1.830739724818E+000  4.916400866002E-001 -1.003958023161E+000  1.969645528197E+000  0.000000000000E+000  1.827362280058E+000
  1.854938936184E+000  4.679140923552E-001 -9.572492759916E-001  1.890945932642E+000  0.000000000000E+000  1.857740474572E+000
  1.879506642368E+000  4.449594132072E-001 -9.117586534647E-001  1.812621796408E+000  0.000000000000E+000  1.889152215683E+000
  1.904450187236E+000  4.227727022197E-001 -8.675185008709E-001  1.734921454807E+000  0.000000000000E+000  1.921637383807E+000
  1.929777099847E+000  4.013492991427E-001 -8.245559644065E-001  1.658073493510E+000  0.000000000000E+000  1.955237787433E+000
  1.955495100083E+000  3.806832880941E-001 -7.828931494113E-001  1.582286964254E+000  0.000000000000E+000  1.989997271613E+000
  1.981612104475E+000  3.607675574988E-001 -7.425472929399E-001  1.507751696332E+000  0.000000000000E+000  2.025961833400E+000
  2.008136232230E+000  3.415938619620E-001 -7.035309490647E-001  1.434638694873E+000  0.000000000000E+000  2.063179744728E+000
  2.035075811486E+000  3.231528857594E-001 -6.658521853282E-001  1.363100617195E+000  0.000000000000E+000  2.101701683277E+000
  2.062439385788E+000  3.054343076257E-001 -6.295147887848E-001  1.293272318742E+000  0.000000000000E+000  2.141580871893E+000
  2.090235720801E+000  2.884268665315E-001 -5.945184801043E-001  1.225271460339E+000  0.000000000000E+000  2.182873227187E+000
  2.118473811262E+000  2.721184281432E-001 -5.608591342417E-001  1.159199168756E+000  0.000000000000E+000  2.225637517972E+000
  2.147162888201E+000  2.564960516689E-001 -5.285290062181E-001  1.095140742819E+000  0.000000000000E+000  2.269935534264E+000
  2.176312426413E+000  2.415460568022E-001 -4.975169606038E-001  1.033166397579E+000  0.000000000000E+000  2.315832267622E+000
  2.205932152222E+000  2.272540904847E-001 -4.678087033424E-001  9.733320393031E-001  0.000000000000E+000  2.363396103665E+000
  2.236032051522E+000  2.136051932215E-001 -4.393870146132E-001  9.156800643925E-001  0.000000000000E+000  2.412699027664E+000
  2.266622378129E+000  2.005838646943E-001 -4.122319814869E-001  8.602401756144E-001  0.000000000000E+000  2.463816844190E+000
  2.297713662445E+000  1.881741284314E-001 -3.863212291968E-001  8.070302093737E-001  0.000000000000E+000  2.516829411888E+000
  2.329316720450E+000  1.763595953070E-001 -3.616301499146E-001  7.560569681081E-001  0.000000000000E+000  2.571820894502E+000
  2.361442663038E+000  1.651235256586E-001 -3.381321279934E-001  7.073170522485E-001  0.000000000000E+000  2.628880029411E+000
  2.394102905709E+000  1.544488898254E-001 -3.157987607178E-001  6.607976865632E-001  0.000000000000E+000  2.688100415028E+000
  2.427309178642E+000  1.443184269279E-001 -2.946000736759E-001  6.164775360964E-001  0.000000000000E+000  2.749580818513E+000
  2.461073537146E+000  1.347147017252E-001 -2.745047299522E-001  5.743275073106E-001  0.000000000000E+000  2.813425505420E+000
  2.495408372530E+000  1.256201594032E-001 -2.554802324194E-001  5.343115304429E-001  0.000000000000E+000  2.879744593006E+000
  2.530326423398E+000  1.170171781641E-001 -2.374931184913E-001  4.963873194992E-001  0.000000000000E+000  2.948654429116E+000
  2.565840787378E+000  1.088881195048E-001 -2.205091467808E-001  4.605071067130E-001  0.000000000000E+000  3.020277998720E+000
  2.601964933334E+000  1.012153760880E-001 -2.044934751896E-001  4.266183487093E-001  0.000000000000E+000  3.094745360375E+000
  2.638712714049E+000  9.398141712824E-002 -1.894108300369E-001  3.946644020080E-001  0.000000000000E+000  3.172194115137E+000
  2.676098379430E+000  8.716883122867E-002 -1.752256659151E-001  3.645851659024E-001  0.000000000000E+000  3.252769910649E+000
  2.714136590232E+000  8.076036662395E-002 -1.619023160359E-001  3.363176911268E-001  0.000000000000E+000  3.336626983444E+000
  2.752842432351E+000  7.473896879639E-002 -1.494051329071E-001  3.097967531016E-001  0.000000000000E+000  3.423928742806E+000
  2.792231431696E+000  6.908781544960E-002 -1.376986192481E-001  2.849553888961E-001  0.000000000000E+000  3.514848399878E+000
  2.832319569669E+000  6.379034883686E-002 -1.267475491239E-001  2.617253973914E-001  0.000000000000E+000  3.609569646095E+000
  2.873123299289E+000  5.883030545469E-002 -1.165170793379E-001  2.400378024421E-001  0.000000000000E+000  3.708287385484E+000
  2.914659561979E+000  5.419174312438E-002 -1.069728511824E-001  2.198232791331E-001  0.000000000000E+000  3.811208525857E+000
  2.956945805065E+000  4.985906549553E-002 -9.808108270247E-002  2.010125435063E-001  0.000000000000E+000  3.918552834493E+000
  3.000000000000E+000  4.581704401598E-002 -8.980865167500E-002  1.835367063788E-001  0.000000000000E+000  4.030553864560E+000
  3.043840661365E+000  4.205083742190E-002 -8.212316955089E-002  1.673275921068E-001  0.000000000000E+000  4.147459959224E+000
  3.088486866678E+000  3.854600881007E-002 -7.499304664491E-002  1.523180233441E-001  0.000000000000E+000  4.269535341241E+000
  3.133958277047E+000  3.528854036185E-002 -6.838754889273E-002  1.384420730258E-001  0.000000000000E+000  4.397061296750E+000
  3.180275158719E+000  3.226484579484E-002 -6.227684652131E-002  1.256352849519E-001  0.000000000000E+000  4.530337463022E+000
  3.227458405560E+000  2.946178062336E-002 -5.663205500229E-002  1.138348644713E-001  0.000000000000E+000  4.669683231149E+000
  3.275529562509E+000  2.686665031403E-002 -5.142526867513E-002  1.029798408624E-001  0.000000000000E+000  4.815439275979E+000
  3.324510850077E+000  2.446721642605E-002 -4.662958744010E-002  9.301120308159E-002  0.000000000000E+000  4.967969227189E+000
  3.374425189910E+000  2.225170082913E-002 -4.221913692947E-002  8.387201059531E-002  0.000000000000E+000  5.127661497100E+000
  3.425296231502E+000  2.020878809415E-002 -3.816908256945E-002  7.550748104331E-002  0.000000000000E+000  5.294931282864E+000
  3.477148380094E+000  1.832762615354E-002 -3.445563794631E-002  6.786505648164E-002  0.000000000000E+000  5.470222762928E+000
  3.530006825834E+000  1.659782532952E-002 -3.105606788711E-002  6.089444994359E-002  0.000000000000E+000  5.654011510239E+000
  3.583897574256E+000  1.500945582895E-002 -2.794868665998E-002  5.454767402586E-002  0.000000000000E+000  5.846807147647E+000
  3.638847478148E+000  1.355304380402E-002 -2.511285169116E-002  4.877905316276E-002  0.000000000000E+000  6.049156274292E+000
  3.694884270887E+000  1.221956607790E-002 -2.252895318563E-002  4.354522119501E-002  0.000000000000E+000  6.261645695623E+000
  3.752036601308E+000  1.100044363417E-002 -2.017840002722E-002  3.880510577288E-002  0.000000000000E+000  6.484905994081E+000
  3.810334070199E+000  9.887533968326E-003 -1.804360232102E-002  3.451990105953E-002  0.000000000000E+000  6.719615482466E+000
  3.869807268505E+000  8.873122398866E-003 -1.610795092803E-002  3.065303012145E-002  0.000000000000E+000  6.966504587784E+000
  3.930487817331E+000  7.949912434421E-003 -1.435579432775E-002  2.717009831001E-002  0.000000000000E+000  7.226360719859E+000
  3.992408409843E+000  7.111015292424E-003 -1.277241313056E-002  2.403883885491E-002  0.000000000000E+000  7.500033686560E+000
  4.055602855172E+000  6.349938663308E-003 -1.134399254767E-002  2.122905180669E-002  0.000000000000E+000  7.788441726039E+000
  4.120106124432E+000  5.660574812815E-003 -1.005759311236E-002  1.871253738376E-002  0.000000000000E+000  8.092578236247E+000
  4.185954398964E+000  5.037188113268E-003 -8.901119932438E-003  1.646302470054E-002  0.000000000000E+000  8.413519293271E+000
  4.253185120935E+000  4.474402092713E-003 -7.863290740433E-003  1.445609677791E-002  0.000000000000E+000  8.752432063000E+000
  4.321837046422E+000  3.967186088719E-003 -6.933602994497E-003  1.266911266532E-002  0.000000000000E+000  9.110584225487E+000
  4.391950301120E+000  3.510841591173E-003 -6.102300269957E-003  1.108112743687E-002  0.000000000000E+000  9.489354548472E+000
  4.463566438835E+000  3.100988355738E-003 -5.360338168322E-003  9.672810760341E-003  0.000000000000E+000  9.890244766147E+000
  4.536728502895E+000  2.733550366652E-003 -4.699349957554E-003  8.426364678477E-003  0.000000000000E+000  1.031489294185E+001
  4.611481090679E+000  2.404741724305E-003 -4.111612144334E-003  7.325441186567E-003  0.000000000000E+000  1.076508851935E+001
  4.687870421430E+000  2.111052529414E-003 -3.590010165846E-003  6.355060137167E-003  0.000000000000E+000  1.124278929739E+001
  4.765944407533E+000  1.849234831796E-003 -3.128004375331E-003  5.501527953135E-003  0.000000000000E+000  1.175014059657E+001
  4.845752729492E+000  1.616288707582E-003 -2.719596482059E-003  4.752357582209E-003  0.000000000000E+000  1.228949692772E+001
  4.927346914797E+000  1.409448524331E-003 -2.359296592746E-003  4.096190080472E-003  0.000000000000E+000  1.286344651666E+001
  5.010780420931E+000  1.226169448872E-003 -2.042090987510E-003  3.522718167640E-003  0.000000000000E+000  1.347483909382E+001
  5.096108722763E+000  1.064114247893E-003 -1.763410749512E-003  3.022612054051E-003  0.000000000000E+000  1.412681741850E+001
  5.183389404586E+000  9.211404263303E-004 -1.519101353408E-003  2.587447797437E-003  0.000000000000E+000  1.482285307920E+001
  5.272682257105E+000  7.952877435217E-004 -1.305393303766E-003  2.209638407047E-003  0.000000000000E+000  1.556678719416E+001
  5.364049379651E+000  6.847661419307E-004 -1.118873900753E-003  1.882367873523E-003  0.000000000000E+000  1.636287673232E+001
  5.457555287978E+000  5.879441180752E-004 -9.564601968756E-004  1.599528265350E-003  0.000000000000E+000  1.721584728672E+001
  5.553267027968E+000  5.033375601236E-004 -8.153731952784E-004  1.355659996841E-003  0.000000000000E+000  1.813095326196E+001
  5.651254295630E+000  4.295990715196E-004 -6.931133273590E-004  1.145895338782E-003  0.000000000000E+000  1.911404658836E+001
  5.751589563796E+000  3.655077949945E-004 -5.874372351963E-004  9.659052111740E-004  0.000000000000E+000  2.017165525064E+001
  5.854348215936E+000  3.099597464693E-004 -4.963358726304E-004  8.118492682298E-004  0.000000000000E+000  2.131107312298E+001
  5.959608687557E+000  2.619586636764E-004 -4.180139278393E-004  6.803292589551E-004  0.000000000000E+000  2.254046283894E+001
  6.067452615683E+000  2.206073698850E-004 -3.508705599545E-004  5.683456223882E-004  0.000000000000E+000  2.386897369923E+001
  6.177964996951E+000  1.850996489360E-004 -2.934814327027E-004  4.732572548466E-004  0.000000000000E+000  2.530687693871E+001
  6.291234354880E+000  1.547126239237E-004 -2.445820192708E-004  3.927443673062E-004  0.000000000000E+000  2.686572104148E+001
  6.407352916949E+000  1.287996283415E-004 -2.030521446109E-004  3.247743342071E-004  0.000000000000E+000  2.855851021693E+001
  6.526416802128E+000  1.067835553802E-004 -1.679017242492E-004  2.675704204360E-004  0.000000000000E+000  3.039990963680E+001
  6.648526219580E+000  8.815066836816E-005 -1.382576523892E-004  2.195832608468E-004  0.000000000000E+000  3.240648159057E+001
  6.773785679311E+000  7.244485309779E-005 -1.133517867344E-004  1.794649563386E-004  0.000000000000E+000  3.459695735150E+001
  6.902304215570E+000  5.926229103484E-005 -9.250997304665E-005  1.460456421333E-004  0.000000000000E+000  3.699255026447E+001
  7.034195623922E+000  4.824653115210E-005 -7.514204904134E-005  1.183123774215E-004  0.000000000000E+000  3.961731637527E+001
  7.169578712934E+000  3.908393739074E-005 -6.073276484379E-005  9.539020095821E-005  0.000000000000E+000  4.249856982364E+001
  7.308577571516E+000  3.149948850761E-005 -4.883355589922E-005  7.652519449246E-005  0.000000000000E+000  4.566736122094E+001
  7.451321853057E+000  2.525290729667E-005 -3.905510396041E-005  6.106939512534E-005  0.000000000000E+000  4.915902832916E+001
  7.597947077547E+000  2.013509683197E-005 -3.106062253720E-005  4.846739882390E-005  0.000000000000E+000  5.301382954900E+001
  7.748594953021E+000  1.596486240883E-005 -2.455980492915E-005  3.824450036467E-005  0.000000000000E+000  5.727767201333E+001
  7.903413717736E+000  1.258589918695E-005 -1.930337558719E-005  2.999621989094E-005  0.000000000000E+000  6.200294747484E+001
  8.062558504629E+000  9.864027076111E-006 -1.507818893441E-005  2.337907293179E-005  0.000000000000E+000  6.724949070391E+001
  8.226191729726E+000  7.684656061076E-006 -1.170282376601E-005  1.810244897088E-005  0.000000000000E+000  7.308567684811E+001
  8.394483506327E+000  5.950466840584E-006 -9.023625760078E-006  1.392147321943E-005  0.000000000000E+000  7.958967631070E+001
  8.567612086926E+000  4.579293265679E-006 -6.911155267467E-006  1.063073682463E-005  0.000000000000E+000  8.685088851350E+001
  8.745764335025E+000  3.502194523131E-006 -5.257002208333E-006  8.058791962882E-006  0.000000000000E+000  9.497158003695E+001
  8.929136229160E+000  2.661706254590E-006 -3.970934392435E-006  6.063319727203E-006  0.000000000000E+000  1.040687591959E+002
  9.117933401693E+000  2.010260785420E-006 -2.978349729344E-006  4.526890013686E-006  0.000000000000E+000  1.142763300291E+002
  9.312371715124E+000  1.508767335959E-006 -2.218006466807E-006  3.353243362050E-006  0.000000000000E+000  1.257475871342E+002
  9.512677878945E+000  1.125343503724E-006 -1.640008697138E-006  2.464034578799E-006  0.000000000000E+000  1.386581438355E+002
  9.719090110332E+000  8.341894626278E-007 -1.204026857883E-006  1.795986713675E-006  0.000000000000E+000  1.532094376007E+002
  9.931858842267E+000  6.145962696742E-007 -8.777348292128E-007  1.298411408332E-006  0.000000000000E+000  1.696330399061E+002
  1.015124748302E+001  4.500794617253E-007 -6.354465478478E-007  9.310577289042E-007  0.000000000000E+000  1.881961291029E+002
  1.037753323129E+001  3.276288345747E-007 -4.569359060922E-007  6.622563695342E-007  0.000000000000E+000  2.092086863951E+002
  1.061100795175E+001  2.370649961129E-007 -3.264242021918E-007  4.673296983023E-007  0.000000000000E+000  2.330332760325E+002
  1.085197911611E+001  1.704930422340E-007 -2.317196864236E-007  3.272407059837E-007  0.000000000000E+000  2.600987099394E+002
  1.110077081537E+001  1.218435748168E-007 -1.634939374758E-007  2.274557507637E-007  0.000000000000E+000  2.909195278705E+002
  1.135772484956E+001  8.649130615351E-008 -1.146800237517E-007  1.569973233884E-007  0.000000000000E+000  3.261241296010E+002
  1.162320190175E+001  6.094169545267E-008 -7.997774782898E-008  1.076641301793E-007  0.000000000000E+000  3.664957201348E+002
  1.189758280382E+001  4.257644292419E-008 -5.545180136025E-008  7.339681340990E-008  0.000000000000E+000  4.130322468407E+002
  1.218126990242E+001  2.944921010869E-008 -3.820939951063E-008  4.976875466220E-008  0.000000000000E+000  4.670347561037E+002
  1.247468853413E+001  2.012361185751E-008 -2.614491262915E-008  3.358273042715E-008  0.000000000000E+000  5.302391300534E+002
  1.277828862002E+001  1.354629658079E-008 -1.774013434236E-008  2.255574207841E-008  0.000000000000E+000  6.050160441321E+002
  1.309254639077E+001  8.948753949621E-009 -1.191006604290E-008  1.507610195662E-008  0.000000000000E+000  6.946822931169E+002
  1.341796625462E+001  5.772321358546E-009 -7.885394199937E-009  1.001876061673E-008  0.000000000000E+000  8.040016088839E+002
  1.375508282195E+001  3.611666058822E-009 -5.124125138077E-009  6.606820652822E-009  0.000000000000E+000  9.400217210824E+002
  1.410446310162E+001  2.172771523683E-009 -3.246065952928E-009  4.309107179225E-009  0.000000000000E+000  1.113531220395E+003
  1.446670888596E+001  1.242136916279E-009 -1.984957941834E-009  2.765470325056E-009  0.000000000000E+000  1.341685095066E+003
  1.484245934302E+001  6.644995601461E-010 -1.154054713679E-009  1.733117693797E-009  0.000000000000E+000  1.652756418045E+003
  1.523239383723E+001  3.269120449145E-010 -6.217817082585E-010  1.048677022832E-009  0.000000000000E+000  2.093614789263E+003
  1.563723500136E+001  1.474532561355E-010 -2.948214987400E-010  6.018600664133E-010  0.000000000000E+000  2.729955885433E+003
  1.605775208607E+001  6.723395376825E-011 -1.065534889079E-010  3.175488857590E-010  0.000000000000E+000  3.546861262921E+003
  1.649476461582E+001  4.468048072217E-011 -9.255526475130E-012  1.438814056348E-010  0.000000000000E+000  4.064443953192E+003
  1.694914638379E+001  5.135126007704E-011  3.113324757271E-011  4.450778496633E-011  0.000000000000E+000  3.880223276734E+003
  1.742182982203E+001  6.876447341146E-011  3.856870168436E-011 -6.343413668654E-012  0.000000000000E+000  3.520348922135E+003
  1.791381078784E+001  8.589452879938E-011  2.939735789731E-011 -2.698106134536E-011  0.000000000000E+000  3.268776680592E+003
  1.842615381215E+001  9.713171652752E-011  1.420394375393E-011 -3.024844159064E-011  0.000000000000E+000  3.137521643118E+003
  1.895999786176E+001  1.005963206406E-010 -7.364328106285E-013 -2.486994160613E-011  0.000000000000E+000  3.101080590298E+003
  1.951656267356E+001  9.675928689492E-011 -1.226466822674E-011 -1.643869326649E-011  0.000000000000E+000  3.141541963585E+003
  2.009715572669E+001  8.735207043914E-011 -1.934213127486E-011 -8.206458978977E-012  0.000000000000E+000  3.250493863678E+003
  2.070317992707E+001  7.455588277556E-011 -2.223543308522E-011 -1.749274464694E-012  0.000000000000E+000  3.426729152510E+003
  2.133614208874E+001  6.045353154794E-011 -2.188030980268E-011  2.469476420295E-012  0.000000000000E+000  3.674795643007E+003
  2.199766230782E+001  4.671352060433E-011 -1.942246407649E-011  4.640479676027E-012  0.000000000000E+000  4.004603768749E+003
  2.268948433818E+001  3.446286740876E-011 -1.592312534727E-011  5.260378551989E-012  0.000000000000E+000  4.431899958930E+003
  2.341348709294E+001  2.429688096204E-011 -1.220509212382E-011  4.893316648980E-012  0.000000000000E+000  4.979551667303E+003
  2.417169741362E+001  1.637305569295E-011 -8.806106158657E-012  4.030962080582E-012  0.000000000000E+000  5.679766805359E+003
  2.496630426925E+001  1.054208344377E-011 -6.003135316128E-012  3.031185370933E-012  0.000000000000E+000  6.577561767592E+003
  2.579967457140E+001  6.479851019930E-012 -3.873720782837E-012  2.111324061673E-012  0.000000000000E+000  7.736040675605E+003
  2.667437081864E+001  3.797360657182E-012 -2.367482288111E-012  1.372521351281E-012  0.000000000000E+000  9.244422857662E+003
  2.759317081651E+001  2.118070247161E-012 -1.369938617495E-012  8.359312168004E-013  0.000000000000E+000  1.123035879685E+004
  2.855908975674E+001  1.122118748104E-012 -7.497225147177E-013  4.777532102611E-013  0.000000000000E+000  1.387908425009E+004
  2.957540498378E+001  5.632644528593E-013 -3.873874957177E-013  2.562507786480E-013  0.000000000000E+000  0.000000000000E+000
  3.064568382919E+001  2.671350343555E-013 -1.885634160563E-013  1.288633771101E-013  0.000000000000E+000  0.000000000000E+000
  3.177381495601E+001  1.193144899245E-013 -8.622484506934E-014  6.064491120314E-014  0.000000000000E+000  0.000000000000E+000
  3.296404372807E+001  5.000539761043E-014 -3.691855561286E-014  2.663989116913E-014  0.000000000000E+000  0.000000000000E+000
  3.422101220608E+001  1.958514682999E-014 -1.474508378837E-014  1.088748531115E-014  0.000000000000E+000  0.000000000000E+000
  3.554980447538E+001  7.135734422820E-015 -5.469643182584E-015  4.123586697514E-015  0.000000000000E+000  0.000000000000E+000
  3.695599813319E+001  2.406242713289E-015 -1.875225153583E-015  1.440757482638E-015  0.000000000000E+000  0.000000000000E+000
  3.844572291106E+001  7.467337559835E-016 -5.909334640755E-016  4.619507576543E-016  0.000000000000E+000  0.000000000000E+000
  4.002572758518E+001  2.119220010840E-016 -1.701112759324E-016  1.351140314346E-016  0.000000000000E+000  0.000000000000E+000
  4.170345654134E+001  5.461600457039E-017 -4.442605392528E-017  3.580814490818E-017  0.000000000000E+000  0.000000000000E+000
  4.348713762001E+001  1.268240710578E-017 -1.044480321865E-017  8.533958506572E-018  0.000000000000E+000  0.000000000000E+000
  4.538588318162E+001  2.621836614931E-018 -2.183005864401E-018  1.804820688441E-018  0.000000000000E+000  0.000000000000E+000
  4.740980671574E+001  4.814792763956E-019 -4.203131705404E-019  3.538302999537E-019  0.000000000000E+000  0.000000000000E+000
  4.957015778746E+001  7.919025264040E-020 -6.448858454386E-020  4.740380909825E-020  0.000000000000E+000  0.000000000000E+000
  5.187947869225E+001  9.743696312882E-021 -8.271782359853E-021  1.122698003662E-020  0.000000000000E+000  0.000000000000E+000
  5.435178690397E+001  1.643727813357E-021 -1.258792387446E-021 -8.541398000345E-023  0.000000000000E+000  0.000000000000E+000
  5.700278828629E+001  2.083959892290E-023 -3.163846097408E-022  2.824296506846E-022  0.000000000000E+000  0.000000000000E+000
  5.985012714155E+001  2.747564160893E-023  0.000000000000E+000  0.000000000000E+000  0.000000000000E+000  0.000000000000E+000
  6.291368055481E+001  0.000000000000E+000  0.000000000000E+000  0.000000000000E+000  0.000000000000E+000  0.000000000000E+000
  6.621590623276E+001  0.000000000000E+000  0.000000000000E+000  0.000000000000E+000  0.000000000000E+000  0.000000000000E+000
  6.978225524452E+001  0.000000000000E+000  0.000000000000E+000  0.000000000000E+000  0.000000000000E+000  0.000000000000E+000
  7.364166388185E+001  0.000000000000E+000  0.000000000000E+000  0.000000000000E+000  0.000000000000E+000  0.000000000000E+000
  7.782714245929E+001  0.000000000000E+000  0.000000000000E+000  0.000000000000E+000  0.000000000000E+000  0.000000000000E+000
  8.237648351994E+001  0.000000000000E+000  0.000000000000E+000  0.000000000000E+000  0.000000000000E+000  0.000000000000E+000
  8.733311794502E+001  0.000000000000E+000  0.000000000000E+000  0.000000000000E+000  0.000000000000E+000  0.000000000000E+000
  9.274715535088E+001  0.000000000000E+000  0.000000000000E+000  0.000000000000E+000  0.000000000000E+000  0.000000000000E+000
  9.867665554529E+001  0.000000000000E+000  0.000000000000E+000  0.000000000000E+000  0.000000000000E+000  0.000000000000E+000
  1.051891916055E+002  0.000000000000E+000  0.000000000000E+000  0.000000000000E+000  0.000000000000E+000  0.000000000000E+000
  1.123637836013E+002  0.000000000000E+000  0.000000000000E+000  0.000000000000E+000  0.000000000000E+000  0.000000000000E+000
  1.202933069206E+002  0.000000000000E+000  0.000000000000E+000  0.000000000000E+000  0.000000000000E+000  0.000000000000E+000
  1.290875131414E+002  0.000000000000E+000  0.000000000000E+000  0.000000000000E+000  0.000000000000E+000  0.000000000000E+000
  1.388768482001E+002  0.000000000000E+000  0.000000000000E+000  0.000000000000E+000  0.000000000000E+000  0.000000000000E+000
  1.498173177370E+002  0.000000000000E+000  0.000000000000E+000  0.000000000000E+000  0.000000000000E+000  0.000000000000E+000
  1.620967411853E+002  0.000000000000E+000  0.000000000000E+000  0.000000000000E+000  0.000000000000E+000  0.000000000000E+000
  1.759428668168E+002  0.000000000000E+000  0.000000000000E+000  0.000000000000E+000  0.000000000000E+000  0.000000000000E+000
  1.916340085825E+002  0.000000000000E+000  0.000000000000E+000  0.000000000000E+000  0.000000000000E+000  0.000000000000E+000
  2.095131417987E+002  0.000000000000E+000  0.000000000000E+000  0.000000000000E+000  0.000000000000E+000  0.000000000000E+000
  2.300068054477E+002  0.000000000000E+000  0.000000000000E+000  0.000000000000E+000  0.000000000000E+000  0.000000000000E+000
  2.536507797910E+002  0.000000000000E+000  0.000000000000E+000  0.000000000000E+000  0.000000000000E+000  0.000000000000E+000
  2.811254638474E+002  0.000000000000E+000  0.000000000000E+000  0.000000000000E+000  0.000000000000E+000  0.000000000000E+000
  3.133053780630E+002  0.000000000000E+000  0.000000000000E+000  0.000000000000E+000  0.000000000000E+000  0.000000000000E+000
  3.513296254502E+002  0.000000000000E+000  0.000000000000E+000  0.000000000000E+000  0.000000000000E+000  0.000000000000E+000
  3.967041014107E+002  0.000000000000E+000  0.000000000000E+000  0.000000000000E+000  0.000000000000E+000  0.000000000000E+000
  4.514529193350E+002  0.000000000000E+000  0.000000000000E+000  0.000000000000E+000  0.000000000000E+000  0.000000000000E+000
  5.183481233601E+002  0.000000000000E+000  0.000000000000E+000  0.000000000000E+000  0.000000000000E+000  0.000000000000E+000
  6.012676077950E+002  0.000000000000E+000  0.000000000000E+000  0.000000000000E+000  0.000000000000E+000  0.000000000000E+000
  7.057700503752E+002  0.000000000000E+000  0.000000000000E+000  0.000000000000E+000  0.000000000000E+000  0.000000000000E+000
  8.400513767914E+002  0.000000000000E+000  0.000000000000E+000  0.000000000000E+000  0.000000000000E+000  0.000000000000E+000
  1.016602135495E+003  0.000000000000E+000  0.000000000000E+000  0.000000000000E+000  0.000000000000E+000  0.000000000000E+000
  1.255220715579E+003  0.000000000000E+000  0.000000000000E+000  0.000000000000E+000  0.000000000000E+000  0.000000000000E+000
  1.588815776243E+003  0.000000000000E+000  0.000000000000E+000  0.000000000000E+000  0.000000000000E+000  0.000000000000E+000
  2.075392011604E+003  0.000000000000E+000  0.000000000000E+000  0.000000000000E+000  0.000000000000E+000  0.000000000000E+000
  2.825079847528E+003  0.000000000000E+000  0.000000000000E+000  0.000000000000E+000  0.000000000000E+000  0.000000000000E+000
  4.068408296183E+003  0.000000000000E+000  0.000000000000E+000  0.000000000000E+000  0.000000000000E+000  0.000000000000E+000
  6.357262947672E+003  0.000000000000E+000  0.000000000000E+000  0.000000000000E+000  0.000000000000E+000  0.000000000000E+000
  1.130231930164E+004  0.000000000000E+000  0.000000000000E+000  0.000000000000E+000  0.000000000000E+000  0.000000000000E+000
  2.543105175136E+004  0.000000000000E+000  0.000000000000E+000  0.000000000000E+000  0.000000000000E+000  0.000000000000E+000
  1.017262069952E+005  0.000000000000E+000  0.000000000000E+000  0.000000000000E+000  0.000000000000E+000  0.000000000000E+000
