# 1st line: number of mesh points
# abcissa wavefunction wavefunction_1st wavefunction_2nd
500
# Principal QN=   2 , l=   0 , Occupation=   2.0000
  9.830308526563E-006  1.015961070039E+001 -8.254879754594E+001  5.818698576305E+002
  3.932200719722E-005  1.015717644915E+001 -8.253163910470E+001  5.817417405597E+002
  8.847741541467E-005  1.015312027547E+001 -8.250304859895E+001  5.815282692840E+002
  1.573003992805E-004  1.014744354649E+001 -8.246303636930E+001  5.812295295313E+002
  2.457963722418E-004  1.014014817531E+001 -8.241161688489E+001  5.808456412504E+002
  3.539722959954E-004  1.013123662015E+001 -8.234880873573E+001  5.803767585405E+002
  4.818366816529E-004  1.012071188318E+001 -8.227463462274E+001  5.798230695605E+002
  6.293995911626E-004  1.010857750917E+001 -8.218912134574E+001  5.791847964188E+002
  7.966726389935E-004  1.009483758384E+001 -8.209229978917E+001  5.784621950426E+002
  9.836689940782E-004  1.007949673203E+001 -8.198420490565E+001  5.776555550282E+002
  1.190403382016E-003  1.006256011550E+001 -8.186487569741E+001  5.767651994705E+002
  1.416892087541E-003  1.004403343065E+001 -8.173435519555E+001  5.757914847739E+002
  1.663152957245E-003  1.002392290584E+001 -8.159269043719E+001  5.747348004429E+002
  1.929205402573E-003  1.000223529856E+001 -8.143993244046E+001  5.735955688540E+002
  2.215070403073E-003  9.978977892363E+000 -8.127613617741E+001  5.723742450075E+002
  2.520770509919E-003  9.954158493462E+000 -8.110136054480E+001  5.710713162615E+002
  2.846329849692E-003  9.927785427209E+000 -8.091566833289E+001  5.696873020455E+002
  3.191774128432E-003  9.899867534266E+000 -8.071912619208E+001  5.682227535568E+002
  3.557130635959E-003  9.870414166557E+000 -8.051180459757E+001  5.666782534371E+002
  3.942428250463E-003  9.839435182996E+000 -8.029377781203E+001  5.650544154318E+002
  4.347697443358E-003  9.806940944974E+000 -8.006512384623E+001  5.633518840304E+002
  4.772970284417E-003  9.772942311632E+000 -7.982592441772E+001  5.615713340898E+002
  5.218280447175E-003  9.737450634897E+000 -7.957626490763E+001  5.597134704393E+002
  5.683663214611E-003  9.700477754304E+000 -7.931623431543E+001  5.577790274689E+002
  6.169155485101E-003  9.662035991595E+000 -7.904592521196E+001  5.557687686999E+002
  6.674795778653E-003  9.622138145103E+000 -7.876543369048E+001  5.536834863395E+002
  7.200624243425E-003  9.580797483924E+000 -7.847485931596E+001  5.515240008178E+002
  7.746682662519E-003  9.538027741878E+000 -7.817430507254E+001  5.492911603096E+002
  8.313014461060E-003  9.493843111259E+000 -7.786387730929E+001  5.469858402398E+002
  8.899664713569E-003  9.448258236392E+000 -7.754368568413E+001  5.446089427736E+002
  9.506680151615E-003  9.401288206980E+000 -7.721384310620E+001  5.421613962908E+002
  1.013410917176E-002  9.352948551263E+000 -7.687446567642E+001  5.396441548457E+002
  1.078200184380E-002  9.303255228972E+000 -7.652567262656E+001  5.370581976130E+002
  1.145040991929E-002  9.252224624115E+000 -7.616758625666E+001  5.344045283182E+002
  1.213938684040E-002  9.199873537556E+000 -7.580033187092E+001  5.316841746553E+002
  1.284898774901E-002  9.146219179428E+000 -7.542403771205E+001  5.288981876910E+002
  1.357926949620E-002  9.091279161367E+000 -7.503883489426E+001  5.260476412552E+002
  1.433029065191E-002  9.035071488569E+000 -7.464485733469E+001  5.231336313198E+002
  1.510211151509E-002  8.977614551682E+000 -7.424224168359E+001  5.201572753646E+002
  1.589479412397E-002  8.918927118538E+000 -7.383112725306E+001  5.171197117321E+002
  1.670840226680E-002  8.859028325721E+000 -7.341165594461E+001  5.140220989703E+002
  1.754300149280E-002  8.797937669984E+000 -7.298397217535E+001  5.108656151650E+002
  1.839865912351E-002  8.735674999513E+000 -7.254822280311E+001  5.076514572621E+002
  1.927544426443E-002  8.672260505054E+000 -7.210455705031E+001  5.043808403787E+002
  2.017342781695E-002  8.607714710888E+000 -7.165312642679E+001  5.010549971061E+002
  2.109268249069E-002  8.542058465684E+000 -7.119408465155E+001  4.976751768029E+002
  2.203328281612E-002  8.475312933215E+000 -7.072758757355E+001  4.942426448797E+002
  2.299530515754E-002  8.407499582950E+000 -7.025379309146E+001  4.907586820760E+002
  2.397882772639E-002  8.338640180526E+000 -6.977286107257E+001  4.872245837294E+002
  2.498393059493E-002  8.268756778113E+000 -6.928495327090E+001  4.836416590375E+002
  2.601069571024E-002  8.197871704658E+000 -6.879023324439E+001  4.800112303137E+002
  2.705920690860E-002  8.126007556036E+000 -6.828886627145E+001  4.763346322366E+002
  2.812954993023E-002  8.053187185099E+000 -6.778101926678E+001  4.726132110939E+002
  2.922181243436E-002  7.979433691629E+000 -6.726686069657E+001  4.688483240218E+002
  3.033608401473E-002  7.904770412215E+000 -6.674656049309E+001  4.650413382389E+002
  3.147245621542E-002  7.829220910034E+000 -6.622028996878E+001  4.611936302776E+002
  3.263102254705E-002  7.752808964570E+000 -6.568822172990E+001  4.573065852107E+002
  3.381187850339E-002  7.675558561251E+000 -6.515052958968E+001  4.533815958758E+002
  3.501512157837E-002  7.597493881036E+000 -6.460738848119E+001  4.494200620980E+002
  3.624085128345E-002  7.518639289928E+000 -6.405897436988E+001  4.454233899093E+002
  3.748916916538E-002  7.439019328446E+000 -6.350546416590E+001  4.413929907683E+002
  3.876017882444E-002  7.358658701045E+000 -6.294703563617E+001  4.373302807784E+002
  4.005398593302E-002  7.277582265497E+000 -6.238386731642E+001  4.332366799063E+002
  4.137069825459E-002  7.195815022239E+000 -6.181613842306E+001  4.291136112004E+002
  4.271042566323E-002  7.113382103683E+000 -6.124402876509E+001  4.249625000113E+002
  4.407328016341E-002  7.030308763515E+000 -6.066771865606E+001  4.207847732123E+002
  4.545937591035E-002  6.946620365971E+000 -6.008738882610E+001  4.165818584235E+002
  4.686882923075E-002  6.862342375096E+000 -5.950322033412E+001  4.123551832380E+002
  4.830175864396E-002  6.777500344011E+000 -5.891539448026E+001  4.081061744508E+002
  4.975828488365E-002  6.692119904167E+000 -5.832409271855E+001  4.038362572927E+002
  5.123853091993E-002  6.606226754615E+000 -5.772949656998E+001  3.995468546674E+002
  5.274262198188E-002  6.519846651280E+000 -5.713178753587E+001  3.952393863941E+002
  5.427068558066E-002  6.433005396265E+000 -5.653114701178E+001  3.909152684557E+002
  5.582285153302E-002  6.345728827164E+000 -5.592775620186E+001  3.865759122524E+002
  5.739925198530E-002  6.258042806418E+000 -5.532179603378E+001  3.822227238622E+002
  5.900002143803E-002  6.169973210698E+000 -5.471344707425E+001  3.778571033088E+002
  6.062529677088E-002  6.081545920337E+000 -5.410288944528E+001  3.734804438367E+002
  6.227521726827E-002  5.992786808798E+000 -5.349030274109E+001  3.690941311943E+002
  6.394992464542E-002  5.903721732211E+000 -5.287586594584E+001  3.646995429261E+002
  6.564956307496E-002  5.814376518948E+000 -5.225975735218E+001  3.602980476739E+002
  6.737427921404E-002  5.724776959284E+000 -5.164215448071E+001  3.558910044880E+002
  6.912422223211E-002  5.634948795108E+000 -5.102323400032E+001  3.514797621478E+002
  7.089954383907E-002  5.544917709722E+000 -5.040317164964E+001  3.470656584941E+002
  7.270039831418E-002  5.454709317716E+000 -4.978214215939E+001  3.426500197720E+002
  7.452694253540E-002  5.364349154925E+000 -4.916031917595E+001  3.382341599855E+002
  7.637933600943E-002  5.273862668482E+000 -4.853787518596E+001  3.338193802648E+002
  7.825774090225E-002  5.183275206967E+000 -4.791498144223E+001  3.294069682452E+002
  8.016232207035E-002  5.092612010651E+000 -4.729180789077E+001  3.249981974604E+002
  8.209324709253E-002  5.001898201854E+000 -4.666852309922E+001  3.205943267479E+002
  8.405068630235E-002  4.911158775407E+000 -4.604529418649E+001  3.161965996695E+002
  8.603481282122E-002  4.820418589234E+000 -4.542228675391E+001  3.118062439457E+002
  8.804580259214E-002  4.729702355053E+000 -4.479966481768E+001  3.074244709044E+002
  9.008383441408E-002  4.639034629200E+000 -4.417759074283E+001  3.030524749459E+002
  9.214908997710E-002  4.548439803583E+000 -4.355622517870E+001  2.986914330226E+002
  9.424175389809E-002  4.457942096774E+000 -4.293572699593E+001  2.943425041345E+002
  9.636201375725E-002  4.367565545231E+000 -4.231625322504E+001  2.900068288418E+002
  9.851006013526E-002  4.277333994668E+000 -4.169795899659E+001  2.856855287933E+002
  1.006860866512E-001  4.187271091567E+000 -4.108099748305E+001  2.813797062723E+002
  1.028902900012E-001  4.097400274843E+000 -4.046551984234E+001  2.770904437594E+002
  1.051228699979E-001  4.007744767657E+000 -3.985167516301E+001  2.728188035131E+002
  1.073840296104E-001  3.918327569392E+000 -3.923961041126E+001  2.685658271682E+002
  1.096739750056E-001  3.829171447785E+000 -3.862947037970E+001  2.643325353521E+002
  1.119929155896E-001  3.740298931223E+000 -3.802139763788E+001  2.601199273196E+002
  1.143410640503E-001  3.651732301207E+000 -3.741553248467E+001  2.559289806064E+002
  1.167186364011E-001  3.563493584983E+000 -3.681201290255E+001  2.517606507010E+002
  1.191258520249E-001  3.475604548346E+000 -3.621097451362E+001  2.476158707363E+002
  1.215629337189E-001  3.388086688621E+000 -3.561255053767E+001  2.434955511991E+002
  1.240301077413E-001  3.300961227820E+000 -3.501687175206E+001  2.394005796606E+002
  1.265276038575E-001  3.214249105972E+000 -3.442406645354E+001  2.353318205245E+002
  1.290556553882E-001  3.127970974648E+000 -3.383426042204E+001  2.312901147965E+002
  1.316144992580E-001  3.042147190658E+000 -3.324757688638E+001  2.272762798717E+002
  1.342043760450E-001  2.956797809939E+000 -3.266413649198E+001  2.232911093432E+002
  1.368255300316E-001  2.871942581627E+000 -3.208405727050E+001  2.193353728295E+002
  1.394782092560E-001  2.787600942319E+000 -3.150745461149E+001  2.154098158223E+002
  1.421626655646E-001  2.703792010526E+000 -3.093444123603E+001  2.115151595537E+002
  1.448791546661E-001  2.620534581316E+000 -3.036512717232E+001  2.076521008839E+002
  1.476279361856E-001  2.537847121145E+000 -2.979961973330E+001  2.038213122078E+002
  1.504092737207E-001  2.455747762886E+000 -2.923802349621E+001  2.000234413822E+002
  1.532234348983E-001  2.374254301049E+000 -2.868044028420E+001  1.962591116721E+002
  1.560706914324E-001  2.293384187193E+000 -2.812696914984E+001  1.925289217170E+002
  1.589513191834E-001  2.213154525533E+000 -2.757770636065E+001  1.888334455166E+002
  1.618655982178E-001  2.133582068741E+000 -2.703274538657E+001  1.851732324357E+002
  1.648138128702E-001  2.054683213940E+000 -2.649217688942E+001  1.815488072286E+002
  1.677962518056E-001  1.976473998891E+000 -2.595608871420E+001  1.779606700818E+002
  1.708132080832E-001  1.898970098376E+000 -2.542456588243E+001  1.744092966770E+002
  1.738649792215E-001  1.822186820766E+000 -2.489769058730E+001  1.708951382711E+002
  1.769518672648E-001  1.746139104790E+000 -2.437554219073E+001  1.674186217955E+002
  1.800741788507E-001  1.670841516487E+000 -2.385819722235E+001  1.639801499736E+002
  1.832322252791E-001  1.596308246350E+000 -2.334572938019E+001  1.605801014553E+002
  1.864263225826E-001  1.522553106659E+000 -2.283820953331E+001  1.572188309703E+002
  1.896567915983E-001  1.449589529003E+000 -2.233570572616E+001  1.538966694974E+002
  1.929239580409E-001  1.377430561977E+000 -2.183828318468E+001  1.506139244515E+002
  1.962281525771E-001  1.306088869076E+000 -2.134600432417E+001  1.473708798868E+002
  1.995697109023E-001  1.235576726765E+000 -2.085892875880E+001  1.441677967163E+002
  2.029489738173E-001  1.165906022723E+000 -2.037711331285E+001  1.410049129468E+002
  2.063662873085E-001  1.097088254272E+000 -1.990061203348E+001  1.378824439297E+002
  2.098220026275E-001  1.029134526982E+000 -1.942947620518E+001  1.348005826261E+002
  2.133164763746E-001  9.620555534435E-001 -1.896375436574E+001  1.317594998868E+002
  2.168500705817E-001  8.958616522123E-001 -1.850349232364E+001  1.287593447463E+002
  2.204231527988E-001  8.305627469262E-001 -1.804873317705E+001  1.258002447304E+002
  2.240360961807E-001  7.661683655822E-001 -1.759951733412E+001  1.228823061759E+002
  2.276892795770E-001  7.026876399792E-001 -1.715588253478E+001  1.200056145645E+002
  2.313830876220E-001  6.401293053195E-001 -1.671786387369E+001  1.171702348669E+002
  2.351179108282E-001  5.785016999677E-001 -1.628549382467E+001  1.143762118998E+002
  2.388941456809E-001  5.178127653631E-001 -1.585880226625E+001  1.116235706929E+002
  2.427121947345E-001  4.580700460834E-001 -1.543781650838E+001  1.089123168664E+002
  2.465724667110E-001  3.992806900560E-001 -1.502256132042E+001  1.062424370189E+002
  2.504753766009E-001  3.414514489145E-001 -1.461305896007E+001  1.036138991235E+002
  2.544213457654E-001  2.845886784960E-001 -1.420932920339E+001  1.010266529332E+002
  2.584108020414E-001  2.286983394776E-001 -1.381138937584E+001  9.848063039421E+001
  2.624441798480E-001  1.737859981473E-001 -1.341925438419E+001  9.597574606637E+001
  2.665219202956E-001  1.198568273079E-001 -1.303293674936E+001  9.351189755070E+001
  2.706444712976E-001  6.691560730826E-002 -1.265244664002E+001  9.108896592293E+001
  2.748122876832E-001  1.496672720140E-002 -1.227779190708E+001  8.870681617263E+001
  2.790258313137E-001 -3.598581397576E-002 -1.190897811874E+001  8.636529764735E+001
  2.832855712010E-001 -8.593840580329E-002 -1.154600859634E+001  8.406424450096E+001
  2.875919836279E-001 -1.348878249630E-001 -1.118888445075E+001  8.180347614578E+001
  2.919455522717E-001 -1.828312336104E-001 -1.083760461934E+001  7.958279770774E+001
  2.963467683296E-001 -2.297661776364E-001 -1.049216590346E+001  7.740200048400E+001
  3.007961306479E-001 -2.756905848221E-001 -1.015256300637E+001  7.526086240238E+001
  3.052941458522E-001 -3.206027628897E-001 -9.818788571545E+000  7.315914848207E+001
  3.098413284823E-001 -3.645013974519E-001 -9.490833221364E+000  7.109661129488E+001
  3.144382011281E-001 -4.073855498624E-001 -9.168685596094E+000  6.907299142653E+001
  3.190852945695E-001 -4.492546549712E-001 -8.852332393105E+000  6.708801793735E+001
  3.237831479192E-001 -4.901085187855E-001 -8.541758406294E+000  6.514140882181E+001
  3.285323087679E-001 -5.299473160405E-001 -8.236946565664E+000  6.323287146630E+001
  3.333333333333E-001 -5.687715876803E-001 -7.937877977006E+000  6.136210310459E+001
  3.381867866117E-001 -6.065822382534E-001 -7.644531961641E+000  5.952879127039E+001
  3.430932425333E-001 -6.433805332223E-001 -7.356886096179E+000  5.773261424655E+001
  3.480532841203E-001 -6.791680961916E-001 -7.074916252245E+000  5.597324151030E+001
  3.530675036492E-001 -7.139469060540E-001 -6.798596636150E+000  5.425033417401E+001
  3.581365028158E-001 -7.477192940571E-001 -6.527899828441E+000  5.256354542106E+001
  3.632608929041E-001 -7.804879407930E-001 -6.262796823311E+000  5.091252093621E+001
  3.684412949588E-001 -8.122558731095E-001 -6.003257067830E+000  4.929689933019E+001
  3.736783399619E-001 -8.430264609468E-001 -5.749248500955E+000  4.771631255783E+001
  3.789726690123E-001 -8.728034140989E-001 -5.500737592292E+000  4.617038632958E+001
  3.843249335105E-001 -9.015907789009E-001 -5.257689380587E+000  4.465874051576E+001
  3.897357953460E-001 -9.293929348426E-001 -5.020067511895E+000  4.318098954338E+001
  3.952059270903E-001 -9.562145911091E-001 -4.787834277431E+000  4.173674278501E+001
  4.007360121927E-001 -9.820607830485E-001 -4.560950651056E+000  4.032560493948E+001
  4.063267451812E-001 -1.006936868566E+000 -4.339376326380E+000  3.894717640400E+001
  4.119788318683E-001 -1.030848524446E+000 -4.123069753473E+000  3.760105363751E+001
  4.176929895600E-001 -1.053801742599E+000 -3.911988175156E+000  3.628682951497E+001
  4.234699472710E-001 -1.075802826236E+000 -3.706087662861E+000  3.500409367229E+001
  4.293104459435E-001 -1.096858385968E+000 -3.505323152044E+000  3.375243284175E+001
  4.352152386716E-001 -1.116975335831E+000 -3.309648477143E+000  3.253143117778E+001
  4.411850909306E-001 -1.136160889228E+000 -3.119016406078E+000  3.134067057280E+001
  4.472207808110E-001 -1.154422554806E+000 -2.933378674270E+000  3.017973096312E+001
  4.533230992589E-001 -1.171768132240E+000 -2.752686018202E+000  2.904819062472E+001
  4.594928503202E-001 -1.188205707945E+000 -2.576888208485E+000  2.794562645885E+001
  4.657308513924E-001 -1.203743650707E+000 -2.405934082472E+000  2.687161426742E+001
  4.720379334802E-001 -1.218390607220E+000 -2.239771576380E+000  2.582572901815E+001
  4.784149414579E-001 -1.232155497552E+000 -2.078347756963E+000  2.480754509940E+001
  4.848627343381E-001 -1.245047510511E+000 -1.921608852712E+000  2.381663656486E+001
  4.913821855461E-001 -1.257076098927E+000 -1.769500284612E+000  2.285257736800E+001
  4.979741832006E-001 -1.268250974841E+000 -1.621966696463E+000  2.191494158644E+001
  5.046396304008E-001 -1.278582104602E+000 -1.478951984762E+000  2.100330363637E+001
  5.113794455212E-001 -1.288079703866E+000 -1.340399328191E+000  2.011723847695E+001
  5.181945625116E-001 -1.296754232493E+000 -1.206251216695E+000  1.925632180519E+001
  5.250859312060E-001 -1.304616389353E+000 -1.076449480187E+000  1.842013024107E+001
  5.320545176366E-001 -1.311677107018E+000 -9.509353169031E-001  1.760824150342E+001
  5.391013043575E-001 -1.317947546355E+000 -8.296493214092E-001  1.682023457662E+001
  5.462272907741E-001 -1.323439091010E+000 -7.125315122982E-001  1.605568986831E+001
  5.534334934816E-001 -1.328163341783E+000 -5.995213595951E-001  1.531418935850E+001
  5.607209466109E-001 -1.332132110888E+000 -4.905578118933E-001  1.459531674022E+001
  5.680907021827E-001 -1.335357416099E+000 -3.855793232473E-001  1.389865755205E+001
  5.755438304707E-001 -1.337851474787E+000 -2.845238798487E-001  1.322379930283E+001
  5.830814203728E-001 -1.339626697827E+000 -1.873290265097E-001  1.257033158880E+001
  5.907045797917E-001 -1.340695683397E+000 -9.393189298231E-002  1.193784620363E+001
  5.984144360243E-001 -1.341071210646E+000 -4.269220138434E-003  1.132593724142E+001
  6.062121361613E-001 -1.340766233247E+000  8.172261396170E-002  1.073420119338E+001
  6.140988474955E-001 -1.339793872818E+000  1.641075680862E-001  1.016223703811E+001
  6.220757579409E-001 -1.338167412227E+000  2.429499119069E-001  9.609646326230E+000
  6.301440764614E-001 -1.335900288766E+000  3.183142001078E-001  9.076033259445E+000
  6.383050335109E-001 -1.333006087196E+000  3.902652465011E-001  8.561004764538E+000
  6.465598814833E-001 -1.329498532674E+000  4.588680981255E-001  8.064170562624E+000
  6.549098951744E-001 -1.325391483546E+000  5.241880093046E-001  7.585143234025E+000
  6.633563722545E-001 -1.320698924015E+000  5.862904156408E-001  7.123538279136E+000
  6.719006337539E-001 -1.315434956692E+000  6.452409079253E-001  6.678974175636E+000
  6.805440245593E-001 -1.309613795009E+000  7.011052059420E-001  6.251072432404E+000
  6.892879139233E-001 -1.303249755522E+000  7.539491321484E-001  5.839457640484E+000
  6.981336959871E-001 -1.296357250083E+000  8.038385852162E-001  5.443757521442E+000
  7.070827903152E-001 -1.288950777903E+000  8.508395134151E-001  5.063602973452E+000
  7.161366424455E-001 -1.281044917488E+000  8.950178878290E-001  4.698628115421E+000
  7.252967244510E-001 -1.272654318471E+000  9.364396753904E-001  4.348470329479E+000
  7.345645355186E-001 -1.263793693331E+000  9.751708117274E-001  4.012770302112E+000
  7.439416025400E-001 -1.254477809001E+000  1.011277173813E+000  3.691172064241E+000
  7.534294807203E-001 -1.244721478386E+000  1.044824552413E+000  3.383323030503E+000
  7.630297542000E-001 -1.234539551769E+000  1.075878624336E+000  3.088874037982E+000
  7.727440366954E-001 -1.223946908141E+000  1.104504924474E+000  2.807479384638E+000
  7.825739721536E-001 -1.212958446435E+000  1.130768817648E+000  2.538796867638E+000
  7.925212354258E-001 -1.201589076679E+000  1.154735470258E+000  2.282487821793E+000
  8.025875329584E-001 -1.189853711085E+000  1.176469821753E+000  2.038217158279E+000
  8.127746035011E-001 -1.177767255065E+000  1.196036555913E+000  1.805653403790E+000
  8.230842188350E-001 -1.165344598188E+000  1.213500071987E+000  1.584468740281E+000
  8.335181845190E-001 -1.152600605090E+000  1.228924455670E+000  1.374339045396E+000
  8.440783406568E-001 -1.139550106339E+000  1.242373449966E+000  1.174943933693E+000
  8.547665626839E-001 -1.126207889269E+000  1.253910425940E+000  9.859667987236E-001
  8.655847621758E-001 -1.112588688787E+000  1.263598353392E+000  8.070948560452E-001
  8.765348876780E-001 -1.098707178168E+000  1.271499771476E+000  6.380191871715E-001
  8.876189255584E-001 -1.084577959845E+000  1.277676759299E+000  4.784347844902E-001
  8.988389008829E-001 -1.070215556207E+000  1.282190906520E+000  3.280405971318E-001
  9.101968783143E-001 -1.055634400406E+000  1.285103283999E+000  1.865395777618E-001
  9.216949630368E-001 -1.040848827209E+000  1.286474414520E+000  5.363873024666E-002
  9.333353017046E-001 -1.025873063868E+000  1.286364243629E+000 -7.095084187460E-002
  9.451200834176E-001 -1.010721221063E+000  1.284832110631E+000 -1.875138861985E-001
  9.570515407237E-001 -9.954072838922E-001  1.281936719787E+000 -2.963309516502E-001
  9.691319506484E-001 -9.799451029473E-001  1.277736111756E+000 -3.976783381807E-001
  9.813636357544E-001 -9.643483854758E-001  1.272287635319E+000 -4.918280461054E-001
  9.937489652293E-001 -9.486306866434E-001  1.265647919448E+000 -5.790477252335E-001
  1.006290356005E+000 -9.328054009117E-001  1.257872845758E+000 -6.596006239532E-001
  1.018990273907E+000 -9.168857535432E-001  1.249017521389E+000 -7.337455384491E-001
  1.031851234841E+000 -9.008847922470E-001  1.239136252378E+000 -8.017367622385E-001
  1.044875806003E+000 -8.848153789780E-001  1.228282517567E+000 -8.638240362248E-001
  1.058066607138E+000 -8.686901819036E-001  1.216508943098E+000 -9.202524994737E-001
  1.071426311823E+000 -8.525216675504E-001  1.203867277546E+000 -9.712626409248E-001
  1.084957648792E+000 -8.363220931439E-001  1.190408367751E+000 -1.017090252258E+000
  1.098663403298E+000 -8.201034991547E-001  1.176182135388E+000 -1.057966382137E+000
  1.112546418516E+000 -8.038777020647E-001  1.161237554338E+000 -1.094117292058E+000
  1.126609596985E+000 -7.876562873641E-001  1.145622628906E+000 -1.125764414034E+000
  1.140855902095E+000 -7.714506027933E-001  1.129384372937E+000 -1.153124310335E+000
  1.155288359613E+000 -7.552717518416E-001  1.112568789884E+000 -1.176408635519E+000
  1.169910059257E+000 -7.391305875141E-001  1.095220853868E+000 -1.195824100986E+000
  1.184724156317E+000 -7.230377063783E-001  1.077384491790E+000 -1.211572442260E+000
  1.199733873325E+000 -7.070034429025E-001  1.059102566531E+000 -1.223850389226E+000
  1.214942501771E+000 -6.910378640949E-001  1.040416861283E+000 -1.232849639547E+000
  1.230353403874E+000 -6.751507644551E-001  1.021368065065E+000 -1.238756835434E+000
  1.245970014403E+000 -6.593516612474E-001  1.001995759456E+000 -1.241753544001E+000
  1.261795842559E+000 -6.436497901034E-001  9.823384065733E-001 -1.242016241367E+000
  1.277834473907E+000 -6.280541009644E-001  9.624333383585E-001 -1.239716300698E+000
  1.294089572372E+000 -6.125732543698E-001  9.423167471735E-001 -1.235019984341E+000
  1.310564882294E+000 -5.972156180991E-001  9.220236777572E-001 -1.228088440227E+000
  1.327264230548E+000 -5.819892641740E-001  9.015880205605E-001 -1.219077702662E+000
  1.344191528724E+000 -5.669019662246E-001  8.810425064864E-001 -1.208138697651E+000
  1.361350775387E+000 -5.519611972268E-001  8.604187030543E-001 -1.195417252864E+000
  1.378746058390E+000 -5.371741276120E-001  8.397470120055E-001 -1.181054112343E+000
  1.396381557275E+000 -5.225476237535E-001  8.190566683634E-001 -1.165184956046E+000
  1.414261545744E+000 -5.080882468319E-001  7.983757409587E-001 -1.147940424285E+000
  1.432390394201E+000 -4.938022520785E-001  7.777311344228E-001 -1.129446147124E+000
  1.450772572390E+000 -4.796955883984E-001  7.571485926537E-001 -1.109822778761E+000
  1.469412652102E+000 -4.657738983725E-001  7.366527037501E-001 -1.089186036939E+000
  1.488315309978E+000 -4.520425186344E-001  7.162669064081E-001 -1.067646747366E+000
  1.507485330398E+000 -4.385064806209E-001  6.960134977682E-001 -1.045310893150E+000
  1.526927608467E+000 -4.251705116921E-001  6.759136426995E-001 -1.022279669206E+000
  1.546647153093E+000 -4.120390366138E-001  6.559873844995E-001 -9.986495416069E-001
  1.566649090169E+000 -3.991161793992E-001  6.362536569860E-001 -9.745123117945E-001
  1.586938665861E+000 -3.864057654996E-001  6.167302979540E-001 -9.499551855868E-001
  1.607521250000E+000 -3.739113243379E-001  5.974340639623E-001 -9.250608468742E-001
  1.628402339588E+000 -3.616360921755E-001  5.783806464154E-001 -8.999075358939E-001
  1.649587562420E+000 -3.495830153004E-001  5.595846888962E-001 -8.745691319501E-001
  1.671082680832E+000 -3.377547535285E-001  5.410598057066E-001 -8.491152404317E-001
  1.692893595565E+000 -3.261536840032E-001  5.228186015628E-001 -8.236112839625E-001
  1.715026349769E+000 -3.147819052826E-001  5.048726923944E-001 -7.981185975037E-001
  1.737487133138E+000 -3.036412416984E-001  4.872327271857E-001 -7.726945272107E-001
  1.760282286187E+000 -2.927332479741E-001  4.699084108003E-001 -7.473925328344E-001
  1.783418304674E+000 -2.820592140866E-001  4.529085277215E-001 -7.222622934370E-001
  1.806901844175E+000 -2.716201703546E-001  4.362409666399E-001 -6.973498161847E-001
  1.830739724818E+000 -2.614168927393E-001  4.199127458168E-001 -6.726975479591E-001
  1.854938936184E+000 -2.514499083394E-001  4.039300391471E-001 -6.483444895226E-001
  1.879506642368E+000 -2.417195010638E-001  3.882982028454E-001 -6.243263119557E-001
  1.904450187236E+000 -2.322257174653E-001  3.730218026745E-001 -6.006754750774E-001
  1.929777099847E+000 -2.229683727174E-001  3.581046416346E-001 -5.774213475462E-001
  1.955495100083E+000 -2.139470567172E-001  3.435497880312E-001 -5.545903283329E-001
  1.981612104475E+000 -2.051611402975E-001  3.293596038354E-001 -5.322059692472E-001
  2.008136232230E+000 -1.966097815299E-001  3.155357732535E-001 -5.102890981941E-001
  2.035075811486E+000 -1.882919321048E-001  3.020793314202E-001 -4.888579428322E-001
  2.062439385788E+000 -1.802063437693E-001  2.889906931302E-001 -4.679282542991E-001
  2.090235720801E+000 -1.723515748102E-001  2.762696815255E-001 -4.475134306741E-001
  2.118473811262E+000 -1.647259965653E-001  2.639155566552E-001 -4.276246398398E-001
  2.147162888201E+000 -1.573277999509E-001  2.519270438272E-001 -4.082709414142E-001
  2.176312426413E+000 -1.501550019906E-001  2.403023616747E-001 -3.894594074231E-001
  2.205932152222E+000 -1.432054523363E-001  2.290392498616E-001 -3.711952413918E-001
  2.236032051522E+000 -1.364768397683E-001  2.181349963557E-001 -3.534818955398E-001
  2.266622378129E+000 -1.299666986665E-001  2.075864642028E-001 -3.363211857768E-001
  2.297713662445E+000 -1.236724154444E-001  1.973901177383E-001 -3.197134042046E-001
  2.329316720450E+000 -1.175912349395E-001  1.875420481793E-001 -3.036574288489E-001
  2.361442663038E+000 -1.117202667551E-001  1.780379985447E-001 -2.881508303573E-001
  2.394102905709E+000 -1.060564915499E-001  1.688733878572E-001 -2.731899754214E-001
  2.427309178642E+000 -1.005967672726E-001  1.600433345886E-001 -2.587701266970E-001
  2.461073537146E+000 -9.533783534309E-002  1.515426793136E-001 -2.448855390233E-001
  2.495408372530E+000 -9.027632677903E-002  1.433660065469E-001 -2.315295517613E-001
  2.530326423398E+000 -8.540876827140E-002  1.355076657450E-001 -2.186946770988E-001
  2.565840787378E+000 -8.073158821290E-002  1.279617914602E-001 -2.063726841977E-001
  2.601964933334E+000 -7.624112268413E-002  1.207223226430E-001 -1.945546790813E-001
  2.638712714049E+000 -7.193362140388E-002  1.137830210942E-001 -1.832311801961E-001
  2.676098379430E+000 -6.780525365091E-002  1.071374890795E-001 -1.723921896032E-001
  2.714136590232E+000 -6.385211416549E-002  1.007791861201E-001 -1.620272597908E-001
  2.752842432351E+000 -6.007022903941E-002  9.470144498501E-002 -1.521255561234E-001
  2.792231431696E+000 -5.645556160397E-002  8.889748691377E-002 -1.426759149763E-001
  2.832319569669E+000 -5.300401832527E-002  8.336043610474E-002 -1.336668976307E-001
  2.873123299289E+000 -4.971145471645E-002  7.808333350984E-002 -1.250868400308E-001
  2.914659561979E+000 -4.657368127603E-002  7.305914998012E-002 -1.169238985335E-001
  2.956945805065E+000 -4.358646946095E-002  6.828079881093E-002 -1.091660918024E-001
  3.000000000000E+000 -4.074555770205E-002  6.374114773795E-002 -1.018013390230E-001
  3.043840661365E+000 -3.804665746871E-002  5.943303043760E-002 -9.481749463247E-002
  3.088486866678E+000 -3.548545938774E-002  5.534925758610E-002 -8.820237977896E-002
  3.133958277047E+000 -3.305763941989E-002  5.148262753199E-002 -8.194381073574E-002
  3.180275158719E+000 -3.075886509574E-002  4.782593663555E-002 -7.602962450989E-002
  3.227458405560E+000 -2.858480180980E-002  4.437198932702E-002 -7.044770189159E-002
  3.275529562509E+000 -2.653111917001E-002  4.111360793257E-002 -6.518598819534E-002
  3.324510850077E+000 -2.459349739632E-002  3.804364231285E-002 -6.023251194551E-002
  3.374425189910E+000 -2.276763375999E-002  3.515497935469E-002 -5.557540175627E-002
  3.425296231502E+000 -2.104924905155E-002  3.244055235039E-002 -5.120290164989E-002
  3.477148380094E+000 -1.943409406296E-002  2.989335029286E-002 -4.710338504843E-002
  3.530006825834E+000 -1.791795606595E-002  2.750642710788E-002 -4.326536766097E-002
  3.583897574256E+000 -1.649666526572E-002  2.527291083678E-002 -3.967751947321E-002
  3.638847478148E+000 -1.516610120620E-002  2.318601277506E-002 -3.632867602770E-002
  3.694884270887E+000 -1.392219910008E-002  2.123903656383E-002 -3.320784916244E-002
  3.752036601308E+000 -1.276095605446E-002  1.942538722259E-002 -3.030423735230E-002
  3.810334070199E+000 -1.167843716029E-002  1.773858010332E-002 -2.760723577367E-002
  3.869807268505E+000 -1.067078141218E-002  1.617224973749E-002 -2.510644618662E-002
  3.930487817331E+000 -9.734207423054E-003  1.472015853976E-002 -2.279168670288E-002
  3.992408409843E+000 -8.865018897376E-003  1.337620532484E-002 -2.065300148096E-002
  4.055602855172E+000 -8.059609825818E-003  1.213443358719E-002 -1.868067036392E-002
  4.120106124432E+000 -7.314469364123E-003  1.098903948780E-002 -1.686521844974E-002
  4.185954398964E+000 -6.626186359527E-003  9.934379487181E-003 -1.519742556045E-002
  4.253185120935E+000 -5.991453489150E-003  8.964977560729E-003 -1.366833555415E-002
  4.321837046422E+000 -5.407070976582E-003  8.075531930131E-003 -1.226926540433E-002
  4.391950301120E+000 -4.869949855309E-003  7.260921243771E-003 -1.099181395408E-002
  4.463566438835E+000 -4.377114750752E-003  6.516210139930E-003 -9.827870239175E-003
  4.536728502895E+000 -3.925706156402E-003  5.836654128743E-003 -8.769621263363E-003
  4.611481090679E+000 -3.512982183917E-003  5.217703732692E-003 -7.809559102891E-003
  4.687870421430E+000 -3.136319771941E-003  4.655007830711E-003 -6.940487214263E-003
  4.765944407533E+000 -2.793215343860E-003  4.144416157769E-003 -6.155525820216E-003
  4.845752729492E+000 -2.481284910560E-003  3.681980919895E-003 -5.448116253751E-003
  4.927346914797E+000 -2.198263620454E-003  3.263957494019E-003 -4.812024148541E-003
  5.010780420931E+000 -1.942004765528E-003  2.886804192473E-003 -4.241341375982E-003
  5.096108722763E+000 -1.710478258717E-003  2.547181083340E-003 -3.730486644376E-003
  5.183389404586E+000 -1.501768604534E-003  2.241947869943E-003 -3.274204693656E-003
  5.272682257105E+000 -1.314072391375E-003  1.968160845232E-003 -2.867564039460E-003
  5.364049379651E+000 -1.145695340112E-003  1.723068949566E-003 -2.505953242530E-003
  5.457555287978E+000 -9.950489494748E-004  1.504108972988E-003 -2.185075702969E-003
  5.553267027968E+000 -8.606467839710E-004  1.308899955355E-003 -1.900943003112E-003
  5.651254295630E+000 -7.411004547936E-004  1.135236849331E-003 -1.649866847145E-003
  5.751589563796E+000 -6.351153479692E-004  9.810835219475E-004 -1.428449669463E-003
  5.854348215936E+000 -5.414861569723E-004  8.445651799646E-004 -1.233574006532E-003
  5.959608687557E+000 -4.590922789502E-004  7.239603123987E-004 -1.062390748097E-003
  6.067452615683E+000 -3.868931345446E-004  6.176922500276E-004 -9.123064024704E-004
  6.177964996951E+000 -3.239234709770E-004  5.243204463335E-004 -7.809695268007E-004
  6.291234354880E+000 -2.692887065444E-004  4.425315869976E-004 -6.662564862942E-004
  6.407352916949E+000 -2.221603719529E-004  3.711306356272E-004 -5.662567160024E-004
  6.526416802128E+000 -1.817717000009E-004  3.090319218231E-004 -4.792576646989E-004
  6.648526219580E+000 -1.474134100714E-004  2.552503739600E-004 -4.037296024681E-004
  6.773785679311E+000 -1.184297277905E-004  2.088929932215E-004 -3.383104718023E-004
  6.902304215570E+000 -9.421467315875E-005  1.691506575851E-004 -2.817909563274E-004
  7.034195623922E+000 -7.420864263087E-005  1.352903347687E-004 -2.330999318934E-004
  7.169578712934E+000 -5.789530217116E-005  1.066477718226E-004 -1.912904519135E-004
  7.308577571516E+000 -4.479879946700E-005  8.262071635736E-005 -1.555264028607E-004
  7.451321853057E+000 -3.448129446531E-005  6.266271063440E-005 -1.250699471552E-004
  7.597947077547E+000 -2.654079846351E-005  4.627748526844E-005 -9.926984979399E-005
  7.748594953021E+000 -2.060930339947E-005  3.301396448028E-005 -7.755076256168E-005
  7.903413717736E+000 -1.635117501512E-005  2.246188009337E-005 -5.940351611695E-005
  8.062558504629E+000 -1.346177648182E-005  1.424797720928E-005 -4.437644632799E-005
  8.226191729726E+000 -1.166628312655E-005  8.032781137347E-006 -3.206775759250E-005
  8.394483506327E+000 -1.071864431846E-005  3.507883093562E-006 -2.211890317935E-005
  8.567612086926E+000 -1.040064556181E-005  3.936917964159E-007 -1.420894150851E-005
  8.745764335025E+000 -1.052102255071E-005 -1.562410297871E-006 -8.049808333447E-006
  8.929136229160E+000 -1.091457947332E-005 -2.587573488959E-006 -3.382428533518E-006
  9.117933401693E+000 -1.144126624890E-005 -2.884721056762E-006  2.642189217731E-008
  9.312371715124E+000 -1.198517361140E-005 -2.633595255878E-006  2.386602673829E-006
  9.512677878945E+000 -1.245341091479E-005 -1.991679533152E-006  3.886549937702E-006
  9.719090110332E+000 -1.277483905060E-005 -1.095063283002E-006  4.694777799123E-006
  9.931858842267E+000 -1.289863968380E-005 -5.930893801286E-008  4.961046372535E-006
  1.015124748302E+001 -1.279271180760E-005  1.019627430190E-006  4.817296509107E-006
  1.037753323129E+001 -1.244189700779E-005  2.064381184869E-006  4.378443156568E-006
  1.061100795175E+001 -1.184604538302E-005  3.015040705861E-006  3.743108041621E-006
  1.085197911611E+001 -1.101794432727E-005  3.827868731646E-006  2.994358972970E-006
  1.110077081537E+001 -9.981141871577E-006  4.473879345460E-006  2.200508113486E-006
  1.135772484956E+001 -8.767704543424E-006  4.937278751671E-006  1.416005795990E-006
  1.162320190175E+001 -7.415956307184E-006  5.213789312139E-006  6.824506085055E-007
  1.189758280382E+001 -5.968249731270E-006  5.308886164787E-006  2.972129230220E-008
  1.218126990242E+001 -4.468822803454E-006  5.235983664514E-006 -5.227778282435E-007
  1.247468853413E+001 -2.961794603400E-006  5.014614502329E-006 -9.647780245267E-007
  1.277828862002E+001 -1.489350278352E-006  4.668647423115E-006 -1.293743500142E-006
  1.309254639077E+001 -9.016051985125E-008  4.224589863194E-006 -1.513441051475E-006
  1.341796625462E+001  1.201926796202E-006  3.710019598575E-006 -1.632521874034E-006
  1.375508282195E+001  2.358894642377E-006  3.152184812253E-006 -1.663156031382E-006
  1.410446310162E+001  3.359247404602E-006  2.576805170309E-006 -1.619758014998E-006
  1.446670888596E+001  4.188378852993E-006  2.007097976646E-006 -1.517837285050E-006
  1.484245934302E+001  4.838624799748E-006  1.463043782434E-006 -1.373001160338E-006
  1.523239383723E+001  5.309019891529E-006  9.608955451453E-007 -1.200129484244E-006
  1.563723500136E+001  5.604789276815E-006  5.129251715093E-007 -1.012731751775E-006
  1.605775208607E+001  5.736615714607E-006  1.273916296133E-007 -8.224884706652E-007
  1.649476461582E+001  5.719730528485E-006 -1.912936864518E-007 -6.389700432656E-007
  1.694914638379E+001  5.572882243260E-006 -4.422355623287E-007 -4.695189180703E-007
  1.742182982203E+001  5.317239484032E-006 -6.275937389768E-007 -3.192745864692E-007
  1.791381078784E+001  4.975284631348E-006 -7.520309009311E-007 -1.913164800206E-007
  1.842615381215E+001  4.569751831335E-006 -8.221095654783E-007 -8.689710586768E-008
  1.895999786176E+001  4.122657434619E-006 -8.456760799737E-007 -5.736855743793E-009
  1.951656267356E+001  3.654463111881E-006 -8.312665239057E-007  5.364727460142E-008
  2.009715572669E+001  3.183402230916E-006 -7.875642759568E-007  9.360452967881E-008
  2.070317992707E+001  2.724989154920E-006 -7.229327314587E-007  1.170267931865E-007
  2.133614208874E+001  2.291719589660E-006 -6.450395860487E-007  1.270561974944E-007
  2.199766230782E+001  1.892958667838E-006 -5.605817088837E-007  1.268367752037E-007
  2.268948433818E+001  1.535002815005E-006 -4.751123849914E-007  1.193180274530E-007
  2.341348709294E+001  1.221292253756E-006 -3.929660548868E-007  1.071135237816E-007
  2.417169741362E+001  9.527438441071E-007 -3.172700101612E-007  9.241337025069E-008
  2.496630426925E+001  7.281692655962E-007 -2.500281283445E-007  7.694581336486E-008
  2.579967457140E+001  5.447415824430E-007 -1.922588623257E-007  6.198054785522E-008
  2.667437081864E+001  3.984740497911E-007 -1.441684374838E-007  4.836455522539E-008
  2.759317081651E+001  2.846784428877E-007 -1.053405270199E-007  3.658053144363E-008
  2.855908975674E+001  1.983758238555E-007 -7.492542034705E-008  2.681810761957E-008
  2.957540498378E+001  1.346399058982E-007 -5.181460220229E-008  1.904900106889E-008
  3.064568382919E+001  8.886128921037E-008 -3.479035902902E-008  1.309877383288E-008
  3.177381495601E+001  5.692901167060E-008 -2.264410283964E-008  8.709800066565E-009
  3.296404372807E+001  3.533328525380E-008 -1.426111569272E-008  5.592113877513E-009
  3.422101220608E+001  2.119929623542E-008 -8.672970327698E-009  3.460794275579E-009
  3.554980447538E+001  1.226605564350E-008 -5.081658360253E-009  2.060246734680E-009
  3.695599813319E+001  6.826280354882E-009 -2.861262567214E-009  1.177020359423E-009
  3.844572291106E+001  3.643233501315E-009 -1.543792489410E-009  6.435853840659E-010
  4.002572758518E+001  1.858685117284E-009 -7.956518502732E-010  3.357918909654E-010
  4.170345654134E+001  9.031934963813E-010 -3.903267219345E-010  1.666078052575E-010
  4.348713762001E+001  4.163719663218E-010 -1.815510036017E-010  7.831038290690E-011
  4.538588318162E+001  1.812946960897E-010 -7.971373779340E-011  3.471991738542E-011
  4.740980671574E+001  7.419106704726E-011 -3.287843419955E-011  1.445057093101E-011
  4.957015778746E+001  2.837884809491E-011 -1.266961612480E-011  5.615615643934E-012
  5.187947869225E+001  1.008436015159E-011 -4.533560008962E-012  2.025300805422E-012
  5.435178690397E+001  3.306183804133E-012 -1.496122973615E-012  6.733043710052E-013
  5.700278828629E+001  9.923850173694E-013 -4.518654489943E-013  2.047594389617E-013
  5.985012714155E+001  2.703574904775E-013 -1.238244863104E-013  5.647359293105E-014
  6.291368055481E+001  6.619870456061E-014 -3.048719577203E-014  1.398906722689E-014
  6.621590623276E+001  1.440799824126E-014 -6.670237943204E-015  3.078127083145E-015
  6.978225524452E+001  2.752607103846E-015 -1.280647911037E-015  5.941584617154E-016
  7.364166388185E+001  4.550524286037E-016 -2.127063765894E-016  9.918462450919E-017
  7.782714245929E+001  6.404202277154E-017 -3.006839714055E-017  1.408766230230E-017
  8.237648351994E+001  7.530628003975E-018 -3.550597979259E-018  1.671002338543E-018
  8.733311794502E+001  7.241311742386E-019 -3.427814275687E-019  1.620054339697E-019
  9.274715535088E+001  5.554392859280E-020 -2.639224290714E-020  1.252339842468E-020
  9.867665554529E+001  3.302049004890E-021 -1.574626869535E-021  7.499984652479E-022
  1.051891916055E+002  1.471278054697E-022 -7.039836142347E-023  3.365046638431E-023
  1.123637836013E+002  4.724227948719E-024 -2.267752126069E-024  1.087637581615E-024
  1.202933069206E+002  1.043889411773E-025 -5.026240071659E-026  2.418304597155E-026
  1.290875131414E+002  1.503059790892E-027 -7.258042471572E-028  3.502594618785E-028
  1.388768482001E+002  1.321683096277E-029 -6.399688030675E-030  3.097128513627E-030
  1.498173177370E+002  6.567579390514E-032 -3.188318299047E-032  1.547117393724E-032
  1.620967411853E+002  1.679650367727E-034 -8.174091101492E-035  3.976461005988E-035
  1.759428668168E+002  1.973916499495E-037 -9.628430241129E-038  4.695112093188E-038
  1.916340085825E+002  9.279873323202E-041 -4.536480916812E-041  2.217089278537E-041
  2.095131417987E+002  1.471146728407E-044 -7.206588203111E-045  3.529477413564E-045
  2.300068054477E+002  6.358569864120E-049 -3.120887873065E-049  1.531513569109E-049
  2.536507797910E+002  5.736728912934E-054 -2.820838379118E-054  1.386853018174E-054
  2.811254638474E+002  7.695426560549E-060 -3.790474467332E-060  1.866830700755E-060
  3.133053780630E+002  9.922911416170E-067 -4.895537657500E-067  2.415028752039E-067
  3.513296254502E+002  6.967632365814E-075 -3.442720379434E-075  1.700933482150E-075
  3.967041014107E+002  1.256680306690E-084 -6.218028843387E-085  3.076498112107E-085
  4.514529193350E+002  2.119864185137E-096 -1.050279126636E-096  5.203350581768E-097
  5.183481233601E+002  8.381753909896E-111 -4.157754702635E-111  2.062381670048E-111
  6.012676077950E+002  1.120422585886E-128 -5.564069923926E-129  2.763078045221E-129
  7.057700503752E+002  3.153723694028E-151 -1.567767170299E-151  7.793493603755E-152
  8.400513767914E+002  3.116994044211E-180 -1.550966350116E-180  7.717269361397E-181
  1.016602135495E+003  2.109324643070E-218 -1.050462000916E-218  5.231350222224E-219
  1.255220715579E+003  4.942253293034E-270 -2.463174394853E-270  1.227617469317E-270
  1.588815776243E+003  0.000000000000E+000  0.000000000000E+000  0.000000000000E+000
  2.075392011604E+003  0.000000000000E+000  0.000000000000E+000  0.000000000000E+000
  2.825079847528E+003  0.000000000000E+000  0.000000000000E+000  0.000000000000E+000
  4.068408296183E+003  0.000000000000E+000  0.000000000000E+000  0.000000000000E+000
  6.357262947672E+003  0.000000000000E+000  0.000000000000E+000  0.000000000000E+000
  1.130231930164E+004  0.000000000000E+000  0.000000000000E+000  0.000000000000E+000
  2.543105175136E+004  0.000000000000E+000  0.000000000000E+000  0.000000000000E+000
  1.017262069952E+005  0.000000000000E+000  0.000000000000E+000  0.000000000000E+000
