# 1st line: number of mesh points
# abcissa wavefunction wavefunction_1st wavefunction_2nd
500
# Principal QN=   2 , l=   0 , Occupation=   2.0000
  9.830308526563E-006  1.015893022731E+001 -8.254329681147E+001  5.818328873997E+002
  3.932200719722E-005  1.015649613828E+001 -8.252613946044E+001  5.817047779511E+002
  8.847741541467E-005  1.015244023489E+001 -8.249755077129E+001  5.814913193755E+002
  1.573003992805E-004  1.014676388420E+001 -8.245754108403E+001  5.811925973963E+002
  2.457963722418E-004  1.013946899919E+001 -8.240612486696E+001  5.808087319554E+002
  3.539722959954E-004  1.013055803791E+001 -8.234332070898E+001  5.803398771431E+002
  4.818366816529E-004  1.012003400236E+001 -8.226915130970E+001  5.797862211077E+002
  6.293995911626E-004  1.010790043708E+001 -8.218364346737E+001  5.791479859447E+002
  7.966726389935E-004  1.009416142755E+001 -8.208682806460E+001  5.784254275671E+002
  9.836689940782E-004  1.007882159828E+001 -8.197874005197E+001  5.776188355544E+002
  1.190403382016E-003  1.006188611075E+001 -8.185941842942E+001  5.767285329833E+002
  1.416892087541E-003  1.004336066096E+001 -8.172890622555E+001  5.757548762378E+002
  1.663152957245E-003  1.002325147691E+001 -8.158725047470E+001  5.746982548003E+002
  1.929205402573E-003  1.000156531566E+001 -8.143450219200E+001  5.735590910232E+002
  2.215070403073E-003  9.978309460287E+000 -8.127071634629E+001  5.723378398811E+002
  2.520770509919E-003  9.953491716528E+000 -8.109595183087E+001  5.710349887040E+002
  2.846329849692E-003  9.927120409209E+000 -8.091027143232E+001  5.696510568922E+002
  3.191774128432E-003  9.899204378434E+000 -8.071374179711E+001  5.681865956115E+002
  3.557130635959E-003  9.869752975538E+000 -8.050643339633E+001  5.666421874705E+002
  3.942428250463E-003  9.838776058812E+000 -8.028842048828E+001  5.650184461797E+002
  4.347697443358E-003  9.806283988997E+000 -8.005978107915E+001  5.633160161919E+002
  4.772970284417E-003  9.772287624549E+000 -7.982059688170E+001  5.615355723257E+002
  5.218280447175E-003  9.736798316678E+000 -7.957095327202E+001  5.596778193704E+002
  5.683663214611E-003  9.699827904172E+000 -7.931093924437E+001  5.577434916742E+002
  6.169155485101E-003  9.661388707996E+000 -7.904064736415E+001  5.557333527151E+002
  6.674795778653E-003  9.621493525674E+000 -7.876017371898E+001  5.536481946552E+002
  7.200624243425E-003  9.580155625465E+000 -7.846961786795E+001  5.514888378780E+002
  7.746682662519E-003  9.537388740320E+000 -7.816908278918E+001  5.492561305103E+002
  8.313014461060E-003  9.493207061636E+000 -7.785867482546E+001  5.469509479274E+002
  8.899664713569E-003  9.447625232811E+000 -7.753850362827E+001  5.445741922430E+002
  9.506680151615E-003  9.400658342594E+000 -7.720868210008E+001  5.421267917845E+002
  1.013410917176E-002  9.352321918240E+000 -7.686932633501E+001  5.396097005520E+002
  1.078200184380E-002  9.302631918471E+000 -7.652055555780E+001  5.370238976647E+002
  1.145040991929E-002  9.251604726253E+000 -7.616249206127E+001  5.343703867913E+002
  1.213938684040E-002  9.199257141387E+000 -7.579526114224E+001  5.316501955675E+002
  1.284898774901E-002  9.145606372912E+000 -7.541899103588E+001  5.288643750003E+002
  1.357926949620E-002  9.090670031346E+000 -7.503381284864E+001  5.260139988591E+002
  1.433029065191E-002  9.034466120738E+000 -7.463986048977E+001  5.231001630535E+002
  1.510211151509E-002  8.977013030569E+000 -7.423727060145E+001  5.201239850002E+002
  1.589479412397E-002  8.918329527476E+000 -7.382618248756E+001  5.170866029772E+002
  1.670840226680E-002  8.858434746823E+000 -7.340673804122E+001  5.139891754670E+002
  1.754300149280E-002  8.797348184119E+000 -7.297908167101E+001  5.108328804888E+002
  1.839865912351E-002  8.735089686286E+000 -7.254336022607E+001  5.076189149208E+002
  1.927544426443E-002  8.671679442779E+000 -7.209972291999E+001  5.043484938114E+002
  2.017342781695E-002  8.607137976567E+000 -7.164832125363E+001  5.010228496823E+002
  2.109268249069E-002  8.541486134987E+000 -7.118930893691E+001  4.976432318214E+002
  2.203328281612E-002  8.474745080456E+000 -7.072284180953E+001  4.942109055680E+002
  2.299530515754E-002  8.406936281067E+000 -7.024907776079E+001  4.907271515892E+002
  2.397882772639E-002  8.338081501062E+000 -6.976817664851E+001  4.871932651495E+002
  2.498393059493E-002  8.268202791194E+000 -6.928030021709E+001  4.836105553725E+002
  2.601069571024E-002  8.197322478975E+000 -6.878561201475E+001  4.799803444971E+002
  2.705920690860E-002  8.125463158827E+000 -6.828427731007E+001  4.763039671265E+002
  2.812954993023E-002  8.052647682129E+000 -6.777646300782E+001  4.725827694727E+002
  2.922181243436E-002  7.978899147177E+000 -6.726233756415E+001  4.688181085950E+002
  3.033608401473E-002  7.904240889050E+000 -6.674207090119E+001  4.650113516352E+002
  3.147245621542E-002  7.828696469405E+000 -6.621583432118E+001  4.611638750480E+002
  3.263102254705E-002  7.752289666186E+000 -6.568380042005E+001  4.572770638280E+002
  3.381187850339E-002  7.675044463271E+000 -6.514614300063E+001  4.533523107346E+002
  3.501512157837E-002  7.596985040047E+000 -6.460303698555E+001  4.493910155137E+002
  3.624085128345E-002  7.518135760936E+000 -6.405465832970E+001  4.453945841183E+002
  3.748916916538E-002  7.438521164863E+000 -6.350118393262E+001  4.413644279273E+002
  3.876017882444E-002  7.358165954675E+000 -6.294279155058E+001  4.373019629645E+002
  4.005398593302E-002  7.277094986524E+000 -6.237965970856E+001  4.332086091164E+002
  4.137069825459E-002  7.195333259213E+000 -6.181196761219E+001  4.290857893513E+002
  4.271042566323E-002  7.112905903514E+000 -6.123989505965E+001  4.249349289394E+002
  4.407328016341E-002  7.029838171459E+000 -6.066362235360E+001  4.207574546737E+002
  4.545937591035E-002  6.946155425620E+000 -6.008333021326E+001  4.165547940939E+002
  4.686882923075E-002  6.861883128373E+000 -5.949919968660E+001  4.123283747124E+002
  4.830175864396E-002  6.777046831158E+000 -5.891141206278E+001  4.080796232439E+002
  4.975828488365E-002  6.691672163737E+000 -5.832014878482E+001  4.038099648389E+002
  5.123853091993E-002  6.605784823467E+000 -5.772559136268E+001  3.995208223207E+002
  5.274262198188E-002  6.519410564573E+000 -5.712792128666E+001  3.952136154285E+002
  5.427068558066E-002  6.432575187448E+000 -5.652731994125E+001  3.908897600652E+002
  5.582285153302E-002  6.345304527974E+000 -5.592396851955E+001  3.865506675513E+002
  5.739925198530E-002  6.257624446875E+000 -5.531804793816E+001  3.821977438854E+002
  5.900002143803E-002  6.169560819101E+000 -5.470973875275E+001  3.778323890121E+002
  6.062529677088E-002  6.081139523259E+000 -5.409922107427E+001  3.734559960970E+002
  6.227521726827E-002  5.992386431086E+000 -5.348667448591E+001  3.690699508102E+002
  6.394992464542E-002  5.903327396981E+000 -5.287227796079E+001  3.646756306180E+002
  6.564956307496E-002  5.813988247587E+000 -5.225620978057E+001  3.602744040850E+002
  6.737427921404E-002  5.724394771445E+000 -5.163864745487E+001  3.558676301840E+002
  6.912422223211E-002  5.634572708713E+000 -5.101976764163E+001  3.514566576180E+002
  7.089954383907E-002  5.544547740961E+000 -5.039974606857E+001  3.470428241518E+002
  7.270039831418E-002  5.454345481048E+000 -4.977875745553E+001  3.426274559550E+002
  7.452694253540E-002  5.363991463080E+000 -4.915697543805E+001  3.382118669568E+002
  7.637933600943E-002  5.273511132463E+000 -4.853457249198E+001  3.337973582131E+002
  7.825774090225E-002  5.182929836053E+000 -4.791171985939E+001  3.293852172858E+002
  8.016232207035E-002  5.092272812401E+000 -4.728858747561E+001  3.249767176356E+002
  8.209324709253E-002  5.001565182109E+000 -4.666534389763E+001  3.205731180280E+002
  8.405068630235E-002  4.910831938299E+000 -4.604215623383E+001  3.161756619534E+002
  8.603481282122E-002  4.820097937186E+000 -4.541919007501E+001  3.117855770616E+002
  8.804580259214E-002  4.729387888788E+000 -4.479660942693E+001  3.074040746109E+002
  9.008383441408E-002  4.638726347747E+000 -4.417457664429E+001  3.030323489327E+002
  9.214908997710E-002  4.548137704286E+000 -4.355325236613E+001  2.986715769111E+002
  9.424175389809E-002  4.457646175294E+000 -4.293279545289E+001  2.943229174791E+002
  9.636201375725E-002  4.367275795561E+000 -4.231336292496E+001  2.899875111304E+002
  9.851006013526E-002  4.277050409137E+000 -4.169510990288E+001  2.856664794485E+002
  1.006860866512E-001  4.186993660851E+000 -4.107818954919E+001  2.813609246523E+002
  1.028902900012E-001  4.097128987976E+000 -4.046275301194E+001  2.770719291588E+002
  1.051228699979E-001  4.007479612039E+000 -3.984894936994E+001  2.728005551642E+002
  1.073840296104E-001  3.918068530804E+000 -3.923692557975E+001  2.685478442417E+002
  1.096739750056E-001  3.828918510397E+000 -3.862682642441E+001  2.643148169581E+002
  1.119929155896E-001  3.740052077607E+000 -3.801879446405E+001  2.601024725089E+002
  1.143410640503E-001  3.651491512351E+000 -3.741296998820E+001  2.559117883713E+002
  1.167186364011E-001  3.563258840302E+000 -3.680949097012E+001  2.517437199765E+002
  1.191258520249E-001  3.475375825699E+000 -3.620849302281E+001  2.475992004011E+002
  1.215629337189E-001  3.387863964323E+000 -3.561010935708E+001  2.434791400769E+002
  1.240301077413E-001  3.300744476654E+000 -3.501447074141E+001  2.393844265208E+002
  1.265276038575E-001  3.214038301211E+000 -3.442170546382E+001  2.353159240837E+002
  1.290556553882E-001  3.127766088067E+000 -3.383193929562E+001  2.312744737194E+002
  1.316144992580E-001  3.041948192550E+000 -3.324529545713E+001  2.272608927722E+002
  1.342043760450E-001  2.956604669131E+000 -3.266189458542E+001  2.232759747858E+002
  1.368255300316E-001  2.871755265499E+000 -3.208185470393E+001  2.193204893302E+002
  1.394782092560E-001  2.787419416822E+000 -3.150529119411E+001  2.153951818498E+002
  1.421626655646E-001  2.703616240199E+000 -3.093231676909E+001  2.115007735307E+002
  1.448791546661E-001  2.620364529305E+000 -3.036304144925E+001  2.076379611881E+002
  1.476279361856E-001  2.537682749222E+000 -2.979757253985E+001  2.038074171731E+002
  1.504092737207E-001  2.455589031469E+000 -2.923601461062E+001  2.000097892998E+002
  1.532234348983E-001  2.374101169221E+000 -2.867846947730E+001  1.962457007921E+002
  1.560706914324E-001  2.293236612723E+000 -2.812503618523E+001  1.925157502490E+002
  1.589513191834E-001  2.213012464896E+000 -2.757581099483E+001  1.888205116313E+002
  1.618655982178E-001  2.133445477140E+000 -2.703088736912E+001  1.851605342658E+002
  1.648138128702E-001  2.054552045328E+000 -2.649035596309E+001  1.815363428701E+002
  1.677962518056E-001  1.976348205991E+000 -2.595430461514E+001  1.779484375954E+002
  1.708132080832E-001  1.898849632705E+000 -2.542281834029E+001  1.743972940889E+002
  1.738649792215E-001  1.822071632658E+000 -2.489597932539E+001  1.708833635744E+002
  1.769518672648E-001  1.746029143416E+000 -2.437386692622E+001  1.674070729513E+002
  1.800741788507E-001  1.670736729882E+000 -2.385655766635E+001  1.639688249122E+002
  1.832322252791E-001  1.596208581436E+000 -2.334412523800E+001  1.605689980776E+002
  1.864263225826E-001  1.522458509267E+000 -2.283664050452E+001  1.572079471484E+002
  1.896567915983E-001  1.449499943898E+000 -2.233417150482E+001  1.538860030764E+002
  1.929239580409E-001  1.377345932885E+000 -2.183678345948E+001  1.506034732502E+002
  1.962281525771E-001  1.306009138707E+000 -2.134453877858E+001  1.473606416992E+002
  1.995697109023E-001  1.235501836836E+000 -2.085749707125E+001  1.441577693125E+002
  2.029489738173E-001  1.165835913988E+000 -2.037571515689E+001  1.409950940743E+002
  2.063662873085E-001  1.097022866545E+000 -1.989924707796E+001  1.378728313143E+002
  2.098220026275E-001  1.029073799165E+000 -1.942814411439E+001  1.347911739732E+002
  2.133164763746E-001  9.619994235490E-001 -1.896245479958E+001  1.317502928828E+002
  2.168500705817E-001  8.958100573938E-001 -1.850222493780E+001  1.287503370593E+002
  2.204231527988E-001  8.305156235028E-001 -1.804749762317E+001  1.257914340113E+002
  2.240360961807E-001  7.661256490661E-001 -1.759831325997E+001  1.228736900599E+002
  2.276892795770E-001  7.026492651026E-001 -1.715470958438E+001  1.199971906717E+002
  2.313830876220E-001  6.400952060621E-001 -1.671672168756E+001  1.171620008038E+002
  2.351179108282E-001  5.784718095838E-001 -1.628438203992E+001  1.143681652602E+002
  2.388941456809E-001  5.177870164096E-001 -1.585772051678E+001  1.116157090589E+002
  2.427121947345E-001  4.580483704472E-001 -1.543676442506E+001  1.089046378098E+002
  2.465724667110E-001  3.992630189823E-001 -1.502153853123E+001  1.062349381016E+002
  2.504753766009E-001  3.414377130343E-001 -1.461206509029E+001  1.036065778992E+002
  2.544213457654E-001  2.845788078548E-001 -1.420836387575E+001  1.010195069481E+002
  2.584108020414E-001  2.286922635631E-001 -1.381045221070E+001  9.847365718809E+001
  2.624441798480E-001  1.737836459181E-001 -1.341834499970E+001  9.596894317359E+001
  2.665219202956E-001  1.198581272216E-001 -1.303205476162E+001  9.350526250126E+001
  2.706444712976E-001  6.692048735012E-002 -1.265159166327E+001  9.108249624339E+001
  2.748122876832E-001  1.497511491264E-002 -1.227696355383E+001  8.870050938716E+001
  2.790258313137E-001 -3.597399146933E-002 -1.190817599996E+001  8.635915127863E+001
  2.832855712010E-001 -8.592322176279E-002 -1.154523232161E+001  8.405825607121E+001
  2.875919836279E-001 -1.348693530079E-001 -1.118813362843E+001  8.179764317767E+001
  2.919455522717E-001 -1.828095476900E-001 -1.083687885673E+001  7.957711772533E+001
  2.963467683296E-001 -2.297413520013E-001 -1.049146480696E+001  7.739647101368E+001
  3.007961306479E-001 -2.756626939958E-001 -1.015188618163E+001  7.525548097381E+001
  3.052941458522E-001 -3.205718816400E-001 -9.818135623629E+000  7.315391262905E+001
  3.098413284823E-001 -3.644676007626E-001 -9.490203754923E+000  7.109151855625E+001
  3.144382011281E-001 -4.073489129052E-001 -9.168079215504E+000  6.906803934707E+001
  3.190852945695E-001 -4.492152530769E-001 -8.851748702623E+000  6.708320406866E+001
  3.237831479192E-001 -4.900664274166E-001 -8.541197010215E+000  6.513673072316E+001
  3.285323087679E-001 -5.299026107626E-001 -8.236407068473E+000  6.322832670548E+001
  3.333333333333E-001 -5.687243441345E-001 -7.937359983524E+000  6.135768925874E+001
  3.381867866117E-001 -6.065325321285E-001 -7.644035077176E+000  5.952450592685E+001
  3.430932425333E-001 -6.433284402272E-001 -7.356409926669E+000  5.772845500365E+001
  3.480532841203E-001 -6.791136920277E-001 -7.074460404407E+000  5.596920597818E+001
  3.530675036492E-001 -7.138902663881E-001 -6.798160717619E+000  5.424641997539E+001
  3.581365028158E-001 -7.476604944944E-001 -6.527483447909E+000  5.255975019204E+001
  3.632608929041E-001 -7.804270568498E-001 -6.262399590669E+000  5.090884232701E+001
  3.684412949588E-001 -8.121929801869E-001 -6.002878594300E+000  4.929333500591E+001
  3.736783399619E-001 -8.429616343042E-001 -5.748888399227E+000  4.771286019919E+001
  3.789726690123E-001 -8.727367288276E-001 -5.500395476653E+000  4.616704363363E+001
  3.843249335105E-001 -9.015223098980E-001 -5.257364867049E+000  4.465550519659E+001
  3.897357953460E-001 -9.293227567857E-001 -5.019760218323E+000  4.317785933283E+001
  3.952059270903E-001 -9.561427784304E-001 -4.787543823666E+000  4.173371543332E+001
  4.007360121927E-001 -9.819874099096E-001 -4.560676659033E+000  4.032267821596E+001
  4.063267451812E-001 -1.006862008833E+000 -4.339118420248E+000  3.894434809769E+001
  4.119788318683E-001 -1.030772251665E+000 -4.122827559711E+000  3.759832155781E+001
  4.176929895600E-001 -1.053724129972E+000 -3.911761322683E+000  3.628419149223E+001
  4.234699472710E-001 -1.075723946596E+000 -3.705875783145E+000  3.500154755842E+001
  4.293104459435E-001 -1.096778311756E+000 -3.505125879206E+000  3.374997651080E+001
  4.352152386716E-001 -1.116894139072E+000 -3.309465448064E+000  3.252906252652E+001
  4.411850909306E-001 -1.136078641508E+000 -3.118847260492E+000  3.133838752123E+001
  4.472207808110E-001 -1.154339327249E+000 -2.933223054865E+000  3.017753145501E+001
  4.533230992589E-001 -1.171683995486E+000 -2.752543570709E+000  2.904607262810E+001
  4.594928503202E-001 -1.188120732128E+000 -2.576758581768E+000  2.794358796651E+001
  4.657308513924E-001 -1.203657905432E+000 -2.405816928613E+000  2.686965329738E+001
  4.720379334802E-001 -1.218304161544E+000 -2.239666550761E+000  2.582384361407E+001
  4.784149414579E-001 -1.232068419960E+000 -2.078254518342E+000  2.480573333104E+001
  4.848627343381E-001 -1.244959868895E+000 -1.921527063300E+000  2.381489652846E+001
  4.913821855461E-001 -1.256987960567E+000 -1.769429610143E+000  2.285090718664E+001
  4.979741832006E-001 -1.268162406387E+000 -1.621906806257E+000  2.191333941044E+001
  5.046396304008E-001 -1.278493172049E+000 -1.478902551794E+000  2.100176764357E+001
  5.113794455212E-001 -1.287990472538E+000 -1.340360029144E+000  2.011576687305E+001
  5.181945625116E-001 -1.296664767023E+000 -1.206221732019E+000  1.925491282401E+001
  5.250859312060E-001 -1.304526753664E+000 -1.076429494151E+000  1.841878214482E+001
  5.320545176366E-001 -1.311587364303E+000 -9.509245176395E-001  1.760695258293E+001
  5.391013043575E-001 -1.317857759061E+000 -8.296474009591E-001  1.681900315155E+001
  5.462272907741E-001 -1.323349320820E+000 -7.125381666515E-001  1.605451428732E+001
  5.534334934816E-001 -1.328073649595E+000 -5.995362887263E-001  1.531306799940E+001
  5.607209466109E-001 -1.332042556800E+000 -4.905807197937E-001  1.459424801011E+001
  5.680907021827E-001 -1.335268059393E+000 -3.856099179537E-001  1.389763988741E+001
  5.755438304707E-001 -1.337762373908E+000 -2.845618734682E-001  1.322283116960E+001
  5.830814203728E-001 -1.339537910372E+000 -1.873741352410E-001  1.256941148243E+001
  5.907045797917E-001 -1.340607266092E+000 -9.398383713354E-002  1.193697264906E+001
  5.984144360243E-001 -1.340983219335E+000 -4.327724141065E-003  1.132510879313E+001
  6.062121361613E-001 -1.340678722871E+000  8.165782154182E-002  1.073341643529E+001
  6.140988474955E-001 -1.339706897404E+000  1.640367545413E-001  1.016149458357E+001
  6.220757579409E-001 -1.338081024869E+000  2.428733403831E-001  9.608944817890E+000
  6.301440764614E-001 -1.335814541610E+000  3.182321296038E-001  9.075371369140E+000
  6.383050335109E-001 -1.332921031425E+000  3.901779318697E-001  8.560381193150E+000
  6.465598814833E-001 -1.329414218492E+000  4.587757900785E-001  8.063584039901E+000
  6.549098951744E-001 -1.325307960163E+000  5.240909544195E-001  7.584592518382E+000
  6.633563722545E-001 -1.320616239634E+000  5.861888563710E-001  7.123022157427E+000
  6.719006337539E-001 -1.315353158488E+000  6.451350826120E-001  6.678491462900E+000
  6.805440245593E-001 -1.309532929120E+000  7.009953488284E-001  6.250621971588E+000
  6.892879139233E-001 -1.303169867029E+000  7.538354733965E-001  5.839038302140E+000
  6.981336959871E-001 -1.296278383001E+000  8.037213509244E-001  5.443368203402E+000
  7.070827903152E-001 -1.288872975160E+000  8.507189256384E-001  5.063242600478E+000
  7.161366424455E-001 -1.280968220914E+000  8.948941646000E-001  4.698295638833E+000
  7.252967244510E-001 -1.272578768780E+000  9.363130307422E-001  4.348164726766E+000
  7.345645355186E-001 -1.263719330108E+000  9.750414557170E-001  4.012490576517E+000
  7.439416025400E-001 -1.254404670687E+000  1.011145312546E+000  3.690917244335E+000
  7.534294807203E-001 -1.244649602260E+000  1.044690388068E+000  3.383092169731E+000
  7.630297542000E-001 -1.234468973938E+000  1.075742355191E+000  3.088666214202E+000
  7.727440366954E-001 -1.223877663521E+000  1.104366744930E+000  2.807293699641E+000
  7.825739721536E-001 -1.212890568734E+000  1.130628918257E+000  2.538632446654E+000
  7.925212354258E-001 -1.201522598387E+000  1.154594037750E+000  2.282343812986E+000
  8.025875329584E-001 -1.189788663457E+000  1.176327039054E+000  2.038092732229E+000
  8.127746035011E-001 -1.177703668101E+000  1.195892602176E+000  1.805547752971E+000
  8.230842188350E-001 -1.165282500623E+000  1.213355122612E+000  1.584381078525E+000
  8.335181845190E-001 -1.152540024377E+000  1.228778682327E+000  1.374268607356E+000
  8.440783406568E-001 -1.139491068632E+000  1.242227020617E+000  1.174889974297E+000
  8.547665626839E-001 -1.126150419409E+000  1.253763504855E+000  9.859285926356E-001
  8.655847621758E-001 -1.112532810287E+000  1.263451101170E+000  8.070716971123E-001
  8.765348876780E-001 -1.098652913195E+000  1.271352345059E+000  6.380103878821E-001
  8.876189255584E-001 -1.084525329209E+000  1.277529311986E+000  4.784396754311E-001
  8.988389008829E-001 -1.070164579340E+000  1.282043587978E+000  3.280585264501E-001
  9.101968783143E-001 -1.055585095353E+000  1.284956240275E+000  1.865699106337E-001
  9.216949630368E-001 -1.040801210607E+000  1.286327788043E+000  5.368084835346E-002
  9.333353017046E-001 -1.025827150939E+000  1.286218173217E+000 -7.089754086000E-002
  9.451200834176E-001 -1.010677025591E+000  1.284686731493E+000 -1.874499891142E-001
  9.570515407237E-001 -9.953648182147E-001  1.281792163522E+000 -2.962570303348E-001
  9.691319506484E-001 -9.799043779404E-001  1.277592506345E+000 -3.975949499480E-001
  9.813636357544E-001 -9.643094105405E-001  1.272145105122E+000 -4.917357342033E-001
  9.937489652293E-001 -9.485934696928E-001  1.265506585195E+000 -5.789470192853E-001
  1.006290356005E+000 -9.327699483589E-001  1.257732824532E+000 -6.594920403799E-001
  1.018990273907E+000 -9.168520702897E-001  1.248878926614E+000 -7.336295808715E-001
  1.031851234841E+000 -9.008528816718E-001  1.238999193801E+000 -8.016139218584E-001
  1.044875806003E+000 -8.847852429277E-001  1.228147101238E+000 -8.636947921835E-001
  1.058066607138E+000 -8.686618206831E-001  1.216375271343E+000 -9.201173191871E-001
  1.071426311823E+000 -8.524950799146E-001  1.203735448947E+000 -9.711219803946E-001
  1.084957648792E+000 -8.362972762904E-001  1.190278477112E+000 -1.016944556357E+000
  1.098663403298E+000 -8.200804487183E-001  1.176054273711E+000 -1.057816084872E+000
  1.112546418516E+000 -8.038564121119E-001  1.161111808788E+000 -1.093962816805E+000
  1.126609596985E+000 -7.876367503900E-001  1.145499082778E+000 -1.125606173743E+000
  1.140855902095E+000 -7.714328097195E-001  1.129263105623E+000 -1.152962707716E+000
  1.155288359613E+000 -7.552556920158E-001  1.112449876835E+000 -1.176244063200E+000
  1.169910059257E+000 -7.391162487110E-001  1.095104366561E+000 -1.195656941641E+000
  1.184724156317E+000 -7.230250748028E-001  1.077270497689E+000 -1.211403068714E+000
  1.199733873325E+000 -7.069925031938E-001  1.058991129049E+000 -1.223679164537E+000
  1.214942501771E+000 -6.910285993338E-001  1.040308039750E+000 -1.232676917059E+000
  1.230353403874E+000 -6.751431561724E-001  1.021261914690E+000 -1.238582958811E+000
  1.245970014403E+000 -6.593456894346E-001  1.001892331291E+000 -1.241578847235E+000
  1.261795842559E+000 -6.436454332258E-001  9.822377474826E-001 -1.241841048767E+000
  1.277834473907E+000 -6.280513359767E-001  9.623354909881E-001 -1.239540926854E+000
  1.294089572372E+000 -6.125720567335E-001  9.422217499218E-001 -1.234844734078E+000
  1.310564882294E+000 -5.972159618031E-001  9.219315647503E-001 -1.227913608532E+000
  1.327264230548E+000 -5.819911217572E-001  9.014988216303E-001 -1.218903574605E+000
  1.344191528724E+000 -5.669053088016E-001  8.809562471526E-001 -1.207965548282E+000
  1.361350775387E+000 -5.519659945160E-001  8.603354045108E-001 -1.195245347107E+000
  1.378746058390E+000 -5.371803479666E-001  8.396666911116E-001 -1.180883704878E+000
  1.396381557275E+000 -5.225552341954E-001  8.189793376406E-001 -1.165016291179E+000
  1.414261545744E+000 -5.080972130883E-001  7.983014085926E-001 -1.147773735820E+000
  1.432390394201E+000 -4.938125386214E-001  7.776598042718E-001 -1.129281658222E+000
  1.450772572390E+000 -4.797071584875E-001  7.570802642642E-001 -1.109660701811E+000
  1.469412652102E+000 -4.657867141003E-001  7.365873723784E-001 -1.089026573420E+000
  1.488315309978E+000 -4.520565409745E-001  7.162045630497E-001 -1.067490087715E+000
  1.507485330398E+000 -4.385216694798E-001  6.959541291954E-001 -1.045157216639E+000
  1.526927608467E+000 -4.251868259629E-001  6.758572315065E-001 -1.022129143825E+000
  1.546647153093E+000 -4.120564342337E-001  6.559339091557E-001 -9.985023239585E-001
  1.566649090169E+000 -3.991346174090E-001  6.362030918988E-001 -9.743685470022E-001
  1.586938665861E+000 -3.864252001067E-001  6.166826135392E-001 -9.498150072168E-001
  1.607521250000E+000 -3.739317109815E-001  5.973892267245E-001 -9.249243768751E-001
  1.628402339588E+000 -3.616573855942E-001  5.783386190367E-001 -8.997748845559E-001
  1.649587562420E+000 -3.496051696029E-001  5.595454303351E-001 -8.744403978852E-001
  1.671082680832E+000 -3.377777222662E-001  5.410232713049E-001 -8.489905105762E-001
  1.692893595565E+000 -3.261774202449E-001  5.227847431625E-001 -8.234906336046E-001
  1.715026349769E+000 -3.148063616914E-001  5.048414584633E-001 -7.980020903358E-001
  1.737487133138E+000 -3.036663706106E-001  4.872040629524E-001 -7.725822154100E-001
  1.760282286187E+000 -2.927590014797E-001  4.698822583975E-001 -7.472844571705E-001
  1.783418304674E+000 -2.820855441110E-001  4.528848263381E-001 -7.221584834093E-001
  1.806901844175E+000 -2.716470287419E-001  4.362196526813E-001 -6.972502901884E-001
  1.830739724818E+000 -2.614442313366E-001  4.198937530728E-001 -6.726023134821E-001
  1.854938936184E+000 -2.514776790817E-001  4.039132989679E-001 -6.482535433720E-001
  1.879506642368E+000 -2.417476560597E-001  3.882836443236E-001 -6.242396405148E-001
  1.904450187236E+000 -2.322542090829E-001  3.730093528345E-001 -6.005930545925E-001
  1.929777099847E+000 -2.229971536702E-001  3.580942256274E-001 -5.773431444427E-001
  1.955495100083E+000 -2.139760801498E-001  3.435413293341E-001 -5.545162995605E-001
  1.981612104475E+000 -2.051903598705E-001  3.293530244570E-001 -5.321360626526E-001
  2.008136232230E+000 -1.966391515045E-001  3.155309939420E-001 -5.102232529204E-001
  2.035075811486E+000 -1.883214074256E-001  3.020762718750E-001 -4.887960897431E-001
  2.062439385788E+000 -1.802358801466E-001  2.889892722155E-001 -4.678703164278E-001
  2.090235720801E+000 -1.723811287993E-001  2.762698174859E-001 -4.474593236927E-001
  2.118473811262E+000 -1.647555256451E-001  2.639171673312E-001 -4.275742725494E-001
  2.147162888201E+000 -1.573572625992E-001  2.519300468708E-001 -4.082242162526E-001
  2.176312426413E+000 -1.501843577573E-001  2.403066747640E-001 -3.894162209875E-001
  2.205932152222E+000 -1.432346619138E-001  2.290447909129E-001 -3.711554849745E-001
  2.236032051522E+000 -1.365058650582E-001  2.181416837330E-001 -3.534454556749E-001
  2.266622378129E+000 -1.299955028433E-001  2.075942169230E-001 -3.362879447932E-001
  2.297713662445E+000 -1.237009630155E-001  1.973988556723E-001 -3.196832407852E-001
  2.329316720450E+000 -1.176194918011E-001  1.875516922466E-001 -3.036302185912E-001
  2.361442663038E+000 -1.117482002441E-001  1.780484709022E-001 -2.881264463334E-001
  2.394102905709E+000 -1.060840704913E-001  1.688846120806E-001 -2.731682887340E-001
  2.427309178642E+000 -1.006239620226E-001  1.600552358454E-001 -2.587510070295E-001
  2.461073537146E+000 -9.536461782733E-002  1.515551845272E-001 -2.448688551801E-001
  2.495408372530E+000 -9.030267052581E-002  1.433790445518E-001 -2.315151721959E-001
  2.530326423398E+000 -8.543464844027E-002  1.355211674313E-001 -2.186824704281E-001
  2.565840787378E+000 -8.075698161798E-002  1.279756899075E-001 -2.063625196974E-001
  2.601964933334E+000 -7.626600781235E-002  1.207365532426E-001 -1.945464271630E-001
  2.638712714049E+000 -7.195797842799E-002  1.137975216609E-001 -1.832247128617E-001
  2.676098379430E+000 -6.782906443735E-002  1.071521999497E-001 -1.723873808752E-001
  2.714136590232E+000 -6.387536227703E-002  1.007940502385E-001 -1.620239861167E-001
  2.752842432351E+000 -6.009289973266E-002  9.471640797864E-002 -1.521236967522E-001
  2.792231431696E+000 -5.647764182176E-002  8.891249715311E-002 -1.426753523062E-001
  2.832319569669E+000 -5.302549668408E-002  8.337544475218E-002 -1.336675175257E-001
  2.873123299289E+000 -4.973232148890E-002  7.809829455541E-002 -1.250885321063E-001
  2.914659561979E+000 -4.659392836867E-002  7.307402026465E-002 -1.169265564094E-001
  2.956945805065E+000 -4.360609038744E-002  6.829553803677E-002 -1.091696133242E-001
  3.000000000000E+000 -4.076454755199E-002  6.375571846765E-002 -1.018056264488E-001
  3.043840661365E+000 -3.806501287223E-002  5.944739808073E-002 -9.482245478830E-002
  3.088486866678E+000 -3.550317847617E-002  5.536339037487E-002 -8.820792418070E-002
  3.133958277047E+000 -3.307472178274E-002  5.149649648595E-002 -8.194985567950E-002
  3.180275158719E+000 -3.077531173417E-002  4.783951551609E-002 -7.603609113099E-002
  3.227458405560E+000 -2.860061508702E-002  4.438525458227E-002 -7.045451619336E-002
  3.275529562509E+000 -2.654630275866E-002  4.112653863323E-002 -6.519308104893E-002
  3.324510850077E+000 -2.460805622337E-002  3.805622007993E-002 -6.023981906221E-002
  3.374425189910E+000 -2.278157394925E-002  3.516718827965E-002 -5.558286363391E-002
  3.425296231502E+000 -2.106257786424E-002  3.245237890864E-002 -5.121046349511E-002
  3.477148380094E+000 -1.944681983657E-002  2.990478325135E-002 -4.711099667671E-002
  3.530006825834E+000 -1.793008815165E-002  2.751745742758E-002 -4.327298337650E-002
  3.583897574256E+000 -1.650821396471E-002  2.528353157094E-002 -3.968509793065E-002
  3.638847478148E+000 -1.517707770523E-002  2.319621896396E-002 -3.633618007808E-002
  3.694884270887E+000 -1.393261540639E-002  2.124882512691E-002 -3.321524568529E-002
  3.752036601308E+000 -1.277082493044E-002  1.943475684871E-002 -3.031149707633E-002
  3.810334070199E+000 -1.168777205817E-002  1.774753113983E-002 -2.761433308815E-002
  3.869807268505E+000 -1.067959640880E-002  1.618078407890E-002 -2.511335894566E-002
  3.930487817331E+000 -9.742517155189E-003  1.472827951670E-002 -2.279839602458E-002
  3.992408409843E+000 -8.872838497603E-003  1.338391759381E-002 -2.065949154358E-002
  4.055602855172E+000 -8.066954859232E-003  1.214174302183E-002 -1.868692820081E-002
  4.120106124432E+000 -7.321355766041E-003  1.099595307201E-002 -1.687123374493E-002
  4.185954398964E+000 -6.632630374327E-003  9.940905210744E-003 -1.520319044643E-002
  4.253185120935E+000 -5.997471610394E-003  8.971124317672E-003 -1.367384441326E-002
  4.321837046422E+000 -5.412679888532E-003  8.081309420246E-003 -1.227451467520E-002
  4.391950301120E+000 -4.875166375962E-003  7.266339877544E-003 -1.099680194416E-002
  4.463566438835E+000 -4.381955776465E-003  6.521280947102E-003 -9.832596944237E-003
  4.536728502895E+000 -3.930188608207E-003  5.841388670659E-003 -8.774088194894E-003
  4.611481090679E+000 -3.517122955591E-003  5.222114018555E-003 -7.813769123885E-003
  4.687870421430E+000 -3.140135679895E-003  4.659106237797E-003 -6.944444383867E-003
  4.765944407533E+000 -2.796723078912E-003  4.148215355622E-003 -6.159235247513E-003
  4.845752729492E+000 -2.484500991638E-003  3.685493798484E-003 -5.451583960806E-003
  4.927346914797E+000 -2.201204350294E-003  3.267197095813E-003 -4.815256942693E-003
  5.010780420931E+000 -1.944686188411E-003  2.889783648343E-003 -4.244346731269E-003
  5.096108722763E+000 -1.712916120302E-003  2.549913552213E-003 -3.733272591841E-003
  5.183389404586E+000 -1.503978313854E-003  2.244446482084E-003 -3.276779720225E-003
  5.272682257105E+000 -1.316068985049E-003  1.970438649050E-003 -2.869936994998E-003
  5.364049379651E+000 -1.147493448849E-003  1.725138861833E-003 -2.508133254624E-003
  5.457555287978E+000 -9.966627669360E-004  1.505983732348E-003 -2.187072098967E-003
  5.553267027968E+000 -8.620900380840E-004  1.310592079044E-003 -1.902765238912E-003
  5.651254295630E+000 -7.423863815880E-004  1.136758593004E-003 -1.651524442240E-003
  5.751589563796E+000 -6.362566680348E-004  9.824468425496E-004 -1.429952147747E-003
  5.854348215936E+000 -5.424950546265E-004  8.457817015953E-004 -1.234930842400E-003
  5.959608687557E+000 -4.599803842099E-004  7.250412951344E-004 -1.063611317414E-003
  6.067452615683E+000 -3.876715079935E-004  6.186485616883E-004 -9.133999380105E-004
  6.177964996951E+000 -3.246025916148E-004  5.251625371990E-004 -7.819450778187E-004
  6.291234354880E+000 -2.698784626981E-004  4.432694674934E-004 -6.671228819394E-004
  6.407352916949E+000 -2.226700553189E-004  3.717738570130E-004 -5.670225323359E-004
  6.526416802128E+000 -1.822100028705E-004  3.095895599273E-004 -4.799311951312E-004
  6.648526219580E+000 -1.477884257772E-004  2.557310160074E-004 -4.043188314796E-004
  6.773785679311E+000 -1.187489543852E-004  2.093047278023E-004 -3.388230518566E-004
  6.902304215570E+000 -9.448502031589E-005  1.695010678065E-004 -2.822341879241E-004
  7.034195623922E+000 -7.443644172564E-005  1.355864946205E-004 -2.334807467373E-004
  7.169578712934E+000 -5.808631946947E-005  1.068962457716E-004 -1.916153992003E-004
  7.308577571516E+000 -4.495825231553E-005  8.282756216239E-005 -1.558016386908E-004
  7.451321853057E+000 -3.461387034035E-005  6.283348534791E-005 -1.253012270908E-004
  7.597947077547E+000 -2.665067669931E-005  4.641725435913E-005 -9.946252456959E-005
  7.748594953021E+000 -2.070017937997E-005  3.312731397632E-005 -7.770977694160E-005
  7.903413717736E+000 -1.642628657685E-005  2.255293160868E-005 -5.953341087246E-005
  8.062558504629E+000 -1.352393224152E-005  1.432040567644E-005 -4.448136327596E-005
  8.226191729726E+000 -1.171789241588E-005  8.089835031532E-006 -3.215144760253E-005
  8.394483506327E+000 -1.076174838021E-005  3.552406893902E-006 -2.218473701733E-005
  8.567612086926E+000 -1.043694963994E-005  4.281503954247E-007 -1.425992334296E-005
  8.745764335025E+000 -1.055192848928E-005 -1.535905558494E-006 -8.088591689088E-006
  8.929136229160E+000 -1.094121842943E-005 -2.567237505032E-006 -3.411334436284E-006
  9.117933401693E+000 -1.146453112200E-005 -2.869066741049E-006  5.384872234545E-009
  9.312371715124E+000 -1.200575079621E-005 -2.621404794734E-006  2.371716807537E-006
  9.512677878945E+000 -1.247181099849E-005 -1.981975511276E-006  3.876365501837E-006
  9.719090110332E+000 -1.279142609646E-005 -1.087080065227E-006  4.688089392280E-006
  9.931858842267E+000 -1.291365877318E-005 -5.246468628197E-008  4.956868762562E-006
  1.015124748302E+001 -1.280631454945E-005  1.025757746033E-006  4.814840393609E-006
  1.037753323129E+001 -1.245416476939E-005  2.070091451853E-006  4.377091209161E-006
  1.061100795175E+001 -1.185701004601E-005  3.020517713568E-006  3.742391598268E-006
  1.085197911611E+001 -1.102760642806E-005  3.833214347079E-006  2.993935685321E-006
  1.110077081537E+001 -9.989486044060E-006  4.479130614175E-006  2.200140860512E-006
  1.135772484956E+001 -8.774712241976E-006  4.942425775467E-006  1.415543102431E-006
  1.162320190175E+001 -7.421615848292E-006  5.218790809605E-006  6.818087703269E-007
  1.189758280382E+001 -5.972563750516E-006  5.313682678016E-006  2.886835704479E-008
  1.218126990242E+001 -4.471813279349E-006  5.240508431535E-006 -5.238361326845E-007
  1.247468853413E+001 -2.963505648889E-006  5.018802068383E-006 -9.660103736382E-007
  1.277828862002E+001 -1.489848943148E-006  4.672440113102E-006 -1.295103082674E-006
  1.309254639077E+001 -8.953588067738E-008  4.227942280873E-006 -1.514873768134E-006
  1.341796625462E+001  1.203565955924E-006  3.712901354029E-006 -1.633972731435E-006
  1.375508282195E+001  2.361423247675E-006  3.154581706759E-006 -1.664573874816E-006
  1.410446310162E+001  3.362528279608E-006  2.578719086297E-006 -1.621098773004E-006
  1.446670888596E+001  4.192267374755E-006  2.008545729692E-006 -1.519065919854E-006
  1.484245934302E+001  4.842973719946E-006  1.464055192199E-006 -1.374092530659E-006
  1.523239383723E+001  5.313684057138E-006  9.615109733716E-007 -1.201068330949E-006
  1.563723500136E+001  5.609630015103E-006  5.131927584426E-007 -1.013512012838E-006
  1.605775208607E+001  5.741504688562E-006  1.273644366609E-007 -8.231121207934E-007
  1.649476461582E+001  5.724552914125E-006 -1.915604489823E-007 -6.394456364403E-007
  1.694914638379E+001  5.577539128188E-006 -4.426870763835E-007 -4.698599894674E-007
  1.742182982203E+001  5.321649434967E-006 -6.281777777777E-007 -3.194980452271E-007
  1.791381078784E+001  4.979384425174E-006 -7.526996103614E-007 -1.914410975324E-007
  1.842615381215E+001  4.573496387340E-006 -8.228207867697E-007 -8.694217712634E-008
  1.895999786176E+001  4.126019023339E-006 -8.463942045306E-007 -5.721085046284E-009
  1.951656267356E+001  3.657429946760E-006 -8.319628992183E-007  5.370663647530E-008
  2.009715572669E+001  3.185976571721E-006 -7.882172048953E-007  9.369229096487E-008
  2.070317992707E+001  2.727185065726E-006 -7.235271251094E-007  1.171301811597E-007
  2.133614208874E+001  2.293560499083E-006 -6.455663422788E-007  1.271649985983E-007
  2.199766230782E+001  1.894474875217E-006 -5.610368949574E-007  1.269432904925E-007
  2.268948433818E+001  1.536229074201E-006 -4.754963030735E-007  1.194168841527E-007
  2.341348709294E+001  1.222265547393E-006 -3.932822647358E-007  1.072013856533E-007
  2.417169741362E+001  9.535014369574E-007 -3.175243745564E-007  9.248858804803E-008
  2.496630426925E+001  7.287470984424E-007 -2.502279348450E-007  7.700805263303E-008
  2.579967457140E+001  5.451730391327E-007 -1.924120609959E-007  6.203042530904E-008
  2.667437081864E+001  3.987891024983E-007 -1.442830194640E-007  4.840330771405E-008
  2.759317081651E+001  2.849031557618E-007 -1.054240544619E-007  3.660973379787E-008
  2.855908975674E+001  1.985321749138E-007 -7.498470534947E-008  2.683944816633E-008
  2.957540498378E+001  1.347458723908E-007 -5.185552181016E-008  1.906411687517E-008
  3.064568382919E+001  8.893113336005E-008 -3.481778569897E-008  1.310914224628E-008
  3.177381495601E+001  5.697370165564E-008 -2.266192526149E-008  8.716679131077E-009
  3.296404372807E+001  3.536098993102E-008 -1.427232342671E-008  5.596521812274E-009
  3.422101220608E+001  2.121590027041E-008 -8.679776986970E-009  3.463517331880E-009
  3.554980447538E+001  1.227565292869E-008 -5.085641424753E-009  2.061865163832E-009
  3.695599813319E+001  6.831616219717E-009 -2.863502601684E-009  1.177943598960E-009
  3.844572291106E+001  3.646078675890E-009 -1.544999765309E-009  6.440895192368E-010
  4.002572758518E+001  1.860135394955E-009 -7.962734251303E-010  3.360545965544E-010
  4.170345654134E+001  9.038976544882E-010 -3.906313574927E-010  1.667380004974E-010
  4.348713762001E+001  4.166963313918E-010 -1.816925697861E-010  7.837151334038E-011
  4.538588318162E+001  1.814358259075E-010 -7.977584284854E-011  3.474699366030E-011
  4.740980671574E+001  7.424878129827E-011 -3.290402949470E-011  1.446182987529E-011
  4.957015778746E+001  2.840090982548E-011 -1.267947184255E-011  5.619987238292E-012
  5.187947869225E+001  1.009219482949E-011 -4.537084195717E-012  2.026876190267E-012
  5.435178690397E+001  3.308750896523E-012 -1.497285222450E-012  6.738277132635E-013
  5.700278828629E+001  9.931551212478E-013 -4.522162570099E-013  2.049184825559E-013
  5.985012714155E+001  2.705671788132E-013 -1.239205613495E-013  5.651742928885E-014
  6.291368055481E+001  6.625002183346E-014 -3.051083750237E-014  1.399991928175E-014
  6.621590623276E+001  1.441916190532E-014 -6.675407746282E-015  3.080513575122E-015
  6.978225524452E+001  2.754738904604E-015 -1.281639988575E-015  5.946188674771E-016
  7.364166388185E+001  4.554046962819E-016 -2.128710756458E-016  9.926144226033E-017
  7.782714245929E+001  6.409157858164E-017 -3.009166875126E-017  1.409856785579E-017
  8.237648351994E+001  7.536452893046E-018 -3.553344819666E-018  1.672295311023E-018
  8.733311794502E+001  7.246910722889E-019 -3.430465061163E-019  1.621307354970E-019
  9.274715535088E+001  5.558685963984E-020 -2.641264468679E-020  1.253308062230E-020
  9.867665554529E+001  3.304600349616E-021 -1.575843650638E-021  7.505780898922E-022
  1.051891916055E+002  1.472414473355E-022 -7.045274259232E-023  3.367646327775E-023
  1.123637836013E+002  4.727875818519E-024 -2.269503345192E-024  1.088477558074E-024
  1.202933069206E+002  1.044695225179E-025 -5.030120274331E-026  2.420171641417E-026
  1.290875131414E+002  1.504219727139E-027 -7.263643966743E-028  3.505297966501E-028
  1.388768482001E+002  1.322702788649E-029 -6.404625713921E-030  3.099518233510E-030
  1.498173177370E+002  6.572645061865E-032 -3.190777604333E-032  1.548310814849E-032
  1.620967411853E+002  1.680945595260E-034 -8.180394615289E-035  3.979527601316E-035
  1.759428668168E+002  1.975438297145E-037 -9.635853541707E-038  4.698732032528E-038
  1.916340085825E+002  9.287026128445E-041 -4.539977666928E-041  2.218798270848E-041
  2.095131417987E+002  1.472280437567E-044 -7.212141930790E-045  3.532197449768E-045
  2.300068054477E+002  6.363469021115E-049 -3.123292499509E-049  1.532693612534E-049
  2.536507797910E+002  5.741148149620E-054 -2.823011416844E-054  1.387921398129E-054
  2.811254638474E+002  7.701353647501E-060 -3.793393958112E-060  1.868268583507E-060
  3.133053780630E+002  9.930552903432E-067 -4.899307672713E-067  2.416888563820E-067
  3.513296254502E+002  6.972997228101E-075 -3.445371186948E-075  1.702243167297E-075
  3.967041014107E+002  1.257647775590E-084 -6.222815886494E-085  3.078866613730E-085
  4.514529193350E+002  2.121495971408E-096 -1.051087592729E-096  5.207355946037E-097
  5.183481233601E+002  8.388205061720E-111 -4.160954795663E-111  2.063969025450E-111
  6.012676077950E+002  1.121284840113E-128 -5.568351928000E-129  2.765204463398E-129
  7.057700503752E+002  3.156150483818E-151 -1.568973568884E-151  7.799490715980E-152
  8.400513767914E+002  3.119392343515E-180 -1.552159706882E-180  7.723207250759E-181
  1.016602135495E+003  2.110947474874E-218 -1.051270185907E-218  5.235375024786E-219
  1.255220715579E+003  4.946055375081E-270 -2.465069319194E-270  1.228561878067E-270
  1.588815776243E+003  0.000000000000E+000  0.000000000000E+000  0.000000000000E+000
  2.075392011604E+003  0.000000000000E+000  0.000000000000E+000  0.000000000000E+000
  2.825079847528E+003  0.000000000000E+000  0.000000000000E+000  0.000000000000E+000
  4.068408296183E+003  0.000000000000E+000  0.000000000000E+000  0.000000000000E+000
  6.357262947672E+003  0.000000000000E+000  0.000000000000E+000  0.000000000000E+000
  1.130231930164E+004  0.000000000000E+000  0.000000000000E+000  0.000000000000E+000
  2.543105175136E+004  0.000000000000E+000  0.000000000000E+000  0.000000000000E+000
  1.017262069952E+005  0.000000000000E+000  0.000000000000E+000  0.000000000000E+000
