# 1st line: number of mesh points
# rho and r_seitz are calculated from total density
# zeta and r_seitz only correct of rho > 1d-12

# abcissa rho drho ddrho zeta r_seitz
500
  9.830308526563E-006  1.775294190040E+002 -1.080789750990E+003  6.849370311596E+003  0.000000000000E+000  2.566159467332E-001
  3.932200719722E-005  1.774975476568E+002 -1.080587770999E+003  6.848042965529E+003  0.000000000000E+000  2.566313050796E-001
  8.847741541467E-005  1.774444391962E+002 -1.080251207014E+003  6.845831195854E+003  0.000000000000E+000  2.566569054574E-001
  1.573003992805E-004  1.773701092953E+002 -1.079780163013E+003  6.842735713028E+003  0.000000000000E+000  2.566927525685E-001
  2.457963722418E-004  1.772745798886E+002 -1.079174784503E+003  6.838757511290E+003  0.000000000000E+000  2.567388529983E-001
  3.539722959954E-004  1.771578791636E+002 -1.078435258472E+003  6.833897868257E+003  0.000000000000E+000  2.567952152176E-001
  4.818366816529E-004  1.770200415509E+002 -1.077561813313E+003  6.828158344415E+003  0.000000000000E+000  2.568618495866E-001
  6.293995911626E-004  1.768611077114E+002 -1.076554718736E+003  6.821540782486E+003  0.000000000000E+000  2.569387683581E-001
  7.966726389935E-004  1.766811245218E+002 -1.075414285665E+003  6.814047306686E+003  0.000000000000E+000  2.570259856827E-001
  9.836689940782E-004  1.764801450570E+002 -1.074140866119E+003  6.805680321868E+003  0.000000000000E+000  2.571235176139E-001
  1.190403382016E-003  1.762582285710E+002 -1.072734853072E+003  6.796442512552E+003  0.000000000000E+000  2.572313821143E-001
  1.416892087541E-003  1.760154404753E+002 -1.071196680308E+003  6.786336841842E+003  0.000000000000E+000  2.573495990623E-001
  1.663152957245E-003  1.757518523150E+002 -1.069526822248E+003  6.775366550232E+003  0.000000000000E+000  2.574781902600E-001
  1.929205402573E-003  1.754675417424E+002 -1.067725793768E+003  6.763535154293E+003  0.000000000000E+000  2.576171794411E-001
  2.215070403073E-003  1.751625924889E+002 -1.065794150003E+003  6.750846445257E+003  0.000000000000E+000  2.577665922804E-001
  2.520770509919E-003  1.748370943343E+002 -1.063732486127E+003  6.737304487485E+003  0.000000000000E+000  2.579264564031E-001
  2.846329849692E-003  1.744911430737E+002 -1.061541437129E+003  6.722913616820E+003  0.000000000000E+000  2.580968013961E-001
  3.191774128432E-003  1.741248404830E+002 -1.059221677562E+003  6.707678438840E+003  0.000000000000E+000  2.582776588183E-001
  3.557130635959E-003  1.737382942808E+002 -1.056773921288E+003  6.691603826988E+003  0.000000000000E+000  2.584690622139E-001
  3.942428250463E-003  1.733316180897E+002 -1.054198921194E+003  6.674694920606E+003  0.000000000000E+000  2.586710471243E-001
  4.347697443358E-003  1.729049313943E+002 -1.051497468907E+003  6.656957122849E+003  0.000000000000E+000  2.588836511024E-001
  4.772970284417E-003  1.724583594970E+002 -1.048670394484E+003  6.638396098498E+003  0.000000000000E+000  2.591069137266E-001
  5.218280447175E-003  1.719920334728E+002 -1.045718566089E+003  6.619017771661E+003  0.000000000000E+000  2.593408766165E-001
  5.683663214611E-003  1.715060901203E+002 -1.042642889659E+003  6.598828323373E+003  0.000000000000E+000  2.595855834488E-001
  6.169155485101E-003  1.710006719121E+002 -1.039444308552E+003  6.577834189086E+003  0.000000000000E+000  2.598410799743E-001
  6.674795778653E-003  1.704759269418E+002 -1.036123803176E+003  6.556042056054E+003  0.000000000000E+000  2.601074140353E-001
  7.200624243425E-003  1.699320088697E+002 -1.032682390614E+003  6.533458860614E+003  0.000000000000E+000  2.603846355849E-001
  7.746682662519E-003  1.693690768664E+002 -1.029121124223E+003  6.510091785369E+003  0.000000000000E+000  2.606727967056E-001
  8.313014461060E-003  1.687872955538E+002 -1.025441093226E+003  6.485948256261E+003  0.000000000000E+000  2.609719516305E-001
  8.899664713569E-003  1.681868349443E+002 -1.021643422289E+003  6.461035939545E+003  0.000000000000E+000  2.612821567638E-001
  9.506680151615E-003  1.675678703783E+002 -1.017729271079E+003  6.435362738669E+003  0.000000000000E+000  2.616034707035E-001
  1.013410917176E-002  1.669305824588E+002 -1.013699833812E+003  6.408936791046E+003  0.000000000000E+000  2.619359542640E-001
  1.078200184380E-002  1.662751569853E+002 -1.009556338789E+003  6.381766464732E+003  0.000000000000E+000  2.622796705003E-001
  1.145040991929E-002  1.656017848843E+002 -1.005300047913E+003  6.353860355007E+003  0.000000000000E+000  2.626346847327E-001
  1.213938684040E-002  1.649106621390E+002 -1.000932256195E+003  6.325227280862E+003  0.000000000000E+000  2.630010645731E-001
  1.284898774901E-002  1.642019897162E+002 -9.964542912490E+002  6.295876281385E+003  0.000000000000E+000  2.633788799513E-001
  1.357926949620E-002  1.634759734916E+002 -9.918675127683E+002  6.265816612061E+003  0.000000000000E+000  2.637682031433E-001
  1.433029065191E-002  1.627328241736E+002 -9.871733119939E+002  6.235057740978E+003  0.000000000000E+000  2.641691087999E-001
  1.510211151509E-002  1.619727572246E+002 -9.823731111672E+002  6.203609344936E+003  0.000000000000E+000  2.645816739766E-001
  1.589479412397E-002  1.611959927805E+002 -9.774683629705E+002  6.171481305477E+003  0.000000000000E+000  2.650059781648E-001
  1.670840226680E-002  1.604027555690E+002 -9.724605499553E+002  6.138683704821E+003  0.000000000000E+000  2.654421033235E-001
  1.754300149280E-002  1.595932748252E+002 -9.673511839576E+002  6.105226821714E+003  0.000000000000E+000  2.658901339127E-001
  1.839865912351E-002  1.587677842062E+002 -9.621418055020E+002  6.071121127194E+003  0.000000000000E+000  2.663501569274E-001
  1.927544426443E-002  1.579265217033E+002 -9.568339831931E+002  6.036377280275E+003  0.000000000000E+000  2.668222619332E-001
  2.017342781695E-002  1.570697295532E+002 -9.514293130952E+002  6.001006123545E+003  0.000000000000E+000  2.673065411026E-001
  2.109268249069E-002  1.561976541467E+002 -9.459294181006E+002  5.965018678687E+003  0.000000000000E+000  2.678030892531E-001
  2.203328281612E-002  1.553105459363E+002 -9.403359472869E+002  5.928426141919E+003  0.000000000000E+000  2.683120038857E-001
  2.299530515754E-002  1.544086593419E+002 -9.346505752626E+002  5.891239879358E+003  0.000000000000E+000  2.688333852257E-001
  2.397882772639E-002  1.534922526553E+002 -9.288750015022E+002  5.853471422312E+003  0.000000000000E+000  2.693673362635E-001
  2.498393059493E-002  1.525615879420E+002 -9.230109496707E+002  5.815132462492E+003  0.000000000000E+000  2.699139627979E-001
  2.601069571024E-002  1.516169309432E+002 -9.170601669375E+002  5.776234847158E+003  0.000000000000E+000  2.704733734799E-001
  2.705920690860E-002  1.506585509747E+002 -9.110244232804E+002  5.736790574192E+003  0.000000000000E+000  2.710456798583E-001
  2.812954993023E-002  1.496867208251E+002 -9.049055107796E+002  5.696811787107E+003  0.000000000000E+000  2.716309964268E-001
  2.922181243436E-002  1.487017166525E+002 -8.987052429018E+002  5.656310769985E+003  0.000000000000E+000  2.722294406718E-001
  3.033608401473E-002  1.477038178798E+002 -8.924254537756E+002  5.615299942357E+003  0.000000000000E+000  2.728411331224E-001
  3.147245621542E-002  1.466933070880E+002 -8.860679974572E+002  5.573791854012E+003  0.000000000000E+000  2.734661974018E-001
  3.263102254705E-002  1.456704699093E+002 -8.796347471872E+002  5.531799179760E+003  0.000000000000E+000  2.741047602798E-001
  3.381187850339E-002  1.446355949180E+002 -8.731275946399E+002  5.489334714125E+003  0.000000000000E+000  2.747569517275E-001
  3.501512157837E-002  1.435889735205E+002 -8.665484491626E+002  5.446411365985E+003  0.000000000000E+000  2.754229049729E-001
  3.624085128345E-002  1.425308998438E+002 -8.598992370088E+002  5.403042153165E+003  0.000000000000E+000  2.761027565589E-001
  3.748916916538E-002  1.414616706232E+002 -8.531819005625E+002  5.359240196974E+003  0.000000000000E+000  2.767966464022E-001
  3.876017882444E-002  1.403815850887E+002 -8.463983975552E+002  5.315018716689E+003  0.000000000000E+000  2.775047178548E-001
  4.005398593302E-002  1.392909448503E+002 -8.395507002769E+002  5.270391024005E+003  0.000000000000E+000  2.782271177665E-001
  4.137069825459E-002  1.381900537820E+002 -8.326407947788E+002  5.225370517424E+003  0.000000000000E+000  2.789639965498E-001
  4.271042566323E-002  1.370792179051E+002 -8.256706800710E+002  5.179970676618E+003  0.000000000000E+000  2.797155082464E-001
  4.407328016341E-002  1.359587452706E+002 -8.186423673132E+002  5.134205056745E+003  0.000000000000E+000  2.804818105955E-001
  4.545937591035E-002  1.348289458402E+002 -8.115578790001E+002  5.088087282724E+003  0.000000000000E+000  2.812630651047E-001
  4.686882923075E-002  1.336901313671E+002 -8.044192481410E+002  5.041631043488E+003  0.000000000000E+000  2.820594371219E-001
  4.830175864396E-002  1.325426152752E+002 -7.972285174348E+002  4.994850086190E+003  0.000000000000E+000  2.828710959105E-001
  4.975828488365E-002  1.313867125381E+002 -7.899877384400E+002  4.947758210396E+003  0.000000000000E+000  2.836982147259E-001
  5.123853091993E-002  1.302227395573E+002 -7.826989707400E+002  4.900369262233E+003  0.000000000000E+000  2.845409708942E-001
  5.274262198188E-002  1.290510140391E+002 -7.753642811053E+002  4.852697128533E+003  0.000000000000E+000  2.853995458938E-001
  5.427068558066E-002  1.278718548718E+002 -7.679857426507E+002  4.804755730938E+003  0.000000000000E+000  2.862741254388E-001
  5.582285153302E-002  1.266855820018E+002 -7.605654339905E+002  4.756559019998E+003  0.000000000000E+000  2.871648995651E-001
  5.739925198530E-002  1.254925163087E+002 -7.531054383900E+002  4.708120969246E+003  0.000000000000E+000  2.880720627184E-001
  5.900002143803E-002  1.242929794811E+002 -7.456078429150E+002  4.659455569268E+003  0.000000000000E+000  2.889958138458E-001
  6.062529677088E-002  1.230872938906E+002 -7.380747375783E+002  4.610576821755E+003  0.000000000000E+000  2.899363564888E-001
  6.227521726827E-002  1.218757824668E+002 -7.305082144854E+002  4.561498733549E+003  0.000000000000E+000  2.908938988800E-001
  6.394992464542E-002  1.206587685704E+002 -7.229103669781E+002  4.512235310689E+003  0.000000000000E+000  2.918686540416E-001
  6.564956307496E-002  1.194365758676E+002 -7.152832887777E+002  4.462800552454E+003  0.000000000000E+000  2.928608398880E-001
  6.737427921404E-002  1.182095282033E+002 -7.076290731271E+002  4.413208445403E+003  0.000000000000E+000  2.938706793300E-001
  6.912422223211E-002  1.169779494742E+002 -6.999498119330E+002  4.363472957423E+003  0.000000000000E+000  2.948984003829E-001
  7.089954383907E-002  1.157421635023E+002 -6.922475949084E+002  4.313608031786E+003  0.000000000000E+000  2.959442362774E-001
  7.270039831418E-002  1.145024939078E+002 -6.845245087155E+002  4.263627581215E+003  0.000000000000E+000  2.970084255734E-001
  7.452694253540E-002  1.132592639823E+002 -6.767826361097E+002  4.213545481959E+003  0.000000000000E+000  2.980912122783E-001
  7.637933600943E-002  1.120127965622E+002 -6.690240550856E+002  4.163375567892E+003  0.000000000000E+000  2.991928459667E-001
  7.825774090225E-002  1.107634139016E+002 -6.612508380242E+002  4.113131624628E+003  0.000000000000E+000  3.003135819057E-001
  8.016232207035E-002  1.095114375461E+002 -6.534650508428E+002  4.062827383659E+003  0.000000000000E+000  3.014536811822E-001
  8.209324709253E-002  1.082571882067E+002 -6.456687521476E+002  4.012476516517E+003  0.000000000000E+000  3.026134108349E-001
  8.405068630235E-002  1.070009856335E+002 -6.378639923898E+002  3.962092628970E+003  0.000000000000E+000  3.037930439895E-001
  8.603481282122E-002  1.057431484902E+002 -6.300528130247E+002  3.911689255246E+003  0.000000000000E+000  3.049928599985E-001
  8.804580259214E-002  1.044839942294E+002 -6.222372456756E+002  3.861279852293E+003  0.000000000000E+000  3.062131445846E-001
  9.008383441408E-002  1.032238389671E+002 -6.144193113020E+002  3.810877794083E+003  0.000000000000E+000  3.074541899881E-001
  9.214908997710E-002  1.019629973593E+002 -6.066010193722E+002  3.760496365946E+003  0.000000000000E+000  3.087162951195E-001
  9.424175389809E-002  1.007017824784E+002 -5.987843670424E+002  3.710148758965E+003  0.000000000000E+000  3.099997657156E-001
  9.636201375725E-002  9.944050569012E+001 -5.909713383408E+002  3.659848064405E+003  0.000000000000E+000  3.113049145011E-001
  9.851006013526E-002  9.817947653146E+001 -5.831639033585E+002  3.609607268202E+003  0.000000000000E+000  3.126320613540E-001
  1.006860866512E-001  9.691900258967E+001 -5.753640174467E+002  3.559439245504E+003  0.000000000000E+000  3.139815334769E-001
  1.028902900012E-001  9.565938938167E+001 -5.675736204219E+002  3.509356755273E+003  0.000000000000E+000  3.153536655728E-001
  1.051228699979E-001  9.440094023464E+001 -5.597946357781E+002  3.459372434940E+003  0.000000000000E+000  3.167488000262E-001
  1.073840296104E-001  9.314395616751E+001 -5.520289699071E+002  3.409498795138E+003  0.000000000000E+000  3.181672870897E-001
  1.096739750056E-001  9.188873577362E+001 -5.442785113285E+002  3.359748214490E+003  0.000000000000E+000  3.196094850762E-001
  1.119929155896E-001  9.063557510441E+001 -5.365451299269E+002  3.310132934475E+003  0.000000000000E+000  3.210757605572E-001
  1.143410640503E-001  8.938476755435E+001 -5.288306762005E+002  3.260665054366E+003  0.000000000000E+000  3.225664885663E-001
  1.167186364011E-001  8.813660374712E+001 -5.211369805183E+002  3.211356526249E+003  0.000000000000E+000  3.240820528093E-001
  1.191258520249E-001  8.689137142313E+001 -5.134658523884E+002  3.162219150117E+003  0.000000000000E+000  3.256228458810E-001
  1.215629337189E-001  8.564935532839E+001 -5.058190797370E+002  3.113264569050E+003  0.000000000000E+000  3.271892694884E-001
  1.240301077413E-001  8.441083710492E+001 -4.981984281986E+002  3.064504264487E+003  0.000000000000E+000  3.287817346801E-001
  1.265276038575E-001  8.317609518256E+001 -4.906056404183E+002  3.015949551578E+003  0.000000000000E+000  3.304006620835E-001
  1.290556553882E-001  8.194540467245E+001 -4.830424353656E+002  2.967611574642E+003  0.000000000000E+000  3.320464821491E-001
  1.316144992580E-001  8.071903726216E+001 -4.755105076621E+002  2.919501302708E+003  0.000000000000E+000  3.337196354022E-001
  1.342043760450E-001  7.949726111250E+001 -4.680115269206E+002  2.871629525167E+003  0.000000000000E+000  3.354205727024E-001
  1.368255300316E-001  7.828034075612E+001 -4.605471370996E+002  2.824006847519E+003  0.000000000000E+000  3.371497555115E-001
  1.394782092560E-001  7.706853699795E+001 -4.531189558699E+002  2.776643687227E+003  0.000000000000E+000  3.389076561691E-001
  1.421626655646E-001  7.586210681756E+001 -4.457285739973E+002  2.729550269684E+003  0.000000000000E+000  3.406947581772E-001
  1.448791546661E-001  7.466130327349E+001 -4.383775547390E+002  2.682736624283E+003  0.000000000000E+000  3.425115564942E-001
  1.476279361856E-001  7.346637540959E+001 -4.310674332554E+002  2.636212580611E+003  0.000000000000E+000  3.443585578373E-001
  1.504092737207E-001  7.227756816347E+001 -4.237997160379E+002  2.589987764748E+003  0.000000000000E+000  3.462362809949E-001
  1.532234348983E-001  7.109512227707E+001 -4.165758803526E+002  2.544071595698E+003  0.000000000000E+000  3.481452571490E-001
  1.560706914324E-001  6.991927420953E+001 -4.093973737005E+002  2.498473281935E+003  0.000000000000E+000  3.500860302078E-001
  1.589513191834E-001  6.875025605225E+001 -4.022656132940E+002  2.453201818077E+003  0.000000000000E+000  3.520591571488E-001
  1.618655982178E-001  6.758829544629E+001 -3.951819855517E+002  2.408265981683E+003  0.000000000000E+000  3.540652083731E-001
  1.648138128702E-001  6.643361550224E+001 -3.881478456100E+002  2.363674330187E+003  0.000000000000E+000  3.561047680711E-001
  1.677962518056E-001  6.528643472242E+001 -3.811645168527E+002  2.319435197963E+003  0.000000000000E+000  3.581784345998E-001
  1.708132080832E-001  6.414696692572E+001 -3.742332904594E+002  2.275556693519E+003  0.000000000000E+000  3.602868208729E-001
  1.738649792215E-001  6.301542117485E+001 -3.673554249724E+002  2.232046696836E+003  0.000000000000E+000  3.624305547630E-001
  1.769518672648E-001  6.189200170635E+001 -3.605321458825E+002  2.188912856842E+003  0.000000000000E+000  3.646102795173E-001
  1.800741788507E-001  6.077690786319E+001 -3.537646452341E+002  2.146162589031E+003  0.000000000000E+000  3.668266541873E-001
  1.832322252791E-001  5.967033403006E+001 -3.470540812507E+002  2.103803073222E+003  0.000000000000E+000  3.690803540720E-001
  1.864263225826E-001  5.857246957152E+001 -3.404015779794E+002  2.061841251466E+003  0.000000000000E+000  3.713720711761E-001
  1.896567915983E-001  5.748349877287E+001 -3.338082249568E+002  2.020283826102E+003  0.000000000000E+000  3.737025146838E-001
  1.929239580409E-001  5.640360078398E+001 -3.272750768942E+002  1.979137257958E+003  0.000000000000E+000  3.760724114482E-001
  1.962281525771E-001  5.533294956594E+001 -3.208031533852E+002  1.938407764711E+003  0.000000000000E+000  3.784825064967E-001
  1.995697109023E-001  5.427171384075E+001 -3.143934386332E+002  1.898101319387E+003  0.000000000000E+000  3.809335635543E-001
  2.029489738173E-001  5.322005704392E+001 -3.080468812009E+002  1.858223649032E+003  0.000000000000E+000  3.834263655838E-001
  2.063662873085E-001  5.217813728020E+001 -3.017643937814E+002  1.818780233523E+003  0.000000000000E+000  3.859617153453E-001
  2.098220026275E-001  5.114610728230E+001 -2.955468529909E+002  1.779776304544E+003  0.000000000000E+000  3.885404359737E-001
  2.133164763746E-001  5.012411437282E+001 -2.893950991842E+002  1.741216844721E+003  0.000000000000E+000  3.911633715770E-001
  2.168500705817E-001  4.911230042922E+001 -2.833099362911E+002  1.703106586910E+003  0.000000000000E+000  3.938313878547E-001
  2.204231527988E-001  4.811080185210E+001 -2.772921316767E+002  1.665450013654E+003  0.000000000000E+000  3.965453727376E-001
  2.240360961807E-001  4.711974953655E+001 -2.713424160234E+002  1.628251356789E+003  0.000000000000E+000  3.993062370503E-001
  2.276892795770E-001  4.613926884688E+001 -2.654614832361E+002  1.591514597222E+003  0.000000000000E+000  4.021149151963E-001
  2.313830876220E-001  4.516947959455E+001 -2.596499903699E+002  1.555243464865E+003  0.000000000000E+000  4.049723658672E-001
  2.351179108282E-001  4.421049601938E+001 -2.539085575809E+002  1.519441438737E+003  0.000000000000E+000  4.078795727774E-001
  2.388941456809E-001  4.326242677415E+001 -2.482377681006E+002  1.484111747220E+003  0.000000000000E+000  4.108375454240E-001
  2.427121947345E-001  4.232537491245E+001 -2.426381682327E+002  1.449257368486E+003  0.000000000000E+000  4.138473198743E-001
  2.465724667110E-001  4.139943787994E+001 -2.371102673734E+002  1.414881031083E+003  0.000000000000E+000  4.169099595813E-001
  2.504753766009E-001  4.048470750898E+001 -2.316545380551E+002  1.380985214686E+003  0.000000000000E+000  4.200265562281E-001
  2.544213457654E-001  3.958127001662E+001 -2.262714160132E+002  1.347572151004E+003  0.000000000000E+000  4.231982306031E-001
  2.584108020414E-001  3.868920600600E+001 -2.209613002764E+002  1.314643824860E+003  0.000000000000E+000  4.264261335067E-001
  2.624441798480E-001  3.780859047111E+001 -2.157245532797E+002  1.282201975421E+003  0.000000000000E+000  4.297114466909E-001
  2.665219202956E-001  3.693949280501E+001 -2.105615010014E+002  1.250248097597E+003  0.000000000000E+000  4.330553838330E-001
  2.706444712976E-001  3.608197681142E+001 -2.054724331225E+002  1.218783443595E+003  0.000000000000E+000  4.364591915452E-001
  2.748122876832E-001  3.523610071972E+001 -2.004576032095E+002  1.187809024633E+003  0.000000000000E+000  4.399241504214E-001
  2.790258313137E-001  3.440191720334E+001 -1.955172289204E+002  1.157325612814E+003  0.000000000000E+000  4.434515761225E-001
  2.832855712010E-001  3.357947340156E+001 -1.906514922328E+002  1.127333743149E+003  0.000000000000E+000  4.470428205019E-001
  2.875919836279E-001  3.276881094467E+001 -1.858605396955E+002  1.097833715745E+003  0.000000000000E+000  4.506992727731E-001
  2.919455522717E-001  3.196996598251E+001 -1.811444827023E+002  1.068825598137E+003  0.000000000000E+000  4.544223607209E-001
  2.963467683296E-001  3.118296921638E+001 -1.765033977877E+002  1.040309227776E+003  0.000000000000E+000  4.582135519580E-001
  3.007961306479E-001  3.040784593421E+001 -1.719373269452E+002  1.012284214666E+003  0.000000000000E+000  4.620743552294E-001
  3.052941458522E-001  2.964461604914E+001 -1.674462779675E+002  9.847499441434E+002  0.000000000000E+000  4.660063217655E-001
  3.098413284823E-001  2.889329414133E+001 -1.630302248083E+002  9.577055798077E+002  0.000000000000E+000  4.700110466872E-001
  3.144382011281E-001  2.815388950300E+001 -1.586891079646E+002  9.311500665907E+002  0.000000000000E+000  4.740901704645E-001
  3.190852945695E-001  2.742640618673E+001 -1.544228348815E+002  9.050821339657E+002  0.000000000000E+000  4.782453804311E-001
  3.237831479192E-001  2.671084305696E+001 -1.502312803766E+002  8.795002992945E+002  0.000000000000E+000  4.824784123566E-001
  3.285323087679E-001  2.600719384460E+001 -1.461142870849E+002  8.544028713073E+002  0.000000000000E+000  4.867910520804E-001
  3.333333333333E-001  2.531544720477E+001 -1.420716659241E+002  8.297879537145E+002  0.000000000000E+000  4.911851372081E-001
  3.381867866117E-001  2.463558677757E+001 -1.381031965792E+002  8.056534489456E+002  0.000000000000E+000  4.956625588739E-001
  3.430932425333E-001  2.396759125196E+001 -1.342086280065E+002  7.819970620123E+002  0.000000000000E+000  5.002252635727E-001
  3.480532841203E-001  2.331143443244E+001 -1.303876789557E+002  7.588163044925E+002  0.000000000000E+000  5.048752550623E-001
  3.530675036492E-001  2.266708530880E+001 -1.266400385114E+002  7.361084986316E+002  0.000000000000E+000  5.096145963416E-001
  3.581365028158E-001  2.203450812865E+001 -1.229653666513E+002  7.138707815561E+002  0.000000000000E+000  5.144454117061E-001
  3.632608929041E-001  2.141366247266E+001 -1.193632948222E+002  6.921001095974E+002  0.000000000000E+000  5.193698888848E-001
  3.684412949588E-001  2.080450333272E+001 -1.158334265332E+002  6.707932627204E+002  0.000000000000E+000  5.243902812611E-001
  3.736783399619E-001  2.020698119254E+001 -1.123753379640E+002  6.499468490525E+002  0.000000000000E+000  5.295089101831E-001
  3.789726690123E-001  1.962104211100E+001 -1.089885785901E+002  6.295573095096E+002  0.000000000000E+000  5.347281673644E-001
  3.843249335105E-001  1.904662780791E+001 -1.056726718224E+002  6.096209225139E+002  0.000000000000E+000  5.400505173817E-001
  3.897357953460E-001  1.848367575230E+001 -1.024271156615E+002  5.901338087991E+002  0.000000000000E+000  5.454785002713E-001
  3.952059270903E-001  1.793211925296E+001 -9.925138336548E+001  5.710919362979E+002  0.000000000000E+000  5.510147342303E-001
  4.007360121927E-001  1.739188755134E+001 -9.614492413170E+001  5.524911251075E+002  0.000000000000E+000  5.566619184257E-001
  4.063267451812E-001  1.686290591660E+001 -9.310716379042E+001  5.343270525278E+002  0.000000000000E+000  5.624228359157E-001
  4.119788318683E-001  1.634509574279E+001 -9.013750551072E+001  5.165952581673E+002  0.000000000000E+000  5.683003566893E-001
  4.176929895600E-001  1.583837464801E+001 -8.723533051745E+001  4.992911491110E+002  0.000000000000E+000  5.742974408268E-001
  4.234699472710E-001  1.534265657553E+001 -8.439999881877E+001  4.824100051461E+002  0.000000000000E+000  5.804171417884E-001
  4.293104459435E-001  1.485785189667E+001 -8.163084994345E+001  4.659469840394E+002  0.000000000000E+000  5.866626098339E-001
  4.352152386716E-001  1.438386751546E+001 -7.892720368716E+001  4.498971268607E+002  0.000000000000E+000  5.930370955802E-001
  4.411850909306E-001  1.392060697494E+001 -7.628836086711E+001  4.342553633479E+002  0.000000000000E+000  5.995439537009E-001
  4.472207808110E-001  1.346797056490E+001 -7.371360408423E+001  4.190165173061E+002  0.000000000000E+000  6.061866467745E-001
  4.533230992589E-001  1.302585543115E+001 -7.120219849202E+001  4.041753120383E+002  0.000000000000E+000  6.129687492857E-001
  4.594928503202E-001  1.259415568597E+001 -6.875339257149E+001  3.897263757978E+002  0.000000000000E+000  6.198939517860E-001
  4.657308513924E-001  1.217276251993E+001 -6.636641891117E+001  3.756642472610E+002  0.000000000000E+000  6.269660652191E-001
  4.720379334802E-001  1.176156431461E+001 -6.404049499161E+001  3.619833810110E+002  0.000000000000E+000  6.341890254178E-001
  4.784149414579E-001  1.136044675650E+001 -6.177482397334E+001  3.486781530293E+002  0.000000000000E+000  6.415668977760E-001
  4.848627343381E-001  1.096929295159E+001 -5.956859548768E+001  3.357428661869E+002  0.000000000000E+000  6.491038821045E-001
  4.913821855461E-001  1.058798354087E+001 -5.742098642939E+001  3.231717557318E+002  0.000000000000E+000  6.568043176737E-001
  4.979741832006E-001  1.021639681635E+001 -5.533116175051E+001  3.109589947651E+002  0.000000000000E+000  6.646726884506E-001
  5.046396304008E-001  9.854408837677E+000 -5.329827525441E+001  2.990986997001E+002  0.000000000000E+000  6.727136285342E-001
  5.113794455212E-001  9.501893549118E+000 -5.132147038934E+001  2.875849357000E+002  0.000000000000E+000  6.809319277962E-001
  5.181945625116E-001  9.158722896875E+000 -4.939988104056E+001  2.764117220862E+002  0.000000000000E+000  6.893325377297E-001
  5.250859312060E-001  8.824766946524E+000 -4.753263232026E+001  2.655730377137E+002  0.000000000000E+000  6.979205775127E-001
  5.320545176366E-001  8.499894000542E+000 -4.571884135443E+001  2.550628263062E+002  0.000000000000E+000  7.067013402884E-001
  5.391013043575E-001  8.183970715750E+000 -4.395761806593E+001  2.448750017459E+002  0.000000000000E+000  7.156802996672E-001
  5.462272907741E-001  7.876862220579E+000 -4.224806595276E+001  2.350034533127E+002  0.000000000000E+000  7.248631164517E-001
  5.534334934816E-001  7.578432232034E+000 -4.058928286088E+001  2.254420508667E+002  0.000000000000E+000  7.342556455875E-001
  5.607209466109E-001  7.288543172242E+000 -3.898036175078E+001  2.161846499685E+002  0.000000000000E+000  7.438639433394E-001
  5.680907021827E-001  7.007056284454E+000 -3.742039145681E+001  2.072250969334E+002  0.000000000000E+000  7.536942746921E-001
  5.755438304707E-001  6.733831748404E+000 -3.590845743873E+001  1.985572338111E+002  0.000000000000E+000  7.637531209734E-001
  5.830814203728E-001  6.468728794897E+000 -3.444364252452E+001  1.901749032900E+002  0.000000000000E+000  7.740471876953E-001
  5.907045797917E-001  6.211605819519E+000 -3.302502764377E+001  1.820719535167E+002  0.000000000000E+000  7.845834126058E-001
  5.984144360243E-001  5.962320495349E+000 -3.165169255089E+001  1.742422428293E+002  0.000000000000E+000  7.953689739427E-001
  6.062121361613E-001  5.720729884571E+000 -3.032271653734E+001  1.666796443979E+002  0.000000000000E+000  8.064112988759E-001
  6.140988474955E-001  5.486690548874E+000 -2.903717913234E+001  1.593780507676E+002  0.000000000000E+000  8.177180721241E-001
  6.220757579409E-001  5.260058658529E+000 -2.779416079105E+001  1.523313783005E+002  0.000000000000E+000  8.292972447228E-001
  6.301440764614E-001  5.040690100048E+000 -2.659274356994E+001  1.455335715117E+002  0.000000000000E+000  8.411570429213E-001
  6.383050335109E-001  4.828440582313E+000 -2.543201178828E+001  1.389786072957E+002  0.000000000000E+000  8.533059771764E-001
  6.465598814833E-001  4.623165741080E+000 -2.431105267546E+001  1.326604990376E+002  0.000000000000E+000  8.657528512054E-001
  6.549098951744E-001  4.424721241769E+000 -2.322895700331E+001  1.265733006084E+002  0.000000000000E+000  8.785067710554E-001
  6.633563722545E-001  4.232962880429E+000 -2.218481970287E+001  1.207111102373E+002  0.000000000000E+000  8.915771541341E-001
  6.719006337539E-001  4.047746682805E+000 -2.117774046517E+001  1.150680742605E+002  0.000000000000E+000  9.049737381396E-001
  6.805440245593E-001  3.868929001412E+000 -2.020682432526E+001  1.096383907410E+002  0.000000000000E+000  9.187065898166E-001
  6.892879139233E-001  3.696366610531E+000 -1.927118222924E+001  1.044163129585E+002  0.000000000000E+000  9.327861134490E-001
  6.981336959871E-001  3.529916799054E+000 -1.836993158361E+001  9.939615276508E+001  0.000000000000E+000  9.472230589904E-001
  7.070827903152E-001  3.369437461099E+000 -1.750219678655E+001  9.457228380496E+001  0.000000000000E+000  9.620285297120E-001
  7.161366424455E-001  3.214787184318E+000 -1.666710974078E+001  8.993914459558E+001  0.000000000000E+000  9.772139892323E-001
  7.252967244510E-001  3.065825335839E+000 -1.586381034753E+001  8.549124146839E+001  0.000000000000E+000  9.927912677685E-001
  7.345645355186E-001  2.922412145779E+000 -1.509144698133E+001  8.122315136718E+001  0.000000000000E+000  1.008772567427E+000
  7.439416025400E-001  2.784408788257E+000 -1.434917694520E+001  7.712952450258E+001  0.000000000000E+000  1.025170466323E+000
  7.534294807203E-001  2.651677459873E+000 -1.363616690615E+001  7.320508686124E+001  0.000000000000E+000  1.041997921286E+000
  7.630297542000E-001  2.524081455577E+000 -1.295159331050E+001  6.944464256873E+001  0.000000000000E+000  1.059268268873E+000
  7.727440366954E-001  2.401485241918E+000 -1.229464277903E+001  6.584307610539E+001  0.000000000000E+000  1.076995224378E+000
  7.825739721536E-001  2.283754527592E+000 -1.166451248160E+001  6.239535437433E+001  0.000000000000E+000  1.095192878470E+000
  7.925212354258E-001  2.170756331296E+000 -1.106041049126E+001  5.909652862157E+001  0.000000000000E+000  1.113875691056E+000
  8.025875329584E-001  2.062359046822E+000 -1.048155611763E+001  5.594173620809E+001  0.000000000000E+000  1.133058481899E+000
  8.127746035011E-001  1.958432505392E+000 -9.927180219539E+000  5.292620223394E+001  0.000000000000E+000  1.152756417463E+000
  8.230842188350E-001  1.858848035198E+000 -9.396525496918E+000  5.004524101515E+001  0.000000000000E+000  1.172984993403E+000
  8.335181845190E-001  1.763478518139E+000 -8.888846761862E+000  4.729425741381E+001  0.000000000000E+000  1.193760012019E+000
  8.440783406568E-001  1.672198443749E+000 -8.403411189042E+000  4.466874802259E+001  0.000000000000E+000  1.215097553925E+000
  8.547665626839E-001  1.584883960298E+000 -7.939498545448E+000  4.216430220476E+001  0.000000000000E+000  1.237013943112E+000
  8.655847621758E-001  1.501412923084E+000 -7.496401399637E+000  3.977660299127E+001  0.000000000000E+000  1.259525704458E+000
  8.765348876780E-001  1.421664939904E+000 -7.073425310621E+000  3.750142783657E+001  0.000000000000E+000  1.282649512650E+000
  8.876189255584E-001  1.345521413725E+000 -6.669888996613E+000  3.533464923520E+001  0.000000000000E+000  1.306402131402E+000
  8.988389008829E-001  1.272865582569E+000 -6.285124483843E+000  3.327223520126E+001  0.000000000000E+000  1.330800341683E+000
  9.101968783143E-001  1.203582556625E+000 -5.918477235720E+000  3.131024961332E+001  0.000000000000E+000  1.355860857634E+000
  9.216949630368E-001  1.137559352622E+000 -5.569306262640E+000  2.944485242735E+001  0.000000000000E+000  1.381600228658E+000
  9.333353017046E-001  1.074684925478E+000 -5.236984212770E+000  2.767229976060E+001  0.000000000000E+000  1.408034726129E+000
  9.451200834176E-001  1.014850197274E+000 -4.920897444180E+000  2.598894384945E+001  0.000000000000E+000  1.435180213030E+000
  9.570515407237E-001  9.579480835809E-001 -4.620446078718E+000  2.439123288467E+001  0.000000000000E+000  1.463051994743E+000
  9.691319506484E-001  9.038735171730E-001 -4.335044038046E+000  2.287571072744E+001  0.000000000000E+000  1.491664649190E+000
  9.813636357544E-001  8.525234691931E-001 -4.064119062315E+000  2.143901650991E+001  0.000000000000E+000  1.521031834455E+000
  9.937489652293E-001  8.037969677974E-001 -3.807112711939E+000  2.007788412411E+001  0.000000000000E+000  1.551166072079E+000
  1.006290356005E+000  7.575951143429E-001 -3.563480352985E+000  1.878914160324E+001  0.000000000000E+000  1.582078504281E+000
  1.018990273907E+000  7.138210971682E-001 -3.332691126720E+000  1.756971039956E+001  0.000000000000E+000  1.613778623532E+000
  1.031851234841E+000  6.723802030261E-001 -3.114227903852E+000  1.641660456308E+001  0.000000000000E+000  1.646273973186E+000
  1.044875806003E+000  6.331798262275E-001 -2.907587224059E+000  1.532692982568E+001  0.000000000000E+000  1.679569818251E+000
  1.058066607138E+000  5.961294755591E-001 -2.712279221382E+000  1.429788259509E+001  0.000000000000E+000  1.713668785955E+000
  1.071426311823E+000  5.611407790387E-001 -2.527827536101E+000  1.332674886339E+001  0.000000000000E+000  1.748570476471E+000
  1.084957648792E+000  5.281274865746E-001 -2.353769213719E+000  1.241090303499E+001  0.000000000000E+000  1.784271045136E+000
  1.098663403298E+000  4.970054705961E-001 -2.189654591684E+000  1.154780667867E+001  0.000000000000E+000  1.820762758666E+000
  1.112546418516E+000  4.676927247227E-001 -2.035047174498E+000  1.073500720872E+001  0.000000000000E+000  1.858033529337E+000
  1.126609596985E+000  4.401093605428E-001 -1.889523497863E+000  9.970136500243E+000  0.000000000000E+000  1.896066432854E+000
  1.140855902095E+000  4.141776025691E-001 -1.752672982534E+000  9.250909443342E+000  0.000000000000E+000  1.934839217634E+000
  1.155288359613E+000  3.898217814429E-001 -1.624097778522E+000  8.575122441458E+000  0.000000000000E+000  1.974323815588E+000
  1.169910059257E+000  3.669683254549E-001 -1.503412600329E+000  7.940651858722E+000  0.000000000000E+000  2.014485867012E+000
  1.184724156317E+000  3.455457504523E-001 -1.390244553864E+000  7.345452421369E+000  0.000000000000E+000  2.055284274979E+000
  1.199733873325E+000  3.254846482004E-001 -1.284232955695E+000  6.787555578182E+000  0.000000000000E+000  2.096670807397E+000
  1.214942501771E+000  3.067176732668E-001 -1.185029145300E+000  6.265067824901E+000  0.000000000000E+000  2.138589767689E+000
  1.230353403874E+000  2.891795284919E-001 -1.092296290948E+000  5.776168997459E+000  0.000000000000E+000  2.180977757471E+000
  1.245970014403E+000  2.728069491123E-001 -1.005709189844E+000  5.319110538852E+000  0.000000000000E+000  2.223763556559E+000
  1.261795842559E+000  2.575386855991E-001 -9.249540631555E-001  4.892213744357E+000  0.000000000000E+000  2.266868146740E+000
  1.277834473907E+000  2.433154852697E-001 -8.497283465245E-001  4.493867989701E+000  0.000000000000E+000  2.310204905681E+000
  1.294089572372E+000  2.300800727343E-001 -7.797404766501E-001  4.122528946676E+000  0.000000000000E+000  2.353679995827E+000
  1.310564882294E+000  2.177771292303E-001 -7.147096745066E-001  3.776716790569E+000  0.000000000000E+000  2.397192969810E+000
  1.327264230548E+000  2.063532708986E-001 -6.543657257432E-001  3.455014403608E+000  0.000000000000E+000  2.440637608483E+000
  1.344191528724E+000  1.957570260522E-001 -5.984487587874E-001  3.156065578510E+000  0.000000000000E+000  2.483903000222E+000
  1.361350775387E+000  1.859388114854E-001 -5.467090211504E-001  2.878573225997E+000  0.000000000000E+000  2.526874860457E+000
  1.378746058390E+000  1.768509078656E-001 -4.989066544064E-001  2.621297590022E+000  0.000000000000E+000  2.569437078963E+000
  1.396381557275E+000  1.684474342527E-001 -4.548114682929E-001  2.383054474195E+000  0.000000000000E+000  2.611473469678E+000
  1.414261545744E+000  1.606843217818E-001 -4.142027143474E-001  2.162713482768E+000  0.000000000000E+000  2.652869684506E+000
  1.432390394201E+000  1.535192865473E-001 -3.768688594715E-001  1.959196279268E+000  0.000000000000E+000  2.693515239723E+000
  1.450772572390E+000  1.469118017187E-001 -3.426073597800E-001  1.771474865692E+000  0.000000000000E+000  2.733305592362E+000
  1.469412652102E+000  1.408230689207E-001 -3.112244350667E-001  1.598569884943E+000  0.000000000000E+000  2.772144195426E+000
  1.488315309978E+000  1.352159889028E-001 -2.825348441843E-001  1.439548948950E+000  0.000000000000E+000  2.809944456104E+000
  1.507485330398E+000  1.300551315242E-001 -2.563616616097E-001  1.293524994721E+000  0.000000000000E+000  2.846631521036E+000
  1.526927608467E+000  1.253067050768E-001 -2.325360554333E-001  1.159654670284E+000  0.000000000000E+000  2.882143817562E+000
  1.546647153093E+000  1.209385249659E-001 -2.108970669838E-001  1.037136752317E+000  0.000000000000E+000  2.916434289718E+000
  1.566649090169E+000  1.169199817678E-001 -1.912913922692E-001  9.252105969612E-001  0.000000000000E+000  2.949471281804E+000
  1.586938665861E+000  1.132220086814E-001 -1.735731653894E-001  8.231546251293E-001  0.000000000000E+000  2.981239039787E+000
  1.607521250000E+000  1.098170483890E-001 -1.576037440476E-001  7.302848433821E-001  0.000000000000E+000  3.011737819979E+000
  1.628402339588E+000  1.066790193430E-001 -1.432514972630E-001  6.459534012125E-001  0.000000000000E+000  3.040983613923E+000
  1.649587562420E+000  1.037832814905E-001 -1.303915953640E-001  5.695471853756E-001  0.000000000000E+000  3.069007516621E+000
  1.671082680832E+000  1.011066014528E-001 -1.189058023204E-001  5.004864516891E-001  0.000000000000E+000  3.095854780680E+000
  1.692893595565E+000  9.862711717281E-002 -1.086822704502E-001  4.382234945276E-001  0.000000000000E+000  3.121583610765E+000
  1.715026349769E+000  9.632430204599E-002 -9.961533752214E-002  3.822413540513E-001  0.000000000000E+000  3.146263760245E+000
  1.737487133138E+000  9.417892855183E-002 -9.160532625919E-002  3.320525610261E-001  0.000000000000E+000  3.169974994961E+000
  1.760282286187E+000  9.217303140302E-002 -8.455834623251E-002  2.871979189337E-001  0.000000000000E+000  3.192805488076E+000
  1.783418304674E+000  9.028987023239E-002 -7.838609812841E-002  2.472453229155E-001  0.000000000000E+000  3.214850205381E+000
  1.806901844175E+000  8.851389183948E-002 -7.300568036023E-002  2.117886149591E-001  0.000000000000E+000  3.236209333286E+000
  1.830739724818E+000  8.683069202125E-002 -6.833939799260E-002  1.804464746165E-001  0.000000000000E+000  3.256986792769E+000
  1.854938936184E+000  8.522697701435E-002 -6.431457394225E-002  1.528613444376E-001  0.000000000000E+000  3.277288872808E+000
  1.879506642368E+000  8.369052457980E-002 -6.086336241919E-002  1.286983892130E-001  0.000000000000E+000  3.297223006979E+000
  1.904450187236E+000  8.221014476401E-002 -5.792256457400E-002  1.076444880507E-001  0.000000000000E+000  3.316896707672E+000
  1.929777099847E+000  8.077564037423E-002 -5.543344632142E-002  8.940725825431E-002  0.000000000000E+000  3.336416664179E+000
  1.955495100083E+000  7.937776721014E-002 -5.334155831691E-002  7.371410993394E-002  0.000000000000E+000  3.355888004028E+000
  1.981612104475E+000  7.800819409739E-002 -5.159655807182E-002  6.031133025745E-002  0.000000000000E+000  3.375413711451E+000
  2.008136232230E+000  7.665946277304E-002 -5.015203420288E-002  4.896319624557E-002  0.000000000000E+000  3.395094192875E+000
  2.035075811486E+000  7.532494767690E-002 -4.896533282457E-002  3.945111502295E-002  0.000000000000E+000  3.415026976554E+000
  2.062439385788E+000  7.399881570682E-002 -4.799738610610E-002  3.157279046151E-002  0.000000000000E+000  3.435306531909E+000
  2.090235720801E+000  7.267598599999E-002 -4.721254302972E-002  2.514141519013E-002  0.000000000000E+000  3.456024193491E+000
  2.118473811262E+000  7.135208980595E-002 -4.657840240278E-002  1.998488699417E-002  0.000000000000E+000  3.477268174636E+000
  2.147162888201E+000  7.002343052075E-002 -4.606564819210E-002  1.594504868933E-002  0.000000000000E+000  3.499123656525E+000
  2.176312426413E+000  6.868694395449E-002 -4.564788726553E-002  1.287695062409E-002  0.000000000000E+000  3.521672939481E+000
  2.205932152222E+000  6.734015890781E-002 -4.530148964209E-002  1.064813504342E-002  0.000000000000E+000  3.544995644597E+000
  2.236032051522E+000  6.598115813483E-002 -4.500543136765E-002  9.137941630169E-003  0.000000000000E+000  3.569168955300E+000
  2.266622378129E+000  6.460853977216E-002 -4.474114014855E-002  8.236833629197E-003  0.000000000000E+000  3.594267889851E+000
  2.297713662445E+000  6.322137931492E-002 -4.449234388909E-002  7.845744050562E-003  0.000000000000E+000  3.620365597300E+000
  2.329316720450E+000  6.181919222135E-002 -4.424492229174E-002  7.875441539545E-003  0.000000000000E+000  3.647533670727E+000
  2.361442663038E+000  6.040189722777E-002 -4.398676168944E-002  8.245915592324E-003  0.000000000000E+000  3.675842472888E+000
  2.394102905709E+000  5.896978045500E-002 -4.370761328854E-002  8.885780883867E-003  0.000000000000E+000  3.705361470510E+000
  2.427309178642E+000  5.752346038624E-002 -4.339895500719E-002  9.731700558027E-003  0.000000000000E+000  3.736159574496E+000
  2.461073537146E+000  5.606385379418E-002 -4.305385709845E-002  1.072782840701E-002  0.000000000000E+000  3.768305484187E+000
  2.495408372530E+000  5.459214269268E-002 -4.266685174890E-002  1.182526993708E-002  0.000000000000E+000  3.801868034596E+000
  2.530326423398E+000  5.310974238470E-002 -4.223380684234E-002  1.298156237808E-002  0.000000000000E+000  3.836916546199E+000
  2.565840787378E+000  5.161827067429E-002 -4.175180407445E-002  1.416017374518E-002  0.000000000000E+000  3.873521177426E+000
  2.601964933334E+000  5.011951830550E-002 -4.121902159711E-002  1.533002110097E-002  0.000000000000E+000  3.911753280516E+000
  2.638712714049E+000  4.861542068575E-002 -4.063462136216E-002  1.646500819456E-002  0.000000000000E+000  3.951685761777E+000
  2.676098379430E+000  4.710803094518E-002 -3.999864132120E-002  1.754358267028E-002  0.000000000000E+000  3.993393447715E+000
  2.714136590232E+000  4.559949437692E-002 -3.931189262393E-002  1.854831304266E-002  0.000000000000E+000  4.036953458778E+000
  2.752842432351E+000  4.409202429639E-002 -3.857586193941E-002  1.946548562637E-002  0.000000000000E+000  4.082445592781E+000
  2.792231431696E+000  4.258787935013E-002 -3.779261900527E-002  2.028472158917E-002  0.000000000000E+000  4.129952720358E+000
  2.832319569669E+000  4.108934229707E-002 -3.696472948811E-002  2.099861426492E-002  0.000000000000E+000  4.179561195030E+000
  2.873123299289E+000  3.959870027733E-002 -3.609517321490E-002  2.160238682105E-002  0.000000000000E+000  4.231361280761E+000
  2.914659561979E+000  3.811822657532E-002 -3.518726781015E-002  2.209357032321E-002  0.000000000000E+000  4.285447600133E+000
  2.956945805065E+000  3.665016387602E-002 -3.424459774803E-002  2.247170217947E-002  0.000000000000E+000  4.341919606560E+000
  3.000000000000E+000  3.519670900528E-002 -3.327094880179E-002  2.273804487849E-002  0.000000000000E+000  4.400882084264E+000
  3.043840661365E+000  3.375999913681E-002 -3.227024784595E-002  2.289532486270E-002  0.000000000000E+000  4.462445680064E+000
  3.088486866678E+000  3.234209944123E-002 -3.124650793989E-002  2.294749129994E-002  0.000000000000E+000  4.526727471425E+000
  3.133958277047E+000  3.094499214502E-002 -3.020377859521E-002  2.289949443608E-002  0.000000000000E+000  4.593851575610E+000
  3.180275158719E+000  2.957056696027E-002 -2.914610110345E-002  2.275708313003E-002  0.000000000000E+000  4.663949805260E+000
  3.227458405560E+000  2.822061283989E-002 -2.807746877668E-002  2.252662109128E-002  0.000000000000E+000  4.737162376291E+000
  3.275529562509E+000  2.689681100705E-002 -2.700179193034E-002  2.221492126142E-002  0.000000000000E+000  4.813638674578E+000
  3.324510850077E+000  2.560072920231E-002 -2.592286741711E-002  2.182909770549E-002  0.000000000000E+000  4.893538088631E+000
  3.374425189910E+000  2.433381708753E-002 -2.484435250136E-002  2.137643430922E-002  0.000000000000E+000  4.977030916273E+000
  3.425296231502E+000  2.309740274192E-002 -2.376974284746E-002  2.086426951356E-002  0.000000000000E+000  5.064299354266E+000
  3.477148380094E+000  2.189269018234E-002 -2.270235438112E-002  2.029989626179E-002  0.000000000000E+000  5.155538580892E+000
  3.530006825834E+000  2.072075783804E-002 -2.164530877174E-002  1.969047628552E-002  0.000000000000E+000  5.250957942749E+000
  3.583897574256E+000  1.958255790831E-002 -2.060152227515E-002  1.904296781666E-002  0.000000000000E+000  5.350782258438E+000
  3.638847478148E+000  1.847891653103E-002 -1.957369767048E-002  1.836406578229E-002  0.000000000000E+000  5.455253253478E+000
  3.694884270887E+000  1.741053469012E-002 -1.856431902197E-002  1.766015351900E-002  0.000000000000E+000  5.564631142678E+000
  3.752036601308E+000  1.637798979075E-002 -1.757564899656E-002  1.693726503307E-002  0.000000000000E+000  5.679196378423E+000
  3.810334070199E+000  1.538173783267E-002 -1.660972847051E-002  1.620105683202E-002  0.000000000000E+000  5.799251585893E+000
  3.869807268505E+000  1.442211611422E-002 -1.566837816373E-002  1.545678836213E-002  0.000000000000E+000  5.925123709243E+000
  3.930487817331E+000  1.349934640217E-002 -1.475320204764E-002  1.470931010439E-002  0.000000000000E+000  6.057166396223E+000
  3.992408409843E+000  1.261353850619E-002 -1.386559228231E-002  1.396305840793E-002  0.000000000000E+000  6.195762652838E+000
  4.055602855172E+000  1.176469419976E-002 -1.300673545024E-002  1.322205617374E-002  0.000000000000E+000  6.341327804408E+000
  4.120106124432E+000  1.095271143419E-002 -1.217761986731E-002  1.248991854302E-002  0.000000000000E+000  6.494312804979E+000
  4.185954398964E+000  1.017738879591E-002 -1.137904376603E-002  1.176986279079E-002  0.000000000000E+000  6.655207943688E+000
  4.253185120935E+000  9.438430162450E-003 -1.061162416231E-002  1.106472167796E-002  0.000000000000E+000  6.824547004429E+000
  4.321837046422E+000  8.735449516416E-003 -9.875806233220E-003  1.037695957012E-002  0.000000000000E+000  7.002911944467E+000
  4.391950301120E+000  8.067975881959E-003 -9.171873050439E-003  9.708690690546E-003  0.000000000000E+000  7.190938168566E+000
  4.463566438835E+000  7.435458352331E-003 -8.499955531558E-003  9.061698935068E-003  0.000000000000E+000  7.389320488305E+000
  4.536728502895E+000  6.837271181705E-003 -7.860042488463E-003  8.437458737714E-003  0.000000000000E+000  7.598819871887E+000
  4.611481090679E+000  6.272718918495E-003 -7.251990669156E-003  7.837156537468E-003  0.000000000000E+000  7.820271108498E+000
  4.687870421430E+000  5.741041561231E-003 -6.675534705721E-003  7.261712456351E-003  0.000000000000E+000  8.054591533877E+000
  4.765944407533E+000  5.241419721514E-003 -6.130296896772E-003  6.711801857513E-003  0.000000000000E+000  8.302790991087E+000
  4.845752729492E+000  4.772979781630E-003 -5.615796767367E-003  6.187876507690E-003  0.000000000000E+000  8.565983233624E+000
  4.927346914797E+000  4.334799036953E-003 -5.131460362869E-003  5.690185120945E-003  0.000000000000E+000  8.845399018492E+000
  5.010780420931E+000  3.925910815398E-003 -4.676629245439E-003  5.218793109459E-003  0.000000000000E+000  9.142401186364E+000
  5.096108722763E+000  3.545309567720E-003 -4.250569172653E-003  4.773601411787E-003  0.000000000000E+000  9.458502086987E+000
  5.183389404586E+000  3.191955923570E-003 -3.852478447083E-003  4.354364309225E-003  0.000000000000E+000  9.795383783369E+000
  5.272682257105E+000  2.864781708704E-003 -3.481495933505E-003  3.960706176492E-003  0.000000000000E+000  1.015492156211E+001
  5.364049379651E+000  2.562694918824E-003 -3.136708746723E-003  3.592137143680E-003  0.000000000000E+000  1.053921139458E+001
  5.457555287978E+000  2.284584645095E-003 -2.817159617798E-003  3.248067672418E-003  0.000000000000E+000  1.095060214105E+001
  5.553267027968E+000  2.029325945477E-003 -2.521853949860E-003  2.927822070466E-003  0.000000000000E+000  1.139173347699E+001
  5.651254295630E+000  1.795784654826E-003 -2.249766576678E-003  2.630650985724E-003  0.000000000000E+000  1.186558075832E+001
  5.751589563796E+000  1.582822125075E-003 -1.999848237946E-003  2.355742933046E-003  0.000000000000E+000  1.237550834827E+001
  5.854348215936E+000  1.389299885004E-003 -1.771031784812E-003  2.102234915782E-003  0.000000000000E+000  1.292533332310E+001
  5.959608687557E+000  1.214084207086E-003 -1.562238127891E-003  1.869222208779E-003  0.000000000000E+000  1.351940198866E+001
  6.067452615683E+000  1.056050566773E-003 -1.372381937765E-003  1.655767371259E-003  0.000000000000E+000  1.416268231621E+001
  6.177964996951E+000  9.140879774292E-004 -1.200377105154E-003  1.460908556846E-003  0.000000000000E+000  1.486087630294E+001
  6.291234354880E+000  7.871031820934E-004 -1.045141964666E-003  1.283667184604E-003  0.000000000000E+000  1.562055746406E+001
  6.407352916949E+000  6.740246813038E-004 -9.056042823980E-004  1.123055029658E-003  0.000000000000E+000  1.644934028933E+001
  6.526416802128E+000  5.738065745963E-004 -7.807060039660E-004  9.780807853227E-004  0.000000000000E+000  1.735609072207E+001
  6.648526219580E+000  4.854321919413E-004 -6.694077559007E-004  8.477561410563E-004  0.000000000000E+000  1.835118980118E+001
  6.773785679311E+000  4.079174904846E-004 -5.706930898982E-004  7.311014124521E-004  0.000000000000E+000  1.944686693316E+001
  6.902304215570E+000  3.403141915202E-004 -4.835724563766E-004  6.271507512341E-004  0.000000000000E+000  2.065762542065E+001
  7.034195623922E+000  2.817126327478E-004 -4.070868912406E-004  5.349569552226E-004  0.000000000000E+000  2.200079177955E+001
  7.169578712934E+000  2.312443115782E-004 -3.403113978451E-004  4.535958907507E-004  0.000000000000E+000  2.349723347396E+001
  7.308577571516E+000  1.880840966031E-004 -2.823580049548E-004  3.821705333325E-004  0.000000000000E+000  2.517230931938E+001
  7.451321853057E+000  1.514520863617E-004 -2.323784811104E-004  3.198146266969E-004  0.000000000000E+000  2.705714680977E+001
  7.597947077547E+000  1.206150972142E-004 -1.895666862675E-004  2.656959557853E-004  0.000000000000E+000  2.919038756189E+001
  7.748594953021E+000  9.488776547501E-005 -1.531605429113E-004  2.190192260511E-004  0.000000000000E+000  3.162061737770E+001
  7.903413717736E+000  7.363325292739E-005 -1.224436110612E-004  1.790285394832E-004  0.000000000000E+000  3.440982172712E+001
  8.062558504629E+000  5.626354939148E-005 -9.674625464275E-005  1.450094571915E-004  0.000000000000E+000  3.763841930792E+001
  8.226191729726E+000  4.223937107997E-005 -7.544639056795E-005  1.162906391303E-004  0.000000000000E+000  4.141280084458E+001
  8.394483506327E+000  3.106965895866E-005 -5.796981645031E-005  9.224505352124E-005  0.000000000000E+000  4.587699072323E+001
  8.567612086926E+000  2.231068712406E-005 -4.379011809169E-005  7.229075165980E-005  0.000000000000E+000  5.123138571992E+001
  8.745764335025E+000  1.556479718812E-005 -3.242816358214E-005  5.589120792542E-005  0.000000000000E+000  5.776426648571E+001
  8.929136229160E+000  1.047878067439E-005 -2.345119690991E-005  4.255522978967E-005  0.000000000000E+000  6.590780297463E+001
  9.117933401693E+000  6.741937320450E-006 -1.647155021796E-005  3.183644824279E-005  0.000000000000E+000  7.634469212249E+001
  9.312371715124E+000  4.083842777479E-006 -1.114500008313E-005  2.333240512992E-005  0.000000000000E+000  9.022995627579E+001
  9.512677878945E+000  2.271864321392E-006 -7.168799241516E-006  1.668326017476E-005  0.000000000000E+000  1.097100183861E+002
  9.719090110332E+000  1.108467663945E-006 -4.279420836056E-006  1.157014673660E-005  0.000000000000E+000  1.393582686333E+002
  9.931858842267E+000  4.283616040597E-007 -2.250057317976E-006  7.713211355068E-006  0.000000000000E+000  1.913243469035E+002
  1.015124748302E+001  9.552993094589E-008 -8.879203970511E-007  4.869377645437E-006  0.000000000000E+000  3.154960529348E+002
  1.037753323129E+001  2.015429614903E-010 -3.139172342887E-008  2.829879886086E-006  0.000000000000E+000  2.459902381566E+003
  1.061100795175E+001  5.581007036232E-008  4.529238635082E-007  1.417615474134E-006  0.000000000000E+000  3.774008681800E+002
  1.085197911611E+001  1.959933132383E-007  6.731897957853E-007  4.843681279236E-007  0.000000000000E+000  2.482904410937E+002
  1.110077081537E+001  3.716804987737E-007  7.153216905567E-007 -9.204486850958E-008  0.000000000000E+000  2.005936402828E+002
  1.135772484956E+001  5.483117448735E-007  6.459133259284E-007 -4.106480635364E-007  0.000000000000E+000  1.762102775996E+002
  1.162320190175E+001  7.032292643113E-007  5.150575418767E-007 -5.501539984348E-007  0.000000000000E+000  1.621840370156E+002
  1.189758280382E+001  8.232738847178E-007  3.590195039093E-007 -5.717311419731E-007  0.000000000000E+000  1.538835884420E+002
  1.218126990242E+001  9.026135795506E-007  2.027255346989E-007 -5.216488975961E-007  0.000000000000E+000  1.492358386672E+002
  1.247468853413E+001  9.408231388222E-007  6.203749275177E-008 -4.337605372621E-007  0.000000000000E+000  1.471875540327E+002
  1.277828862002E+001  9.412261338768E-007 -5.420978370264E-008 -3.317915506204E-007  0.000000000000E+000  1.471665444433E+002
  1.309254639077E+001  9.095022575870E-007 -1.424224318788E-007 -2.314083643773E-007  0.000000000000E+000  1.488581067429E+002
  1.341796625462E+001  8.525552768721E-007 -2.027192076266E-007 -1.420503880341E-007  0.000000000000E+000  1.521012918343E+002
  1.375508282195E+001  7.776295452215E-007 -2.376591112491E-007 -6.851654696815E-008  0.000000000000E+000  1.568373518061E+002
  1.410446310162E+001  6.916565966827E-007 -2.512158155378E-007 -1.230552193544E-008  0.000000000000E+000  1.630835827375E+002
  1.446670888596E+001  6.008080486021E-007 -2.479830778217E-007  2.728352327394E-008  0.000000000000E+000  1.709208999789E+002
  1.484245934302E+001  5.102270899317E-007 -2.325897940250E-007  5.227620303655E-008  0.000000000000E+000  1.804897654171E+002
  1.523239383723E+001  4.239083632296E-007 -2.092991592248E-007  6.535499873112E-008  0.000000000000E+000  1.919919811029E+002
  1.563723500136E+001  3.446951141401E-007 -1.817636755609E-007  6.937469622774E-008  0.000000000000E+000  2.056973558432E+002
  1.605775208607E+001  2.743630429606E-007 -1.529065458099E-007  6.703483281954E-008  0.000000000000E+000  2.219551439788E+002
  1.649476461582E+001  2.137622186619E-007 -1.249002671530E-007  6.068145748150E-008  0.000000000000E+000  2.412108109503E+002
  1.694914638379E+001  1.629914933350E-007 -9.921486082366E-008  5.221060535643E-008  0.000000000000E+000  2.640292884521E+002
  1.742182982203E+001  1.215838041971E-007 -7.671092403676E-008  4.304729755138E-008  0.000000000000E+000  2.911265691202E+002
  1.791381078784E+001  8.868524553694E-008 -5.775629123710E-008  3.417638049139E-008  0.000000000000E+000  3.234123702748E+002
  1.842615381215E+001  6.321549055673E-008 -4.234922196221E-008  2.620483483966E-008  0.000000000000E+000  3.620478010652E+002
  1.895999786176E+001  4.400170983215E-008 -3.023535907126E-008  1.943899677876E-008  0.000000000000E+000  4.085236786711E+002
  1.951656267356E+001  2.988227477685E-008 -2.100990620761E-008  1.396412179211E-008  0.000000000000E+000  4.647676233484E+002
  2.009715572669E+001  1.978001976753E-008 -1.420028251901E-008  9.717582233447E-009  0.000000000000E+000  5.332917245337E+002
  2.070317992707E+001  1.274751444565E-008 -9.327716266825E-009  6.550471503201E-009  0.000000000000E+000  6.173980412501E+002
  2.133614208874E+001  7.988605663185E-009 -5.948706861018E-009  4.275303089161E-009  0.000000000000E+000  7.214674747106E+002
  2.199766230782E+001  4.861450709980E-009 -3.678971349853E-009  2.699733789088E-009  0.000000000000E+000  8.513702219732E+002
  2.268948433818E+001  2.868478961832E-009 -2.203430298336E-009  1.647778673216E-009  0.000000000000E+000  1.015055671015E+003
  2.341348709294E+001  1.638342373064E-009 -1.276078819631E-009  9.708643355869E-010  0.000000000000E+000  1.223410481579E+003
  2.417169741362E+001  9.041314075202E-010 -7.133759412597E-010  5.513865622340E-010  0.000000000000E+000  1.491522810481E+003
  2.496630426925E+001  4.811318262514E-010 -3.842353807310E-010  3.013338675565E-010  0.000000000000E+000  1.840570214287E+003
  2.579967457140E+001  2.463502098655E-010 -1.989766837494E-010  1.581572134195E-010  0.000000000000E+000  2.300679411427E+003
  2.667437081864E+001  1.210767441601E-010 -9.883888803087E-011  7.954820546169E-011  0.000000000000E+000  2.915324082878E+003
  2.759317081651E+001  5.697102980838E-011 -4.697523433036E-011  3.824846730766E-011  0.000000000000E+000  3.748196881196E+003
  2.855908975674E+001  2.559142323185E-011 -2.130156223382E-011  1.753339815376E-011  0.000000000000E+000  4.894131172776E+003
  2.957540498378E+001  1.094026799948E-011 -9.188040690603E-012  7.639914002367E-012  0.000000000000E+000  6.496774077360E+003
  3.064568382919E+001  4.435818066871E-012 -3.757000730589E-012  3.153905394491E-012  0.000000000000E+000  8.777735897606E+003
  3.177381495601E+001  1.699458596773E-012 -1.450982216892E-012  1.229044877581E-012  0.000000000000E+000  1.208565581971E+004
  3.296404372807E+001  6.127201895275E-013 -5.271373141939E-013  4.503045445456E-013  0.000000000000E+000  0.000000000000E+000
  3.422101220608E+001  2.069569196838E-013 -1.793456515443E-013  1.544359423153E-013  0.000000000000E+000  0.000000000000E+000
  3.554980447538E+001  6.516640070918E-014 -5.686367878673E-014  4.933810848107E-014  0.000000000000E+000  0.000000000000E+000
  3.695599813319E+001  1.902566430881E-014 -1.671140037693E-014  1.460428936552E-014  0.000000000000E+000  0.000000000000E+000
  3.844572291106E+001  5.119597721993E-015 -4.525239128304E-015  3.981735755916E-015  0.000000000000E+000  0.000000000000E+000
  4.002572758518E+001  1.261397456607E-015 -1.121681804750E-015  9.933880128246E-016  0.000000000000E+000  0.000000000000E+000
  4.170345654134E+001  2.825062486046E-016 -2.526648219174E-016  2.251530512968E-016  0.000000000000E+000  0.000000000000E+000
  4.348713762001E+001  5.705135312339E-017 -5.130687055922E-017  4.599040268196E-017  0.000000000000E+000  0.000000000000E+000
  4.538588318162E+001  1.028328560573E-017 -9.295560965041E-018  8.378032448829E-018  0.000000000000E+000  0.000000000000E+000
  4.740980671574E+001  1.642546507999E-018 -1.481991405611E-018  1.342199608949E-018  0.000000000000E+000  0.000000000000E+000
  4.957015778746E+001  2.283155511241E-019 -2.229487237782E-019  2.017317088779E-019  0.000000000000E+000  0.000000000000E+000
  5.187947869225E+001  2.902779898807E-020 -2.668133184317E-020  2.946141533948E-020  0.000000000000E+000  0.000000000000E+000
  5.435178690397E+001  3.522633919808E-021 -3.263386956978E-021  0.000000000000E+000  0.000000000000E+000  0.000000000000E+000
  5.700278828629E+001  0.000000000000E+000  0.000000000000E+000  0.000000000000E+000  0.000000000000E+000  0.000000000000E+000
  5.985012714155E+001  0.000000000000E+000  0.000000000000E+000  0.000000000000E+000  0.000000000000E+000  0.000000000000E+000
  6.291368055481E+001  0.000000000000E+000  0.000000000000E+000  0.000000000000E+000  0.000000000000E+000  0.000000000000E+000
  6.621590623276E+001  0.000000000000E+000  0.000000000000E+000  0.000000000000E+000  0.000000000000E+000  0.000000000000E+000
  6.978225524452E+001  0.000000000000E+000  0.000000000000E+000  0.000000000000E+000  0.000000000000E+000  0.000000000000E+000
  7.364166388185E+001  0.000000000000E+000  0.000000000000E+000  0.000000000000E+000  0.000000000000E+000  0.000000000000E+000
  7.782714245929E+001  0.000000000000E+000  0.000000000000E+000  0.000000000000E+000  0.000000000000E+000  0.000000000000E+000
  8.237648351994E+001  0.000000000000E+000  0.000000000000E+000  0.000000000000E+000  0.000000000000E+000  0.000000000000E+000
  8.733311794502E+001  0.000000000000E+000  0.000000000000E+000  0.000000000000E+000  0.000000000000E+000  0.000000000000E+000
  9.274715535088E+001  0.000000000000E+000  0.000000000000E+000  0.000000000000E+000  0.000000000000E+000  0.000000000000E+000
  9.867665554529E+001  0.000000000000E+000  0.000000000000E+000  0.000000000000E+000  0.000000000000E+000  0.000000000000E+000
  1.051891916055E+002  0.000000000000E+000  0.000000000000E+000  0.000000000000E+000  0.000000000000E+000  0.000000000000E+000
  1.123637836013E+002  0.000000000000E+000  0.000000000000E+000  0.000000000000E+000  0.000000000000E+000  0.000000000000E+000
  1.202933069206E+002  0.000000000000E+000  0.000000000000E+000  0.000000000000E+000  0.000000000000E+000  0.000000000000E+000
  1.290875131414E+002  0.000000000000E+000  0.000000000000E+000  0.000000000000E+000  0.000000000000E+000  0.000000000000E+000
  1.388768482001E+002  0.000000000000E+000  0.000000000000E+000  0.000000000000E+000  0.000000000000E+000  0.000000000000E+000
  1.498173177370E+002  0.000000000000E+000  0.000000000000E+000  0.000000000000E+000  0.000000000000E+000  0.000000000000E+000
  1.620967411853E+002  0.000000000000E+000  0.000000000000E+000  0.000000000000E+000  0.000000000000E+000  0.000000000000E+000
  1.759428668168E+002  0.000000000000E+000  0.000000000000E+000  0.000000000000E+000  0.000000000000E+000  0.000000000000E+000
  1.916340085825E+002  0.000000000000E+000  0.000000000000E+000  0.000000000000E+000  0.000000000000E+000  0.000000000000E+000
  2.095131417987E+002  0.000000000000E+000  0.000000000000E+000  0.000000000000E+000  0.000000000000E+000  0.000000000000E+000
  2.300068054477E+002  0.000000000000E+000  0.000000000000E+000  0.000000000000E+000  0.000000000000E+000  0.000000000000E+000
  2.536507797910E+002  0.000000000000E+000  0.000000000000E+000  0.000000000000E+000  0.000000000000E+000  0.000000000000E+000
  2.811254638474E+002  0.000000000000E+000  0.000000000000E+000  0.000000000000E+000  0.000000000000E+000  0.000000000000E+000
  3.133053780630E+002  0.000000000000E+000  0.000000000000E+000  0.000000000000E+000  0.000000000000E+000  0.000000000000E+000
  3.513296254502E+002  0.000000000000E+000  0.000000000000E+000  0.000000000000E+000  0.000000000000E+000  0.000000000000E+000
  3.967041014107E+002  0.000000000000E+000  0.000000000000E+000  0.000000000000E+000  0.000000000000E+000  0.000000000000E+000
  4.514529193350E+002  0.000000000000E+000  0.000000000000E+000  0.000000000000E+000  0.000000000000E+000  0.000000000000E+000
  5.183481233601E+002  0.000000000000E+000  0.000000000000E+000  0.000000000000E+000  0.000000000000E+000  0.000000000000E+000
  6.012676077950E+002  0.000000000000E+000  0.000000000000E+000  0.000000000000E+000  0.000000000000E+000  0.000000000000E+000
  7.057700503752E+002  0.000000000000E+000  0.000000000000E+000  0.000000000000E+000  0.000000000000E+000  0.000000000000E+000
  8.400513767914E+002  0.000000000000E+000  0.000000000000E+000  0.000000000000E+000  0.000000000000E+000  0.000000000000E+000
  1.016602135495E+003  0.000000000000E+000  0.000000000000E+000  0.000000000000E+000  0.000000000000E+000  0.000000000000E+000
  1.255220715579E+003  0.000000000000E+000  0.000000000000E+000  0.000000000000E+000  0.000000000000E+000  0.000000000000E+000
  1.588815776243E+003  0.000000000000E+000  0.000000000000E+000  0.000000000000E+000  0.000000000000E+000  0.000000000000E+000
  2.075392011604E+003  0.000000000000E+000  0.000000000000E+000  0.000000000000E+000  0.000000000000E+000  0.000000000000E+000
  2.825079847528E+003  0.000000000000E+000  0.000000000000E+000  0.000000000000E+000  0.000000000000E+000  0.000000000000E+000
  4.068408296183E+003  0.000000000000E+000  0.000000000000E+000  0.000000000000E+000  0.000000000000E+000  0.000000000000E+000
  6.357262947672E+003  0.000000000000E+000  0.000000000000E+000  0.000000000000E+000  0.000000000000E+000  0.000000000000E+000
  1.130231930164E+004  0.000000000000E+000  0.000000000000E+000  0.000000000000E+000  0.000000000000E+000  0.000000000000E+000
  2.543105175136E+004  0.000000000000E+000  0.000000000000E+000  0.000000000000E+000  0.000000000000E+000  0.000000000000E+000
  1.017262069952E+005  0.000000000000E+000  0.000000000000E+000  0.000000000000E+000  0.000000000000E+000  0.000000000000E+000
