# 1st line: number of mesh points
# abcissa wavefunction wavefunction_1st wavefunction_2nd
500
# Principal QN=   1 , l=   1 , Occupation=   4.0000
  9.830308526563E-006  1.481697181662E-004  1.507216887352E+001 -1.168905209909E+002
  3.932200719722E-005  5.926227507514E-004  1.506872190111E+001 -1.168683044701E+002
  8.847741541467E-005  1.333190750262E-003  1.506297810186E+001 -1.168312820741E+002
  1.573003992805E-004  2.369593198344E-003  1.505493920774E+001 -1.167794615146E+002
  2.457963722418E-004  3.701437497005E-003  1.504460764315E+001 -1.167128535942E+002
  3.539722959954E-004  5.328219096370E-003  1.503198652454E+001 -1.166314722133E+002
  4.818366816529E-004  7.249321659017E-003  1.501707965993E+001 -1.165353343783E+002
  6.293995911626E-004  9.464017260912E-003  1.499989154837E+001 -1.164244602121E+002
  7.966726389935E-004  1.197146662906E-002  1.498042737918E+001 -1.162988729656E+002
  9.836689940782E-004  1.477071941590E-002  1.495869303119E+001 -1.161585990317E+002
  1.190403382016E-003  1.786071451053E-002  1.493469507181E+001 -1.160036679606E+002
  1.416892087541E-003  2.124028038693E-002  1.490844075596E+001 -1.158341124768E+002
  1.663152957245E-003  2.490813548916E-002  1.487993802498E+001 -1.156499684977E+002
  1.929205402573E-003  2.886288865373E-002  1.484919550524E+001 -1.154512751536E+002
  2.215070403073E-003  3.310303956929E-002  1.481622250681E+001 -1.152380748094E+002
  2.520770509919E-003  3.762697927366E-002  1.478102902187E+001 -1.150104130875E+002
  2.846329849692E-003  4.243299068844E-002  1.474362572303E+001 -1.147683388920E+002
  3.191774128432E-003  4.751924919130E-002  1.470402396150E+001 -1.145119044339E+002
  3.557130635959E-003  5.288382322609E-002  1.466223576511E+001 -1.142411652583E+002
  3.942428250463E-003  5.852467495091E-002  1.461827383618E+001 -1.139561802711E+002
  4.347697443358E-003  6.443966092431E-002  1.457215154925E+001 -1.136570117683E+002
  4.772970284417E-003  7.062653282986E-002  1.452388294857E+001 -1.133437254648E+002
  5.218280447175E-003  7.708293823904E-002  1.447348274557E+001 -1.130163905248E+002
  5.683663214611E-003  8.380642141281E-002  1.442096631597E+001 -1.126750795921E+002
  6.169155485101E-003  9.079442414198E-002  1.436634969684E+001 -1.123198688216E+002
  6.674795778653E-003  9.804428662640E-002  1.430964958346E+001 -1.119508379105E+002
  7.200624243425E-003  1.055532483933E-001  1.425088332587E+001 -1.115680701302E+002
  7.746682662519E-003  1.133184492549E-001  1.419006892540E+001 -1.111716523584E+002
  8.313014461060E-003  1.213369303052E-001  1.412722503080E+001 -1.107616751101E+002
  8.899664713569E-003  1.296056349565E-001  1.406237093434E+001 -1.103382325705E+002
  9.506680151615E-003  1.381214100153E-001  1.399552656748E+001 -1.099014226252E+002
  1.013410917176E-002  1.468810067984E-001  1.392671249654E+001 -1.094513468919E+002
  1.078200184380E-002  1.558810822882E-001  1.385594991791E+001 -1.089881107507E+002
  1.145040991929E-002  1.651182003286E-001  1.378326065318E+001 -1.085118233735E+002
  1.213938684040E-002  1.745888328606E-001  1.370866714394E+001 -1.080225977530E+002
  1.284898774901E-002  1.842893611979E-001  1.363219244632E+001 -1.075205507303E+002
  1.357926949620E-002  1.942160773432E-001  1.355386022529E+001 -1.070058030218E+002
  1.433029065191E-002  2.043651853440E-001  1.347369474868E+001 -1.064784792445E+002
  1.510211151509E-002  2.147328026889E-001  1.339172088088E+001 -1.059387079394E+002
  1.589479412397E-002  2.253149617446E-001  1.330796407633E+001 -1.053866215943E+002
  1.670840226680E-002  2.361076112320E-001  1.322245037261E+001 -1.048223566639E+002
  1.754300149280E-002  2.471066177436E-001  1.313520638335E+001 -1.042460535883E+002
  1.839865912351E-002  2.583077672999E-001  1.304625929071E+001 -1.036578568099E+002
  1.927544426443E-002  2.697067669465E-001  1.295563683762E+001 -1.030579147870E+002
  2.017342781695E-002  2.812992463905E-001  1.286336731971E+001 -1.024463800062E+002
  2.109268249069E-002  2.930807596769E-001  1.276947957681E+001 -1.018234089912E+002
  2.203328281612E-002  3.050467869040E-001  1.267400298427E+001 -1.011891623099E+002
  2.299530515754E-002  3.171927359787E-001  1.257696744380E+001 -1.005438045782E+002
  2.397882772639E-002  3.295139444097E-001  1.247840337407E+001 -9.988750446036E+001
  2.498393059493E-002  3.420056811405E-001  1.237834170087E+001 -9.922043466730E+001
  2.601069571024E-002  3.546631484198E-001  1.227681384701E+001 -9.854277195081E+001
  2.705920690860E-002  3.674814837102E-001  1.217385172179E+001 -9.785469709474E+001
  2.812954993023E-002  3.804557616346E-001  1.206948771016E+001 -9.715639490260E+001
  2.922181243436E-002  3.935809959591E-001  1.196375466146E+001 -9.644805418147E+001
  3.033608401473E-002  4.068521416132E-001  1.185668587786E+001 -9.572986772219E+001
  3.147245621542E-002  4.202640967451E-001  1.174831510237E+001 -9.500203227569E+001
  3.263102254705E-002  4.338117048133E-001  1.163867650654E+001 -9.426474852519E+001
  3.381187850339E-002  4.474897567125E-001  1.152780467771E+001 -9.351822105442E+001
  3.501512157837E-002  4.612929929336E-001  1.141573460595E+001 -9.276265831153E+001
  3.624085128345E-002  4.752161057572E-001  1.130250167063E+001 -9.199827256870E+001
  3.748916916538E-002  4.892537414799E-001  1.118814162655E+001 -9.122527987729E+001
  3.876017882444E-002  5.034005026718E-001  1.107269058976E+001 -9.044390001860E+001
  4.005398593302E-002  5.176509504655E-001  1.095618502300E+001 -8.965435644987E+001
  4.137069825459E-002  5.319996068747E-001  1.083866172075E+001 -8.885687624575E+001
  4.271042566323E-002  5.464409571419E-001  1.072015779391E+001 -8.805169003498E+001
  4.407328016341E-002  5.609694521140E-001  1.060071065415E+001 -8.723903193227E+001
  4.545937591035E-002  5.755795106449E-001  1.048035799787E+001 -8.641913946533E+001
  4.686882923075E-002  5.902655220235E-001  1.035913778981E+001 -8.559225349705E+001
  4.830175864396E-002  6.050218484267E-001  1.023708824633E+001 -8.475861814270E+001
  4.975828488365E-002  6.198428273952E-001  1.011424781835E+001 -8.391848068218E+001
  5.123853091993E-002  6.347227743317E-001  9.990655173882E+000 -8.307209146727E+001
  5.274262198188E-002  6.496559850193E-001  9.866349180344E+000 -8.221970382394E+001
  5.427068558066E-002  6.646367381597E-001  9.741368886474E+000 -8.136157394963E+001
  5.582285153302E-002  6.796592979288E-001  9.615753503958E+000 -8.049796080548E+001
  5.739925198530E-002  6.947179165481E-001  9.489542388757E+000 -7.962912600371E+001
  5.900002143803E-002  7.098068368721E-001  9.362775022142E+000 -7.875533368993E+001
  6.062529677088E-002  7.249202949876E-001  9.235490991446E+000 -7.787685042059E+001
  6.227521726827E-002  7.400525228246E-001  9.107729970546E+000 -7.699394503557E+001
  6.394992464542E-002  7.551977507778E-001  8.979531700098E+000 -7.610688852588E+001
  6.564956307496E-002  7.703502103348E-001  8.850935967526E+000 -7.521595389670E+001
  6.737427921404E-002  7.855041367113E-001  8.721982586778E+000 -7.432141602569E+001
  6.912422223211E-002  8.006537714907E-001  8.592711377877E+000 -7.342355151669E+001
  7.089954383907E-002  8.157933652653E-001  8.463162146276E+000 -7.252263854894E+001
  7.270039831418E-002  8.309171802786E-001  8.333374662026E+000 -7.161895672194E+001
  7.452694253540E-002  8.460194930663E-001  8.203388638788E+000 -7.071278689597E+001
  7.637933600943E-002  8.610945970930E-001  8.073243712696E+000 -6.980441102852E+001
  7.825774090225E-002  8.761368053843E-001  7.942979421097E+000 -6.889411200662E+001
  8.016232207035E-002  8.911404531504E-001  7.812635181182E+000 -6.798217347543E+001
  8.209324709253E-002  9.060999004004E-001  7.682250268533E+000 -6.706887966302E+001
  8.405068630235E-002  9.210095345448E-001  7.551863795601E+000 -6.615451520162E+001
  8.603481282122E-002  9.358637729837E-001  7.421514690141E+000 -6.523936494557E+001
  8.804580259214E-002  9.506570656785E-001  7.291241673629E+000 -6.432371378601E+001
  9.008383441408E-002  9.653838977062E-001  7.161083239668E+000 -6.340784646269E+001
  9.214908997710E-002  9.800387917914E-001  7.031077632432E+000 -6.249204737292E+001
  9.424175389809E-002  9.946163108171E-001  6.901262825142E+000 -6.157660037805E+001
  9.636201375725E-002  1.009111060309E+000  6.771676498626E+000 -6.066178860753E+001
  9.851006013526E-002  1.023517690893E+000  6.642356019966E+000 -5.974789426104E+001
  1.006860866512E-001  1.037830900722E+000  6.513338421272E+000 -5.883519840858E+001
  1.028902900012E-001  1.052045437874E+000  6.384660378594E+000 -5.792398078916E+001
  1.051228699979E-001  1.066156102713E+000  6.256358191020E+000 -5.701451960806E+001
  1.073840296104E-001  1.080157750210E+000  6.128467759956E+000 -5.610709133302E+001
  1.096739750056E-001  1.094045292236E+000  6.001024568647E+000 -5.520197048977E+001
  1.119929155896E-001  1.107813699806E+000  5.874063661933E+000 -5.429942945692E+001
  1.143410640503E-001  1.121458005276E+000  5.747619626302E+000 -5.339973826080E+001
  1.167186364011E-001  1.134973304510E+000  5.621726570229E+000 -5.250316437026E+001
  1.191258520249E-001  1.148354758982E+000  5.496418104868E+000 -5.160997249200E+001
  1.215629337189E-001  1.161597597842E+000  5.371727325082E+000 -5.072042436652E+001
  1.240301077413E-001  1.174697119924E+000  5.247686790880E+000 -4.983477856515E+001
  1.265276038575E-001  1.187648695701E+000  5.124328509256E+000 -4.895329028845E+001
  1.290556553882E-001  1.200447769188E+000  5.001683916470E+000 -4.807621116620E+001
  1.316144992580E-001  1.213089859785E+000  4.879783860801E+000 -4.720378905950E+001
  1.342043760450E-001  1.225570564059E+000  4.758658585793E+000 -4.633626786511E+001
  1.368255300316E-001  1.237885557473E+000  4.638337714016E+000 -4.547388732252E+001
  1.394782092560E-001  1.250030596043E+000  4.518850231383E+000 -4.461688282393E+001
  1.421626655646E-001  1.262001517937E+000  4.400224472027E+000 -4.376548522770E+001
  1.448791546661E-001  1.273794245008E+000  4.282488103784E+000 -4.291992067528E+001
  1.476279361856E-001  1.285404784256E+000  4.165668114293E+000 -4.208041041232E+001
  1.504092737207E-001  1.296829229228E+000  4.049790797739E+000 -4.124717061397E+001
  1.532234348983E-001  1.308063761344E+000  3.934881742266E+000 -4.042041221494E+001
  1.560706914324E-001  1.319104651152E+000  3.820965818080E+000 -3.960034074445E+001
  1.589513191834E-001  1.329948259513E+000  3.708067166256E+000 -3.878715616659E+001
  1.618655982178E-001  1.340591038716E+000  3.596209188291E+000 -3.798105272623E+001
  1.648138128702E-001  1.351029533514E+000  3.485414536392E+000 -3.718221880095E+001
  1.677962518056E-001  1.361260382089E+000  3.375705104547E+000 -3.639083675913E+001
  1.708132080832E-001  1.371280316942E+000  3.267102020370E+000 -3.560708282466E+001
  1.738649792215E-001  1.381086165711E+000  3.159625637764E+000 -3.483112694852E+001
  1.769518672648E-001  1.390674851906E+000  3.053295530390E+000 -3.406313268739E+001
  1.800741788507E-001  1.400043395577E+000  2.948130485974E+000 -3.330325708981E+001
  1.832322252791E-001  1.409188913902E+000  2.844148501457E+000 -3.255165058985E+001
  1.864263225826E-001  1.418108621701E+000  2.741366779001E+000 -3.180845690888E+001
  1.896567915983E-001  1.426799831872E+000  2.639801722856E+000 -3.107381296538E+001
  1.929239580409E-001  1.435259955758E+000  2.539468937110E+000 -3.034784879323E+001
  1.962281525771E-001  1.443486503436E+000  2.440383224304E+000 -2.963068746856E+001
  1.995697109023E-001  1.451477083933E+000  2.342558584939E+000 -2.892244504552E+001
  2.029489738173E-001  1.459229405369E+000  2.246008217874E+000 -2.822323050092E+001
  2.063662873085E-001  1.466741275033E+000  2.150744521599E+000 -2.753314568820E+001
  2.098220026275E-001  1.474010599383E+000  2.056779096410E+000 -2.685228530064E+001
  2.133164763746E-001  1.481035383980E+000  1.964122747460E+000 -2.618073684406E+001
  2.168500705817E-001  1.487813733356E+000  1.872785488693E+000 -2.551858061919E+001
  2.204231527988E-001  1.494343850813E+000  1.782776547656E+000 -2.486588971363E+001
  2.240360961807E-001  1.500624038157E+000  1.694104371175E+000 -2.422273000368E+001
  2.276892795770E-001  1.506652695380E+000  1.606776631889E+000 -2.358916016596E+001
  2.313830876220E-001  1.512428320267E+000  1.520800235631E+000 -2.296523169897E+001
  2.351179108282E-001  1.517949507960E+000  1.436181329638E+000 -2.235098895448E+001
  2.388941456809E-001  1.523214950454E+000  1.352925311578E+000 -2.174646917893E+001
  2.427121947345E-001  1.528223436049E+000  1.271036839375E+000 -2.115170256460E+001
  2.465724667110E-001  1.532973848750E+000  1.190519841813E+000 -2.056671231074E+001
  2.504753766009E-001  1.537465167617E+000  1.111377529893E+000 -1.999151469435E+001
  2.544213457654E-001  1.541696466073E+000  1.033612408927E+000 -1.942611915077E+001
  2.584108020414E-001  1.545666911169E+000  9.572262913331E-001 -1.887052836371E+001
  2.624441798480E-001  1.549375762814E+000  8.822203101200E-001 -1.832473836484E+001
  2.665219202956E-001  1.552822372962E+000  8.085949330100E-001 -1.778873864254E+001
  2.706444712976E-001  1.556006184781E+000  7.363499771888E-001 -1.726251225981E+001
  2.748122876832E-001  1.558926731774E+000  6.654846246379E-001 -1.674603598103E+001
  2.790258313137E-001  1.561583636899E+000  5.959974380185E-001 -1.623928040741E+001
  2.832855712010E-001  1.563976611641E+000  5.278863770705E-001 -1.574221012072E+001
  2.875919836279E-001  1.566105455091E+000  4.611488154879E-001 -1.525478383530E+001
  2.919455522717E-001  1.567970052992E+000  3.957815582306E-001 -1.477695455779E+001
  2.963467683296E-001  1.569570376785E+000  3.317808592340E-001 -1.430866975431E+001
  3.007961306479E-001  1.570906482644E+000  2.691424394703E-001 -1.384987152493E+001
  3.052941458522E-001  1.571978510504E+000  2.078615053224E-001 -1.340049678478E+001
  3.098413284823E-001  1.572786683101E+000  1.479327672216E-001 -1.296047745169E+001
  3.144382011281E-001  1.573331305000E+000  8.935045850658E-002 -1.252974063965E+001
  3.190852945695E-001  1.573612761642E+000  3.210835445500E-002 -1.210820885806E+001
  3.237831479192E-001  1.573631518400E+000 -2.380020855827E-002 -1.169580021589E+001
  3.285323087679E-001  1.573388119643E+000 -7.838231382524E-002 -1.129242863061E+001
  3.333333333333E-001  1.572883187825E+000 -1.316454450390E-001 -1.089800404131E+001
  3.381867866117E-001  1.572117422591E+000 -1.835974670476E-001 -1.051243262546E+001
  3.430932425333E-001  1.571091599909E+000 -2.342466066755E-001 -1.013561701888E+001
  3.480532841203E-001  1.569806571226E+000 -2.836014336632E-001 -9.767456538340E+000
  3.530675036492E-001  1.568263262660E+000 -3.316708417729E-001 -9.407847406387E+000
  3.581365028158E-001  1.566462674216E+000 -3.784640301087E-001 -9.056682977635E+000
  3.632608929041E-001  1.564405879046E+000 -4.239904847011E-001 -8.713853966195E+000
  3.684412949588E-001  1.562094022739E+000 -4.682599604016E-001 -8.379248673549E+000
  3.736783399619E-001  1.559528322656E+000 -5.112824631347E-001 -8.052753216368E+000
  3.789726690123E-001  1.556710067305E+000 -5.530682325545E-001 -7.734251753686E+000
  3.843249335105E-001  1.553640615758E+000 -5.936277251478E-001 -7.423626712871E+000
  3.897357953460E-001  1.550321397112E+000 -6.329715978300E-001 -7.120759013838E+000
  3.952059270903E-001  1.546753909998E+000 -6.711106920733E-001 -6.825528290918E+000
  4.007360121927E-001  1.542939722138E+000 -7.080560186078E-001 -6.537813111847E+000
  4.063267451812E-001  1.538880469943E+000 -7.438187427346E-001 -6.257491193310E+000
  4.119788318683E-001  1.534577858164E+000 -7.784101702856E-001 -5.984439612488E+000
  4.176929895600E-001  1.530033659589E+000 -8.118417342644E-001 -5.718535014098E+000
  4.234699472710E-001  1.525249714787E+000 -8.441249821998E-001 -5.459653812368E+000
  4.293104459435E-001  1.520227931895E+000 -8.752715642406E-001 -5.207672387466E+000
  4.352152386716E-001  1.514970286459E+000 -9.052932220171E-001 -4.962467275876E+000
  4.411850909306E-001  1.509478821305E+000 -9.342017782934E-001 -4.723915354252E+000
  4.472207808110E-001  1.503755646467E+000 -9.620091274297E-001 -4.491894016282E+000
  4.533230992589E-001  1.497802939148E+000 -9.887272266721E-001 -4.266281342149E+000
  4.594928503202E-001  1.491622943712E+000 -1.014368088282E+000 -4.046956260163E+000
  4.657308513924E-001  1.485217971727E+000 -1.038943772519E+000 -3.833798700182E+000
  4.720379334802E-001  1.478590402023E+000 -1.062466381477E+000 -3.626689738474E+000
  4.784149414579E-001  1.471742680788E+000 -1.084948053780E+000 -3.425511733688E+000
  4.848627343381E-001  1.464677321686E+000 -1.106400960147E+000 -3.230148453633E+000
  4.913821855461E-001  1.457396905995E+000 -1.126837299794E+000 -3.040485192613E+000
  4.979741832006E-001  1.449904082759E+000 -1.146269297697E+000 -2.856408879072E+000
  5.046396304008E-001  1.442201568949E+000 -1.164709202682E+000 -2.677808173378E+000
  5.113794455212E-001  1.434292149640E+000 -1.182169286329E+000 -2.504573555559E+000
  5.181945625116E-001  1.426178678172E+000 -1.198661842679E+000 -2.336597402903E+000
  5.250859312060E-001  1.417864076318E+000 -1.214199188711E+000 -2.173774057309E+000
  5.320545176366E-001  1.409351334437E+000 -1.228793665556E+000 -2.015999882374E+000
  5.391013043575E-001  1.400643511602E+000 -1.242457640437E+000 -1.863173310200E+000
  5.462272907741E-001  1.391743735718E+000 -1.255203509273E+000 -1.715194877962E+000
  5.534334934816E-001  1.382655203595E+000 -1.267043699931E+000 -1.571967254323E+000
  5.607209466109E-001  1.373381180990E+000 -1.277990676057E+000 -1.433395255805E+000
  5.680907021827E-001  1.363925002607E+000 -1.288056941477E+000 -1.299385853297E+000
  5.755438304707E-001  1.354290072035E+000 -1.297255045074E+000 -1.169848168884E+000
  5.830814203728E-001  1.344479861643E+000 -1.305597586131E+000 -1.044693463259E+000
  5.907045797917E-001  1.334497912393E+000 -1.313097220049E+000 -9.238351139798E-001
  5.984144360243E-001  1.324347833592E+000 -1.319766664406E+000 -8.071885849193E-001
  6.062121361613E-001  1.314033302557E+000 -1.325618705290E+000 -6.946713872472E-001
  6.140988474955E-001  1.303558064198E+000 -1.330666203836E+000 -5.862030323535E-001
  6.220757579409E-001  1.292925930505E+000 -1.334922102908E+000 -4.817049771399E-001
  6.301440764614E-001  1.282140779932E+000 -1.338399433871E+000 -3.811005621481E-001
  6.383050335109E-001  1.271206556681E+000 -1.341111323360E+000 -2.843149430203E-001
  6.465598814833E-001  1.260127269866E+000 -1.343071000003E+000 -1.912750158198E-001
  6.549098951744E-001  1.248906992562E+000 -1.344291801021E+000 -1.019093367645E-001
  6.633563722545E-001  1.237549860726E+000 -1.344787178622E+000 -1.614803695341E-002
  6.719006337539E-001  1.226060071997E+000 -1.344570706150E+000  6.607726731472E-002
  6.805440245593E-001  1.214441884346E+000 -1.343656083889E+000  1.448335680098E-001
  6.892879139233E-001  1.202699614605E+000 -1.342057144475E+000  2.201865619906E-001
  6.981336959871E-001  1.190837636837E+000 -1.339787857851E+000  2.922007501271E-001
  7.070827903152E-001  1.178860380573E+000 -1.336862335678E+000  3.609395382668E-001
  7.161366424455E-001  1.166772328891E+000 -1.333294835174E+000  4.264653393804E-001
  7.252967244510E-001  1.154578016353E+000 -1.329099762294E+000  4.888396762176E-001
  7.345645355186E-001  1.142282026780E+000 -1.324291674205E+000  5.481232838074E-001
  7.439416025400E-001  1.129888990883E+000 -1.318885281001E+000  6.043762111397E-001
  7.534294807203E-001  1.117403583733E+000 -1.312895446618E+000  6.576579213744E-001
  7.630297542000E-001  1.104830522092E+000 -1.306337188883E+000  7.080273899335E-001
  7.727440366954E-001  1.092174561575E+000 -1.299225678674E+000  7.555431998524E-001
  7.825739721536E-001  1.079440493682E+000 -1.291576238153E+000  8.002636337792E-001
  7.925212354258E-001  1.066633142669E+000 -1.283404338024E+000  8.422467620400E-001
  8.025875329584E-001  1.053757362293E+000 -1.274725593820E+000  8.815505262107E-001
  8.127746035011E-001  1.040818032406E+000 -1.265555761164E+000  9.182328176661E-001
  8.230842188350E-001  1.027820055427E+000 -1.255910730021E+000  9.523515506138E-001
  8.335181845190E-001  1.014768352688E+000 -1.245806517912E+000  9.839647291516E-001
  8.440783406568E-001  1.001667860659E+000 -1.235259262097E+000  1.013130507932E+000
  8.547665626839E-001  9.885235270674E-001 -1.224285210732E+000  1.039907246053E+000
  8.655847621758E-001  9.753403069110E-001 -1.212900713008E+000  1.064353553853E+000
  8.765348876780E-001  9.621231583860E-001 -1.201122208291E+000  1.086528332311E+000
  8.876189255584E-001  9.488770387284E-001 -1.188966214284E+000  1.106490804827E+000
  8.988389008829E-001  9.356068999864E-001 -1.176449314252E+000  1.124300541204E+000
  9.101968783143E-001  9.223176847337E-001 -1.163588143337E+000  1.140017473681E+000
  9.216949630368E-001  9.090143217348E-001 -1.150399374007E+000  1.153701904956E+000
  9.333353017046E-001  8.957017215760E-001 -1.136899700699E+000  1.165414508175E+000
  9.451200834176E-001  8.823847722736E-001 -1.123105823701E+000  1.175216318909E+000
  9.570515407237E-001  8.690683348748E-001 -1.109034432345E+000  1.183168719204E+000
  9.691319506484E-001  8.557572390625E-001 -1.094702187564E+000  1.189333413871E+000
  9.813636357544E-001  8.424562787802E-001 -1.080125703904E+000  1.193772399164E+000
  9.937489652293E-001  8.291702078892E-001 -1.065321531052E+000  1.196547924144E+000
  1.006290356005E+000  8.159037358736E-001 -1.050306134974E+000  1.197722444990E+000
  1.018990273907E+000  8.026615236072E-001 -1.035095878739E+000  1.197358572618E+000
  1.031851234841E+000  7.894481791953E-001 -1.019707003119E+000  1.195519014007E+000
  1.044875806003E+000  7.762682539070E-001 -1.004155607068E+000  1.192266507663E+000
  1.058066607138E+000  7.631262382101E-001 -9.884576281511E-001  1.187663753701E+000
  1.071426311823E+000  7.500265579230E-001 -9.726288230459E-001  1.181773339063E+000
  1.084957648792E+000  7.369735704963E-001 -9.566847481882E-001  1.174657658429E+000
  1.098663403298E+000  7.239715614358E-001 -9.406407406730E-001  1.166378831391E+000
  1.112546418516E+000  7.110247408793E-001 -9.245118995016E-001  1.156998616507E+000
  1.126609596985E+000  6.981372403381E-001 -9.083130672692E-001  1.146578322852E+000
  1.140855902095E+000  6.853131096126E-001 -8.920588123880E-001  1.135178719723E+000
  1.155288359613E+000  6.725563138924E-001 -8.757634119336E-001  1.122859945146E+000
  1.169910059257E+000  6.598707310483E-001 -8.594408352045E-001  1.109681413844E+000
  1.184724156317E+000  6.472601491241E-001 -8.431047280762E-001  1.095701725337E+000
  1.199733873325E+000  6.347282640333E-001 -8.267683982290E-001  1.080978572828E+000
  1.214942501771E+000  6.222786774677E-001 -8.104448013250E-001  1.065568653533E+000
  1.230353403874E+000  6.099148950191E-001 -7.941465281990E-001  1.049527581075E+000
  1.245970014403E+000  5.976403245188E-001 -7.778857931280E-001  1.032909800580E+000
  1.261795842559E+000  5.854582745949E-001 -7.616744232328E-001  1.015768507052E+000
  1.277834473907E+000  5.733719534481E-001 -7.455238490580E-001  9.981555675964E-001
  1.294089572372E+000  5.613844678431E-001 -7.294450963732E-001  9.801214480205E-001
  1.310564882294E+000  5.494988223156E-001 -7.134487792238E-001  9.617151443079E-001
  1.327264230548E+000  5.377179185881E-001 -6.975450942572E-001  9.429841194116E-001
  1.344191528724E+000  5.260445551903E-001 -6.817438163374E-001  9.239742457751E-001
  1.361350775387E+000  5.144814272782E-001 -6.660542954550E-001  9.047297539390E-001
  1.378746058390E+000  5.030311266431E-001 -6.504854549294E-001  8.852931875365E-001
  1.396381557275E+000  4.916961419019E-001 -6.350457908914E-001  8.657053649339E-001
  1.414261545744E+000  4.804788588582E-001 -6.197433730252E-001  8.460053477111E-001
  1.432390394201E+000  4.693815610252E-001 -6.045858465413E-001  8.262304161233E-001
  1.450772572390E+000  4.584064302948E-001 -5.895804353431E-001  8.064160516285E-001
  1.469412652102E+000  4.475555477440E-001 -5.747339463395E-001  7.865959265055E-001
  1.488315309978E+000  4.368308945627E-001 -5.600527748533E-001  7.668019005304E-001
  1.507485330398E+000  4.262343530899E-001 -5.455429110612E-001  7.470640246252E-001
  1.526927608467E+000  4.157677079433E-001 -5.312099474014E-001  7.274105513339E-001
  1.546647153093E+000  4.054326472284E-001 -5.170590868733E-001  7.078679519299E-001
  1.566649090169E+000  3.952307638111E-001 -5.030951521509E-001  6.884609399073E-001
  1.586938665861E+000  3.851635566400E-001 -4.893225954266E-001  6.692125005603E-001
  1.607521250000E+000  3.752324321028E-001 -4.757455088985E-001  6.501439263121E-001
  1.628402339588E+000  3.654387054027E-001 -4.623676358088E-001  6.312748574094E-001
  1.649587562420E+000  3.557836019406E-001 -4.491923819422E-001  6.126233275678E-001
  1.671082680832E+000  3.462682586899E-001 -4.362228274899E-001  5.942058141156E-001
  1.692893595565E+000  3.368937255514E-001 -4.234617391829E-001  5.760372921594E-001
  1.715026349769E+000  3.276609666753E-001 -4.109115826027E-001  5.581312922717E-001
  1.737487133138E+000  3.185708617415E-001 -3.985745345747E-001  5.404999611817E-001
  1.760282286187E+000  3.096242071869E-001 -3.864524955549E-001  5.231541249417E-001
  1.783418304674E+000  3.008217173721E-001 -3.745471019212E-001  5.061033540321E-001
  1.806901844175E+000  2.921640256810E-001 -3.628597380880E-001  4.893560298680E-001
  1.830739724818E+000  2.836516855466E-001 -3.513915483630E-001  4.729194121761E-001
  1.854938936184E+000  2.752851714007E-001 -3.401434484756E-001  4.567997067175E-001
  1.879506642368E+000  2.670648795430E-001 -3.291161367086E-001  4.410021328493E-001
  1.904450187236E+000  2.589911289324E-001 -3.183101045751E-001  4.255309904364E-001
  1.929777099847E+000  2.510641618972E-001 -3.077256469869E-001  4.103897256487E-001
  1.955495100083E+000  2.432841447707E-001 -2.973628718728E-001  3.955809952097E-001
  1.981612104475E+000  2.356511684550E-001 -2.872217092085E-001  3.811067286930E-001
  2.008136232230E+000  2.281652489179E-001 -2.773019194337E-001  3.669681884990E-001
  2.035075811486E+000  2.208263276334E-001 -2.676031012373E-001  3.531660271874E-001
  2.062439385788E+000  2.136342719722E-001 -2.581246987027E-001  3.397003418770E-001
  2.090235720801E+000  2.065888755533E-001 -2.488660078131E-001  3.265707254733E-001
  2.118473811262E+000  1.996898585695E-001 -2.398261823259E-001  3.137763145272E-001
  2.147162888201E+000  1.929368680985E-001 -2.310042390353E-001  3.013158335757E-001
  2.176312426413E+000  1.863294784132E-001 -2.223990624479E-001  2.891876358613E-001
  2.205932152222E+000  1.798671913059E-001 -2.140094089064E-001  2.773897403760E-001
  2.236032051522E+000  1.735494364424E-001 -2.058339102030E-001  2.659198652189E-001
  2.266622378129E+000  1.673755717587E-001 -1.978710767306E-001  2.547754573030E-001
  2.297713662445E+000  1.613448839185E-001 -1.901193002256E-001  2.439537184908E-001
  2.329316720450E+000  1.554565888446E-001 -1.825768561623E-001  2.334516282770E-001
  2.361442663038E+000  1.497098323398E-001 -1.752419058623E-001  2.232659631758E-001
  2.394102905709E+000  1.441036908116E-001 -1.681124983846E-001  2.133933130059E-001
  2.427309178642E+000  1.386371721128E-001 -1.611865722668E-001  2.038300942961E-001
  2.461073537146E+000  1.333092165111E-001 -1.544619571860E-001  1.945725610624E-001
  2.495408372530E+000  1.281186977975E-001 -1.479363756105E-001  1.856168132311E-001
  2.530326423398E+000  1.230644245429E-001 -1.416074445094E-001  1.769588029987E-001
  2.565840787378E+000  1.181451415093E-001 -1.354726771889E-001  1.685943394371E-001
  2.601964933334E+000  1.133595312211E-001 -1.295294853158E-001  1.605190916553E-001
  2.638712714049E+000  1.087062156991E-001 -1.237751811893E-001  1.527285908399E-001
  2.676098379430E+000  1.041837583572E-001 -1.182069803119E-001  1.452182314890E-001
  2.714136590232E+000  9.979066606091E-002 -1.128220043086E-001  1.379832721517E-001
  2.752842432351E+000  9.552539134064E-002 -1.076172842313E-001  1.310188359753E-001
  2.792231431696E+000  9.138633475552E-002 -1.025897642816E-001  1.243199113425E-001
  2.832319569669E+000  8.737184739558E-002 -9.773630597373E-002  1.178813528672E-001
  2.873123299289E+000  8.348023351118E-002 -9.305369275104E-002  1.116978829874E-001
  2.914659561979E+000  7.970975325461E-002 -8.853863506008E-002  1.057640943741E-001
  2.956945805065E+000  7.605862551697E-002 -8.418777587572E-002  1.000744533353E-001
  3.000000000000E+000  7.252503084127E-002 -7.999769666163E-002  9.462330437160E-002
  3.043840661365E+000  6.910711439095E-002 -7.596492374019E-002  8.940487599547E-002
  3.088486866678E+000  6.580298895145E-002 -7.208593503661E-002  8.441328789670E-002
  3.133958277047E+000  6.261073794124E-002 -6.835716715303E-002  7.964255949551E-002
  3.180275158719E+000  5.952841840805E-002 -6.477502272002E-002  7.508661988884E-002
  3.227458405560E+000  5.655406398549E-002 -6.133587796539E-002  7.073931915795E-002
  3.275529562509E+000  5.368568778538E-002 -5.803609043387E-002  6.659444097014E-002
  3.324510850077E+000  5.092128520159E-002 -5.487200678553E-002  6.264571637330E-002
  3.374425189910E+000  4.825883660210E-002 -5.183997059726E-002  5.888683865070E-002
  3.425296231502E+000  4.569630988767E-002 -4.893633008839E-002  5.531147907542E-002
  3.477148380094E+000  4.323166289704E-002 -4.615744569096E-002  5.191330337897E-002
  3.530006825834E+000  4.086284564146E-002 -4.349969738498E-002  4.868598872874E-002
  3.583897574256E+000  3.858780235379E-002 -4.095949172150E-002  4.562324099262E-002
  3.638847478148E+000  3.640447334088E-002 -3.853326845962E-002  4.271881205890E-002
  3.694884270887E+000  3.431079663134E-002 -3.621750674880E-002  3.996651697343E-002
  3.752036601308E+000  3.230470941498E-002 -3.400873079465E-002  3.736025065608E-002
  3.810334070199E+000  3.038414927385E-002 -3.190351495420E-002  3.489400396341E-002
  3.869807268505E+000  2.854705520970E-002 -2.989848821624E-002  3.256187887481E-002
  3.930487817331E+000  2.679136847625E-002 -2.799033803268E-002  3.035810259469E-002
  3.992408409843E+000  2.511503322977E-002 -2.617581347809E-002  2.827704038340E-002
  4.055602855172E+000  2.351599701487E-002 -2.445172772677E-002  2.631320695368E-002
  4.120106124432E+000  2.199221110694E-002 -2.281495984896E-002  2.446127629780E-002
  4.185954398964E+000  2.054163073596E-002 -2.126245594026E-002  2.271608984107E-002
  4.253185120935E+000  1.916221521975E-002 -1.979122961089E-002  2.107266285115E-002
  4.321837046422E+000  1.785192803734E-002 -1.839836187295E-002  1.952618906719E-002
  4.391950301120E+000  1.660873687517E-002 -1.708100047540E-002  1.807204354825E-002
  4.463566438835E+000  1.543061368038E-002 -1.583635874620E-002  1.670578377562E-002
  4.536728502895E+000  1.431553475598E-002 -1.466171400992E-002  1.542314907763E-002
  4.611481090679E+000  1.326148093238E-002 -1.355440565667E-002  1.422005847761E-002
  4.687870421430E+000  1.226643784926E-002 -1.251183294313E-002  1.309260709452E-002
  4.765944407533E+000  1.132839637929E-002 -1.153145261066E-002  1.203706125152E-002
  4.845752729492E+000  1.044535322326E-002 -1.061077640653E-002  1.104985246891E-002
  4.927346914797E+000  9.615311702164E-003 -9.747368594001E-003  1.012757053436E-002
  5.010780420931E+000  8.836282767948E-003 -8.938843534400E-003  9.266955854573E-003
  5.096108722763E+000  8.106286249759E-003 -8.182863419354E-003  8.464891298506E-003
  5.183389404586E+000  7.423352346959E-003 -7.477136225049E-003  7.718393742626E-003
  5.272682257105E+000  6.785523374469E-003 -6.819413951712E-003  7.024605523446E-003
  5.364049379651E+000  6.190855759735E-003 -6.207491201664E-003  6.380785992507E-003
  5.457555287978E+000  5.637422284261E-003 -5.639204137996E-003  5.784303353810E-003
  5.553267027968E+000  5.123314556264E-003 -5.112429853690E-003  5.232626944428E-003
  5.651254295630E+000  4.646645694716E-003 -4.625086168151E-003  4.723320096182E-003
  5.751589563796E+000  4.205553199115E-003 -4.175131854933E-003  4.254033690580E-003
  5.854348215936E+000  3.798201973774E-003 -3.760567291418E-003  3.822500491651E-003
  5.959608687557E+000  3.422787470534E-003 -3.379435508598E-003  3.426530312650E-003
  6.067452615683E+000  3.077538909608E-003 -3.029823607347E-003  3.064006043849E-003
  6.177964996951E+000  2.760722534964E-003 -2.709864496935E-003  2.732880540638E-003
  6.291234354880E+000  2.470644858260E-003 -2.417738902342E-003  2.431174344750E-003
  6.407352916949E+000  2.205655844027E-003 -2.151677579427E-003  2.156974187413E-003
  6.526416802128E+000  1.964151988480E-003 -1.909963671358E-003  1.908432202219E-003
  6.648526219580E+000  1.744579245184E-003 -1.690935136049E-003  1.683765758054E-003
  6.773785679311E+000  1.545435752629E-003 -1.492987172792E-003  1.481257808910E-003
  6.902304215570E+000  1.365274321711E-003 -1.314574576694E-003  1.299257648044E-003
  7.034195623922E+000  1.202704644926E-003 -1.154213952019E-003  1.136181948806E-003
  7.169578712934E+000  1.056395193836E-003 -1.010485719829E-003  9.905159735114E-004
  7.308577571516E+000  9.250747767727E-004 -8.820358612989E-004  8.608148346495E-004
  7.451321853057E+000  8.075337348037E-004 -7.675773455397E-004  7.457046992846E-004
  7.597947077547E+000  7.026247604656E-004 -6.658911993264E-004  6.438838371296E-004
  7.748594953021E+000  6.092633305090E-004 -5.758271856579E-004  5.541234250127E-004
  7.903413717736E+000  5.264277507670E-004 -4.963040680998E-004  4.752680346640E-004
  8.062558504629E+000  4.531588180436E-004 -4.263094481804E-004  4.062357463122E-004
  8.226191729726E+000  3.885591104731E-004 -3.648991733540E-004  3.460178468689E-004
  8.394483506327E+000  3.317919239659E-004 -3.111963229395E-004  2.936780878800E-004
  8.567612086926E+000  2.820798779888E-004 -2.643897887172E-004  2.483514943741E-004
  8.745764335025E+000  2.387032188978E-004 -2.237324752857E-004  2.092427307329E-004
  8.929136229160E+000  2.009978532539E-004 -1.885391526452E-004  1.756240433243E-004
  9.117933401693E+000  1.683531469126E-004 -1.581839996383E-004  1.468328115308E-004
  9.312371715124E+000  1.402095281432E-004 -1.320978817309E-004  1.222687487210E-004
  9.512677878945E+000  1.160559345584E-004 -1.097654100920E-004  1.013908025082E-004
  9.719090110332E+000  9.542714422216E-005 -9.072183102879E-005  8.371380922827E-005
  9.931858842267E+000  7.790103096959E-005 -7.454979556288E-005  6.880496098684E-005
  1.015124748302E+001  6.309578275394E-005 -6.087605837453E-005  5.628014495283E-005
  1.037753323129E+001  5.066711980729E-005 -4.936815359187E-005  4.580021397063E-005
  1.061100795175E+001  4.030554663400E-005 -3.973109208628E-005  3.706724523798E-005
  1.085197911611E+001  3.173366845819E-005 -3.170412121205E-005  2.982083999321E-005
  1.110077081537E+001  2.470359882711E-005 -2.505758346108E-005  2.383451215047E-005
  1.135772484956E+001  1.899448075587E-005 -1.958990547187E-005  1.891220789854E-005
  1.162320190175E+001  1.441013921551E-005 -1.512474341534E-005  1.488499172594E-005
  1.189758280382E+001  1.077687805048E-005 -1.150830515752E-005  1.160792742826E-005
  1.218126990242E+001  7.941429697112E-006 -8.606863940175E-006  8.957175651408E-006
  1.247468853413E+001  5.769061494670E-006 -6.304472783836E-006  6.827322657549E-006
  1.277828862002E+001  4.141838061624E-006 -4.500883546860E-006  5.128948468051E-006
  1.309254639077E+001  2.957035271707E-006 -3.109669693638E-006  3.786436503838E-006
  1.341796625462E+001  2.125697915690E-006 -2.056547441976E-006  2.736021434747E-006
  1.375508282195E+001  1.571330271555E-006 -1.277886159642E-006  1.924067257182E-006
  1.410446310162E+001  1.228706607654E-006 -7.193957297812E-007  1.305563700560E-006
  1.446670888596E+001  1.042787171354E-006 -3.349761507222E-007  8.428259447616E-007
  1.484245934302E+001  9.677245079317E-007 -8.571290457994E-008  5.043803137147E-007
  1.523239383723E+001  9.659450237493E-007  6.099937156367E-008  2.640170733398E-007
  1.563723500136E+001  1.007291537038E-006  1.322226606190E-007  9.999066672885E-008
  1.605775208607E+001  1.068214099443E-006  1.501481324460E-007 -5.652387533604E-009
  1.649476461582E+001  1.130998537355E-006  1.326918144794E-007 -6.763719148562E-008
  1.694914638379E+001  1.183024833457E-006  9.402808821552E-008 -9.793395144407E-008
  1.742182982203E+001  1.216050490799E-006  4.507368725267E-008 -1.061579151755E-007
  1.791381078784E+001  1.225517207952E-006 -6.067511353662E-009 -9.991053358396E-008
  1.842615381215E+001  1.209882335100E-006 -5.369119360714E-008 -8.507445894037E-008
  1.895999786176E+001  1.169979454772E-006 -9.410573355470E-008 -6.607268025496E-008
  1.951656267356E+001  1.108414816752E-006 -1.252691735048E-007 -4.609974926854E-008
  2.009715572669E+001  1.029008052059E-006 -1.464497416697E-007 -2.733078544606E-008
  2.070317992707E+001  9.362864309443E-007 -1.579114199595E-007 -1.111187826378E-008
  2.133614208874E+001  8.350418058140E-007 -1.606273717592E-007  1.866268925066E-009
  2.199766230782E+001  7.299582560580E-007 -1.560247222092E-007  1.141100558840E-008
  2.268948433818E+001  6.253163776348E-007 -1.457642187251E-007  1.768722779804E-008
  2.341348709294E+001  5.247772763491E-007 -1.315577091249E-007  2.109472653862E-008
  2.417169741362E+001  4.312458582188E-007 -1.150252379548E-007  2.216449067005E-008
  2.496630426925E+001  3.468092650293E-007 -9.759201135240E-008  2.147475119826E-008
  2.579967457140E+001  2.727426296012E-007 -8.042369373105E-008  1.958693911524E-008
  2.667437081864E+001  2.095710905479E-007 -6.439668000410E-008  1.700092449088E-008
  2.759317081651E+001  1.571745525271E-007 -5.009834558786E-008  1.412803479154E-008
  2.855908975674E+001  1.149202793248E-007 -3.785100569740E-008  1.127954128913E-008
  2.957540498378E+001  8.180823013433E-008 -2.775256586269E-008  8.667665708857E-009
  3.064568382919E+001  5.661512349044E-008 -1.972670435615E-008  6.415779181089E-009
  3.177381495601E+001  3.802541743959E-008 -1.357590454685E-008  4.574388158788E-009
  3.296404372807E+001  2.474046494790E-008 -9.031680671794E-009  3.139729356952E-009
  3.422101220608E+001  1.556066461667E-008 -5.797771572995E-009  2.072286685641E-009
  3.554980447538E+001  9.439042339040E-009 -3.583719363251E-009  1.313220171244E-009
  3.695599813319E+001  5.507938197272E-009 -2.127887979040E-009  7.974597226553E-010
  3.844572291106E+001  3.082976179780E-009 -1.210407759369E-009  4.629594644309E-010
  4.002572758518E+001  1.650034253716E-009 -6.576007528137E-010  2.562380270893E-010
  4.170345654134E+001  8.414459404408E-010 -3.400627408516E-010  1.347815619722E-010
  4.348713762001E+001  4.072559034041E-010 -1.667486589871E-010  6.713174352874E-011
  4.538588318162E+001  1.862606908943E-010 -7.719946290240E-011  3.153174225755E-011
  4.740980671574E+001  8.010783195952E-011 -3.358417901157E-011  1.390174797921E-011
  4.957015778746E+001  3.222328361243E-011 -1.365505390283E-011  5.722844073769E-012
  5.187947869225E+001  1.204944635923E-011 -5.157947899107E-012  2.186778368771E-012
  5.435178690397E+001  4.160155667973E-012 -1.797836982718E-012  7.704591816023E-013
  5.700278828629E+001  1.316059435871E-012 -5.738673290472E-013  2.484140912296E-013
  5.985012714155E+001  3.782029586172E-013 -1.663175900229E-013  7.267579199546E-014
  6.291368055481E+001  9.777693545063E-014 -4.334356797808E-014  1.910771059005E-014
  6.621590623276E+001  2.249221499086E-014 -1.004632518248E-014  4.465707875812E-015
  6.978225524452E+001  4.546626508677E-015 -2.045387006964E-015  9.163111232037E-016
  7.364166388185E+001  7.962202291356E-016 -3.606338263046E-016  1.627496627535E-016
  7.782714245929E+001  1.188533162234E-016 -5.417983926930E-017  2.462033415863E-017
  8.237648351994E+001  1.484361527690E-017 -6.807923667338E-018  3.113887836962E-018
  8.733311794502E+001  1.518163204503E-018 -7.003350982872E-019  3.223052339090E-019
  9.274715535088E+001  1.240529118861E-019 -5.754112759872E-020  2.663572889939E-020
  9.867665554529E+001  7.869534556087E-021 -3.669297614196E-021  1.707870263057E-021
  1.051891916055E+002  3.748307463331E-022 -1.756371828321E-022  8.217572740563E-023
  1.123637836013E+002  1.289093655778E-023 -6.068813316484E-024  2.853402994856E-024
  1.202933069206E+002  3.057197613482E-025 -1.445695657709E-025  6.828926796546E-026
  1.290875131414E+002  4.735143141730E-027 -2.248647637603E-027  1.066850386357E-027
  1.388768482001E+002  4.489747500012E-029 -2.140673720477E-029  1.019847204307E-029
  1.498173177370E+002  2.411977934710E-031 -1.154387423322E-031  5.521281864031E-032
  1.620967411853E+002  6.687926601000E-034 -3.212422373006E-034  1.542164079518E-034
  1.759428668168E+002  8.547596463178E-037 -4.119691456923E-037  1.984643316197E-037
  1.916340085825E+002  4.384883178084E-040 -2.120206062882E-040  1.024778123894E-040
  2.095131417987E+002  7.613189196308E-044 -3.692400359295E-044  1.790244400541E-044
  2.300068054477E+002  3.618370661001E-048 -1.759959915184E-048  8.558135186051E-049
  2.536507797910E+002  3.605669687991E-053 -1.758535513551E-053  8.574808112919E-054
  2.811254638474E+002  5.368475294558E-059 -2.624954878411E-059  1.283272365916E-059
  3.133053780630E+002  7.725365522126E-066 -3.786412213062E-066  1.855572722324E-066
  3.513296254502E+002  6.090717646390E-074 -2.991916785472E-074  1.469549932074E-074
  3.967041014107E+002  1.241880309503E-083 -6.113204935480E-084  3.009000856478E-084
  4.514529193350E+002  2.386672388952E-095 -1.177139122611E-095  5.805442982968E-096
  5.183481233601E+002  1.084620803591E-109 -5.359172882140E-110  2.647872074107E-110
  6.012676077950E+002  1.683395782442E-127 -8.331656479296E-128  4.123455309137E-128
  7.057700503752E+002  5.566793433081E-150 -2.759415951640E-150  1.367786460380E-150
  8.400513767914E+002  6.554038008426E-179 -3.253349622034E-179  1.614897104936E-179
  1.016602135495E+003  5.371286008211E-217 -2.669645253430E-217  1.326855515688E-217
  1.255220715579E+003  1.554941136769E-268 -7.737263813904E-269  3.849971076074E-269
  1.588815776243E+003  0.000000000000E+000  0.000000000000E+000  0.000000000000E+000
  2.075392011604E+003  0.000000000000E+000  0.000000000000E+000  0.000000000000E+000
  2.825079847528E+003  0.000000000000E+000  0.000000000000E+000  0.000000000000E+000
  4.068408296183E+003  0.000000000000E+000  0.000000000000E+000  0.000000000000E+000
  6.357262947672E+003  0.000000000000E+000  0.000000000000E+000  0.000000000000E+000
  1.130231930164E+004  0.000000000000E+000  0.000000000000E+000  0.000000000000E+000
  2.543105175136E+004  0.000000000000E+000  0.000000000000E+000  0.000000000000E+000
  1.017262069952E+005  0.000000000000E+000  0.000000000000E+000  0.000000000000E+000
