# 1st line: number of mesh points
# rho and r_seitz are calculated from total density
# zeta and r_seitz only correct of rho > 1d-12

# abcissa rho drho ddrho zeta r_seitz
500
  9.830308526563E-006  1.622105165207E+003 -1.970666635255E+004  2.452150163142E+005  2.601181820303E-005  1.227479032952E-001
  3.932200719722E-005  1.621524088767E+003 -1.969943590572E+004  2.451227562159E+005  2.601187138813E-005  1.227625638640E-001
  8.847741541467E-005  1.620556051031E+003 -1.968739057447E+004  2.449690604504E+005  2.601195933336E-005  1.227870030350E-001
  1.573003992805E-004  1.619201686058E+003 -1.967053847322E+004  2.447540355370E+005  2.601208099061E-005  1.228212281458E-001
  2.457963722418E-004  1.617461880657E+003 -1.964889095058E+004  2.444778304464E+005  2.601223489474E-005  1.228652494751E-001
  3.539722959954E-004  1.615337773513E+003 -1.962246257788E+004  2.441406364447E+005  2.601241915675E-005  1.229190802485E-001
  4.818366816529E-004  1.612830754070E+003 -1.959127113427E+004  2.437426868931E+005  2.601263146682E-005  1.229827366470E-001
  6.293995911626E-004  1.609942461162E+003 -1.955533758873E+004  2.432842570034E+005  2.601286908911E-005  1.230562378158E-001
  7.966726389935E-004  1.606674781402E+003 -1.951468607875E+004  2.427656635506E+005  2.601312886137E-005  1.231396058761E-001
  9.836689940782E-004  1.603029847333E+003 -1.946934388583E+004  2.421872645411E+005  2.601340719152E-005  1.232328659383E-001
  1.190403382016E-003  1.599010035328E+003 -1.941934140784E+004  2.415494588391E+005  2.601370005611E-005  1.233360461163E-001
  1.416892087541E-003  1.594617963267E+003 -1.936471212818E+004  2.408526857498E+005  2.601400299297E-005  1.234491775449E-001
  1.663152957245E-003  1.589856487962E+003 -1.930549258189E+004  2.400974245611E+005  2.601431110174E-005  1.235722943978E-001
  1.929205402573E-003  1.584728702366E+003 -1.924172231870E+004  2.392841940444E+005  2.601461903851E-005  1.237054339081E-001
  2.215070403073E-003  1.579237932545E+003 -1.917344386306E+004  2.384135519143E+005  2.601492100971E-005  1.238486363907E-001
  2.520770509919E-003  1.573387734426E+003 -1.910070267119E+004  2.374860942482E+005  2.601521076910E-005  1.240019452661E-001
  2.846329849692E-003  1.567181890324E+003 -1.902354708526E+004  2.365024548679E+005  2.601548161234E-005  1.241654070863E-001
  3.191774128432E-003  1.560624405257E+003 -1.894202828469E+004  2.354633046811E+005  2.601572636834E-005  1.243390715629E-001
  3.557130635959E-003  1.553719503044E+003 -1.885620023471E+004  2.343693509874E+005  2.601593739864E-005  1.245229915970E-001
  3.942428250463E-003  1.546471622198E+003 -1.876611963211E+004  2.332213367458E+005  2.601610658614E-005  1.247172233107E-001
  4.347697443358E-003  1.538885411613E+003 -1.867184584845E+004  2.320200398079E+005  2.601622533120E-005  1.249218260812E-001
  4.772970284417E-003  1.530965726060E+003 -1.857344087060E+004  2.307662721157E+005  2.601628454164E-005  1.251368625765E-001
  5.218280447175E-003  1.522717621484E+003 -1.847096923875E+004  2.294608788663E+005  2.601627462823E-005  1.253623987935E-001
  5.683663214611E-003  1.514146350123E+003 -1.836449798213E+004  2.281047376433E+005  2.601618549577E-005  1.255985040979E-001
  6.169155485101E-003  1.505257355438E+003 -1.825409655218E+004  2.266987575174E+005  2.601600653062E-005  1.258452512664E-001
  6.674795778653E-003  1.496056266875E+003 -1.813983675362E+004  2.252438781167E+005  2.601572659841E-005  1.261027165312E-001
  7.200624243425E-003  1.486548894459E+003 -1.802179267323E+004  2.237410686674E+005  2.601533402816E-005  1.263709796269E-001
  7.746682662519E-003  1.476741223222E+003 -1.790004060659E+004  2.221913270067E+005  2.601481660875E-005  1.266501238388E-001
  8.313014461060E-003  1.466639407479E+003 -1.777465898278E+004  2.205956785700E+005  2.601416157120E-005  1.269402360546E-001
  8.899664713569E-003  1.456249764961E+003 -1.764572828723E+004  2.189551753514E+005  2.601335558513E-005  1.272414068181E-001
  9.506680151615E-003  1.445578770796E+003 -1.751333098265E+004  2.172708948412E+005  2.601238474311E-005  1.275537303850E-001
  1.013410917176E-002  1.434633051368E+003 -1.737755142838E+004  2.155439389404E+005  2.601123454948E-005  1.278773047817E-001
  1.078200184380E-002  1.423419378043E+003 -1.723847579797E+004  2.137754328542E+005  2.600988991020E-005  1.282122318664E-001
  1.145040991929E-002  1.411944660779E+003 -1.709619199539E+004  2.119665239649E+005  2.600833511728E-005  1.285586173928E-001
  1.213938684040E-002  1.400215941621E+003 -1.695078956972E+004  2.101183806876E+005  2.600655383594E-005  1.289165710765E-001
  1.284898774901E-002  1.388240388097E+003 -1.680235962860E+004  2.082321913076E+005  2.600452909303E-005  1.292862066643E-001
  1.357926949620E-002  1.376025286519E+003 -1.665099475041E+004  2.063091628036E+005  2.600224326121E-005  1.296676420061E-001
  1.433029065191E-002  1.363578035189E+003 -1.649678889545E+004  2.043505196557E+005  2.599967804208E-005  1.300609991297E-001
  1.510211151509E-002  1.350906137534E+003 -1.633983731603E+004  2.023575026416E+005  2.599681445530E-005  1.304664043191E-001
  1.589479412397E-002  1.338017195163E+003 -1.618023646577E+004  2.003313676217E+005  2.599363281783E-005  1.308839881948E-001
  1.670840226680E-002  1.324918900867E+003 -1.601808390810E+004  1.982733843144E+005  2.599011272919E-005  1.313138857982E-001
  1.754300149280E-002  1.311619031556E+003 -1.585347822405E+004  1.961848350637E+005  2.598623305527E-005  1.317562366789E-001
  1.839865912351E-002  1.298125441155E+003 -1.568651891963E+004  1.940670136003E+005  2.598197190974E-005  1.322111849850E-001
  1.927544426443E-002  1.284446053459E+003 -1.551730633266E+004  1.919212237981E+005  2.597730663484E-005  1.326788795573E-001
  2.017342781695E-002  1.270588854959E+003 -1.534594153929E+004  1.897487784266E+005  2.597221378154E-005  1.331594740270E-001
  2.109268249069E-002  1.256561887644E+003 -1.517252626043E+004  1.875509979024E+005  2.596666909073E-005  1.336531269162E-001
  2.203328281612E-002  1.242373241792E+003 -1.499716276789E+004  1.853292090396E+005  2.596064747499E-005  1.341600017433E-001
  2.299530515754E-002  1.228031048750E+003 -1.481995379073E+004  1.830847438024E+005  2.595412299471E-005  1.346802671313E-001
  2.397882772639E-002  1.213543473728E+003 -1.464100242163E+004  1.808189380592E+005  2.594706883586E-005  1.352140969207E-001
  2.498393059493E-002  1.198918708592E+003 -1.446041202350E+004  1.785331303427E+005  2.593945728865E-005  1.357616702858E-001
  2.601069571024E-002  1.184164964683E+003 -1.427828613647E+004  1.762286606139E+005  2.593125972238E-005  1.363231718558E-001
  2.705920690860E-002  1.169290465664E+003 -1.409472838536E+004  1.739068690349E+005  2.592244656727E-005  1.368987918401E-001
  2.812954993023E-002  1.154303440399E+003 -1.390984238763E+004  1.715690947497E+005  2.591298728041E-005  1.374887261576E-001
  2.922181243436E-002  1.139212115880E+003 -1.372373166209E+004  1.692166746755E+005  2.590285032777E-005  1.380931765711E-001
  3.033608401473E-002  1.124024710203E+003 -1.353649953837E+004  1.668509423054E+005  2.589200315543E-005  1.387123508266E-001
  3.147245621542E-002  1.108749425604E+003 -1.334824906721E+004  1.644732265245E+005  2.588041215964E-005  1.393464627968E-001
  3.263102254705E-002  1.093394441560E+003 -1.315908293181E+004  1.620848504401E+005  2.586804266570E-005  1.399957326302E-001
  3.381187850339E-002  1.077967907973E+003 -1.296910336024E+004  1.596871302279E+005  2.585485888961E-005  1.406603869055E-001
  3.501512157837E-002  1.062477938424E+003 -1.277841203903E+004  1.572813739956E+005  2.584082391809E-005  1.413406587910E-001
  3.624085128345E-002  1.046932603528E+003 -1.258711002801E+004  1.548688806640E+005  2.582589966941E-005  1.420367882101E-001
  3.748916916538E-002  1.031339924380E+003 -1.239529767660E+004  1.524509388692E+005  2.581004686772E-005  1.427490220117E-001
  3.876017882444E-002  1.015707866106E+003 -1.220307454149E+004  1.500288258846E+005  2.579322501306E-005  1.434776141478E-001
  4.005398593302E-002  1.000044331521E+003 -1.201053930595E+004  1.476038065656E+005  2.577539233682E-005  1.442228258565E-001
  4.137069825459E-002  9.843571549170E+002 -1.181778970067E+004  1.451771323175E+005  2.575650578044E-005  1.449849258509E-001
  4.271042566323E-002  9.686540959565E+002 -1.162492242651E+004  1.427500400877E+005  2.573652095519E-005  1.457641905162E-001
  4.407328016341E-002  9.529428337125E+002 -1.143203307883E+004  1.403237513838E+005  2.571539210290E-005  1.465609041116E-001
  4.545937591035E-002  9.372309608357E+002 -1.123921607396E+004  1.378994713181E+005  2.569307206497E-005  1.473753589809E-001
  4.686882923075E-002  9.215259778672E+002 -1.104656457741E+004  1.354783876792E+005  2.566951224183E-005  1.482078557699E-001
  4.830175864396E-002  9.058352876981E+002 -1.085417043424E+004  1.330616700332E+005  2.564466255392E-005  1.490587036505E-001
  4.975828488365E-002  8.901661901833E+002 -1.066212410157E+004  1.306504688530E+005  2.561847140221E-005  1.499282205542E-001
  5.123853091993E-002  8.745258769133E+002 -1.047051458313E+004  1.282459146791E+005  2.559088562982E-005  1.508167334122E-001
  5.274262198188E-002  8.589214261495E+002 -1.027942936616E+004  1.258491173109E+005  2.556185047816E-005  1.517245784050E-001
  5.427068558066E-002  8.433597979285E+002 -1.008895436056E+004  1.234611650298E+005  2.553130954640E-005  1.526521012197E-001
  5.582285153302E-002  8.278478293380E+002 -9.899173840426E+003  1.210831238555E+005  2.549920474303E-005  1.535996573173E-001
  5.739925198530E-002  8.123922299711E+002 -9.710170387930E+003  1.187160368348E+005  2.546547625278E-005  1.545676122083E-001
  5.900002143803E-002  7.969995775604E+002 -9.522024839706E+003  1.163609233648E+005  2.543006247924E-005  1.555563417384E-001
  6.062529677088E-002  7.816763137974E+002 -9.334816235710E+003  1.140187785501E+005  2.539290000778E-005  1.565662323847E-001
  6.227521726827E-002  7.664287403397E+002 -9.148621770628E+003  1.116905725958E+005  2.535392355370E-005  1.575976815606E-001
  6.394992464542E-002  7.512630150096E+002 -8.963516747849E+003  1.093772502348E+005  2.531306592002E-005  1.586510979335E-001
  6.564956307496E-002  7.361851481867E+002 -8.779574536057E+003  1.070797301913E+005  2.527025794274E-005  1.597269017515E-001
  6.737427921404E-002  7.212009993974E+002 -8.596866528456E+003  1.047989046809E+005  2.522542845015E-005  1.608255251831E-001
  6.912422223211E-002  7.063162741028E+002 -8.415462104661E+003  1.025356389464E+005  2.517850420682E-005  1.619474126679E-001
  7.089954383907E-002  6.915365206887E+002 -8.235428595277E+003  1.002907708308E+005  2.512940986814E-005  1.630930212798E-001
  7.270039831418E-002  6.768671276569E+002 -8.056831249176E+003  9.806511038665E+004  2.507806792826E-005  1.642628211029E-001
  7.452694253540E-002  6.623133210226E+002 -7.879733203495E+003  9.585943952270E+004  2.502439866887E-005  1.654572956205E-001
  7.637933600943E-002  6.478801619151E+002 -7.704195456362E+003  9.367451168742E+004  2.496832011217E-005  1.666769421178E-001
  7.825774090225E-002  6.335725443865E+002 -7.530276842352E+003  9.151105158953E+004  2.490974796510E-005  1.679222720983E-001
  8.016232207035E-002  6.193951934257E+002 -7.358034010679E+003  8.936975495554E+004  2.484859557577E-005  1.691938117156E-001
  8.209324709253E-002  6.053526631812E+002 -7.187521406119E+003  8.725128832415E+004  2.478477387458E-005  1.704921022190E-001
  8.405068630235E-002  5.914493353892E+002 -7.018791252662E+003  8.515628887738E+004  2.471819133082E-005  1.718177004161E-001
  8.603481282122E-002  5.776894180100E+002 -6.851893539880E+003  8.308536430820E+004  2.464875390214E-005  1.731711791504E-001
  8.804580259214E-002  5.640769440696E+002 -6.686876011992E+003  8.103909272442E+004  2.457636498357E-005  1.745531277961E-001
  9.008383441408E-002  5.506157707076E+002 -6.523784159630E+003  7.901802258858E+004  2.450092535790E-005  1.759641527700E-001
  9.214908997710E-002  5.373095784285E+002 -6.362661214246E+003  7.702267269333E+004  2.442233316524E-005  1.774048780613E-001
  9.424175389809E-002  5.241618705567E+002 -6.203548145182E+003  7.505353217208E+004  2.434048383836E-005  1.788759457797E-001
  9.636201375725E-002  5.111759728922E+002 -6.046483659336E+003  7.311106054428E+004  2.425527007041E-005  1.803780167224E-001
  9.851006013526E-002  4.983550335655E+002 -5.891504203408E+003  7.119568779499E+004  2.416658177848E-005  1.819117709611E-001
  1.006860866512E-001  4.857020230901E+002 -5.738643968696E+003  6.930781448802E+004  2.407430606437E-005  1.834779084486E-001
  1.028902900012E-001  4.732197346091E+002 -5.587934898392E+003  6.744781191211E+004  2.397832717588E-005  1.850771496468E-001
  1.051228699979E-001  4.609107843336E+002 -5.439406697338E+003  6.561602225963E+004  2.387852648825E-005  1.867102361762E-001
  1.073840296104E-001  4.487776121707E+002 -5.293086844201E+003  6.381275883680E+004  2.377478247090E-005  1.883779314873E-001
  1.096739750056E-001  4.368224825368E+002 -5.149000606019E+003  6.203830630506E+004  2.366697067527E-005  1.900810215545E-001
  1.119929155896E-001  4.250474853528E+002 -5.007171055055E+003  6.029292095251E+004  2.355496371293E-005  1.918203155947E-001
  1.143410640503E-001  4.134545372186E+002 -4.867619087923E+003  5.857683099486E+004  2.343863126295E-005  1.935966468083E-001
  1.167186364011E-001  4.020453827624E+002 -4.730363446910E+003  5.689023690488E+004  2.331784005752E-005  1.954108731465E-001
  1.191258520249E-001  3.908215961601E+002 -4.595420743449E+003  5.523331176947E+004  2.319245390561E-005  1.972638781028E-001
  1.215629337189E-001  3.797845828214E+002 -4.462805483668E+003  5.360620167359E+004  2.306233370572E-005  1.991565715316E-001
  1.240301077413E-001  3.689355812382E+002 -4.332530095963E+003  5.200902610994E+004  2.292733748298E-005  2.010898904925E-001
  1.265276038575E-001  3.582756649896E+002 -4.204604960515E+003  5.044187841347E+004  2.278732042740E-005  2.030648001221E-001
  1.290556553882E-001  3.478057448995E+002 -4.079038440690E+003  4.890482621977E+004  2.264213495790E-005  2.050822945340E-001
  1.316144992580E-001  3.375265713423E+002 -3.955836916250E+003  4.739791194625E+004  2.249163078730E-005  2.071433977464E-001
  1.342043760450E-001  3.274387366895E+002 -3.835004818296E+003  4.592115329505E+004  2.233565502857E-005  2.092491646389E-001
  1.368255300316E-001  3.175426778944E+002 -3.716544665870E+003  4.447454377669E+004  2.217405229131E-005  2.114006819382E-001
  1.394782092560E-001  3.078386792078E+002 -3.600457104150E+003  4.305805325329E+004  2.200666481985E-005  2.135990692332E-001
  1.421626655646E-001  2.983268750195E+002 -3.486740944141E+003  4.167162850031E+004  2.183333265278E-005  2.158454800200E-001
  1.448791546661E-001  2.890072528200E+002 -3.375393203795E+003  4.031519378557E+004  2.165389380608E-005  2.181411027770E-001
  1.476279361856E-001  2.798796562768E+002 -3.266409150479E+003  3.898865146465E+004  2.146818448151E-005  2.204871620689E-001
  1.504092737207E-001  2.709437884191E+002 -3.159782344705E+003  3.769188259127E+004  2.127603932259E-005  2.228849196818E-001
  1.532234348983E-001  2.621992149248E+002 -3.055504685039E+003  3.642474754161E+004  2.107729168853E-005  2.253356757869E-001
  1.560706914324E-001  2.536453675039E+002 -2.953566454116E+003  3.518708665147E+004  2.087177399127E-005  2.278407701337E-001
  1.589513191834E-001  2.452815473728E+002 -2.853956365658E+003  3.397872086502E+004  2.065931805018E-005  2.304015832719E-001
  1.618655982178E-001  2.371069288118E+002 -2.756661612433E+003  3.279945239391E+004  2.043975552499E-005  2.330195378001E-001
  1.648138128702E-001  2.291205628012E+002 -2.661667915051E+003  3.164906538585E+004  2.021291838253E-005  2.356960996419E-001
  1.677962518056E-001  2.213213807289E+002 -2.568959571529E+003  3.052732660108E+004  1.997863943705E-005  2.384327793466E-001
  1.708132080832E-001  2.137081981635E+002 -2.478519507528E+003  2.943398609601E+004  1.973675294984E-005  2.412311334126E-001
  1.738649792215E-001  2.062797186856E+002 -2.390329327181E+003  2.836877791253E+004  1.948709531088E-005  2.440927656330E-001
  1.769518672648E-001  1.990345377734E+002 -2.304369364436E+003  2.733142077210E+004  1.922950579224E-005  2.470193284580E-001
  1.800741788507E-001  1.919711467341E+002 -2.220618734821E+003  2.632161877324E+004  1.896382740626E-005  2.500125243737E-001
  1.832322252791E-001  1.850879366749E+002 -2.139055387550E+003  2.533906209161E+004  1.868990784462E-005  2.530741072913E-001
  1.864263225826E-001  1.783832025096E+002 -2.059656157890E+003  2.438342768126E+004  1.840760054779E-005  2.562058839440E-001
  1.896567915983E-001  1.718551469922E+002 -1.982396819713E+003  2.345437997624E+004  1.811676588086E-005  2.594097152850E-001
  1.929239580409E-001  1.655018847722E+002 -1.907252138141E+003  2.255157159122E+004  1.781727244555E-005  2.626875178815E-001
  1.962281525771E-001  1.593214464665E+002 -1.834195922216E+003  2.167464402042E+004  1.750899853867E-005  2.660412652974E-001
  1.995697109023E-001  1.533117827403E+002 -1.763201077513E+003  2.082322833344E+004  1.719183377812E-005  2.694729894563E-001
  2.029489738173E-001  1.474707683923E+002 -1.694239658621E+003  1.999694586734E+004  1.686568089355E-005  2.729847819765E-001
  2.063662873085E-001  1.417962064382E+002 -1.627282921415E+003  1.919540891372E+004  1.653045772365E-005  2.765787954662E-001
  2.098220026275E-001  1.362858321863E+002 -1.562301375055E+003  1.841822140003E+004  1.618609941620E-005  2.802572447679E-001
  2.133164763746E-001  1.309373173000E+002 -1.499264833628E+003  1.766497956411E+004  1.583256086293E-005  2.840224081373E-001
  2.168500705817E-001  1.257482738421E+002 -1.438142467374E+003  1.693527262106E+004  1.546981940709E-005  2.878766283416E-001
  2.204231527988E-001  1.207162582946E+002 -1.378902853428E+003  1.622868342169E+004  1.509787779892E-005  2.918223136589E-001
  2.240360961807E-001  1.158387755500E+002 -1.321514026009E+003  1.554478910150E+004  1.471676749746E-005  2.958619387595E-001
  2.276892795770E-001  1.111132828676E+002 -1.265943525996E+003  1.488316171968E+004  1.432655227324E-005  2.999980454446E-001
  2.313830876220E-001  1.065371937913E+002 -1.212158449834E+003  1.424336888714E+004  1.392733220279E-005  3.042332432187E-001
  2.351179108282E-001  1.021078820237E+002 -1.160125497698E+003  1.362497438295E+004  1.351924804706E-005  3.085702096650E-001
  2.388941456809E-001  9.782268525103E+001 -1.109811020887E+003  1.302753875849E+004  1.310248608339E-005  3.130116905929E-001
  2.427121947345E-001  9.367890891578E+001 -1.061181068363E+003  1.245061992868E+004  1.267728339602E-005  3.175604999192E-001
  2.465724667110E-001  8.967382993214E+001 -1.014201432406E+003  1.189377374964E+004  1.224393369885E-005  3.222195192443E-001
  2.504753766009E-001  8.580470034013E+001 -9.688376933322E+002  1.135655458216E+004  1.180279370418E-005  3.269916970751E-001
  2.544213457654E-001  8.206875089472E+001 -9.250552632249E+002  1.083851584064E+004  1.135429012374E-005  3.318800476468E-001
  2.584108020414E-001  7.846319458616E+001 -8.828194286439E+002  1.033921052674E+004  1.089892730102E-005  3.368876492829E-001
  2.624441798480E-001  7.498523008812E+001 -8.420953922666E+002  9.858191747456E+003  1.043729558496E-005  3.420176422335E-001
  2.665219202956E-001  7.163204513018E+001 -8.028483134282E+002  9.395013217227E+003  9.970080442563E-006  3.472732259198E-001
  2.706444712976E-001  6.840081979160E+001 -7.650433475256E+002  8.949229743534E+003  9.498072423845E-006  3.526576555078E-001
  2.748122876832E-001  6.528872971355E+001 -7.286456842542E+002  8.520397695820E+003  9.022177984069E-006  3.581742377246E-001
  2.790258313137E-001  6.229294922697E+001 -6.936205846475E+002  8.108075457341E+003  8.543431270623E-006  3.638263258237E-001
  2.832855712010E-001  5.941065439358E+001 -6.599334168965E+002  7.711823859730E+003  8.063006904856E-006  3.696173135946E-001
  2.875919836279E-001  5.663902595780E+001 -6.275496909242E+002  7.331206600036E+003  7.582233820069E-006  3.755506283024E-001
  2.919455522717E-001  5.397525220737E+001 -5.964350916955E+002  6.965790640070E+003  7.102610229043E-006  3.816297224337E-001
  2.963467683296E-001  5.141653174087E+001 -5.665555112460E+002  6.615146587917E+003  6.625819770304E-006  3.878580641129E-001
  3.007961306479E-001  4.896007614036E+001 -5.378770794144E+002  6.278849061499E+003  6.153748860393E-006  3.942391260421E-001
  3.052941458522E-001  4.660311254773E+001 -5.103661932676E+002  5.956477034147E+003  5.688505306975E-006  4.007763728059E-001
  3.098413284823E-001  4.434288614339E+001 -4.839895452088E+002  5.647614162127E+003  5.232438216064E-006  4.074732463722E-001
  3.144382011281E-001  4.217666252634E+001 -4.587141497626E+002  5.351849094152E+003  4.788159182340E-006  4.143331496069E-001
  3.190852945695E-001  4.010172999454E+001 -4.345073690335E+002  5.068775762894E+003  4.358564778267E-006  4.213594276108E-001
  3.237831479192E-001  3.811540172506E+001 -4.113369368364E+002  4.797993658608E+003  3.946860273945E-006  4.285553466774E-001
  3.285323087679E-001  3.621501785343E+001 -3.891709815004E+002  4.539108084940E+003  3.556584563483E-006  4.359240706630E-001
  3.333333333333E-001  3.439794745186E+001 -3.679780473501E+002  4.291730397091E+003  3.191636140478E-006  4.434686345515E-001
  3.381867866117E-001  3.266159040630E+001 -3.477271148700E+002  4.055478222483E+003  2.856300002990E-006  4.511919149988E-001
  3.430932425333E-001  3.100337919222E+001 -3.283876195608E+002  3.829975664157E+003  2.555275285626E-006  4.590965976384E-001
  3.480532841203E-001  2.942078054958E+001 -3.099294694987E+002  3.614853487106E+003  2.293703275326E-006  4.671851409394E-001
  3.530675036492E-001  2.791129705715E+001 -2.923230616093E+002  3.409749287820E+003  2.077195529574E-006  4.754597364192E-001
  3.581365028158E-001  2.647246860700E+001 -2.755392966724E+002  3.214307647315E+003  1.911861601140E-006  4.839222650362E-001
  3.632608929041E-001  2.510187377967E+001 -2.595495930743E+002  3.028180267962E+003  1.804335788414E-006  4.925742496185E-001
  3.684412949588E-001  2.379713112104E+001 -2.443258993254E+002  2.851026094444E+003  1.761802306051E-006  5.014168032256E-001
  3.736783399619E-001  2.255590032201E+001 -2.298407053651E+002  2.682511419191E+003  1.792017966603E-006  5.104505734004E-001
  3.789726690123E-001  2.137588330200E+001 -2.160670526755E+002  2.522309972671E+003  1.903331500942E-006  5.196756823390E-001
  3.843249335105E-001  2.025482519774E+001 -2.029785432280E+002  2.370102998930E+003  2.104698327724E-006  5.290916630980E-001
  3.897357953460E-001  1.919051525880E+001 -1.905493472882E+002  2.225579316785E+003  2.405689535910E-006  5.386973920726E-001
  3.952059270903E-001  1.818078765141E+001 -1.787542101065E+002  2.088435367099E+003  2.816493587705E-006  5.484910181114E-001
  4.007360121927E-001  1.722352217232E+001 -1.675684575215E+002  1.958375246579E+003  3.347909142603E-006  5.584698887963E-001
  4.063267451812E-001  1.631664487452E+001 -1.569680005065E+002  1.835110728552E+003  4.011327191474E-006  5.686304745985E-001
  4.119788318683E-001  1.545812860673E+001 -1.469293386899E+002  1.718361271170E+003  4.818700597743E-006  5.789682918354E-001
  4.176929895600E-001  1.464599346871E+001 -1.374295628797E+002  1.607854013542E+003  5.782499023167E-006  5.894778255860E-001
  4.234699472710E-001  1.387830718453E+001 -1.284463566257E+002  1.503323760252E+003  6.915647151318E-006  6.001524539841E-001
  4.293104459435E-001  1.315318539599E+001 -1.199579968522E+002  1.404512954770E+003  8.231444176123E-006  6.109843755803E-001
  4.352152386716E-001  1.246879187849E+001 -1.119433535957E+002  1.311171642238E+003  9.743462597496E-006  6.219645417520E-001
  4.411850909306E-001  1.182333868170E+001 -1.043818888810E+002  1.223057422148E+003  1.146542462012E-005  6.330825964236E-001
  4.472207808110E-001  1.121508619745E+001 -9.725365477192E+001  1.139935391393E+003  1.341105480033E-005  6.443268256305E-001
  4.533230992589E-001  1.064234315735E+001 -9.053929063178E+001  1.061578078219E+003  1.559390811637E-005  6.556841197027E-001
  4.594928503202E-001  1.010346656264E+001 -8.422001962916E+001  9.877653675631E+002  1.802717329813E-005  6.671399510324E-001
  4.657308513924E-001  9.596861548864E+000 -7.827764452534E+001  9.182844182886E+002  2.072345216896E-005  6.786783705050E-001
  4.720379334802E-001  9.120981187979E+000 -7.269454277942E+001  8.529295728243E+002  2.369451678473E-005  6.902820256931E-001
  4.784149414579E-001  8.674326230502E+000 -6.745366100739E+001  7.915022596956E+002  2.695104736871E-005  7.019322038037E-001
  4.848627343381E-001  8.255444790423E+000 -6.253850883126E+001  7.338108894477E+002  3.050235541977E-005  7.136089021112E-001
  4.913821855461E-001  7.862931975513E+000 -5.793315215438E+001  6.796707444460E+002  3.435609779321E-005  7.252909281850E-001
  4.979741832006E-001  7.495429465737E+000 -5.362220589875E+001  6.289038630362E+002  3.851798900926E-005  7.369560316054E-001
  5.046396304008E-001  7.151625042458E+000 -4.959082623991E+001  5.813389185365E+002  4.299152038048E-005  7.485810680596E-001
  5.113794455212E-001  6.830252071135E+000 -4.582470237454E+001  5.368110935278E+002  4.777769576850E-005  7.601421957245E-001
  5.181945625116E-001  6.530088940180E+000 -4.231004785572E+001  4.951619498977E+002  5.287479453003E-005  7.716151026958E-001
  5.250859312060E-001  6.249958458663E+000 -3.903359152994E+001  4.562392950828E+002  5.827817275609E-005  7.829752629490E-001
  5.320545176366E-001  5.988727215509E+000 -3.598256810974E+001  4.198970449458E+002  6.398011359535E-005  7.941982169869E-001
  5.391013043575E-001  5.745304902806E+000 -3.314470841509E+001  3.859950837084E+002  6.996973684137E-005  8.052598719861E-001
  5.462272907741E-001  5.518643605836E+000 -3.050822931586E+001  3.543991213531E+002  7.623297636893E-005  8.161368150131E-001
  5.534334934816E-001  5.307737062380E+000 -2.806182340722E+001  3.249805488895E+002  8.275263191698E-005  8.268066318029E-001
  5.607209466109E-001  5.111619893836E+000 -2.579464844892E+001  2.976162918731E+002  8.950849898759E-005  8.372482227844E-001
  5.680907021827E-001  4.929366810618E+000 -2.369631659849E+001  2.721886625445E+002  9.647757735045E-005  8.474421075644E-001
  5.755438304707E-001  4.760091794284E+000 -2.175688346783E+001  2.485852109487E+002  1.036343551431E-004  8.573707090161E-001
  5.830814203728E-001  4.602947258774E+000 -1.996683703142E+001  2.266985753764E+002  1.109511619955E-004  8.670186084804E-001
  5.907045797917E-001  4.457123193090E+000 -1.831708641373E+001  2.064263324546E+002  1.183985811713E-004  8.763727643964E-001
  5.984144360243E-001  4.321846287693E+000 -1.679895058234E+001  1.876708472008E+002  1.259459078714E-004  8.854226878852E-001
  6.062121361613E-001  4.196379046835E+000 -1.540414697234E+001  1.703391233393E+002  1.335616384592E-004  8.941605703694E-001
  6.140988474955E-001  4.080018888971E+000 -1.412478006648E+001  1.543426541607E+002  1.412139741110E-004  9.025813601127E-001
  6.220757579409E-001  3.972097237338E+000 -1.295332995477E+001  1.395972741952E+002  1.488713218830E-004  9.106827865091E-001
  6.301440764614E-001  3.871978602729E+000 -1.188264089584E+001  1.260230119508E+002  1.565027766443E-004  9.184653329141E-001
  6.383050335109E-001  3.779059660393E+000 -1.090590990175E+001  1.135439439539E+002  1.640785689056E-004  9.259321606643E-001
  6.465598814833E-001  3.692768322956E+000 -1.001667536647E+001  1.020880503160E+002  1.715704656587E-004  9.330889885816E-001
  6.549098951744E-001  3.612562811152E+000 -9.208805757548E+000  9.158707203406E+001  1.789521141380E-004  9.399439336065E-001
  6.633563722545E-001  3.537930724100E+000 -8.476488389248E+000  8.197637021602E+001  1.861993215270E-004  9.465073192012E-001
  6.719006337539E-001  3.468388110784E+000 -7.814218294355E+000  7.319478741225E+001  1.932902668908E-004  9.527914587719E-001
  6.805440245593E-001  3.403478544303E+000 -7.216787210980E+000  6.518451121543E+001  2.002056446527E-004  9.588104215919E-001
  6.892879139233E-001  3.342772200403E+000 -6.679272699470E+000  5.789094027986E+001  2.069287417230E-004  9.645797885815E-001
  6.981336959871E-001  3.285864941708E+000 -6.197027403607E+000  5.126255289660E+001  2.134454528695E-004  9.701164048744E-001
  7.070827903152E-001  3.232377408991E+000 -5.765668469209E+000  4.525077824760E+001  2.197442405871E-004  9.754381354265E-001
  7.161366424455E-001  3.181954120770E+000 -5.381067132283E+000  3.980987044920E+001  2.258160471225E-004  9.805636290811E-001
  7.252967244510E-001  3.134262582400E+000 -5.039338487856E+000  3.489678548245E+001  2.316541669967E-004  9.855120955576E-001
  7.345645355186E-001  3.088992405784E+000 -4.736831449660E+000  3.047106109574E+001  2.372540885672E-004  9.903030988417E-001
  7.439416025400E-001  3.045854440751E+000 -4.470118909889E+000  2.649469975339E+001  2.426133130357E-004  9.949563694846E-001
  7.534294807203E-001  3.004579919040E+000 -4.235988107323E+000  2.293205469244E+001  2.477311587376E-004  9.994916374100E-001
  7.630297542000E-001  2.964919611801E+000 -4.031431211210E+000  1.974971913893E+001  2.526085577894E-004  1.003928486005E+000
  7.727440366954E-001  2.926643001419E+000 -3.853636127394E+000  1.691641872463E+001  2.572478511988E-004  1.008286227572E+000
  7.825739721536E-001  2.889537468391E+000 -3.699977532366E+000  1.440290713502E+001  2.616525876549E-004  1.012583799620E+000
  7.925212354258E-001  2.853407493954E+000 -3.568008140035E+000  1.218186500994E+001  2.658273300140E-004  1.016839681045E+000
  8.025875329584E-001  2.818073879045E+000 -3.455450205248E+000  1.022780210895E+001  2.697774727018E-004  1.021071826865E+000
  8.127746035011E-001  2.783372980133E+000 -3.360187267314E+000  8.516962745257E+000  2.735090722620E-004  1.025297619986E+000
  8.230842188350E-001  2.749155962400E+000 -3.280256136025E+000  7.027234483588E+000  2.770286924779E-004  1.029533838302E+000
  8.335181845190E-001  2.715288070673E+000 -3.213839121970E+000  5.738060089733E+000  2.803432648768E-004  1.033796635398E+000
  8.440783406568E-001  2.681647918443E+000 -3.159256512254E+000  4.630352712488E+000  2.834599647737E-004  1.038101533110E+000
  8.547665626839E-001  2.648126795275E+000 -3.114959292073E+000  3.686414271693E+000  2.863861027040E-004  1.042463424270E+000
  8.655847621758E-001  2.614627992820E+000 -3.079522111987E+000  2.889857019919E+000  2.891290305569E-004  1.046896584041E+000
  8.765348876780E-001  2.581066149609E+000 -3.051636500142E+000  2.225528239407E+000  2.916960616378E-004  1.051414688371E+000
  8.876189255584E-001  2.547366614752E+000 -3.030104318127E+000  1.679438030442E+000  2.940944036380E-004  1.056030838236E+000
  8.988389008829E-001  2.513464830617E+000 -3.013831458641E+000  1.238690142326E+000  2.963311034152E-004  1.060757588459E+000
  9.101968783143E-001  2.479305734500E+000 -3.001821782646E+000  8.914157935214E-001  2.984130024093E-004  1.065606980071E+000
  9.216949630368E-001  2.444843179282E+000 -2.993171293225E+000  6.267104233221E-001  3.003467015509E-004  1.070590575271E+000
  9.333353017046E-001  2.410039373005E+000 -2.987062542925E+000  4.345733136191E-001  3.021385345483E-004  1.075719494222E+000
  9.451200834176E-001  2.374864337261E+000 -2.982759270998E+000  3.058500159075E-001  3.037945484403E-004  1.081004453007E+000
  9.570515407237E-001  2.339295384277E+000 -2.979601266555E+000  2.321775156327E-001  3.053204904574E-004  1.086455802199E+000
  9.691319506484E-001  2.303316612493E+000 -2.976999453349E+000  2.059320632751E-001  3.067218002164E-004  1.092083565594E+000
  9.813636357544E-001  2.266918420472E+000 -2.974431191566E+000  2.201795992520E-001  3.080036064376E-004  1.097897478745E+000
  9.937489652293E-001  2.230097038886E+000 -2.971435791782E+000  2.686286976990E-001  3.091707274192E-004  1.103907027016E+000
  1.006290356005E+000  2.192854080328E+000 -2.967610235956E+000  3.455859525183E-001  3.102276745761E-004  1.110121482943E+000
  1.018990273907E+000  2.155196106695E+000 -2.962605100158E+000  4.459137277228E-001  3.111786584816E-004  1.116549942747E+000
  1.031851234841E+000  2.117134213819E+000 -2.956120673530E+000  5.649901930429E-001  3.120275968481E-004  1.123201361895E+000
  1.044875806003E+000  2.078683633055E+000 -2.947903267849E+000  6.986715649891E-001  3.127781240606E-004  1.130084589637E+000
  1.058066607138E+000  2.039863349497E+000 -2.937741711915E+000  8.432564730765E-001  3.134336017866E-004  1.137208402503E+000
  1.071426311823E+000  2.000695736470E+000 -2.925464024913E+000  9.954523706962E-001  3.139971304325E-004  1.144581536754E+000
  1.084957648792E+000  1.961206205974E+000 -2.910934262836E+000  1.152343910147E+000  3.144715610919E-004  1.152212719803E+000
  1.098663403298E+000  1.921422874705E+000 -2.894049531984E+000  1.311363201631E+000  3.148595077863E-004  1.160110700665E+000
  1.112546418516E+000  1.881376245313E+000 -2.874737163579E+000  1.470261876512E+000  3.151633598124E-004  1.168284279476E+000
  1.126609596985E+000  1.841098902513E+000 -2.852952043517E+000  1.627084875896E+000  3.153852939906E-004  1.176742336164E+000
  1.140855902095E+000  1.800625223714E+000 -2.828674091314E+000  1.780145886511E+000  3.155272867661E-004  1.185493858335E+000
  1.155288359613E+000  1.759991103782E+000 -2.801905882361E+000  1.928004347030E+000  3.155911259631E-004  1.194547968479E+000
  1.169910059257E+000  1.719233693586E+000 -2.772670407674E+000  2.069443949305E+000  3.155784222002E-004  1.203913950564E+000
  1.184724156317E+000  1.678391151979E+000 -2.741008965412E+000  2.203452560470E+000  3.154906198339E-004  1.213601276128E+000
  1.199733873325E+000  1.637502410853E+000 -2.706979178537E+000  2.329203493567E+000  3.153290074267E-004  1.223619629957E+000
  1.214942501771E+000  1.596606952935E+000 -2.670653133143E+000  2.446038056128E+000  3.150947276906E-004  1.233978935454E+000
  1.230353403874E+000  1.555744601983E+000 -2.632115632075E+000  2.553449308127E+000  3.147887868858E-004  1.244689379789E+000
  1.245970014403E+000  1.514955325053E+000 -2.591462558658E+000  2.651066962766E+000  3.144120636573E-004  1.255761438935E+000
  1.261795842559E+000  1.474279046528E+000 -2.548799345464E+000  2.738643365737E+000  3.139653173003E-004  1.267205902695E+000
  1.277834473907E+000  1.433755473586E+000 -2.504239543268E+000  2.816040490889E+000  3.134491954829E-004  1.279033899812E+000
  1.294089572372E+000  1.393423932817E+000 -2.457903485482E+000  2.883217892554E+000  3.128642413851E-004  1.291256923273E+000
  1.310564882294E+000  1.353323217690E+000 -2.409917043559E+000  2.940221557220E+000  3.122109002971E-004  1.303886855894E+000
  1.327264230548E+000  1.313491446599E+000 -2.360410469033E+000  2.987173599685E+000  3.114895256902E-004  1.316935996311E+000
  1.344191528724E+000  1.273965931195E+000 -2.309517318063E+000  3.024262751322E+000  3.107003847521E-004  1.330417085457E+000
  1.361350775387E+000  1.234783054763E+000 -2.257373454531E+000  3.051735590611E+000  3.098436634255E-004  1.344343333646E+000
  1.378746058390E+000  1.195978160367E+000 -2.204116127919E+000  3.069888468586E+000  3.089194709655E-004  1.358728448362E+000
  1.396381557275E+000  1.157585448517E+000 -2.149883122406E+000  3.079060084382E+000  3.079278440202E-004  1.373586662866E+000
  1.414261545744E+000  1.119637884125E+000 -2.094811973769E+000  3.079624668513E+000  3.068687502873E-004  1.388932765725E+000
  1.432390394201E+000  1.082167112487E+000 -2.039039250882E+000  3.071985733990E+000  3.057420917353E-004  1.404782131387E+000
  1.450772572390E+000  1.045203384079E+000 -1.982699898743E+000  3.056570357752E+000  3.045477074278E-004  1.421150751906E+000
  1.469412652102E+000  1.008775487924E+000 -1.925926640147E+000  3.033823957220E+000  3.032853759874E-004  1.438055269945E+000
  1.488315309978E+000  9.729106932893E-001 -1.868849433252E+000  3.004205529040E+000  3.019548176920E-004  1.455513013184E+000
  1.507485330398E+000  9.376346995048E-001 -1.811594982444E+000  2.968183319243E+000  3.005556962527E-004  1.473542030256E+000
  1.526927608467E+000  9.029715936558E-001 -1.754286300024E+000  2.926230896117E+000  2.990876202943E-004  1.492161128352E+000
  1.546647153093E+000  8.689438159242E-001 -1.697042316372E+000  2.878823599073E+000  2.975501445513E-004  1.511389912635E+000
  1.566649090169E+000  8.355721323433E-001 -1.639977536341E+000  2.826435338635E+000  2.959427708142E-004  1.531248827607E+000
  1.586938665861E+000  8.028756147293E-001 -1.583201739744E+000  2.769535724422E+000  2.942649486498E-004  1.551759200600E+000
  1.607521250000E+000  7.708716275455E-001 -1.526819723882E+000  2.708587499659E+000  2.925160759229E-004  1.572943287535E+000
  1.628402339588E+000  7.395758214535E-001 -1.470931086117E+000  2.644044262216E+000  2.906954991345E-004  1.594824321140E+000
  1.649587562420E+000  7.090021332994E-001 -1.415630044601E+000  2.576348453599E+000  2.888025136300E-004  1.617426561807E+000
  1.671082680832E+000  6.791627922730E-001 -1.361005295288E+000  2.505929598582E+000  2.868363636702E-004  1.640775351278E+000
  1.692893595565E+000  6.500683319779E-001 -1.307139903419E+000  2.433202779307E+000  2.847962424093E-004  1.664897169373E+000
  1.715026349769E+000  6.217276081367E-001 -1.254111227719E+000  2.358567328746E+000  2.826812918208E-004  1.689819693979E+000
  1.737487133138E+000  5.941478216533E-001 -1.201990875559E+000  2.282405729329E+000  2.804906025754E-004  1.715571864541E+000
  1.760282286187E+000  5.673345467455E-001 -1.150844687355E+000  2.205082703380E+000  2.782232139151E-004  1.742183949290E+000
  1.783418304674E+000  5.412917638533E-001 -1.100732748534E+000  2.126944482737E+000  2.758781135482E-004  1.769687616492E+000
  1.806901844175E+000  5.160218970249E-001 -1.051709427355E+000  2.048318245573E+000  2.734542375887E-004  1.798116009999E+000
  1.830739724818E+000  4.915258554729E-001 -1.003823436925E+000  1.969511709001E+000  2.709504705941E-004  1.827503829400E+000
  1.854938936184E+000  4.678030789901E-001 -9.571179197515E-001  1.890812866542E+000  2.683656456971E-004  1.857887415111E+000
  1.879506642368E+000  4.448515869114E-001 -9.116305531609E-001  1.812489859946E+000  2.656985448829E-004  1.889304838742E+000
  1.904450187236E+000  4.226680302991E-001 -8.673936739457E-001  1.734790975267E+000  2.629478994432E-004  1.921795999126E+000
  1.929777099847E+000  4.012477470342E-001 -8.244344205938E-001  1.657944753399E+000  2.601123906273E-004  1.955402724410E+000
  1.955495100083E+000  3.805848194871E-001 -7.827748914703E-001  1.582160205575E+000  2.571906505203E-004  1.990168880632E+000
  1.981612104475E+000  3.606721344482E-001 -7.424323173341E-001  1.507627124627E+000  2.541812631872E-004  2.026140487265E+000
  2.008136232230E+000  3.415014449923E-001 -7.034192465858E-001  1.434516483037E+000  2.510827660973E-004  2.063365840205E+000
  2.035075811486E+000  3.230634339605E-001 -6.657437416657E-001  1.362980909043E+000  2.478936518584E-004  2.101895642757E+000
  2.062439385788E+000  3.053477787415E-001 -6.294095850437E-001  1.293155232324E+000  2.446123702897E-004  2.141783145186E+000
  2.090235720801E+000  2.883432170416E-001 -5.944164932717E-001  1.225157091006E+000  2.412373308541E-004  2.183084293452E+000
  2.118473811262E+000  2.720376133385E-001 -5.607603376047E-001  1.159087591971E+000  2.377669054542E-004  2.225857887809E+000
  2.147162888201E+000  2.564180257221E-001 -5.284333697362E-001  1.095032016721E+000  2.341994316378E-004  2.270165751968E+000
  2.176312426413E+000  2.414707728328E-001 -4.974244512368E-001  1.033060565293E+000  2.305332161872E-004  2.316072913627E+000
  2.205932152222E+000  2.271815006209E-001 -4.677192853389E-001  9.732291310205E-001  2.267665391357E-004  2.363647797182E+000
  2.236032051522E+000  2.135352486586E-001 -4.393006497613E-001  9.155800992155E-001  2.228976581923E-004  2.412962429542E+000
  2.266622378129E+000  2.005165157505E-001 -4.121486293315E-001  8.601431631787E-001  2.189248135697E-004  2.464092660020E+000
  2.297713662445E+000  1.881093246017E-001 -3.862408472258E-001  8.069361512640E-001  2.148462332390E-004  2.517118395363E+000
  2.329316720450E+000  1.762972853162E-001 -3.615526937184E-001  7.559658590774E-001  2.106601385502E-004  2.572123851068E+000
  2.361442663038E+000  1.650636575135E-001 -3.380575514012E-001  7.072288812539E-001  2.063647502331E-004  2.629197820235E+000
  2.394102905709E+000  1.543914108667E-001 -3.157270159130E-001  6.607124376350E-001  2.019582947437E-004  2.688433961309E+000
  2.427309178642E+000  1.442632838832E-001 -2.945311112953E-001  6.163951890541E-001  1.974390108972E-004  2.749931106172E+000
  2.461073537146E+000  1.346618407622E-001 -2.744384991714E-001  5.742480383422E-001  1.928051567767E-004  2.813793590209E+000
  2.495408372530E+000  1.255695261848E-001 -2.554166810283E-001  5.342349125623E-001  1.880550168401E-004  2.880131606074E+000
  2.530326423398E+000  1.169687179048E-001 -2.374321929612E-001  4.963135228979E-001  1.831869091661E-004  2.949061583074E+000
  2.565840787378E+000  1.088417770288E-001 -2.204507923274E-001  4.604360990210E-001  1.781991927841E-004  3.020706594259E+000
  2.601964933334E+000  1.011710958894E-001 -2.044376358330E-001  4.265500951794E-001  1.730902749845E-004  3.095196793499E+000
  2.638712714049E+000  9.393914343363E-002 -1.893574486617E-001  3.945988656384E-001  1.678586185388E-004  3.172669885052E+000
  2.676098379430E+000  8.712850806146E-002 -1.751746843323E-001  3.645223075099E-001  1.625027487273E-004  3.253271628396E+000
  2.714136590232E+000  8.072193787100E-002 -1.618536750478E-001  3.362574693841E-001  1.570212600660E-004  3.337156381339E+000
  2.752842432351E+000  7.470237827658E-002 -1.493587723769E-001  3.097391245487E-001  1.514128226161E-004  3.424487684773E+000
  2.792231431696E+000  6.905300698420E-002 -1.376544781754E-001  2.849003079371E-001  1.456761877738E-004  3.515438892759E+000
  2.832319569669E+000  6.375726632149E-002 -1.267055657267E-001  2.616728162854E-001  1.398101933933E-004  3.610193852047E+000
  2.873123299289E+000  5.879889293260E-002 -1.164771911411E-001  2.399876712962E-001  1.338137681366E-004  3.708947635567E+000
  2.914659561979E+000  5.416194486066E-002 -1.069349951138E-001  2.197755459043E-001  1.276859349063E-004  3.811907334933E+000
  2.956945805065E+000  4.983082605195E-002 -9.804519519594E-002  2.009671540173E-001  1.214258132315E-004  3.919292917581E+000
  3.000000000000E+000  4.579030832600E-002 -8.977466878016E-002  1.834936043536E-001  1.150326204917E-004  4.031338154779E+000
  3.043840661365E+000  4.202555086545E-002 -8.209102704919E-002  1.672867192268E-001  1.085056718529E-004  4.148291627507E+000
  3.088486866678E+000  3.852211728763E-002 -7.496268017125E-002  1.522793193297E-001  1.018443787827E-004  4.270417817991E+000
  3.133958277047E+000  3.526599036741E-002 -6.835889406173E-002  1.384054757420E-001  9.504824609652E-005  4.397998295640E+000
  3.180275158719E+000  3.224358448716E-002 -6.224983905734E-002  1.256007305400E-001  8.811686739377E-005  4.531333007167E+000
  3.227458405560E+000  2.944175589526E-002 -5.660663087188E-002  1.138022875045E-001  8.104991885893E-005  4.670741681889E+000
  3.275529562509E+000  2.684781085908E-002 -5.140136422079E-002  1.029491745255E-001  7.384715138719E-005  4.816565364559E+000
  3.324510850077E+000  2.444951180236E-002 -4.660713951413E-002  9.298237937024E-002  6.650838103250E-005  4.969168089623E+000
  3.374425189910E+000  2.223508151975E-002 -4.219808302646E-002  8.384496053508E-002  5.903347779057E-005  5.128938712564E+000
  3.425296231502E+000  2.019320556380E-002 -3.814936095626E-002  7.548213492283E-002  5.142235281923E-005  5.296292915998E+000
  3.477148380094E+000  1.831303290134E-002 -3.443718778822E-002  6.784134409792E-002  4.367494419666E-005  5.471675410443E+000
  3.530006825834E+000  1.658417493734E-002 -3.103882936886E-002  6.087230085531E-002  3.579120139089E-005  5.655562352313E+000
  3.583897574256E+000  1.499670300523E-002 -2.793260110072E-002  5.452701781087E-002  2.777106866203E-005  5.848464004607E+000
  3.638847478148E+000  1.354114442290E-002 -2.509786165214E-002  4.875981967613E-002  1.961446768846E-005  6.050927669169E+000
  3.694884270887E+000  1.220847721346E-002 -2.251500256979E-002  4.352734082380E-002  1.132127972867E-005  6.263540923215E+000
  3.752036601308E+000  1.099012358976E-002 -2.016543416984E-002  3.878850968406E-002  2.891327739258E-006  6.486935197246E+000
  3.810334070199E+000  9.877942300921E-003 -1.803156807089E-002  3.450452143795E-002 -5.675641119075E-006  6.721789736463E+000
  3.869807268505E+000  8.864219938482E-003 -1.609679671854E-002  3.063880039462E-002 -1.437997208399E-005  6.968835993553E+000
  3.930487817331E+000  7.941661298716E-003 -1.434547023765E-002  2.715695335722E-002 -2.322211795766E-005  7.228862507285E+000
  3.992408409843E+000  7.103378896553E-003 -1.276287093411E-002  2.402671519837E-002 -3.220265227671E-005  7.502720328872E+000
  4.055602855172E+000  6.342881725227E-003 -1.133518575431E-002  2.121788778296E-002 -4.132227987154E-005  7.791329066664E+000
  4.120106124432E+000  5.654063354252E-003 -1.004947699581E-002  1.870227329401E-002 -5.058184424689E-005  8.095683629607E+000
  4.185954398964E+000  5.031189456576E-003 -8.893651549693E-003  1.645360293887E-002 -5.998233119431E-005  8.416861761240E+000
  4.253185120935E+000  4.468884853905E-003 -7.856428940890E-003  1.444746193707E-002 -6.952486809184E-005  8.756032468960E+000
  4.321837046422E+000  3.962120166961E-003 -6.927308419779E-003  1.266121161995E-002 -7.921071842989E-005  9.114465468224E+000
  4.391950301120E+000  3.506198155043E-003 -6.096535344995E-003  1.107390940455E-002 -8.904127118710E-005  9.493541778477E+000
  4.463566438835E+000  3.096739826578E-003 -5.355067084398E-003  9.666227341080E-003 -9.901802475071E-005  9.894765627276E+000
  4.536728502895E+000  2.729670399336E-003 -4.694538648027E-003  8.420369873843E-003 -1.091425652936E-004  1.031977784178E+001
  4.611481090679E+000  2.401205185737E-003 -4.107228253831E-003  7.319991399590E-003 -1.194165396337E-004  1.077037093276E+001
  4.687870421430E+000  2.107835475072E-003 -3.586023013754E-003  6.350114154659E-003 -1.298416227722E-004  1.124850610649E+001
  4.765944407533E+000  1.846314480625E-003 -3.124384914384E-003  5.497046912082E-003 -1.404194805685E-004  1.175633247434E+001
  4.845752729492E+000  1.613643415520E-003 -2.716317252869E-003  4.748304922090E-003 -1.511517281557E-004  1.229620877001E+001
  4.927346914797E+000  1.407057756725E-003 -2.356331675062E-003  4.092531483400E-003 -1.620398849626E-004  1.287072793054E+001
  5.010780420931E+000  1.224013752023E-003 -2.039415948970E-003  3.519421488261E-003 -1.730853273750E-004  1.348274495059E+001
  5.096108722763E+000  1.062175219946E-003 -1.761002592617E-003  3.019647241119E-003 -1.842892403010E-004  1.413540848135E+001
  5.183389404586E+000  9.194006876841E-004 -1.516938461379E-003  2.584786808929E-003 -1.956525690479E-004  1.483219671723E+001
  5.272682257105E+000  7.937309069109E-004 -1.303455385867E-003  2.207255120588E-003 -2.071759730915E-004  1.557695819641E+001
  5.364049379651E+000  6.833767823100E-004 -1.117141937638E-003  1.880237993775E-003 -2.188597833874E-004  1.637395823794E+001
  5.457555287978E+000  5.867077423923E-004 -9.549163863845E-004  1.597629229882E-003 -2.307039649970E-004  1.722793185020E+001
  5.553267027968E+000  5.022405770514E-004 -8.140008990784E-004  1.353970881832E-003 -2.427080867941E-004  1.814414407571E+001
  5.651254295630E+000  4.286287611868E-004 -6.918970187221E-004  1.144396765735E-003 -2.548713000566E-004  1.912845888887E+001
  5.751589563796E+000  3.646522787364E-004 -5.863624481429E-004  9.645792556496E-004 -2.671923276341E-004  2.018741793911E+001
  5.854348215936E+000  3.092079565978E-004 -4.953891525925E-004  8.106793714221E-004 -2.796694654338E-004  2.132833063696E+001
  5.959608687557E+000  2.613003132558E-004 -4.171827839317E-004  6.793001427525E-004 -2.923005978190E-004  2.255937731786E+001
  6.067452615683E+000  2.200329224883E-004 -3.501434188815E-004  5.674432083936E-004 -3.050832284475E-004  2.388972749461E+001
  6.177964996951E+000  1.846002883515E-004 -2.928475942771E-004  4.724685876676E-004 -3.180145280152E-004  2.532967552891E+001
  6.291234354880E+000  1.542802237791E-004 -2.440316134776E-004  3.920575422750E-004 -3.310914003420E-004  2.689079642169E+001
  6.407352916949E+000  1.284267216164E-004 -2.025760901121E-004  3.241784295566E-004 -3.443105680989E-004  2.858612484763E+001
  6.526416802128E+000  1.064633037868E-004 -1.674916882040E-004  2.670554338411E-004 -3.576686795134E-004  3.043036104917E+001
  6.648526219580E+000  8.787683158752E-005 -1.379060114476E-004  2.191400501399E-004 -3.711624371839E-004  3.244010776452E+001
  6.773785679311E+000  7.221175787955E-005 -1.130515890562E-004  1.790851841318E-004 -3.847887499848E-004  3.463414300276E+001
  6.902304215570E+000  5.906480018144E-005 -9.225490120411E-005  1.457217240189E-004 -3.985449085988E-004  3.703373420076E+001
  7.034195623922E+000  4.808001243149E-005 -7.492638367648E-005  1.180374333875E-004 -4.124287845585E-004  3.966300010919E+001
  7.169578712934E+000  3.894423244148E-005 -6.055134897048E-005  9.515800963602E-005 -4.264390512589E-004  4.254932766111E+001
  7.308577571516E+000  3.138288182199E-005 -4.868175976949E-005  7.633014985758E-005 -4.405754236592E-004  4.572385207988E+001
  7.451321853057E+000  2.515609538805E-005 -3.892879044507E-005  6.090646528964E-005 -4.548389101760E-004  4.922200958220E+001
  7.597947077547E+000  2.005515771076E-005 -3.095611300622E-005  4.833208659373E-005 -4.692320660044E-004  5.308417322761E+001
  7.748594953021E+000  1.589922550773E-005 -2.447384565348E-005  3.813280528610E-005 -4.837592308664E-004  5.735638375575E+001
  7.903413717736E+000  1.253231588750E-005 -1.923310471875E-005  2.990460156023E-005 -4.984267261169E-004  6.209118864699E+001
  8.062558504629E+000  9.820541996176E-006 -1.502110415369E-005  2.330441541174E-005 -5.132429756237E-004  6.734860416611E+001
  8.226191729726E+000  7.649579265086E-006 -1.165675071440E-005  1.804202621843E-005 -5.282185022410E-004  7.319721687747E+001
  8.394483506327E+000  5.922347131023E-006 -8.986687395967E-006  1.387291549320E-005 -5.433657379955E-004  7.971544321395E+001
  8.567612086926E+000  4.556892705723E-006 -6.881742299381E-006  1.059199809872E-005 -5.586985722808E-004  8.699296846859E+001
  8.745764335025E+000  3.484464326250E-006 -5.233744764736E-006  8.028118423292E-006 -5.742315527041E-004  9.513239067777E+001
  8.929136229160E+000  2.647764158175E-006 -3.952675085358E-006  6.039219465607E-006 -5.899786524646E-004  1.042511013939E+002
  9.117933401693E+000  1.999370002628E-006 -2.964118258474E-006  4.508104059749E-006 -6.059515348481E-004  1.144834462294E+002
  9.312371715124E+000  1.500317154009E-006 -2.206995892280E-006  3.338718207937E-006 -6.221572912124E-004  1.259832264851E+002
  9.512677878945E+000  1.118831568916E-006 -1.631553484408E-006  2.452896348601E-006 -6.385957173042E-004  1.389266342503E+002
  9.719090110332E+000  8.292057635737E-007 -1.197582768016E-006  1.787517116916E-006 -6.552563393823E-004  1.535157649132E+002
  9.931858842267E+000  6.108088019277E-007 -8.728606945933E-007  1.292025592247E-006 -6.721156152941E-004  1.699829345981E+002
  1.015124748302E+001  4.472215302024E-007 -6.317879384646E-007  9.262841111322E-007 -6.891350153685E-004  1.885961620212E+002
  1.037753323129E+001  3.254879260546E-007 -4.542106571385E-007  6.587184941157E-007 -7.062610071903E-004  2.096663769139E+002
  1.061100795175E+001  2.354731334415E-007 -3.244097414793E-007  4.647301163353E-007 -7.234282637888E-004  2.335572199885E+002
  1.085197911611E+001  1.693185153039E-007 -2.302420715621E-007  3.253468409996E-007 -7.405675846465E-004  2.606987413228E+002
  1.110077081537E+001  1.209839312935E-007 -1.624184890985E-007  2.260876704614E-007 -7.576199339898E-004  2.916069389631E+002
  1.135772484956E+001  8.586747738531E-008 -1.139034230454E-007  1.560173060475E-007 -7.745575419328E-004  3.269119906185E+002
  1.162320190175E+001  6.049312986289E-008 -7.942145462557E-008  1.069678874534E-007 -7.914121599691E-004  3.673993637456E+002
  1.189758280382E+001  4.225712009838E-008 -5.505664300099E-008  7.290621222346E-008 -8.083094475350E-004  4.140700190468E+002
  1.218126990242E+001  2.922441319364E-008 -3.793118021154E-008  4.942586984730E-008 -8.255074210666E-004  4.682291904027E+002
  1.247468853413E+001  1.996734314442E-008 -2.595089744411E-008  3.334505621600E-008 -8.434362971591E-004  5.316187921907E+002
  1.277828862002E+001  1.343923052740E-008 -1.760627015480E-008  2.239239375999E-008 -8.627369479540E-004  6.066184528142E+002
  1.309254639077E+001  8.876632687321E-009 -1.181881331226E-008  1.496484774162E-008 -8.842943512561E-004  6.965586159002E+002
  1.341796625462E+001  5.724709250437E-009 -7.824056434222E-009  9.943736654048E-009 -9.092561315538E-004  8.062244044100E+002
  1.375508282195E+001  3.580991522539E-009 -5.083577307402E-009  6.556797791084E-009 -9.389991101168E-004  9.426981481428E+002
  1.410446310162E+001  2.153595608966E-009 -3.219797469343E-009  4.276195139067E-009 -9.749058860594E-004  1.116826471471E+003
  1.446670888596E+001  1.230598648054E-009 -1.968359733648E-009  2.744162291539E-009 -1.017441164221E-003  1.345865334180E+003
  1.484245934302E+001  6.578975546842E-010 -1.143892812774E-009  1.719595035629E-009 -1.062564057881E-003  1.658266500855E+003
  1.523239383723E+001  3.233902200440E-010 -6.158113110646E-010  1.040309232687E-009 -1.087486236487E-003  2.101187415056E+003
  1.563723500136E+001  1.457655229084E-010 -2.915054714782E-010  5.968486735905E-010 -9.947827959406E-004  2.740451665240E+003
  1.605775208607E+001  6.656861175554E-011 -1.048577097209E-010  3.146758112632E-010 -4.795720214933E-004  3.558638870668E+003
  1.649476461582E+001  4.452971930119E-011 -8.500335749625E-012  1.423319737069E-010  4.794429501542E-004  4.069025695635E+003
  1.694914638379E+001  5.141481422720E-011  3.138076447318E-011  4.374646405580E-011  7.515541155448E-004  3.878623828689E+003
  1.742182982203E+001  6.887924249436E-011  3.857268247510E-011 -6.660319280650E-012  5.271178685085E-004  3.518392590967E+003
  1.791381078784E+001  8.598400055655E-011  2.930934147960E-011 -2.706688689245E-011  2.922906694577E-004  3.267642497906E+003
  1.842615381215E+001  9.717050524396E-011  1.410296226254E-011 -3.022950256752E-011  1.213038370035E-004  3.137104106836E+003
  1.895999786176E+001  1.005861755666E-010 -8.157249603903E-013 -2.481601553209E-011 -1.872619883701E-007  3.101184844633E+003
  1.951656267356E+001  9.671368207605E-011 -1.231278826295E-011 -1.638426074391E-011 -8.918933234091E-005  3.142035678420E+003
  2.009715572669E+001  8.728705220974E-011 -1.936218151991E-011 -8.165224969857E-012 -1.569623613645E-004  3.251300737464E+003
  2.070317992707E+001  7.448530087663E-011 -2.223534171562E-011 -1.723780281134E-012 -2.104886661354E-004  3.427811194610E+003
  2.133614208874E+001  6.038716208439E-011 -2.186848181248E-011  2.481800422232E-012 -2.541440623634E-004  3.676141430807E+003
  2.199766230782E+001  4.665692893036E-011 -1.940572341959E-011  4.643781930404E-012 -2.907467727830E-004  4.006222218355E+003
  2.268948433818E+001  3.441816445290E-011 -1.590608364865E-011  5.258564911606E-012 -3.221660053071E-004  4.433817873687E+003
  2.341348709294E+001  2.426379489405E-011 -1.219030409107E-011  4.889315875767E-012 -3.496758859220E-004  4.981814008601E+003
  2.417169741362E+001  1.634996549141E-011 -8.794568662798E-012  4.026614852808E-012 -3.741661933820E-004  5.682439293595E+003
  2.496630426925E+001  1.052683610318E-011 -5.994852214941E-012  3.027433454545E-012 -3.962715937272E-004  6.580735938870E+003
  2.579967457140E+001  6.470308223496E-012 -3.868184743301E-012  2.108493852392E-012 -4.164531197223E-004  7.739841998791E+003
  2.667437081864E+001  3.791697343439E-012 -2.364016798422E-012  1.370588104327E-012 -4.350510127801E-004  9.249023086212E+003
  2.759317081651E+001  2.114884704787E-012 -1.367900707590E-012  8.347158257267E-013 -4.523198498682E-004  1.123599453936E+004
  2.855908975674E+001  1.120422433728E-012 -7.485955192403E-013  4.770442959733E-013 -4.684523519035E-004  1.388608500799E+004
  2.957540498378E+001  5.624108259016E-013 -3.868015395170E-013  2.558656829319E-013  0.000000000000E+000  0.000000000000E+000
  3.064568382919E+001  2.667300285639E-013 -1.882773452529E-013  1.286683025949E-013  0.000000000000E+000  0.000000000000E+000
  3.177381495601E+001  1.191338324377E-013 -8.609396957158E-014  6.055279687110E-014  0.000000000000E+000  0.000000000000E+000
  3.296404372807E+001  4.992988762737E-014 -3.686260221459E-014  2.659940961324E-014  0.000000000000E+000  0.000000000000E+000
  3.422101220608E+001  1.955568650217E-014 -1.472280433896E-014  1.087097037705E-014  0.000000000000E+000  0.000000000000E+000
  3.554980447538E+001  7.125052326657E-015 -5.461414223884E-015  4.117353624320E-015  0.000000000000E+000  0.000000000000E+000
  3.695599813319E+001  2.402660779336E-015 -1.872418910182E-015  1.438590218876E-015  0.000000000000E+000  0.000000000000E+000
  3.844572291106E+001  7.456291325246E-016 -5.900545716350E-016  4.612599635073E-016  0.000000000000E+000  0.000000000000E+000
  4.002572758518E+001  2.116106488749E-016 -1.698599945035E-016  1.349133449095E-016  0.000000000000E+000  0.000000000000E+000
  4.170345654134E+001  5.453634832772E-017 -4.436091307341E-017  3.575535256277E-017  0.000000000000E+000  0.000000000000E+000
  4.348713762001E+001  1.266405205920E-017 -1.042960801899E-017  8.521476733273E-018  0.000000000000E+000  0.000000000000E+000
  4.538588318162E+001  2.618063623704E-018 -2.179847152196E-018  1.802194127606E-018  0.000000000000E+000  0.000000000000E+000
  4.740980671574E+001  4.807925773562E-019 -4.197257903944E-019  3.533353001744E-019  0.000000000000E+000  0.000000000000E+000
  4.957015778746E+001  7.908014828097E-020 -6.439569059243E-020  4.732610767099E-020  0.000000000000E+000  0.000000000000E+000
  5.187947869225E+001  9.728868771345E-021 -8.259008565893E-021  1.121571759613E-020  0.000000000000E+000  0.000000000000E+000
  5.435178690397E+001  1.641949392348E-021 -1.257244025969E-021 -8.635036506687E-023  0.000000000000E+000  0.000000000000E+000
  5.700278828629E+001  2.070517442848E-023 -3.160433788955E-022  2.821250413405E-022  0.000000000000E+000  0.000000000000E+000
  5.985012714155E+001  2.744600825723E-023  0.000000000000E+000  0.000000000000E+000  0.000000000000E+000  0.000000000000E+000
  6.291368055481E+001  0.000000000000E+000  0.000000000000E+000  0.000000000000E+000  0.000000000000E+000  0.000000000000E+000
  6.621590623276E+001  0.000000000000E+000  0.000000000000E+000  0.000000000000E+000  0.000000000000E+000  0.000000000000E+000
  6.978225524452E+001  0.000000000000E+000  0.000000000000E+000  0.000000000000E+000  0.000000000000E+000  0.000000000000E+000
  7.364166388185E+001  0.000000000000E+000  0.000000000000E+000  0.000000000000E+000  0.000000000000E+000  0.000000000000E+000
  7.782714245929E+001  0.000000000000E+000  0.000000000000E+000  0.000000000000E+000  0.000000000000E+000  0.000000000000E+000
  8.237648351994E+001  0.000000000000E+000  0.000000000000E+000  0.000000000000E+000  0.000000000000E+000  0.000000000000E+000
  8.733311794502E+001  0.000000000000E+000  0.000000000000E+000  0.000000000000E+000  0.000000000000E+000  0.000000000000E+000
  9.274715535088E+001  0.000000000000E+000  0.000000000000E+000  0.000000000000E+000  0.000000000000E+000  0.000000000000E+000
  9.867665554529E+001  0.000000000000E+000  0.000000000000E+000  0.000000000000E+000  0.000000000000E+000  0.000000000000E+000
  1.051891916055E+002  0.000000000000E+000  0.000000000000E+000  0.000000000000E+000  0.000000000000E+000  0.000000000000E+000
  1.123637836013E+002  0.000000000000E+000  0.000000000000E+000  0.000000000000E+000  0.000000000000E+000  0.000000000000E+000
  1.202933069206E+002  0.000000000000E+000  0.000000000000E+000  0.000000000000E+000  0.000000000000E+000  0.000000000000E+000
  1.290875131414E+002  0.000000000000E+000  0.000000000000E+000  0.000000000000E+000  0.000000000000E+000  0.000000000000E+000
  1.388768482001E+002  0.000000000000E+000  0.000000000000E+000  0.000000000000E+000  0.000000000000E+000  0.000000000000E+000
  1.498173177370E+002  0.000000000000E+000  0.000000000000E+000  0.000000000000E+000  0.000000000000E+000  0.000000000000E+000
  1.620967411853E+002  0.000000000000E+000  0.000000000000E+000  0.000000000000E+000  0.000000000000E+000  0.000000000000E+000
  1.759428668168E+002  0.000000000000E+000  0.000000000000E+000  0.000000000000E+000  0.000000000000E+000  0.000000000000E+000
  1.916340085825E+002  0.000000000000E+000  0.000000000000E+000  0.000000000000E+000  0.000000000000E+000  0.000000000000E+000
  2.095131417987E+002  0.000000000000E+000  0.000000000000E+000  0.000000000000E+000  0.000000000000E+000  0.000000000000E+000
  2.300068054477E+002  0.000000000000E+000  0.000000000000E+000  0.000000000000E+000  0.000000000000E+000  0.000000000000E+000
  2.536507797910E+002  0.000000000000E+000  0.000000000000E+000  0.000000000000E+000  0.000000000000E+000  0.000000000000E+000
  2.811254638474E+002  0.000000000000E+000  0.000000000000E+000  0.000000000000E+000  0.000000000000E+000  0.000000000000E+000
  3.133053780630E+002  0.000000000000E+000  0.000000000000E+000  0.000000000000E+000  0.000000000000E+000  0.000000000000E+000
  3.513296254502E+002  0.000000000000E+000  0.000000000000E+000  0.000000000000E+000  0.000000000000E+000  0.000000000000E+000
  3.967041014107E+002  0.000000000000E+000  0.000000000000E+000  0.000000000000E+000  0.000000000000E+000  0.000000000000E+000
  4.514529193350E+002  0.000000000000E+000  0.000000000000E+000  0.000000000000E+000  0.000000000000E+000  0.000000000000E+000
  5.183481233601E+002  0.000000000000E+000  0.000000000000E+000  0.000000000000E+000  0.000000000000E+000  0.000000000000E+000
  6.012676077950E+002  0.000000000000E+000  0.000000000000E+000  0.000000000000E+000  0.000000000000E+000  0.000000000000E+000
  7.057700503752E+002  0.000000000000E+000  0.000000000000E+000  0.000000000000E+000  0.000000000000E+000  0.000000000000E+000
  8.400513767914E+002  0.000000000000E+000  0.000000000000E+000  0.000000000000E+000  0.000000000000E+000  0.000000000000E+000
  1.016602135495E+003  0.000000000000E+000  0.000000000000E+000  0.000000000000E+000  0.000000000000E+000  0.000000000000E+000
  1.255220715579E+003  0.000000000000E+000  0.000000000000E+000  0.000000000000E+000  0.000000000000E+000  0.000000000000E+000
  1.588815776243E+003  0.000000000000E+000  0.000000000000E+000  0.000000000000E+000  0.000000000000E+000  0.000000000000E+000
  2.075392011604E+003  0.000000000000E+000  0.000000000000E+000  0.000000000000E+000  0.000000000000E+000  0.000000000000E+000
  2.825079847528E+003  0.000000000000E+000  0.000000000000E+000  0.000000000000E+000  0.000000000000E+000  0.000000000000E+000
  4.068408296183E+003  0.000000000000E+000  0.000000000000E+000  0.000000000000E+000  0.000000000000E+000  0.000000000000E+000
  6.357262947672E+003  0.000000000000E+000  0.000000000000E+000  0.000000000000E+000  0.000000000000E+000  0.000000000000E+000
  1.130231930164E+004  0.000000000000E+000  0.000000000000E+000  0.000000000000E+000  0.000000000000E+000  0.000000000000E+000
  2.543105175136E+004  0.000000000000E+000  0.000000000000E+000  0.000000000000E+000  0.000000000000E+000  0.000000000000E+000
  1.017262069952E+005  0.000000000000E+000  0.000000000000E+000  0.000000000000E+000  0.000000000000E+000  0.000000000000E+000
