# 1st line: number of mesh points
# rho and r_seitz are calculated from total density
# zeta and r_seitz only correct of rho > 1d-12

# abcissa rho drho ddrho zeta r_seitz
500
  9.830308526563E-006  3.972389690717E+003 -6.431940401332E+004  1.061111460160E+006 -2.733364705090E-005  9.106604373427E-002
  3.932200719722E-005  3.970493263615E+003 -6.428811778814E+004  1.060585643916E+006 -2.733365667982E-005  9.108054005447E-002
  8.847741541467E-005  3.967334435911E+003 -6.423600579643E+004  1.059709828146E+006 -2.733367142376E-005  9.110470669273E-002
  1.573003992805E-004  3.962916031066E+003 -6.416311556636E+004  1.058484828979E+006 -2.733368932523E-005  9.113855281055E-002
  2.457963722418E-004  3.957241996453E+003 -6.406951354308E+004  1.056911787336E+006 -2.733370764093E-005  9.118209124327E-002
  3.539722959954E-004  3.950317397903E+003 -6.395528499458E+004  1.054992167281E+006 -2.733372283873E-005  9.123533850932E-002
  4.818366816529E-004  3.942148412696E+003 -6.382053389103E+004  1.052727753899E+006 -2.733373059307E-005  9.129831482213E-002
  6.293995911626E-004  3.932742321035E+003 -6.366538275770E+004  1.050120650712E+006 -2.733372578153E-005  9.137104410469E-002
  7.966726389935E-004  3.922107495997E+003 -6.348997250177E+004  1.047173276640E+006 -2.733370247923E-005  9.145355400685E-002
  9.836689940782E-004  3.910253391982E+003 -6.329446221343E+004  1.043888362508E+006 -2.733365395184E-005  9.154587592529E-002
  1.190403382016E-003  3.897190531700E+003 -6.307902894145E+004  1.040268947101E+006 -2.733357264857E-005  9.164804502622E-002
  1.416892087541E-003  3.882930491689E+003 -6.284386744384E+004  1.036318372792E+006 -2.733345019395E-005  9.176010027086E-002
  1.663152957245E-003  3.867485886412E+003 -6.258918991385E+004  1.032040280729E+006 -2.733327737911E-005  9.188208444366E-002
  1.929205402573E-003  3.850870350955E+003 -6.231522568200E+004  1.027438605607E+006 -2.733304415229E-005  9.201404418342E-002
  2.215070403073E-003  3.833098522353E+003 -6.202222089451E+004  1.022517570022E+006 -2.733273960725E-005  9.215603001713E-002
  2.520770509919E-003  3.814186019580E+003 -6.171043816889E+004  1.017281678434E+006 -2.733235197186E-005  9.230809639683E-002
  2.846329849692E-003  3.794149422243E+003 -6.138015622708E+004  1.011735710724E+006 -2.733186859532E-005  9.247030173931E-002
  3.191774128432E-003  3.773006248002E+003 -6.103166950710E+004  1.005884715391E+006 -2.733127593529E-005  9.264270846882E-002
  3.557130635959E-003  3.750774928780E+003 -6.066528775363E+004  9.997340023674E+005 -2.733055954237E-005  9.282538306279E-002
  3.942428250463E-003  3.727474785783E+003 -6.028133558843E+004  9.932891354928E+005 -2.732970404507E-005  9.301839610061E-002
  4.347697443358E-003  3.703126003381E+003 -5.988015206132E+004  9.865559246433E+005 -2.732869313391E-005  9.322182231556E-002
  4.772970284417E-003  3.677749601906E+003 -5.946209018256E+004  9.795404175391E+005 -2.732750954308E-005  9.343574064989E-002
  5.218280447175E-003  3.651367409395E+003 -5.902751643738E+004  9.722488912425E+005 -2.732613503129E-005  9.366023431321E-002
  5.683663214611E-003  3.624002032343E+003 -5.857681028363E+004  9.646878433620E+005 -2.732455036426E-005  9.389539084408E-002
  6.169155485101E-003  3.595676825518E+003 -5.811036363340E+004  9.568639829794E+005 -2.732273529336E-005  9.414130217508E-002
  6.674795778653E-003  3.566415860867E+003 -5.762858031953E+004  9.487842213155E+005 -2.732066853009E-005  9.439806470133E-002
  7.200624243425E-003  3.536243895605E+003 -5.713187554796E+004  9.404556621519E+005 -2.731832773144E-005  9.466577935243E-002
  7.746682662519E-003  3.505186339504E+003 -5.662067533692E+004  9.318855920259E+005 -2.731568946900E-005  9.494455166814E-002
  8.313014461060E-003  3.473269221468E+003 -5.609541594386E+004  9.230814702164E+005 -2.731272920518E-005  9.523449187770E-002
  8.899664713569E-003  3.440519155426E+003 -5.555654328125E+004  9.140509185388E+005 -2.730942126861E-005  9.553571498294E-002
  9.506680151615E-003  3.406963305629E+003 -5.500451232222E+004  9.048017109668E+005 -2.730573882635E-005  9.584834084525E-002
  1.013410917176E-002  3.372629351384E+003 -5.443978649699E+004  8.953417631003E+005 -2.730165385333E-005  9.617249427657E-002
  1.078200184380E-002  3.337545451297E+003 -5.386283708131E+004  8.856791214972E+005 -2.729713710622E-005  9.650830513443E-002
  1.145040991929E-002  3.301740207092E+003 -5.327414257783E+004  8.758219528887E+005 -2.729215808799E-005  9.685590842120E-002
  1.213938684040E-002  3.265242627053E+003 -5.267418809151E+004  8.657785332975E+005 -2.728668501762E-005  9.721544438763E-002
  1.284898774901E-002  3.228082089155E+003 -5.206346470021E+004  8.555572370758E+005 -2.728068479637E-005  9.758705864082E-002
  1.357926949620E-002  3.190288303956E+003 -5.144246882134E+004  8.451665258854E+005 -2.727412297193E-005  9.797090225672E-002
  1.433029065191E-002  3.151891277294E+003 -5.081170157595E+004  8.346149376364E+005 -2.726696370255E-005  9.836713189730E-002
  1.510211151509E-002  3.112921272862E+003 -5.017166815102E+004  8.239110754048E+005 -2.725916971913E-005  9.877590993257E-002
  1.589479412397E-002  3.073408774723E+003 -4.952287716122E+004  8.130635963474E+005 -2.725070228302E-005  9.919740456750E-002
  1.670840226680E-002  3.033384449818E+003 -4.886584001114E+004  8.020812006343E+005 -2.724152114939E-005  9.963178997401E-002
  1.754300149280E-002  2.992879110537E+003 -4.820107025909E+004  7.909726204151E+005 -2.723158452420E-005  1.000792464283E-001
  1.839865912351E-002  2.951923677406E+003 -4.752908298337E+004  7.797466088400E+005 -2.722084901499E-005  1.005399604534E-001
  1.927544426443E-002  2.910549141953E+003 -4.685039415231E+004  7.684119291526E+005 -2.720926959393E-005  1.010141249674E-001
  2.017342781695E-002  2.868786529815E+003 -4.616551999883E+004  7.569773438729E+005 -2.719679954248E-005  1.015019394378E-001
  2.109268249069E-002  2.826666864134E+003 -4.547497640071E+004  7.454516040877E+005 -2.718339041039E-005  1.020036100406E-001
  2.203328281612E-002  2.784221129314E+003 -4.477927826743E+004  7.338434388669E+005 -2.716899195869E-005  1.025193498269E-001
  2.299530515754E-002  2.741480235180E+003 -4.407893893467E+004  7.221615448214E+005 -2.715355211269E-005  1.030493788947E-001
  2.397882772639E-002  2.698474981603E+003 -4.337446956732E+004  7.104145758202E+005 -2.713701690524E-005  1.035939245681E-001
  2.498393059493E-002  2.655236023644E+003 -4.266637857197E+004  6.986111328824E+005 -2.711933042494E-005  1.041532215820E-001
  2.601069571024E-002  2.611793837266E+003 -4.195517101974E+004  6.867597542592E+005 -2.710043475471E-005  1.047275122748E-001
  2.705920690860E-002  2.568178685665E+003 -4.124134808035E+004  6.748689057232E+005 -2.708026991680E-005  1.053170467877E-001
  2.812954993023E-002  2.524420586274E+003 -4.052540646828E+004  6.629469710766E+005 -2.705877381209E-005  1.059220832711E-001
  2.922181243436E-002  2.480549278479E+003 -3.980783790179E+004  6.510022428948E+005 -2.703588215703E-005  1.065428880990E-001
  3.033608401473E-002  2.436594192103E+003 -3.908912857560E+004  6.390429135182E+005 -2.701152841816E-005  1.071797360912E-001
  3.147245621542E-002  2.392584416693E+003 -3.836975864799E+004  6.270770663043E+005 -2.698564375180E-005  1.078329107428E-001
  3.263102254705E-002  2.348548671658E+003 -3.765020174300E+004  6.151126671541E+005 -2.695815693140E-005  1.085027044631E-001
  3.381187850339E-002  2.304515277294E+003 -3.693092446845E+004  6.031575563224E+005 -2.692899428054E-005  1.091894188220E-001
  3.501512157837E-002  2.260512126740E+003 -3.621238595035E+004  5.912194405242E+005 -2.689807960697E-005  1.098933648060E-001
  3.624085128345E-002  2.216566658892E+003 -3.549503738441E+004  5.793058853478E+005 -2.686533412190E-005  1.106148630828E-001
  3.748916916538E-002  2.172705832315E+003 -3.477932160504E+004  5.674243079825E+005 -2.683067637467E-005  1.113542442754E-001
  3.876017882444E-002  2.128956100191E+003 -3.406567267262E+004  5.555819702719E+005 -2.679402217153E-005  1.121118492457E-001
  4.005398593302E-002  2.085343386311E+003 -3.335451547918E+004  5.437859720985E+005 -2.675528450442E-005  1.128880293886E-001
  4.137069825459E-002  2.041893062167E+003 -3.264626537333E+004  5.320432451094E+005 -2.671437346759E-005  1.136831469355E-001
  4.271042566323E-002  1.998629925143E+003 -3.194132780447E+004  5.203605467881E+005 -2.667119618444E-005  1.144975752692E-001
  4.407328016341E-002  1.955578177843E+003 -3.124009798689E+004  5.087444548779E+005 -2.662565672385E-005  1.153316992487E-001
  4.545937591035E-002  1.912761408575E+003 -3.054296058394E+004  4.972013621641E+005 -2.657765601975E-005  1.161859155459E-001
  4.686882923075E-002  1.870202572996E+003 -2.985028941264E+004  4.857374716167E+005 -2.652709178850E-005  1.170606329935E-001
  4.830175864396E-002  1.827923976950E+003 -2.916244716888E+004  4.743587918994E+005 -2.647385845022E-005  1.179562729446E-001
  4.975828488365E-002  1.785947260504E+003 -2.847978517341E+004  4.630711332456E+005 -2.641784704190E-005  1.188732696447E-001
  5.123853091993E-002  1.744293383187E+003 -2.780264313885E+004  4.518801037050E+005 -2.635894513706E-005  1.198120706156E-001
  5.274262198188E-002  1.702982610453E+003 -2.713134895767E+004  4.407911057618E+005 -2.629703676368E-005  1.207731370523E-001
  5.427068558066E-002  1.662034501363E+003 -2.646621851137E+004  4.298093333233E+005 -2.623200232100E-005  1.217569442330E-001
  5.582285153302E-002  1.621467897489E+003 -2.580755550073E+004  4.189397690817E+005 -2.616371849802E-005  1.227639819424E-001
  5.739925198530E-002  1.581300913056E+003 -2.515565129720E+004  4.081871822445E+005 -2.609205819758E-005  1.237947549084E-001
  5.900002143803E-002  1.541550926291E+003 -2.451078481533E+004  3.975561266349E+005 -2.601689045434E-005  1.248497832529E-001
  6.062529677088E-002  1.502234572013E+003 -2.387322240614E+004  3.870509391576E+005 -2.593808036266E-005  1.259296029568E-001
  6.227521726827E-002  1.463367735422E+003 -2.324321777127E+004  3.766757386275E+005 -2.585548900348E-005  1.270347663390E-001
  6.394992464542E-002  1.424965547107E+003 -2.262101189774E+004  3.664344249580E+005 -2.576897337439E-005  1.281658425508E-001
  6.564956307496E-002  1.387042379238E+003 -2.200683301313E+004  3.563306787032E+005 -2.567838633089E-005  1.293234180844E-001
  6.737427921404E-002  1.349611842954E+003 -2.140089656082E+004  3.463679609498E+005 -2.558357652015E-005  1.305080972966E-001
  6.912422223211E-002  1.312686786909E+003 -2.080340519511E+004  3.365495135520E+005 -2.548438833571E-005  1.317205029481E-001
  7.089954383907E-002  1.276279296976E+003 -2.021454879583E+004  3.268783597041E+005 -2.538066187238E-005  1.329612767573E-001
  7.270039831418E-002  1.240400697082E+003 -1.963450450203E+004  3.173573048421E+005 -2.527223288275E-005  1.342310799701E-001
  7.452694253540E-002  1.205061551156E+003 -1.906343676452E+004  3.079889378681E+005 -2.515893276092E-005  1.355305939440E-001
  7.637933600943E-002  1.170271666163E+003 -1.850149741654E+004  2.987756326892E+005 -2.504058852377E-005  1.368605207487E-001
  7.825774090225E-002  1.136040096211E+003 -1.794882576245E+004  2.897195500609E+005 -2.491702280796E-005  1.382215837802E-001
  8.016232207035E-002  1.102375147684E+003 -1.740554868367E+004  2.808226397276E+005 -2.478805388449E-005  1.396145283906E-001
  8.209324709253E-002  1.069284385403E+003 -1.687178076148E+004  2.720866428494E+005 -2.465349569468E-005  1.410401225320E-001
  8.405068630235E-002  1.036774639754E+003 -1.634762441614E+004  2.635130947058E+005 -2.451315789220E-005  1.424991574144E-001
  8.603481282122E-002  1.004852014776E+003 -1.583317006174E+004  2.551033276648E+005 -2.436684591976E-005  1.439924481763E-001
  8.804580259214E-002  9.735218971687E+002 -1.532849627618E+004  2.468584744084E+005 -2.421436110719E-005  1.455208345686E-001
  9.008383441408E-002  9.427889661783E+002 -1.483366998574E+004  2.387794714012E+005 -2.405550079076E-005  1.470851816495E-001
  9.214908997710E-002  9.126572043453E+002 -1.434874666349E+004  2.308670625921E+005 -2.389005847466E-005  1.486863804900E-001
  9.424175389809E-002  8.831299090610E+002 -1.387377054107E+004  2.231218033371E+005 -2.371782401616E-005  1.503253488885E-001
  9.636201375725E-002  8.542097049067E+002 -1.340877483301E+004  2.155440645301E+005 -2.353858386325E-005  1.520030320925E-001
  9.851006013526E-002  8.258985567335E+002 -1.295378197299E+004  2.081340369315E+005 -2.335212131686E-005  1.537204035267E-001
  1.006860866512E-001  7.981977834467E+002 -1.250880386144E+004  2.008917356801E+005 -2.315821686865E-005  1.554784655232E-001
  1.028902900012E-001  7.711080724545E+002 -1.207384212359E+004  1.938170049766E+005 -2.295664856233E-005  1.572782500538E-001
  1.051228699979E-001  7.446294947420E+002 -1.164888837749E+004  1.869095229271E+005 -2.274719244743E-005  1.591208194594E-001
  1.073840296104E-001  7.187615205300E+002 -1.123392451105E+004  1.801688065315E+005 -2.252962307236E-005  1.610072671735E-001
  1.096739750056E-001  6.935030354792E+002 -1.082892296767E+004  1.735942168065E+005 -2.230371407469E-005  1.629387184373E-001
  1.119929155896E-001  6.688523573977E+002 -1.043384703946E+004  1.671849640278E+005 -2.206923884271E-005  1.649163310001E-001
  1.143410640503E-001  6.448072534115E+002 -1.004865116752E+004  1.609401130817E+005 -2.182597127341E-005  1.669412958006E-001
  1.167186364011E-001  6.213649575569E+002 -9.673281248462E+003  1.548585889101E+005 -2.157368663268E-005  1.690148376237E-001
  1.191258520249E-001  5.985221887534E+002 -9.307674946548E+003  1.489391820387E+005 -2.131216253038E-005  1.711382157261E-001
  1.215629337189E-001  5.762751691164E+002 -8.951762010626E+003  1.431805541746E+005 -2.104118002456E-005  1.733127244227E-001
  1.240301077413E-001  5.546196425690E+002 -8.605464595223E+003  1.375812438604E+005 -2.076052485253E-005  1.755396936260E-001
  1.265276038575E-001  5.335508937109E+002 -8.268697585085E+003  1.321396721744E+005 -2.046998883715E-005  1.778204893285E-001
  1.290556553882E-001  5.130637669066E+002 -7.941368922451E+003  1.268541484620E+005 -2.016937143488E-005  1.801565140189E-001
  1.316144992580E-001  4.931526855501E+002 -7.623379936395E+003  1.217228760887E+005 -1.985848149975E-005  1.825492070178E-001
  1.342043760450E-001  4.738116714699E+002 -7.314625673563E+003  1.167439582022E+005 -1.953713923334E-005  1.850000447213E-001
  1.368255300316E-001  4.550343644327E+002 -7.014995229631E+003  1.119154034911E+005 -1.920517836849E-005  1.875105407374E-001
  1.394782092560E-001  4.368140417096E+002 -6.724372080860E+003  1.072351319312E+005 -1.886244859966E-005  1.900822458976E-001
  1.421626655646E-001  4.191436376669E+002 -6.442634415098E+003  1.027009805064E+005 -1.850881828812E-005  1.927167481253E-001
  1.448791546661E-001  4.020157633451E+002 -6.169655461631E+003  9.831070889513E+004 -1.814417746674E-005  1.954156721408E-001
  1.476279361856E-001  3.854227259901E+002 -5.905303819276E+003  9.406200511141E+004 -1.776844116909E-005  1.981806789790E-001
  1.504092737207E-001  3.693565485026E+002 -5.649443782146E+003  8.995249109075E+004 -1.738155311827E-005  2.010134652948E-001
  1.532234348983E-001  3.538089887719E+002 -5.401935662520E+003  8.597972821178E+004 -1.698348980594E-005  2.039157624262E-001
  1.560706914324E-001  3.387715588607E+002 -5.162636110294E+003  8.214122274428E+004 -1.657426499613E-005  2.068893351866E-001
  1.589513191834E-001  3.242355440110E+002 -4.931398428482E+003  7.843443121491E+004 -1.615393468761E-005  2.099359803480E-001
  1.618655982178E-001  3.101920214393E+002 -4.708072884287E+003  7.485676568261E+004 -1.572260259051E-005  2.130575247793E-001
  1.648138128702E-001  2.966318788932E+002 -4.492507015260E+003  7.140559891574E+004 -1.528042612222E-005  2.162558231974E-001
  1.677962518056E-001  2.835458329411E+002 -4.284545930106E+003  6.807826946356E+004 -1.482762301043E-005  2.195327554835E-001
  1.708132080832E-001  2.709244469679E+002 -4.084032603711E+003  6.487208661526E+004 -1.436447851678E-005  2.228902235162E-001
  1.738649792215E-001  2.587581488532E+002 -3.890808165995E+003  6.178433523992E+004 -1.389135333549E-005  2.263301474656E-001
  1.769518672648E-001  2.470372483064E+002 -3.704712184210E+003  5.881228050155E+004 -1.340869221690E-005  2.298544614885E-001
  1.800741788507E-001  2.357519538373E+002 -3.525582938339E+003  5.595317244360E+004 -1.291703335919E-005  2.334651087607E-001
  1.832322252791E-001  2.248923893411E+002 -3.353257689276E+003  5.320425043776E+004 -1.241701861622E-005  2.371640357778E-001
  1.864263225826E-001  2.144486102774E+002 -3.187572939479E+003  5.056274749269E+004 -1.190940456280E-005  2.409531858473E-001
  1.896567915983E-001  2.044106194268E+002 -3.028364685838E+003  4.802589441831E+004 -1.139507446105E-005  2.448344916960E-001
  1.929239580409E-001  1.947683822058E+002 -2.875468664495E+003  4.559092384205E+004 -1.087505115381E-005  2.488098671052E-001
  1.962281525771E-001  1.855118415268E+002 -2.728720587412E+003  4.325507407392E+004 -1.035051093328E-005  2.528811974873E-001
  1.995697109023E-001  1.766309321893E+002 -2.587956370481E+003  4.101559281753E+004 -9.822798378781E-006  2.570503293085E-001
  2.029489738173E-001  1.681155947878E+002 -2.453012353009E+003  3.886974072484E+004 -9.293442190406E-006  2.613190582644E-001
  2.063662873085E-001  1.599557891276E+002 -2.323725508438E+003  3.681479479269E+004 -8.764171992687E-006  2.656891161075E-001
  2.098220026275E-001  1.521415071387E+002 -2.199933646169E+003  3.484805159979E+004 -8.236936094238E-006  2.701621560295E-001
  2.133164763746E-001  1.446627852778E+002 -2.081475604408E+003  3.296683038314E+004 -7.713920130013E-006  2.747397364995E-001
  2.168500705817E-001  1.375097164139E+002 -1.968191433949E+003  3.116847595322E+004 -7.197566514704E-006  2.794233034633E-001
  2.204231527988E-001  1.306724611906E+002 -1.859922572857E+003  2.945036144794E+004 -6.690594582140E-006  2.842141708154E-001
  2.240360961807E-001  1.241412588614E+002 -1.756512012017E+003  2.780989092542E+004 -6.196021244045E-006  2.891134990644E-001
  2.276892795770E-001  1.179064375953E+002 -1.657804451546E+003  2.624450179632E+004 -5.717181946791E-006  2.941222721262E-001
  2.313830876220E-001  1.119584242513E+002 -1.563646448097E+003  2.475166709661E+004 -5.257751665722E-006  2.992412721981E-001
  2.351179108282E-001  1.062877536209E+002 -1.473886553070E+003  2.332889760219E+004 -4.821765583000E-006  3.044710526907E-001
  2.388941456809E-001  1.008850771402E+002 -1.388375441820E+003  2.197374378697E+004 -4.413639038167E-006  3.098119092264E-001
  2.427121947345E-001  9.574117107333E+001 -1.306966033909E+003  2.068379762646E+004 -4.038186244132E-006  3.152638487514E-001
  2.465724667110E-001  9.084694417029E+001 -1.229513604522E+003  1.945669424906E+004 -3.700637188453E-006  3.208265568538E-001
  2.504753766009E-001  8.619344480392E+001 -1.155875887144E+003  1.829011343780E+004 -3.406652005304E-006  3.264993634394E-001
  2.544213457654E-001  8.177186759077E+001 -1.085913167643E+003  1.718178098524E+004 -3.162332044484E-006  3.322812069793E-001
  2.584108020414E-001  7.757355950254E+001 -1.019488369890E+003  1.612946990478E+004 -2.974226725697E-006  3.381705976237E-001
  2.624441798480E-001  7.359002547510E+001 -9.564671330900E+002  1.513100150164E+004 -2.849335163467E-006  3.441655795605E-001
  2.665219202956E-001  6.981293352330E+001 -8.967178809899E+002  1.418424630713E+004 -2.795101485482E-006  3.502636930964E-001
  2.706444712976E-001  6.623411937048E+001 -8.401118831575E+002  1.328712487996E+004 -2.819402627217E-006  3.564619370458E-001
  2.748122876832E-001  6.284559060236E+001 -7.865233085254E+002  1.243760847867E+004 -2.930527380060E-006  3.627567321253E-001
  2.790258313137E-001  5.963953035587E+001 -7.358292714146E+002  1.163371960910E+004 -3.137145397911E-006  3.691438861740E-001
  2.832855712010E-001  5.660830055392E+001 -6.879098702558E+002  1.087353245139E+004 -3.448264898812E-006  3.756185621423E-001
  2.875919836279E-001  5.374444469805E+001 -6.426482192401E+002  1.015517317080E+004 -3.873177850754E-006  3.821752499096E-001
  2.919455522717E-001  5.104069023104E+001 -5.999304731341E+002  9.476820116906E+003 -4.421391560905E-006  3.888077431036E-001
  2.963467683296E-001  4.848995048256E+001 -5.596458455072E+002  8.836703915746E+003 -5.102545786505E-006  3.955091221892E-001
  3.007961306479E-001  4.608532621109E+001 -5.216866206184E+002  8.233107459724E+003 -5.926314788187E-006  4.022717451649E-001
  3.052941458522E-001  4.382010675574E+001 -4.859481592216E+002  7.664365799891E+003 -6.902294106987E-006  4.090872472441E-001
  3.098413284823E-001  4.168777081225E+001 -4.523288985479E+002  7.128865945496E+003 -8.039872364453E-006  4.159465508909E-001
  3.144382011281E-001  3.968198684738E+001 -4.207303467289E+002  6.625046575594E+003 -9.348088922447E-006  4.228398875234E-001
  3.190852945695E-001  3.779661316646E+001 -3.910570719273E+002  6.151397667575E+003 -1.083547895044E-005  4.297568320745E-001
  3.237831479192E-001  3.602569764889E+001 -3.632166864423E+002  5.706460047449E+003 -1.250990814809E-005  4.366863514102E-001
  3.285323087679E-001  3.436347716672E+001 -3.371198260585E+002  5.288824866705E+003 -1.437840017970E-005  4.436168673368E-001
  3.333333333333E-001  3.280437670131E+001 -3.126801249065E+002  4.897133010559E+003 -1.644696063748E-005  4.505363345853E-001
  3.381867866117E-001  3.134300817337E+001 -2.898141861032E+002  4.530074442321E+003 -1.872040209930E-005  4.574323337450E-001
  3.430932425333E-001  2.997416900159E+001 -2.684415484386E+002  4.186387488607E+003 -2.120217550846E-005  4.642921786317E-001
  3.480532841203E-001  2.869284040507E+001 -2.484846493712E+002  3.864858070006E+003 -2.389421354615E-005  4.711030370486E-001
  3.530675036492E-001  2.749418546469E+001 -2.298687845962E+002  3.564318881765E+003 -2.679679198982E-005  4.778520633303E-001
  3.581365028158E-001  2.637354695853E+001 -2.125220644413E+002  3.283648528967E+003 -2.990841500684E-005  4.845265405005E-001
  3.632608929041E-001  2.532644498614E+001 -1.963753673453E+002  3.021770620550E+003 -3.322573007034E-005  4.911140293356E-001
  3.684412949588E-001  2.434857439657E+001 -1.813622906680E+002  2.777652826451E+003 -3.674347750097E-005  4.976025211576E-001
  3.736783399619E-001  2.343580203461E+001 -1.674190990748E+002  2.550305902012E+003 -4.045447869496E-005  5.039805907990E-001
  3.789726690123E-001  2.258416381951E+001 -1.544846707351E+002  2.338782683672E+003 -4.434966582501E-005  5.102375459417E-001
  3.843249335105E-001  2.178986167034E+001 -1.425004415648E+002  2.142177059852E+003 -4.841815424003E-005  5.163635689329E-001
  3.897357953460E-001  2.104926029172E+001 -1.314103477401E+002  1.959622920777E+003 -5.264735714200E-005  5.223498472630E-001
  3.952059270903E-001  2.035888383322E+001 -1.211607667003E+002  1.790293090888E+003 -5.702314031225E-005  5.281886891401E-001
  4.007360121927E-001  1.971541243578E+001 -1.117004568508E+002  1.633398247289E+003 -6.153001295509E-005  5.338736210243E-001
  4.063267451812E-001  1.911567867761E+001 -1.029804961715E+002  1.488185827590E+003 -6.615134918987E-005  5.393994645566E-001
  4.119788318683E-001  1.855666393221E+001 -9.495421992545E+001  1.353938930310E+003 -7.086963338629E-005  5.447623910190E-001
  4.176929895600E-001  1.803549465023E+001 -8.757715765731E+001  1.229975210870E+003 -7.566672164456E-005  5.499599522397E-001
  4.234699472710E-001  1.754943857688E+001 -8.080696966097E+001  1.115645776064E+003 -8.052411117072E-005  5.549910876774E-001
  4.293104459435E-001  1.709590091598E+001 -7.460338308912E+001  1.010334079697E+003 -8.542320921008E-005  5.598561082280E-001
  4.352152386716E-001  1.667242045132E+001 -6.892812786811E+001  9.134548219892E+002 -9.034559356669E-005  5.645566580546E-001
  4.411850909306E-001  1.627666563562E+001 -6.374487257360E+001  8.244528551202E+002 -9.527325742754E-005  5.690956564038E-001
  4.472207808110E-001  1.590643065691E+001 -5.901916041391E+001  7.428020971812E+002 -1.001888322854E-004  5.734772219145E-001
  4.533230992589E-001  1.555963149159E+001 -5.471834545963E+001  6.680044566297E+002 -1.050757840247E-004  5.777065823210E-001
  4.594928503202E-001  1.523430195323E+001 -5.081152924949E+001  5.995887691886E+002 -1.099185786112E-004  5.817899726993E-001
  4.657308513924E-001  1.492858974534E+001 -4.726949789441E+001  5.371097489876E+002 -1.147028153179E-004  5.857345254981E-001
  4.720379334802E-001  1.464075252629E+001 -4.406465979309E+001  4.801469555935E+002 -1.194153267722E-004  5.895481555496E-001
  4.784149414579E-001  1.436915399375E+001 -4.117098406454E+001  4.283037784326E+002 -1.240442463868E-004  5.932394430906E-001
  4.848627343381E-001  1.411225999575E+001 -3.856393979484E+001  3.812064399698E+002 -1.285790448152E-004  5.968175175538E-001
  4.913821855461E-001  1.386863467501E+001 -3.622043618754E+001  3.385030188669E+002 -1.330105379508E-004  6.002919445550E-001
  4.979741832006E-001  1.363693665272E+001 -3.411876369942E+001  2.998624942161E+002 -1.373308696044E-004  6.036726181157E-001
  5.046396304008E-001  1.341591525736E+001 -3.223853623575E+001  2.649738118098E+002 -1.415334724249E-004  6.069696597562E-001
  5.113794455212E-001  1.320440680404E+001 -3.056063447187E+001  2.335449732886E+002 -1.456130108100E-004  6.101933256889E-001
  5.181945625116E-001  1.300133092918E+001 -2.906715036100E+001  2.053021488856E+002 -1.495653095730E-004  6.133539229562E-001
  5.250859312060E-001  1.280568698484E+001 -2.774133288089E+001  1.799888143752E+002 -1.533872719976E-004  6.164617350029E-001
  5.320545176366E-001  1.261655049707E+001 -2.656753506585E+001  1.573649127204E+002 -1.570767906430E-004  6.195269568618E-001
  5.391013043575E-001  1.243306969168E+001 -2.553116236376E+001  1.372060408135E+002 -1.606326539514E-004  6.225596398640E-001
  5.462272907741E-001  1.225446209082E+001 -2.461862235208E+001  1.193026616005E+002 -1.640544512834E-004  6.255696455697E-001
  5.534334934816E-001  1.208001118344E+001 -2.381727584058E+001  1.034593417919E+002 -1.673424786411E-004  6.285666084473E-001
  5.607209466109E-001  1.190906317192E+001 -2.311538938328E+001  8.949401526911E+001 -1.704976468970E-004  6.315599067037E-001
  5.680907021827E-001  1.174102379749E+001 -2.250208921661E+001  7.723727221622E+001 -1.735213939710E-004  6.345586405843E-001
  5.755438304707E-001  1.157535524604E+001 -2.196731663592E+001  6.653167392814E+001 -1.764156020259E-004  6.375716174176E-001
  5.830814203728E-001  1.141157313612E+001 -2.150178481753E+001  5.723109317378E+001 -1.791825204429E-004  6.406073426558E-001
  5.907045797917E-001  1.124924359038E+001 -2.109693708952E+001  4.920007992648E+001 -1.818246950440E-004  6.436740161706E-001
  5.984144360243E-001  1.108798039161E+001 -2.074490664959E+001  4.231325221191E+001 -1.843449037902E-004  6.467795330910E-001
  6.062121361613E-001  1.092744222396E+001 -2.043847772526E+001  3.645471176698E+001 -1.867460990071E-004  6.499314885016E-001
  6.140988474955E-001  1.076733000010E+001 -2.017104816744E+001  3.151748415168E+001 -1.890313560092E-004  6.531371853744E-001
  6.220757579409E-001  1.060738427444E+001 -1.993659346523E+001  2.740298290885E+001 -1.912038278986E-004  6.564036451564E-001
  6.301440764614E-001  1.044738274261E+001 -1.972963216714E+001  2.402049732461E+001 -1.932667062043E-004  6.597376204957E-001
  6.383050335109E-001  1.028713782700E+001 -1.954519269035E+001  2.128670330480E+001 -1.952231869956E-004  6.631456096437E-001
  6.465598814833E-001  1.012649434809E+001 -1.937878149787E+001  1.912519684924E+001 -1.970764420348E-004  6.666338721300E-001
  6.549098951744E-001  9.965327281116E+000 -1.922635262058E+001  1.746604957677E+001 -1.988295945464E-004  6.702084453589E-001
  6.633563722545E-001  9.803539597234E+000 -1.908427849946E+001  1.624538572892E+001 -2.004856991452E-004  6.738751618294E-001
  6.719006337539E-001  9.641060188654E+000 -1.894932212103E+001  1.540498005911E+001 -2.020477255098E-004  6.776396667243E-001
  6.805440245593E-001  9.477841876573E+000 -1.881861041807E+001  1.489187599634E+001 -2.035185453693E-004  6.815074356609E-001
  6.892879139233E-001  9.313859500948E+000 -1.868960890549E+001  1.465802345886E+001 -2.049009224122E-004  6.854837924302E-001
  6.981336959871E-001  9.149108090911E+000 -1.856009752075E+001  1.465993568206E+001 -2.061975047489E-004  6.895739265866E-001
  7.070827903152E-001  8.983601114542E+000 -1.842814763670E+001  1.485836441741E+001 -2.074108196003E-004  6.937829107824E-001
  7.161366424455E-001  8.817368806631E+000 -1.829210021422E+001  1.521799285442E+001 -2.085432698662E-004  6.981157177628E-001
  7.252967244510E-001  8.650456572986E+000 -1.815054506116E+001  1.570714561538E+001 -2.095971323416E-004  7.025772369635E-001
  7.345645355186E-001  8.482923469765E+000 -1.800230116368E+001  1.629751517307E+001 -2.105745572834E-004  7.071722906693E-001
  7.439416025400E-001  8.314840756247E+000 -1.784639805592E+001  1.696390404436E+001 -2.114775691303E-004  7.119056497099E-001
  7.534294807203E-001  8.146290519431E+000 -1.768205819335E+001  1.768398211725E+001 -2.123080681656E-004  7.167820486814E-001
  7.630297542000E-001  7.977364368775E+000 -1.750868029544E+001  1.843805847583E+001 -2.130678329520E-004  7.218062006936E-001
  7.727440366954E-001  7.808162199371E+000 -1.732582362325E+001  1.920886709586E+001 -2.137585233766E-004  7.269828116535E-001
  7.825739721536E-001  7.638791021832E+000 -1.713319315759E+001  1.998136579396E+001 -2.143816841910E-004  7.323165940993E-001
  7.925212354258E-001  7.469363857119E+000 -1.693062564378E+001  2.074254782476E+001 -2.149387489131E-004  7.378122806105E-001
  8.025875329584E-001  7.299998694550E+000 -1.671807646948E+001  2.148126553303E+001 -2.154310440014E-004  7.434746368194E-001
  8.127746035011E-001  7.130817511207E+000 -1.649560734232E+001  2.218806548181E+001 -2.158597932234E-004  7.493084740557E-001
  8.230842188350E-001  6.961945350954E+000 -1.626337473471E+001  2.285503449216E+001 -2.162261221298E-004  7.553186616584E-001
  8.335181845190E-001  6.793509461286E+000 -1.602161906378E+001  2.347565604578E+001 -2.165310626002E-004  7.615101389909E-001
  8.440783406568E-001  6.625638486223E+000 -1.577065457511E+001  2.404467651820E+001 -2.167755573882E-004  7.678879271961E-001
  8.547665626839E-001  6.458461713488E+000 -1.551085989938E+001  2.455798072672E+001 -2.169604646320E-004  7.744571407309E-001
  8.655847621758E-001  6.292108374191E+000 -1.524266925214E+001  2.501247629492E+001 -2.170865623085E-004  7.812229987194E-001
  8.765348876780E-001  6.126706993292E+000 -1.496656424736E+001  2.540598635272E+001 -2.171545525878E-004  7.881908361632E-001
  8.876189255584E-001  5.962384789094E+000 -1.468306629653E+001  2.573715010926E+001 -2.171650660732E-004  7.953661150511E-001
  8.988389008829E-001  5.799267120066E+000 -1.439272956553E+001  2.600533085315E+001 -2.171186659140E-004  8.027544354058E-001
  9.101968783143E-001  5.637476977287E+000 -1.409613446272E+001  2.621053095329E+001 -2.170158517748E-004  8.103615463092E-001
  9.216949630368E-001  5.477134520864E+000 -1.379388163230E+001  2.635331345064E+001 -2.168570636505E-004  8.181933569466E-001
  9.333353017046E-001  5.318356658641E+000 -1.348658642785E+001  2.643472984962E+001 -2.166426855257E-004  8.262559477088E-001
  9.451200834176E-001  5.161256665598E+000 -1.317487384203E+001  2.645625373501E+001 -2.163730488698E-004  8.345555813929E-001
  9.570515407237E-001  5.005943842323E+000 -1.285937386889E+001  2.641971985767E+001 -2.160484359709E-004  8.430987145420E-001
  9.691319506484E-001  4.852523210973E+000 -1.254071727657E+001  2.632726834937E+001 -2.156690831045E-004  8.518920089646E-001
  9.813636357544E-001  4.701095247168E+000 -1.221953176848E+001  2.618129374343E+001 -2.152351835394E-004  8.609423434729E-001
  9.937489652293E-001  4.551755646295E+000 -1.189643851227E+001  2.598439849418E+001 -2.147468903864E-004  8.702568258825E-001
  1.006290356005E+000  4.404595122685E+000 -1.157204901649E+001  2.573935070409E+001 -2.142043192848E-004  8.798428053148E-001
  1.018990273907E+000  4.259699240203E+000 -1.124696233568E+001  2.544904578223E+001 -2.136075509406E-004  8.897078848424E-001
  1.031851234841E+000  4.117148272761E+000 -1.092176258530E+001  2.511647177286E+001 -2.129566335154E-004  8.998599345233E-001
  1.044875806003E+000  3.977017093324E+000 -1.059701674881E+001  2.474467810694E+001 -2.122515848680E-004  9.103071048645E-001
  1.058066607138E+000  3.839375089989E+000 -1.027327275970E+001  2.433674754289E+001 -2.114923946591E-004  9.210578407617E-001
  1.071426311823E+000  3.704286107725E+000 -9.951057842173E+000  2.389577107603E+001 -2.106790263285E-004  9.321208959606E-001
  1.084957648792E+000  3.571808414407E+000 -9.630877094586E+000  2.342482560884E+001 -2.098114189305E-004  9.435053480868E-001
  1.098663403298E+000  3.441994689780E+000 -9.313212300596E+000  2.292695418551E+001 -2.088894888564E-004  9.552206142927E-001
  1.112546418516E+000  3.314892036024E+000 -8.998520953475E+000  2.240514860627E+001 -2.079131314412E-004  9.672764675733E-001
  1.126609596985E+000  3.190542008596E+000 -8.687235479585E+000  2.186233424714E+001 -2.068822224458E-004  9.796830538015E-001
  1.140855902095E+000  3.068980666060E+000 -8.379762647642E+000  2.130135692123E+001 -2.057966194448E-004  9.924509095389E-001
  1.155288359613E+000  2.950238637634E+000 -8.076483150845E+000  2.072497162730E+001 -2.046561631031E-004  1.005590980678E+000
  1.169910059257E+000  2.834341207197E+000 -7.777751349507E+000  2.013583304025E+001 -2.034606783626E-004  1.019114641973E+000
  1.184724156317E+000  2.721308412531E+000 -7.483895162274E+000  1.953648760697E+001 -2.022099755277E-004  1.033033717529E+000
  1.199733873325E+000  2.611155158592E+000 -7.195216094480E+000  1.892936711883E+001 -2.009038512756E-004  1.047360502299E+000
  1.214942501771E+000  2.503891343625E+000 -6.911989392642E+000  1.831678363977E+001 -1.995420895700E-004  1.062107784675E+000
  1.230353403874E+000  2.399521996960E+000 -6.634464314512E+000  1.770092567617E+001 -1.981244625102E-004  1.077288870231E+000
  1.245970014403E+000  2.298047427359E+000 -6.362864504523E+000  1.708385548097E+001 -1.966507310993E-004  1.092917606694E+000
  1.261795842559E+000  2.199463380812E+000 -6.097388464848E+000  1.646750739138E+001 -1.951206459452E-004  1.109008410231E+000
  1.277834473907E+000  2.103761206687E+000 -5.838210112695E+000  1.585368710484E+001 -1.935339479014E-004  1.125576293125E+000
  1.294089572372E+000  2.010928031191E+000 -5.585479414824E+000  1.524407180368E+001 -1.918903686506E-004  1.142636892928E+000
  1.310564882294E+000  1.920946937120E+000 -5.339323090637E+000  1.464021104427E+001 -1.901896312282E-004  1.160206503188E+000
  1.327264230548E+000  1.833797148901E+000 -5.099845375566E+000  1.404352833091E+001 -1.884314505070E-004  1.178302105849E+000
  1.344191528724E+000  1.749454221975E+000 -4.867128836824E+000  1.345532329991E+001 -1.866155336345E-004  1.196941405413E+000
  1.361350775387E+000  1.667890235586E+000 -4.641235233937E+000  1.287677444313E+001 -1.847415804373E-004  1.216142864991E+000
  1.378746058390E+000  1.589073988104E+000 -4.422206416840E+000  1.230894230478E+001 -1.828092837922E-004  1.235925744343E+000
  1.396381557275E+000  1.512971194004E+000 -4.210065254637E+000  1.175277308901E+001 -1.808183299810E-004  1.256310140037E+000
  1.414261545744E+000  1.439544681716E+000 -4.004816588504E+000  1.120910261973E+001 -1.787683990200E-004  1.277317027856E+000
  1.432390394201E+000  1.368754591545E+000 -3.806448202522E+000  1.067866059760E+001 -1.766591649918E-004  1.298968307589E+000
  1.450772572390E+000  1.300558572948E+000 -3.614931806602E+000  1.016207510252E+001 -1.744902963669E-004  1.321286850343E+000
  1.469412652102E+000  1.234911980458E+000 -3.430224025998E+000  9.659877293509E+000 -1.722614563440E-004  1.344296548549E+000
  1.488315309978E+000  1.171768067617E+000 -3.252267392244E+000  9.172506260887E+000 -1.699723031991E-004  1.368022368816E+000
  1.507485330398E+000  1.111078178302E+000 -3.080991330692E+000  8.700313988773E+000 -1.676224906675E-004  1.392490407806E+000
  1.526927608467E+000  1.052791934888E+000 -2.916313140194E+000  8.243570389115E+000 -1.652116683600E-004  1.417727951325E+000
  1.546647153093E+000  9.968574227217E-001 -2.758138960794E+000  7.802468371226E+000 -1.627394822335E-004  1.443763536831E+000
  1.566649090169E+000  9.432213704318E-001 -2.606364725634E+000  7.377128913765E+000 -1.602055751144E-004  1.470627019569E+000
  1.586938665861E+000  8.918293256495E-001 -2.460877093641E+000  6.967606108867E+000 -1.576095872992E-004  1.498349642565E+000
  1.607521250000E+000  8.426258257444E-001 -2.321554359870E+000  6.573892150837E+000 -1.549511572367E-004  1.526964110730E+000
  1.628402339588E+000  7.955545632368E-001 -2.188267340727E+000  6.195922244490E+000 -1.522299223068E-004  1.556504669332E+000
  1.649587562420E+000  7.505585455825E-001 -2.060880231610E+000  5.833579410781E+000 -1.494455197080E-004  1.587007187124E+000
  1.671082680832E+000  7.075802490713E-001 -1.939251434829E+000  5.486699169889E+000 -1.465975874687E-004  1.618509244447E+000
  1.692893595565E+000  6.665617666202E-001 -1.823234355978E+000  5.155074084322E+000 -1.436857655884E-004  1.651050226613E+000
  1.715026349769E+000  6.274449492815E-001 -1.712678167223E+000  4.838458146979E+000 -1.407096973308E-004  1.684671422952E+000
  1.737487133138E+000  5.901715413246E-001 -1.607428536261E+000  4.536571001341E+000 -1.376690306695E-004  1.719416131903E+000
  1.760282286187E+000  5.546833087858E-001 -1.507328319990E+000  4.249101983136E+000 -1.345634199084E-004  1.755329772555E+000
  1.783418304674E+000  5.209221614158E-001 -1.412218222195E+000  3.975713974887E+000 -1.313925274730E-004  1.792460003113E+000
  1.806901844175E+000  4.888302679864E-001 -1.321937414783E+000  3.716047066719E+000 -1.281560258961E-004  1.830856846776E+000
  1.830739724818E+000  4.583501649494E-001 -1.236324122360E+000  3.469722018632E+000 -1.248535999946E-004  1.870572825562E+000
  1.854938936184E+000  4.294248584675E-001 -1.155216170163E+000  3.236343521226E+000 -1.214849492424E-004  1.911663102669E+000
  1.879506642368E+000  4.019979198657E-001 -1.078451495537E+000  3.015503253430E+000 -1.180497903464E-004  1.954185634028E+000
  1.904450187236E+000  3.760135745732E-001 -1.005868623361E+000  2.806782737339E+000 -1.145478600203E-004  1.998201329718E+000
  1.929777099847E+000  3.514167846496E-001 -9.373071059849E-001  2.609755991595E+000 -1.109789179563E-004  2.043774226052E+000
  1.955495100083E+000  3.281533250070E-001 -8.726079283909E-001  2.423991986014E+000 -1.073427499783E-004  2.090971669135E+000
  1.981612104475E+000  3.061698534587E-001 -8.116138794300E-001  2.249056901274E+000 -1.036391713720E-004  2.139864510854E+000
  2.008136232230E+000  2.854139747386E-001 -7.541698901004E-001  2.084516198473E+000 -9.986803037338E-005  2.190527318293E+000
  2.035075811486E+000  2.658342986495E-001 -7.001233399373E-001  1.929936504218E+000 -9.602921178783E-005  2.243038597703E+000
  2.062439385788E+000  2.473804925089E-001 -6.493243326674E-001  1.784887317670E+000 -9.212264071139E-005  2.297481034263E+000
  2.090235720801E+000  2.300033280703E-001 -6.016259423482E-001  1.648942546574E+000 -8.814828632418E-005  2.353941748987E+000
  2.118473811262E+000  2.136547231051E-001 -5.568844312690E-001  1.521681879798E+000 -8.410616570436E-005  2.412512574281E+000
  2.147162888201E+000  1.982877778348E-001 -5.149594409276E-001  1.402692004336E+000 -7.999634762351E-005  2.473290349821E+000
  2.176312426413E+000  1.838568064094E-001 -4.757141574237E-001  1.291567674970E+000 -7.581895624646E-005  2.536377240580E+000
  2.205932152222E+000  1.703173636274E-001 -4.390154526231E-001  1.187912645011E+000 -7.157417469370E-005  2.601881079046E+000
  2.236032051522E+000  1.576262670966E-001 -4.047340024503E-001  1.091340466631E+000 -6.726224836700E-005  2.669915733890E+000
  2.266622378129E+000  1.457416150343E-001 -3.727443836575E-001  1.001475169299E+000 -6.288348797023E-005  2.740601507574E+000
  2.297713662445E+000  1.346227999038E-001 -3.429251504036E-001  9.179518247893E-001 -5.843827212726E-005  2.814065565683E+000
  2.329316720450E+000  1.242305180833E-001 -3.151588919490E-001  8.404170070993E-001 -5.392704949212E-005  2.890442401056E+000
  2.361442663038E+000  1.145267757622E-001 -2.893322727437E-001  7.685291554211E-001 -4.935034025314E-005  2.969874336117E+000
  2.394102905709E+000  1.054748912541E-001 -2.653360561473E-001  7.019588480812E-001 -4.470873690389E-005  3.052512067211E+000
  2.427309178642E+000  9.703949391645E-002 -2.430651129773E-001  6.403889950777E-001 -4.000290417041E-005  3.138515255142E+000
  2.461073537146E+000  8.918651985980E-002 -2.224184160378E-001  5.835149565316E-001 -3.523357795482E-005  3.228053166576E+000
  2.495408372530E+000  8.188320462874E-002 -2.032990217343E-001  5.310445940234E-001 -3.040156318561E-005  3.321305371493E+000
  2.530326423398E+000  7.509807303202E-002 -1.856140398274E-001  4.826982614257E-001 -2.550773042597E-005  3.418462502439E+000
  2.565840787378E+000  6.880092629591E-002 -1.692745923320E-001  4.382087414644E-001 -2.055301113113E-005  3.519727081946E+000
  2.601964933334E+000  6.296282671169E-002 -1.541957625155E-001  3.973211338575E-001 -1.553839141505E-005  3.625314425211E+000
  2.638712714049E+000  5.755607994478E-002 -1.402965349021E-001  3.597927004929E-001 -1.046490423535E-005  3.735453625870E+000
  2.676098379430E+000  5.255421517039E-002 -1.274997271386E-001  3.253926727267E-001 -5.333619880071E-006  3.850388633581E+000
  2.714136590232E+000  4.793196319747E-002 -1.157319145343E-001  2.939020255037E-001 -1.456346787838E-007  3.970379433069E+000
  2.752842432351E+000  4.366523274042E-002 -1.049233480413E-001  2.651132226428E-001  5.097942115612E-006  4.095703335348E+000
  2.792231431696E+000  3.973108499588E-002 -9.500786640052E-002  2.388299372746E-001  1.039600331411E-005  4.226656392976E+000
  2.832319569669E+000  3.610770667962E-002 -8.592280313831E-002  2.148667510919E-001  1.574746064732E-005  4.363554952522E+000
  2.873123299289E+000  3.277438167690E-002 -7.760888906551E-002  1.930488357550E-001  2.115126344863E-005  4.506737358842E+000
  2.914659561979E+000  2.971146145764E-002 -7.001015089296E-002  1.732116195047E-001  2.660641909235E-005  4.656565827359E+000
  2.956945805065E+000  2.690033440645E-002 -6.307380654975E-002  1.552004417629E-001  3.211201505308E-005  4.813428502319E+000
  3.000000000000E+000  2.432339421534E-002 -5.675015776097E-002  1.388701982504E-001  3.766724242135E-005  4.977741720978E+000
  3.043840661365E+000  2.196400748548E-002 -5.099248041602E-002  1.240849789253E-001  4.327142062445E-005  5.149952505889E+000
  3.088486866678E+000  1.980648068232E-002 -4.575691323480E-002  1.107177008389E-001  4.892402308217E-005  5.330541309918E+000
  3.133958277047E+000  1.783602658601E-002 -4.100234521734E-002  9.864973781788E-002  5.462470343050E-005  5.520025041422E+000
  3.180275158719E+000  1.603873037657E-002 -3.669030234163E-002  8.777054871828E-002  6.037332192213E-005  5.718960400114E+000
  3.227458405560E+000  1.440151549030E-002 -3.278483395543E-002  7.797730584481E-002  6.616997151456E-005  5.927947557672E+000
  3.275529562509E+000  1.291210938032E-002 -2.925239928903E-002  6.917452499896E-002  7.201500314428E-005  6.147634221102E+000
  3.324510850077E+000  1.155900931020E-002 -2.606175449750E-002  6.127369849892E-002  7.790904959040E-005  6.378720121367E+000
  3.374425189910E+000  1.033144830478E-002 -2.318384062299E-002  5.419293240967E-002  8.385304731780E-005  6.621961974858E+000
  3.425296231502E+000  9.219361377322E-003 -2.059167284841E-002  4.785658912460E-002  8.984825562446E-005  6.878178971059E+000
  3.477148380094E+000  8.213352145833E-003 -1.826023139472E-002  4.219493635315E-002  9.589627240201E-005  7.148258846350E+000
  3.530006825834E+000  7.304659944907E-003 -1.616635439331E-002  3.714380348651E-002  1.019990457965E-004  7.433164611323E+000
  3.583897574256E+000  6.485127532232E-003 -1.428863304325E-002  3.264424623662E-002  1.081588810176E-004  7.733942007576E+000
  3.638847478148E+000  5.747169480836E-003 -1.260730934024E-002  2.864222036843E-002  1.143784415772E-004  8.051727779667E+000
  3.694884270887E+000  5.083741339800E-003 -1.110417663908E-002  2.508826527151E-002  1.206607442389E-004  8.387758859090E+000
  3.752036601308E+000  4.488309637156E-003 -9.762483285825E-003  2.193719804251E-002  1.270091469389E-004  8.743382569926E+000
  3.810334070199E+000  3.954822789361E-003 -8.566839527987E-003  1.914781867440E-002  1.334273290449E-004  9.120067980463E+000
  3.869807268505E+000  3.477682972086E-003 -7.503127882358E-003  1.668262687003E-002  1.399192632786E-004  9.519418541948E+000
  3.930487817331E+000  3.051718997273E-003 -6.558417110285E-003  1.450755091733E-002  1.464891787489E-004  9.943186174939E+000
  3.992408409843E+000  2.672160231589E-003 -5.720879919477E-003  1.259168897993E-002  1.531415145412E-004  1.039328698602E+001
  4.055602855172E+000  2.334611581678E-003 -4.979714480460E-003  1.090706307145E-002  1.598808634164E-004  1.087181882324E+001
  4.120106124432E+000  2.035029562166E-003 -4.325069814670E-003  9.428385894254E-003  1.667119052286E-004  1.138108090819E+001
  4.185954398964E+000  1.769699453297E-003 -3.747975080570E-003  8.132840634703E-003  1.736393297568E-004  1.192359581676E+001
  4.253185120935E+000  1.535213546562E-003 -3.240272754409E-003  6.999873718395E-003  1.806677487407E-004  1.250213412000E+001
  4.321837046422E+000  1.328450468783E-003 -2.794555673774E-003  6.011000441619E-003  1.878015969921E-004  1.311974204210E+001
  4.391950301120E+000  1.146555568023E-003 -2.404107885494E-003  5.149623310320E-003  1.950450226243E-004  1.377977254563E+001
  4.463566438835E+000  9.869223383931E-004 -2.062849214970E-003  4.400862837213E-003  2.024017664844E-004  1.448592031505E+001
  4.536728502895E+000  8.471748555296E-004 -1.765283452139E-003  3.751400472300E-003  2.098750311487E-004  1.524226118179E+001
  4.611481090679E+000  7.251511900841E-004 -1.506450030285E-003  3.189333273558E-003  2.174673399363E-004  1.605329661659E+001
  4.687870421430E+000  6.188877631980E-004 -1.281879057997E-003  2.704039863952E-003  2.251803866899E-004  1.692400401305E+001
  4.765944407533E+000  5.266046054725E-004 -1.087549551923E-003  2.286057169435E-003  2.330148773956E-004  1.785989359989E+001
  4.845752729492E+000  4.466914794437E-004 -9.198507086381E-004  1.926967390803E-003  2.409703650419E-004  1.886707295390E+001
  4.927346914797E+000  3.776948249266E-004 -7.755460478438E-004  1.619294630752E-003  2.490450796807E-004  1.995232024374E+001
  5.010780420931E+000  3.183054867322E-004 -6.517402562004E-004  1.356410576462E-003  2.572357562231E-004  2.112316752200E+001
  5.096108722763E+000  2.673471850871E-004 -5.458485610626E-004  1.132448627218E-003  2.655374633589E-004  2.238799560560E+001
  5.183389404586E+000  2.237656904730E-004 -4.555684660360E-004  9.422258557496E-004  2.739434379410E-004  2.375614234999E+001
  5.272682257105E+000  1.866186664403E-004 -3.788536851915E-004  7.811722002060E-004  2.824449304861E-004  2.523802644116E+001
  5.364049379651E+000  1.550661460925E-004 -3.138901196029E-004  6.452663001377E-004  2.910310689659E-004  2.684528921292E+001
  5.457555287978E+000  1.283616102777E-004 -2.590737281840E-004  5.309774133131E-004  2.996887499923E-004  2.859095746135E+001
  5.553267027968E+000  1.058436379249E-004 -2.129901541607E-004  4.352128793556E-004  3.084025688002E-004  3.048963079361E+001
  5.651254295630E+000  8.692810132171E-005 -1.743959785051E-004  3.552706296484E-004  3.171548021787E-004  3.255769774034E+001
  5.751589563796E+000  7.110088135954E-005 -1.422014818830E-004  2.887962793198E-004  3.259254616436E-004  3.481358571184E+001
  5.854348215936E+000  5.791107978239E-005 -1.154548067665E-004  2.337443750277E-004  3.346924378307E-004  3.727805093133E+001
  5.959608687557E+000  4.696470721928E-005 -9.332742104002E-005  1.883434104419E-004  3.434317610469E-004  3.997451578662E+001
  6.067452615683E+000  3.791882721844E-005 -7.510079343373E-005  1.510642586683E-004  3.521180071713E-004  4.292946267428E+001
  6.177964996951E+000  3.047613761547E-005 -6.015419927245E-005  1.205917064454E-004  3.607248824310E-004  4.617289545672E+001
  6.291234354880E+000  2.437997136265E-005 -4.795358222608E-005  9.579880803006E-005  3.692260246152E-004  4.973888222343E+001
  6.407352916949E+000  1.940969944004E-005 -3.804140392945E-005  7.572380679569E-005  3.775960615989E-004  5.366619628794E+001
  6.526416802128E+000  1.537651869506E-005 -3.002741852236E-005  5.954939936649E-005  3.858119701554E-004  5.799907643979E+001
  6.648526219580E+000  1.211960745857E-005 -2.358031339636E-005  4.658414053600E-005  3.938547780937E-004  6.278813263317E+001
  6.773785679311E+000  9.502631614242E-006 -1.842016082151E-005  3.624580732088E-005  4.017116501033E-004  6.809142981142E+001
  6.902304215570E+000  7.410583507897E-006 -1.431162778759E-005  2.804655750869E-005  4.093783913090E-004  7.397579078615E+001
  7.034195623922E+000  5.746935729908E-006 -1.105789346957E-005  2.157973228757E-005  4.168623917971E-004  8.051836943542E+001
  7.169578712934E+000  4.431091439581E-006 -8.495225362999E-006  1.650816438407E-005  4.241860193010E-004  8.780855846965E+001
  7.308577571516E+000  3.396112572968E-006 -6.488166473433E-006  1.255386300473E-005  4.313904453254E-004  9.595031224345E+001
  7.451321853057E+000  2.586707026359E-006 -4.925287115622E-006  9.488955197420E-006  4.385398618143E-004  1.050649852740E+002
  7.597947077547E+000  1.957455770002E-006 -3.715455997317E-006  7.127770416085E-006  4.457260102172E-004  1.152948120520E+002
  7.748594953021E+000  1.471260845623E-006 -2.784586421883E-006  5.319961438095E-006  4.530729013602E-004  1.268071842414E+002
  7.903413717736E+000  1.097995353586E-006 -2.072814714858E-006  3.944560640967E-006  4.607415508698E-004  1.397999182572E+002
  8.062558504629E+000  8.133368497862E-007 -1.532069410868E-006  2.904876225093E-006  4.689344838173E-004  1.545077500938E+002
  8.226191729726E+000  5.977660495663E-007 -1.123991357182E-006  2.124138439734E-006  4.778996664580E-004  1.712103452751E+002
  8.394483506327E+000  4.357133707304E-007 -8.181667088050E-007  1.541811340470E-006  4.879333837632E-004  1.902421691419E+002
  8.567612086926E+000  3.148366287228E-007 -5.906368020027E-007  1.110491137396E-006  4.993813747018E-004  2.120046242148E+002
  8.745764335025E+000  2.254141083094E-007 -4.226510811526E-007  7.933178034668E-007  5.126372373830E-004  2.369809230768E+002
  8.929136229160E+000  1.598382576770E-007 -2.996315910301E-007  5.618322900127E-007  5.281366902402E-004  2.657542218733E+002
  9.117933401693E+000  1.121963598592E-007 -2.103199996605E-007  3.942174083187E-007  5.463457393395E-004  2.990295881321E+002
  9.312371715124E+000  7.792570777047E-008 -1.460806478170E-007  2.738661358590E-007  5.677402413477E-004  3.376604278314E+002
  9.512677878945E+000  5.353201655812E-008 -1.003356895627E-007  1.882267392725E-007  5.927740846875E-004  3.826801043362E+002
  9.719090110332E+000  3.636102378028E-008 -6.811095226031E-008  1.278796168222E-007  6.218339629843E-004  4.353398106225E+002
  9.931858842267E+000  2.441442795868E-008 -4.567366271693E-008  8.580609431617E-008  6.551819367982E-004  4.971547202976E+002
  1.015124748302E+001  1.620247474601E-008 -3.024561864032E-008  5.681450598797E-008  6.928951250956E-004  5.699629607905E+002
  1.037753323129E+001  1.062659523327E-008 -1.977769419880E-008  3.709370501202E-008  7.348282468596E-004  6.560078536002E+002
  1.061100795175E+001  6.886514216430E-009 -1.277372224554E-008  2.386863154528E-008  7.806521987052E-004  7.580664367912E+002
  1.085197911611E+001  4.407163256599E-009 -8.153766317948E-009  1.513668027498E-008  8.300597646013E-004  8.796718719916E+002
  1.110077081537E+001  2.781544718210E-009 -5.148562350867E-009  9.467323355843E-009  8.832708043103E-004  1.025522207669E+003
  1.135772484956E+001  1.726394492395E-009 -3.218460542736E-009  5.850737143266E-009  9.420062973574E-004  1.202247098513E+003
  1.162320190175E+001  1.048083822436E-009 -1.991527904161E-009  3.584042532399E-009  1.011156609722E-003  1.419847645907E+003
  1.189758280382E+001  6.166903161061E-010 -1.216586193032E-009  2.186201857381E-009  1.101564295669E-003  1.694408190153E+003
  1.218126990242E+001  3.465645827610E-010 -7.278706845420E-010  1.334635987668E-009  1.234946234235E-003  2.053268253090E+003
  1.247468853413E+001  1.820345775603E-010 -4.187218026346E-010  8.182615466767E-010  1.452986808191E-003  2.544812493018E+003
  1.277828862002E+001  8.713885819723E-011 -2.222883042787E-010  5.029386567411E-010  1.827491430613E-003  3.253142818138E+003
  1.309254639077E+001  3.847699117229E-011 -9.765457080863E-011  3.063106331137E-010  2.375945205216E-003  4.272086625539E+003
  1.341796625462E+001  2.042375036211E-011 -2.013329805506E-011  1.797593116339E-010  2.290398278107E-003  5.276289143261E+003
  1.375508282195E+001  2.208497851479E-011  2.528539391953E-011  9.574450121292E-011  7.243820154312E-004  5.140532286626E+003
  1.410446310162E+001  3.548585757341E-011  4.814391419347E-011  3.919177104918E-011 -1.876458935208E-004  4.388896269607E+003
  1.446670888596E+001  5.458275860070E-011  5.504619984605E-011  1.881884392933E-012 -4.469874917161E-004  3.802085899699E+003
  1.484245934302E+001  7.478095885461E-011  5.103504098716E-011 -2.098775705826E-011 -5.181030362263E-004  3.423287769100E+003
  1.523239383723E+001  9.272316308994E-011  4.023284862114E-011 -3.272849380067E-011 -5.415134201049E-004  3.186478594709E+003
  1.563723500136E+001  1.061872069971E-010  2.605929278360E-011 -3.608969418093E-011 -5.537752462638E-004  3.045671216362E+003
  1.605775208607E+001  1.139940267591E-010  1.124907826782E-011 -3.358652007259E-011 -5.647696757734E-004  2.974493698569E+003
  1.649476461582E+001  1.158774180659E-010 -2.184605716334E-012 -2.751335992444E-011 -5.771067675489E-004  2.958290473330E+003
  1.694914638379E+001  1.123043543561E-010 -1.295920521100E-011 -1.983733792109E-011 -5.913099898868E-004  2.989337061067E+003
  1.742182982203E+001  1.042587492719E-010 -2.047140363668E-011 -1.208930471018E-011 -6.073216830187E-004  3.064335045257E+003
  1.791381078784E+001  9.301370026336E-011 -2.468552889018E-011 -5.309758031702E-012 -6.249600855361E-004  3.183157377551E+003
  1.842615381215E+001  7.991957764662E-011 -2.598134833905E-011 -6.455968206393E-014 -6.440543940185E-004  3.348287114631E+003
  1.895999786176E+001  6.623061632179E-011 -2.498821852067E-011  3.480966915445E-012 -6.644772853577E-004  3.564682215588E+003
  1.951656267356E+001  5.298394346291E-011 -2.243113724957E-011  5.453391271671E-012 -6.861454826401E-004  3.839950789088E+003
  2.009715572669E+001  4.093504936727E-011 -1.900740171601E-011  6.153757988798E-012 -7.090117466732E-004  4.184805830279E+003
  2.070317992707E+001  3.054483397503E-011 -1.530347730987E-011  5.952385782453E-012 -7.330558985034E-004  4.613825467571E+003
  2.133614208874E+001  2.200701770529E-011 -1.175290198736E-011  5.208915284674E-012 -7.582770630186E-004  5.146595318523E+003
  2.199766230782E+001  1.530152075053E-011 -8.629285456233E-012  4.222319784701E-012 -7.846874906013E-004  5.809367976370E+003
  2.268948433818E+001  1.025927327147E-011 -6.064522169887E-012  3.208846985345E-012 -8.123077880342E-004  6.637454426977E+003
  2.341348709294E+001  6.626154655977E-012 -4.081227041932E-012  2.301615869502E-012 -8.411632018049E-004  7.678679874857E+003
  2.417169741362E+001  4.117396045843E-012 -2.629539131369E-012  1.563903355954E-012 -8.712806786594E-004  8.998418838315E+003
  2.496630426925E+001  2.457832426338E-012 -1.620971809889E-012  1.008565306040E-012 -9.026864788946E-004  1.068701277099E+004
  2.579967457140E+001  1.407021321009E-012 -9.550141240237E-013  6.177530798396E-013 -9.354041340131E-004  1.287083902816E+004
  2.667437081864E+001  7.709257346683E-013 -5.369712228746E-013  3.593037974301E-013  0.000000000000E+000  0.000000000000E+000
  2.759317081651E+001  4.033869709264E-013 -2.876163745575E-013  1.982742309848E-013  0.000000000000E+000  0.000000000000E+000
  2.855908975674E+001  2.010691259900E-013 -1.464406962098E-013  1.036576678110E-013  0.000000000000E+000  0.000000000000E+000
  2.957540498378E+001  9.520819868675E-014 -7.069826428141E-014  5.124125137236E-014  0.000000000000E+000  0.000000000000E+000
  3.064568382919E+001  4.269372231806E-014 -3.227092443117E-014  2.389275323543E-014  0.000000000000E+000  0.000000000000E+000
  3.177381495601E+001  1.806850962165E-014 -1.388236436699E-014  1.047818101445E-014  0.000000000000E+000  0.000000000000E+000
  3.296404372807E+001  7.189452346001E-015 -5.607692066789E-015  4.307458779805E-015  0.000000000000E+000  0.000000000000E+000
  3.422101220608E+001  2.678263291803E-015 -2.118383542570E-015  1.653498579126E-015  0.000000000000E+000  0.000000000000E+000
  3.554980447538E+001  9.297527332995E-016 -7.449911264479E-016  5.901254893816E-016  0.000000000000E+000  0.000000000000E+000
  3.695599813319E+001  2.992220522194E-016 -2.426751424600E-016  1.948565069040E-016  0.000000000000E+000  0.000000000000E+000
  3.844572291106E+001  8.876559275927E-017 -7.280824307042E-017  5.920092596430E-017  0.000000000000E+000  0.000000000000E+000
  4.002572758518E+001  2.411921174314E-017 -1.999376798566E-017  1.644802607070E-017  0.000000000000E+000  0.000000000000E+000
  4.170345654134E+001  5.960576833520E-018 -4.990429171915E-018  4.150350024918E-018  0.000000000000E+000  0.000000000000E+000
  4.348713762001E+001  1.329287265107E-018 -1.123404592016E-018  9.438540528852E-019  0.000000000000E+000  0.000000000000E+000
  4.538588318162E+001  2.627093746986E-019 -2.236262803962E-019  1.893104688468E-019  0.000000000000E+000  0.000000000000E+000
  4.740980671574E+001  4.654397834448E-020 -4.489309245260E-020  3.897950682876E-020  0.000000000000E+000  0.000000000000E+000
  4.957015778746E+001  7.828425213742E-021 -5.683317103064E-021  2.537967710216E-021  0.000000000000E+000  0.000000000000E+000
  5.187947869225E+001  6.265037024326E-022 -5.175165566563E-022  1.542490003701E-021  0.000000000000E+000  0.000000000000E+000
  5.435178690397E+001  2.018587523584E-022 -1.694916879161E-022 -1.247247449083E-023  0.000000000000E+000  0.000000000000E+000
  5.700278828629E+001  4.612117919749E-025 -1.909428476096E-023  1.704505215828E-023  0.000000000000E+000  0.000000000000E+000
  5.985012714155E+001  1.658196096519E-024  0.000000000000E+000  0.000000000000E+000  0.000000000000E+000  0.000000000000E+000
  6.291368055481E+001  0.000000000000E+000  0.000000000000E+000  0.000000000000E+000  0.000000000000E+000  0.000000000000E+000
  6.621590623276E+001  0.000000000000E+000  0.000000000000E+000  0.000000000000E+000  0.000000000000E+000  0.000000000000E+000
  6.978225524452E+001  0.000000000000E+000  0.000000000000E+000  0.000000000000E+000  0.000000000000E+000  0.000000000000E+000
  7.364166388185E+001  0.000000000000E+000  0.000000000000E+000  0.000000000000E+000  0.000000000000E+000  0.000000000000E+000
  7.782714245929E+001  0.000000000000E+000  0.000000000000E+000  0.000000000000E+000  0.000000000000E+000  0.000000000000E+000
  8.237648351994E+001  0.000000000000E+000  0.000000000000E+000  0.000000000000E+000  0.000000000000E+000  0.000000000000E+000
  8.733311794502E+001  0.000000000000E+000  0.000000000000E+000  0.000000000000E+000  0.000000000000E+000  0.000000000000E+000
  9.274715535088E+001  0.000000000000E+000  0.000000000000E+000  0.000000000000E+000  0.000000000000E+000  0.000000000000E+000
  9.867665554529E+001  0.000000000000E+000  0.000000000000E+000  0.000000000000E+000  0.000000000000E+000  0.000000000000E+000
  1.051891916055E+002  0.000000000000E+000  0.000000000000E+000  0.000000000000E+000  0.000000000000E+000  0.000000000000E+000
  1.123637836013E+002  0.000000000000E+000  0.000000000000E+000  0.000000000000E+000  0.000000000000E+000  0.000000000000E+000
  1.202933069206E+002  0.000000000000E+000  0.000000000000E+000  0.000000000000E+000  0.000000000000E+000  0.000000000000E+000
  1.290875131414E+002  0.000000000000E+000  0.000000000000E+000  0.000000000000E+000  0.000000000000E+000  0.000000000000E+000
  1.388768482001E+002  0.000000000000E+000  0.000000000000E+000  0.000000000000E+000  0.000000000000E+000  0.000000000000E+000
  1.498173177370E+002  0.000000000000E+000  0.000000000000E+000  0.000000000000E+000  0.000000000000E+000  0.000000000000E+000
  1.620967411853E+002  0.000000000000E+000  0.000000000000E+000  0.000000000000E+000  0.000000000000E+000  0.000000000000E+000
  1.759428668168E+002  0.000000000000E+000  0.000000000000E+000  0.000000000000E+000  0.000000000000E+000  0.000000000000E+000
  1.916340085825E+002  0.000000000000E+000  0.000000000000E+000  0.000000000000E+000  0.000000000000E+000  0.000000000000E+000
  2.095131417987E+002  0.000000000000E+000  0.000000000000E+000  0.000000000000E+000  0.000000000000E+000  0.000000000000E+000
  2.300068054477E+002  0.000000000000E+000  0.000000000000E+000  0.000000000000E+000  0.000000000000E+000  0.000000000000E+000
  2.536507797910E+002  0.000000000000E+000  0.000000000000E+000  0.000000000000E+000  0.000000000000E+000  0.000000000000E+000
  2.811254638474E+002  0.000000000000E+000  0.000000000000E+000  0.000000000000E+000  0.000000000000E+000  0.000000000000E+000
  3.133053780630E+002  0.000000000000E+000  0.000000000000E+000  0.000000000000E+000  0.000000000000E+000  0.000000000000E+000
  3.513296254502E+002  0.000000000000E+000  0.000000000000E+000  0.000000000000E+000  0.000000000000E+000  0.000000000000E+000
  3.967041014107E+002  0.000000000000E+000  0.000000000000E+000  0.000000000000E+000  0.000000000000E+000  0.000000000000E+000
  4.514529193350E+002  0.000000000000E+000  0.000000000000E+000  0.000000000000E+000  0.000000000000E+000  0.000000000000E+000
  5.183481233601E+002  0.000000000000E+000  0.000000000000E+000  0.000000000000E+000  0.000000000000E+000  0.000000000000E+000
  6.012676077950E+002  0.000000000000E+000  0.000000000000E+000  0.000000000000E+000  0.000000000000E+000  0.000000000000E+000
  7.057700503752E+002  0.000000000000E+000  0.000000000000E+000  0.000000000000E+000  0.000000000000E+000  0.000000000000E+000
  8.400513767914E+002  0.000000000000E+000  0.000000000000E+000  0.000000000000E+000  0.000000000000E+000  0.000000000000E+000
  1.016602135495E+003  0.000000000000E+000  0.000000000000E+000  0.000000000000E+000  0.000000000000E+000  0.000000000000E+000
  1.255220715579E+003  0.000000000000E+000  0.000000000000E+000  0.000000000000E+000  0.000000000000E+000  0.000000000000E+000
  1.588815776243E+003  0.000000000000E+000  0.000000000000E+000  0.000000000000E+000  0.000000000000E+000  0.000000000000E+000
  2.075392011604E+003  0.000000000000E+000  0.000000000000E+000  0.000000000000E+000  0.000000000000E+000  0.000000000000E+000
  2.825079847528E+003  0.000000000000E+000  0.000000000000E+000  0.000000000000E+000  0.000000000000E+000  0.000000000000E+000
  4.068408296183E+003  0.000000000000E+000  0.000000000000E+000  0.000000000000E+000  0.000000000000E+000  0.000000000000E+000
  6.357262947672E+003  0.000000000000E+000  0.000000000000E+000  0.000000000000E+000  0.000000000000E+000  0.000000000000E+000
  1.130231930164E+004  0.000000000000E+000  0.000000000000E+000  0.000000000000E+000  0.000000000000E+000  0.000000000000E+000
  2.543105175136E+004  0.000000000000E+000  0.000000000000E+000  0.000000000000E+000  0.000000000000E+000  0.000000000000E+000
  1.017262069952E+005  0.000000000000E+000  0.000000000000E+000  0.000000000000E+000  0.000000000000E+000  0.000000000000E+000
