# 1st line: number of mesh points
# rho and r_seitz are calculated from total density
# zeta and r_seitz only correct of rho > 1d-12

# abcissa rho drho ddrho zeta r_seitz
500
  9.830308526563E-006  1.622105165112E+003 -1.970666635379E+004  2.452150163717E+005  0.000000000000E+000  1.227479032976E-001
  3.932200719722E-005  1.621524088672E+003 -1.969943590696E+004  2.451227562733E+005  0.000000000000E+000  1.227625638664E-001
  8.847741541467E-005  1.620556050936E+003 -1.968739057571E+004  2.449690605078E+005  0.000000000000E+000  1.227870030375E-001
  1.573003992805E-004  1.619201685962E+003 -1.967053847445E+004  2.447540355943E+005  0.000000000000E+000  1.228212281483E-001
  2.457963722418E-004  1.617461880561E+003 -1.964889095181E+004  2.444778305036E+005  0.000000000000E+000  1.228652494775E-001
  3.539722959954E-004  1.615337773417E+003 -1.962246257910E+004  2.441406365018E+005  0.000000000000E+000  1.229190802510E-001
  4.818366816529E-004  1.612830753974E+003 -1.959127113548E+004  2.437426869499E+005  0.000000000000E+000  1.229827366494E-001
  6.293995911626E-004  1.609942461065E+003 -1.955533758993E+004  2.432842570601E+005  0.000000000000E+000  1.230562378182E-001
  7.966726389935E-004  1.606674781306E+003 -1.951468607994E+004  2.427656636070E+005  0.000000000000E+000  1.231396058786E-001
  9.836689940782E-004  1.603029847236E+003 -1.946934388702E+004  2.421872645973E+005  0.000000000000E+000  1.232328659408E-001
  1.190403382016E-003  1.599010035231E+003 -1.941934140901E+004  2.415494588950E+005  0.000000000000E+000  1.233360461188E-001
  1.416892087541E-003  1.594617963169E+003 -1.936471212934E+004  2.408526858053E+005  0.000000000000E+000  1.234491775474E-001
  1.663152957245E-003  1.589856487864E+003 -1.930549258303E+004  2.400974246163E+005  0.000000000000E+000  1.235722944003E-001
  1.929205402573E-003  1.584728702268E+003 -1.924172231984E+004  2.392841940993E+005  0.000000000000E+000  1.237054339107E-001
  2.215070403073E-003  1.579237932447E+003 -1.917344386418E+004  2.384135519688E+005  0.000000000000E+000  1.238486363933E-001
  2.520770509919E-003  1.573387734327E+003 -1.910070267229E+004  2.374860943023E+005  0.000000000000E+000  1.240019452687E-001
  2.846329849692E-003  1.567181890225E+003 -1.902354708634E+004  2.365024549215E+005  0.000000000000E+000  1.241654070889E-001
  3.191774128432E-003  1.560624405158E+003 -1.894202828576E+004  2.354633047343E+005  0.000000000000E+000  1.243390715655E-001
  3.557130635959E-003  1.553719502945E+003 -1.885620023575E+004  2.343693510401E+005  0.000000000000E+000  1.245229915996E-001
  3.942428250463E-003  1.546471622098E+003 -1.876611963314E+004  2.332213367980E+005  0.000000000000E+000  1.247172233134E-001
  4.347697443358E-003  1.538885411513E+003 -1.867184584946E+004  2.320200398595E+005  0.000000000000E+000  1.249218260839E-001
  4.772970284417E-003  1.530965725959E+003 -1.857344087158E+004  2.307662721668E+005  0.000000000000E+000  1.251368625793E-001
  5.218280447175E-003  1.522717621383E+003 -1.847096923971E+004  2.294608789168E+005  0.000000000000E+000  1.253623987963E-001
  5.683663214611E-003  1.514146350021E+003 -1.836449798307E+004  2.281047376932E+005  0.000000000000E+000  1.255985041007E-001
  6.169155485101E-003  1.505257355335E+003 -1.825409655310E+004  2.266987575668E+005  0.000000000000E+000  1.258452512692E-001
  6.674795778653E-003  1.496056266772E+003 -1.813983675451E+004  2.252438781655E+005  0.000000000000E+000  1.261027165341E-001
  7.200624243425E-003  1.486548894356E+003 -1.802179267409E+004  2.237410687155E+005  0.000000000000E+000  1.263709796298E-001
  7.746682662519E-003  1.476741223118E+003 -1.790004060742E+004  2.221913270542E+005  0.000000000000E+000  1.266501238418E-001
  8.313014461060E-003  1.466639407375E+003 -1.777465898359E+004  2.205956786168E+005  0.000000000000E+000  1.269402360576E-001
  8.899664713569E-003  1.456249764856E+003 -1.764572828801E+004  2.189551753975E+005  0.000000000000E+000  1.272414068211E-001
  9.506680151615E-003  1.445578770691E+003 -1.751333098341E+004  2.172708948866E+005  0.000000000000E+000  1.275537303881E-001
  1.013410917176E-002  1.434633051262E+003 -1.737755142911E+004  2.155439389851E+005  0.000000000000E+000  1.278773047849E-001
  1.078200184380E-002  1.423419377937E+003 -1.723847579867E+004  2.137754328981E+005  0.000000000000E+000  1.282122318696E-001
  1.145040991929E-002  1.411944660673E+003 -1.709619199606E+004  2.119665240081E+005  0.000000000000E+000  1.285586173960E-001
  1.213938684040E-002  1.400215941514E+003 -1.695078957036E+004  2.101183807300E+005  0.000000000000E+000  1.289165710798E-001
  1.284898774901E-002  1.388240387990E+003 -1.680235962921E+004  2.082321913492E+005  0.000000000000E+000  1.292862066676E-001
  1.357926949620E-002  1.376025286412E+003 -1.665099475099E+004  2.063091628445E+005  0.000000000000E+000  1.296676420095E-001
  1.433029065191E-002  1.363578035081E+003 -1.649678889600E+004  2.043505196958E+005  0.000000000000E+000  1.300609991332E-001
  1.510211151509E-002  1.350906137425E+003 -1.633983731655E+004  2.023575026809E+005  0.000000000000E+000  1.304664043226E-001
  1.589479412397E-002  1.338017195054E+003 -1.618023646626E+004  2.003313676602E+005  0.000000000000E+000  1.308839881984E-001
  1.670840226680E-002  1.324918900758E+003 -1.601808390855E+004  1.982733843521E+005  0.000000000000E+000  1.313138858018E-001
  1.754300149280E-002  1.311619031446E+003 -1.585347822447E+004  1.961848351005E+005  0.000000000000E+000  1.317562366825E-001
  1.839865912351E-002  1.298125441045E+003 -1.568651892003E+004  1.940670136364E+005  0.000000000000E+000  1.322111849887E-001
  1.927544426443E-002  1.284446053349E+003 -1.551730633302E+004  1.919212238333E+005  0.000000000000E+000  1.326788795611E-001
  2.017342781695E-002  1.270588854849E+003 -1.534594153963E+004  1.897487784610E+005  0.000000000000E+000  1.331594740308E-001
  2.109268249069E-002  1.256561887534E+003 -1.517252626073E+004  1.875509979359E+005  0.000000000000E+000  1.336531269201E-001
  2.203328281612E-002  1.242373241680E+003 -1.499716276816E+004  1.853292090723E+005  0.000000000000E+000  1.341600017473E-001
  2.299530515754E-002  1.228031048639E+003 -1.481995379097E+004  1.830847438342E+005  0.000000000000E+000  1.346802671354E-001
  2.397882772639E-002  1.213543473616E+003 -1.464100242184E+004  1.808189380902E+005  0.000000000000E+000  1.352140969248E-001
  2.498393059493E-002  1.198918708480E+003 -1.446041202368E+004  1.785331303728E+005  0.000000000000E+000  1.357616702900E-001
  2.601069571024E-002  1.184164964571E+003 -1.427828613662E+004  1.762286606432E+005  0.000000000000E+000  1.363231718601E-001
  2.705920690860E-002  1.169290465551E+003 -1.409472838548E+004  1.739068690633E+005  0.000000000000E+000  1.368987918445E-001
  2.812954993023E-002  1.154303440286E+003 -1.390984238771E+004  1.715690947773E+005  0.000000000000E+000  1.374887261620E-001
  2.922181243436E-002  1.139212115768E+003 -1.372373166215E+004  1.692166747022E+005  0.000000000000E+000  1.380931765757E-001
  3.033608401473E-002  1.124024710091E+003 -1.353649953840E+004  1.668509423313E+005  0.000000000000E+000  1.387123508312E-001
  3.147245621542E-002  1.108749425491E+003 -1.334824906721E+004  1.644732265496E+005  0.000000000000E+000  1.393464628015E-001
  3.263102254705E-002  1.093394441448E+003 -1.315908293178E+004  1.620848504644E+005  0.000000000000E+000  1.399957326350E-001
  3.381187850339E-002  1.077967907860E+003 -1.296910336018E+004  1.596871302514E+005  0.000000000000E+000  1.406603869104E-001
  3.501512157837E-002  1.062477938311E+003 -1.277841203894E+004  1.572813740182E+005  0.000000000000E+000  1.413406587960E-001
  3.624085128345E-002  1.046932603416E+003 -1.258711002789E+004  1.548688806859E+005  0.000000000000E+000  1.420367882151E-001
  3.748916916538E-002  1.031339924268E+003 -1.239529767646E+004  1.524509388903E+005  0.000000000000E+000  1.427490220168E-001
  3.876017882444E-002  1.015707865994E+003 -1.220307454133E+004  1.500288259049E+005  0.000000000000E+000  1.434776141531E-001
  4.005398593302E-002  1.000044331410E+003 -1.201053930575E+004  1.476038065851E+005  0.000000000000E+000  1.442228258618E-001
  4.137069825459E-002  9.843571548057E+002 -1.181778970046E+004  1.451771323362E+005  0.000000000000E+000  1.449849258564E-001
  4.271042566323E-002  9.686540958455E+002 -1.162492242626E+004  1.427500401056E+005  0.000000000000E+000  1.457641905217E-001
  4.407328016341E-002  9.529428336019E+002 -1.143203307857E+004  1.403237514010E+005  0.000000000000E+000  1.465609041172E-001
  4.545937591035E-002  9.372309607255E+002 -1.123921607367E+004  1.378994713345E+005  0.000000000000E+000  1.473753589867E-001
  4.686882923075E-002  9.215259777574E+002 -1.104656457709E+004  1.354783876950E+005  0.000000000000E+000  1.482078557758E-001
  4.830175864396E-002  9.058352875887E+002 -1.085417043391E+004  1.330616700482E+005  0.000000000000E+000  1.490587036565E-001
  4.975828488365E-002  8.901661900745E+002 -1.066212410122E+004  1.306504688673E+005  0.000000000000E+000  1.499282205603E-001
  5.123853091993E-002  8.745258768050E+002 -1.047051458275E+004  1.282459146927E+005  0.000000000000E+000  1.508167334185E-001
  5.274262198188E-002  8.589214260418E+002 -1.027942936576E+004  1.258491173238E+005  0.000000000000E+000  1.517245784113E-001
  5.427068558066E-002  8.433597978213E+002 -1.008895436014E+004  1.234611650421E+005  0.000000000000E+000  1.526521012262E-001
  5.582285153302E-002  8.278478292315E+002 -9.899173839992E+003  1.210831238671E+005  0.000000000000E+000  1.535996573239E-001
  5.739925198530E-002  8.123922298653E+002 -9.710170387478E+003  1.187160368458E+005  0.000000000000E+000  1.545676122150E-001
  5.900002143803E-002  7.969995774554E+002 -9.522024839237E+003  1.163609233751E+005  0.000000000000E+000  1.555563417453E-001
  6.062529677088E-002  7.816763136931E+002 -9.334816235225E+003  1.140187785598E+005  0.000000000000E+000  1.565662323916E-001
  6.227521726827E-002  7.664287402362E+002 -9.148621770128E+003  1.116905726050E+005  0.000000000000E+000  1.575976815677E-001
  6.394992464542E-002  7.512630149070E+002 -8.963516747334E+003  1.093772502433E+005  0.000000000000E+000  1.586510979407E-001
  6.564956307496E-002  7.361851480851E+002 -8.779574535528E+003  1.070797301992E+005  0.000000000000E+000  1.597269017588E-001
  6.737427921404E-002  7.212009992967E+002 -8.596866527913E+003  1.047989046883E+005  0.000000000000E+000  1.608255251906E-001
  6.912422223211E-002  7.063162740030E+002 -8.415462104106E+003  1.025356389533E+005  0.000000000000E+000  1.619474126755E-001
  7.089954383907E-002  6.915365205898E+002 -8.235428594710E+003  1.002907708372E+005  0.000000000000E+000  1.630930212876E-001
  7.270039831418E-002  6.768671275592E+002 -8.056831248598E+003  9.806511039249E+004  0.000000000000E+000  1.642628211108E-001
  7.452694253540E-002  6.623133209259E+002 -7.879733202906E+003  9.585943952805E+004  0.000000000000E+000  1.654572956286E-001
  7.637933600943E-002  6.478801618195E+002 -7.704195455764E+003  9.367451169229E+004  0.000000000000E+000  1.666769421260E-001
  7.825774090225E-002  6.335725442920E+002 -7.530276841746E+003  9.151105159393E+004  0.000000000000E+000  1.679222721067E-001
  8.016232207035E-002  6.193951933324E+002 -7.358034010065E+003  8.936975495950E+004  0.000000000000E+000  1.691938117240E-001
  8.209324709253E-002  6.053526630891E+002 -7.187521405498E+003  8.725128832768E+004  0.000000000000E+000  1.704921022276E-001
  8.405068630235E-002  5.914493352983E+002 -7.018791252034E+003  8.515628888049E+004  0.000000000000E+000  1.718177004249E-001
  8.603481282122E-002  5.776894179203E+002 -6.851893539246E+003  8.308536431091E+004  0.000000000000E+000  1.731711791593E-001
  8.804580259214E-002  5.640769439812E+002 -6.686876011354E+003  8.103909272675E+004  0.000000000000E+000  1.745531278052E-001
  9.008383441408E-002  5.506157706205E+002 -6.523784158986E+003  7.901802259053E+004  0.000000000000E+000  1.759641527792E-001
  9.214908997710E-002  5.373095783427E+002 -6.362661213599E+003  7.702267269493E+004  0.000000000000E+000  1.774048780707E-001
  9.424175389809E-002  5.241618704723E+002 -6.203548144533E+003  7.505353217333E+004  0.000000000000E+000  1.788759457893E-001
  9.636201375725E-002  5.111759728092E+002 -6.046483658684E+003  7.311106054521E+004  0.000000000000E+000  1.803780167322E-001
  9.851006013526E-002  4.983550334839E+002 -5.891504202754E+003  7.119568779561E+004  0.000000000000E+000  1.819117709710E-001
  1.006860866512E-001  4.857020230100E+002 -5.738643968041E+003  6.930781448834E+004  0.000000000000E+000  1.834779084587E-001
  1.028902900012E-001  4.732197345303E+002 -5.587934897737E+003  6.744781191215E+004  0.000000000000E+000  1.850771496571E-001
  1.051228699979E-001  4.609107842563E+002 -5.439406696683E+003  6.561602225940E+004  0.000000000000E+000  1.867102361867E-001
  1.073840296104E-001  4.487776120950E+002 -5.293086843547E+003  6.381275883631E+004  0.000000000000E+000  1.883779314979E-001
  1.096739750056E-001  4.368224824625E+002 -5.149000605366E+003  6.203830630432E+004  0.000000000000E+000  1.900810215653E-001
  1.119929155896E-001  4.250474852800E+002 -5.007171054404E+003  6.029292095155E+004  0.000000000000E+000  1.918203156056E-001
  1.143410640503E-001  4.134545371474E+002 -4.867619087275E+003  5.857683099369E+004  0.000000000000E+000  1.935966468194E-001
  1.167186364011E-001  4.020453826927E+002 -4.730363446265E+003  5.689023690350E+004  0.000000000000E+000  1.954108731578E-001
  1.191258520249E-001  3.908215960919E+002 -4.595420742808E+003  5.523331176790E+004  0.000000000000E+000  1.972638781143E-001
  1.215629337189E-001  3.797845827548E+002 -4.462805483031E+003  5.360620167184E+004  0.000000000000E+000  1.991565715433E-001
  1.240301077413E-001  3.689355811732E+002 -4.332530095330E+003  5.200902610802E+004  0.000000000000E+000  2.010898905043E-001
  1.265276038575E-001  3.582756649261E+002 -4.204604959887E+003  5.044187841139E+004  0.000000000000E+000  2.030648001341E-001
  1.290556553882E-001  3.478057448377E+002 -4.079038440068E+003  4.890482621755E+004  0.000000000000E+000  2.050822945461E-001
  1.316144992580E-001  3.375265712820E+002 -3.955836915634E+003  4.739791194389E+004  0.000000000000E+000  2.071433977587E-001
  1.342043760450E-001  3.274387366308E+002 -3.835004817685E+003  4.592115329256E+004  0.000000000000E+000  2.092491646514E-001
  1.368255300316E-001  3.175426778373E+002 -3.716544665266E+003  4.447454377409E+004  0.000000000000E+000  2.114006819508E-001
  1.394782092560E-001  3.078386791523E+002 -3.600457103554E+003  4.305805325060E+004  0.000000000000E+000  2.135990692460E-001
  1.421626655646E-001  2.983268749655E+002 -3.486740943552E+003  4.167162849751E+004  0.000000000000E+000  2.158454800330E-001
  1.448791546661E-001  2.890072527676E+002 -3.375393203214E+003  4.031519378269E+004  0.000000000000E+000  2.181411027902E-001
  1.476279361856E-001  2.798796562261E+002 -3.266409149905E+003  3.898865146170E+004  0.000000000000E+000  2.204871620822E-001
  1.504092737207E-001  2.709437883700E+002 -3.159782344139E+003  3.769188258824E+004  0.000000000000E+000  2.228849196953E-001
  1.532234348983E-001  2.621992148772E+002 -3.055504684482E+003  3.642474753852E+004  0.000000000000E+000  2.253356758005E-001
  1.560706914324E-001  2.536453674579E+002 -2.953566453568E+003  3.518708664834E+004  0.000000000000E+000  2.278407701475E-001
  1.589513191834E-001  2.452815473284E+002 -2.853956365119E+003  3.397872086184E+004  0.000000000000E+000  2.304015832858E-001
  1.618655982178E-001  2.371069287689E+002 -2.756661611903E+003  3.279945239070E+004  0.000000000000E+000  2.330195378141E-001
  1.648138128702E-001  2.291205627598E+002 -2.661667914531E+003  3.164906538260E+004  0.000000000000E+000  2.356960996561E-001
  1.677962518056E-001  2.213213806891E+002 -2.568959571019E+003  3.052732659781E+004  0.000000000000E+000  2.384327793609E-001
  1.708132080832E-001  2.137081981252E+002 -2.478519507027E+003  2.943398609272E+004  0.000000000000E+000  2.412311334270E-001
  1.738649792215E-001  2.062797186488E+002 -2.390329326690E+003  2.836877790923E+004  0.000000000000E+000  2.440927656475E-001
  1.769518672648E-001  1.990345377382E+002 -2.304369363956E+003  2.733142076879E+004  0.000000000000E+000  2.470193284726E-001
  1.800741788507E-001  1.919711467003E+002 -2.220618734351E+003  2.632161876993E+004  0.000000000000E+000  2.500125243883E-001
  1.832322252791E-001  1.850879366425E+002 -2.139055387090E+003  2.533906208830E+004  0.000000000000E+000  2.530741073060E-001
  1.864263225826E-001  1.783832024787E+002 -2.059656157441E+003  2.438342767797E+004  0.000000000000E+000  2.562058839587E-001
  1.896567915983E-001  1.718551469627E+002 -1.982396819274E+003  2.345437997295E+004  0.000000000000E+000  2.594097152998E-001
  1.929239580409E-001  1.655018847442E+002 -1.907252137713E+003  2.255157158796E+004  0.000000000000E+000  2.626875178964E-001
  1.962281525771E-001  1.593214464399E+002 -1.834195921799E+003  2.167464401717E+004  0.000000000000E+000  2.660412653122E-001
  1.995697109023E-001  1.533117827151E+002 -1.763201077107E+003  2.082322833022E+004  0.000000000000E+000  2.694729894711E-001
  2.029489738173E-001  1.474707683684E+002 -1.694239658226E+003  1.999694586415E+004  0.000000000000E+000  2.729847819912E-001
  2.063662873085E-001  1.417962064157E+002 -1.627282921031E+003  1.919540891056E+004  0.000000000000E+000  2.765787954808E-001
  2.098220026275E-001  1.362858321650E+002 -1.562301374682E+003  1.841822139691E+004  0.000000000000E+000  2.802572447824E-001
  2.133164763746E-001  1.309373172800E+002 -1.499264833265E+003  1.766497956102E+004  0.000000000000E+000  2.840224081517E-001
  2.168500705817E-001  1.257482738234E+002 -1.438142467022E+003  1.693527261801E+004  0.000000000000E+000  2.878766283558E-001
  2.204231527988E-001  1.207162582772E+002 -1.378902853087E+003  1.622868341868E+004  0.000000000000E+000  2.918223136730E-001
  2.240360961807E-001  1.158387755338E+002 -1.321514025679E+003  1.554478909854E+004  0.000000000000E+000  2.958619387734E-001
  2.276892795770E-001  1.111132828525E+002 -1.265943525677E+003  1.488316171677E+004  0.000000000000E+000  2.999980454582E-001
  2.313830876220E-001  1.065371937774E+002 -1.212158449525E+003  1.424336888427E+004  0.000000000000E+000  3.042332432320E-001
  2.351179108282E-001  1.021078820109E+002 -1.160125497400E+003  1.362497438013E+004  0.000000000000E+000  3.085702096779E-001
  2.388941456809E-001  9.782268523935E+001 -1.109811020600E+003  1.302753875572E+004  0.000000000000E+000  3.130116906054E-001
  2.427121947345E-001  9.367890890518E+001 -1.061181068086E+003  1.245061992597E+004  0.000000000000E+000  3.175604999312E-001
  2.465724667110E-001  8.967382992259E+001 -1.014201432140E+003  1.189377374697E+004  0.000000000000E+000  3.222195192557E-001
  2.504753766009E-001  8.580470033160E+001 -9.688376930759E+002  1.135655457955E+004  0.000000000000E+000  3.269916970860E-001
  2.544213457654E-001  8.206875088717E+001 -9.250552629788E+002  1.083851583809E+004  0.000000000000E+000  3.318800476570E-001
  2.584108020414E-001  7.846319457958E+001 -8.828194284079E+002  1.033921052424E+004  0.000000000000E+000  3.368876492923E-001
  2.624441798480E-001  7.498523008248E+001 -8.420953920406E+002  9.858191745010E+003  0.000000000000E+000  3.420176422421E-001
  2.665219202956E-001  7.163204512544E+001 -8.028483132120E+002  9.395013214838E+003  0.000000000000E+000  3.472732259275E-001
  2.706444712976E-001  6.840081978773E+001 -7.650433473192E+002  8.949229741202E+003  0.000000000000E+000  3.526576555144E-001
  2.748122876832E-001  6.528872971052E+001 -7.286456840574E+002  8.520397693544E+003  0.000000000000E+000  3.581742377301E-001
  2.790258313137E-001  6.229294922474E+001 -6.936205844601E+002  8.108075455123E+003  0.000000000000E+000  3.638263258281E-001
  2.832855712010E-001  5.941065439213E+001 -6.599334167185E+002  7.711823857569E+003  0.000000000000E+000  3.696173135976E-001
  2.875919836279E-001  5.663902595710E+001 -6.275496907554E+002  7.331206597931E+003  0.000000000000E+000  3.755506283039E-001
  2.919455522717E-001  5.397525220739E+001 -5.964350915357E+002  6.965790638023E+003  0.000000000000E+000  3.816297224337E-001
  2.963467683296E-001  5.141653174157E+001 -5.665555110951E+002  6.615146585926E+003  0.000000000000E+000  3.878580641112E-001
  3.007961306479E-001  4.896007614171E+001 -5.378770792722E+002  6.278849059565E+003  0.000000000000E+000  3.942391260385E-001
  3.052941458522E-001  4.660311254970E+001 -5.103661931340E+002  5.956477032269E+003  0.000000000000E+000  4.007763728002E-001
  3.098413284823E-001  4.434288614595E+001 -4.839895450836E+002  5.647614160307E+003  0.000000000000E+000  4.074732463644E-001
  3.144382011281E-001  4.217666252945E+001 -4.587141496456E+002  5.351849092387E+003  0.000000000000E+000  4.143331495967E-001
  3.190852945695E-001  4.010172999818E+001 -4.345073689246E+002  5.068775761185E+003  0.000000000000E+000  4.213594275980E-001
  3.237831479192E-001  3.811540172919E+001 -4.113369367353E+002  4.797993656954E+003  0.000000000000E+000  4.285553466619E-001
  3.285323087679E-001  3.621501785802E+001 -3.891709814071E+002  4.539108083341E+003  0.000000000000E+000  4.359240706446E-001
  3.333333333333E-001  3.439794745689E+001 -3.679780472643E+002  4.291730395546E+003  0.000000000000E+000  4.434686345299E-001
  3.381867866117E-001  3.266159041172E+001 -3.477271147916E+002  4.055478220992E+003  0.000000000000E+000  4.511919149738E-001
  3.430932425333E-001  3.100337919801E+001 -3.283876194896E+002  3.829975662719E+003  0.000000000000E+000  4.590965976098E-001
  3.480532841203E-001  2.942078055570E+001 -3.099294694345E+002  3.614853485721E+003  0.000000000000E+000  4.671851409070E-001
  3.530675036492E-001  2.791129706358E+001 -2.923230615519E+002  3.409749286487E+003  0.000000000000E+000  4.754597363826E-001
  3.581365028158E-001  2.647246861371E+001 -2.755392966216E+002  3.214307646034E+003  0.000000000000E+000  4.839222649954E-001
  3.632608929041E-001  2.510187378661E+001 -2.595495930300E+002  3.028180266732E+003  0.000000000000E+000  4.925742495731E-001
  3.684412949588E-001  2.379713112820E+001 -2.443258992873E+002  2.851026093265E+003  0.000000000000E+000  5.014168031753E-001
  3.736783399619E-001  2.255590032936E+001 -2.298407053330E+002  2.682511418061E+003  0.000000000000E+000  5.104505733450E-001
  3.789726690123E-001  2.137588330950E+001 -2.160670526493E+002  2.522309971590E+003  0.000000000000E+000  5.196756822782E-001
  3.843249335105E-001  2.025482520537E+001 -2.029785432074E+002  2.370102997898E+003  0.000000000000E+000  5.290916630317E-001
  3.897357953460E-001  1.919051526652E+001 -1.905493472731E+002  2.225579315801E+003  0.000000000000E+000  5.386973920004E-001
  3.952059270903E-001  1.818078765919E+001 -1.787542100967E+002  2.088435366162E+003  0.000000000000E+000  5.484910180331E-001
  4.007360121927E-001  1.722352218015E+001 -1.675684575167E+002  1.958375245689E+003  0.000000000000E+000  5.584698887117E-001
  4.063267451812E-001  1.631664488237E+001 -1.569680005065E+002  1.835110727707E+003  0.000000000000E+000  5.686304745074E-001
  4.119788318683E-001  1.545812861456E+001 -1.469293386946E+002  1.718361270370E+003  0.000000000000E+000  5.789682917377E-001
  4.176929895600E-001  1.464599347650E+001 -1.374295628889E+002  1.607854012787E+003  0.000000000000E+000  5.894778254815E-001
  4.234699472710E-001  1.387830719225E+001 -1.284463566390E+002  1.503323759541E+003  0.000000000000E+000  6.001524538727E-001
  4.293104459435E-001  1.315318540362E+001 -1.199579968696E+002  1.404512954101E+003  0.000000000000E+000  6.109843754621E-001
  4.352152386716E-001  1.246879188601E+001 -1.119433536169E+002  1.311171641612E+003  0.000000000000E+000  6.219645416270E-001
  4.411850909306E-001  1.182333868908E+001 -1.043818889058E+002  1.223057421562E+003  0.000000000000E+000  6.330825962919E-001
  4.472207808110E-001  1.121508620467E+001 -9.725365480019E+001  1.139935390848E+003  0.000000000000E+000  6.443268254922E-001
  4.533230992589E-001  1.064234316438E+001 -9.053929066325E+001  1.061578077714E+003  0.000000000000E+000  6.556841195582E-001
  4.594928503202E-001  1.010346656947E+001 -8.422001966363E+001  9.877653670965E+002  0.000000000000E+000  6.671399508820E-001
  4.657308513924E-001  9.596861555475E+000 -7.827764456260E+001  9.182844178600E+002  0.000000000000E+000  6.786783703491E-001
  4.720379334802E-001  9.120981194347E+000 -7.269454281927E+001  8.529295724327E+002  0.000000000000E+000  6.902820255325E-001
  4.784149414579E-001  8.674326236609E+000 -6.745366104962E+001  7.915022593402E+002  0.000000000000E+000  7.019322036390E-001
  4.848627343381E-001  8.255444796250E+000 -6.253850887566E+001  7.338108891274E+002  0.000000000000E+000  7.136089019433E-001
  4.913821855461E-001  7.862931981044E+000 -5.793315220076E+001  6.796707441600E+002  0.000000000000E+000  7.252909280150E-001
  4.979741832006E-001  7.495429470956E+000 -5.362220594690E+001  6.289038627835E+002  0.000000000000E+000  7.369560314344E-001
  5.046396304008E-001  7.151625047351E+000 -4.959082628963E+001  5.813389183161E+002  0.000000000000E+000  7.485810678888E-001
  5.113794455212E-001  6.830252075688E+000 -4.582470242565E+001  5.368110933389E+002  0.000000000000E+000  7.601421955556E-001
  5.181945625116E-001  6.530088944381E+000 -4.231004790801E+001  4.951619497391E+002  0.000000000000E+000  7.716151025303E-001
  5.250859312060E-001  6.249958462500E+000 -3.903359158322E+001  4.562392949535E+002  0.000000000000E+000  7.829752627888E-001
  5.320545176366E-001  5.988727218972E+000 -3.598256816383E+001  4.198970448447E+002  0.000000000000E+000  7.941982168339E-001
  5.391013043575E-001  5.745304905885E+000 -3.314470846979E+001  3.859950836345E+002  0.000000000000E+000  8.052598718423E-001
  5.462272907741E-001  5.518643608523E+000 -3.050822937099E+001  3.543991213053E+002  0.000000000000E+000  8.161368148806E-001
  5.534334934816E-001  5.307737064669E+000 -2.806182346261E+001  3.249805488667E+002  0.000000000000E+000  8.268066316840E-001
  5.607209466109E-001  5.111619895721E+000 -2.579464850438E+001  2.976162918742E+002  0.000000000000E+000  8.372482226814E-001
  5.680907021827E-001  4.929366812095E+000 -2.369631665386E+001  2.721886625683E+002  0.000000000000E+000  8.474421074798E-001
  5.755438304707E-001  4.760091795349E+000 -2.175688352295E+001  2.485852109942E+002  0.000000000000E+000  8.573707089522E-001
  5.830814203728E-001  4.602947259425E+000 -1.996683708611E+001  2.266985754424E+002  0.000000000000E+000  8.670186084396E-001
  5.907045797917E-001  4.457123193326E+000 -1.831708646784E+001  2.064263325398E+002  0.000000000000E+000  8.763727643809E-001
  5.984144360243E-001  4.321846287515E+000 -1.679895063573E+001  1.876708473042E+002  0.000000000000E+000  8.854226878973E-001
  6.062121361613E-001  4.196379046244E+000 -1.540414702485E+001  1.703391234596E+002  0.000000000000E+000  8.941605704114E-001
  6.140988474955E-001  4.080018887969E+000 -1.412478011798E+001  1.543426542968E+002  0.000000000000E+000  9.025813601865E-001
  6.220757579409E-001  3.972097235930E+000 -1.295333000512E+001  1.395972743459E+002  0.000000000000E+000  9.106827866167E-001
  6.301440764614E-001  3.871978600920E+000 -1.188264094493E+001  1.260230121149E+002  0.000000000000E+000  9.184653330572E-001
  6.383050335109E-001  3.779059658189E+000 -1.090590994944E+001  1.135439441303E+002  0.000000000000E+000  9.259321608444E-001
  6.465598814833E-001  3.692768320364E+000 -1.001667541266E+001  1.020880505035E+002  0.000000000000E+000  9.330889887998E-001
  6.549098951744E-001  3.612562808181E+000 -9.208805802133E+000  9.158707223149E+001  0.000000000000E+000  9.399439338641E-001
  6.633563722545E-001  3.537930720760E+000 -8.476488432128E+000  8.197637042223E+001  0.000000000000E+000  9.465073194991E-001
  6.719006337539E-001  3.468388107085E+000 -7.814218335439E+000  7.319478762612E+001  0.000000000000E+000  9.527914591106E-001
  6.805440245593E-001  3.403478540257E+000 -7.216787250186E+000  6.518451143583E+001  0.000000000000E+000  9.588104219718E-001
  6.892879139233E-001  3.342772196023E+000 -6.679272736725E+000  5.789094050571E+001  0.000000000000E+000  9.645797890028E-001
  6.981336959871E-001  3.285864937007E+000 -6.197027438843E+000  5.126255312680E+001  0.000000000000E+000  9.701164053371E-001
  7.070827903152E-001  3.232377403984E+000 -5.765668502369E+000  4.525077848111E+001  0.000000000000E+000  9.754381359302E-001
  7.161366424455E-001  3.181954115472E+000 -5.381067163318E+000  3.980987068500E+001  0.000000000000E+000  9.805636296253E-001
  7.252967244510E-001  3.134262576828E+000 -5.039338516725E+000  3.489678571954E+001  0.000000000000E+000  9.855120961417E-001
  7.345645355186E-001  3.088992399955E+000 -4.736831476330E+000  3.047106133315E+001  0.000000000000E+000  9.903030994647E-001
  7.439416025400E-001  3.045854434682E+000 -4.470118934334E+000  2.649469999019E+001  0.000000000000E+000  9.949563701455E-001
  7.534294807203E-001  3.004579912749E+000 -4.235988129529E+000  2.293205492775E+001  0.000000000000E+000  9.994916381075E-001
  7.630297542000E-001  2.964919605309E+000 -4.031431231166E+000  1.974971937188E+001  0.000000000000E+000  1.003928486738E+000
  7.727440366954E-001  2.926642994743E+000 -3.853636145103E+000  1.691641895441E+001  0.000000000000E+000  1.008286228339E+000
  7.825739721536E-001  2.889537461552E+000 -3.699977547835E+000  1.440290736086E+001  0.000000000000E+000  1.012583800419E+000
  7.925212354258E-001  2.853407486973E+000 -3.568008153280E+000  1.218186523112E+001  0.000000000000E+000  1.016839681874E+000
  8.025875329584E-001  2.818073871941E+000 -3.455450216292E+000  1.022780232477E+001  0.000000000000E+000  1.021071827723E+000
  8.127746035011E-001  2.783372972928E+000 -3.360187276190E+000  8.516962955106E+000  0.000000000000E+000  1.025297620870E+000
  8.230842188350E-001  2.749155955115E+000 -3.280256142771E+000  7.027234686875E+000  0.000000000000E+000  1.029533839211E+000
  8.335181845190E-001  2.715288063328E+000 -3.213839126632E+000  5.738060285926E+000  0.000000000000E+000  1.033796636330E+000
  8.440783406568E-001  2.681647911060E+000 -3.159256514884E+000  4.630352901104E+000  0.000000000000E+000  1.038101534063E+000
  8.547665626839E-001  2.648126787875E+000 -3.114959292729E+000  3.686414452300E+000  0.000000000000E+000  1.042463425241E+000
  8.655847621758E-001  2.614627985423E+000 -3.079522110735E+000  2.889857192140E+000  0.000000000000E+000  1.046896585028E+000
  8.765348876780E-001  2.581066142235E+000 -3.051636497051E+000  2.225528402913E+000  0.000000000000E+000  1.051414689373E+000
  8.876189255584E-001  2.547366607423E+000 -3.030104313273E+000  1.679438184958E+000  0.000000000000E+000  1.056030839249E+000
  8.988389008829E-001  2.513464823352E+000 -3.013831452105E+000  1.238690287629E+000  0.000000000000E+000  1.060757589481E+000
  9.101968783143E-001  2.479305727318E+000 -3.001821774514E+000  8.914159294392E-001  0.000000000000E+000  1.065606981100E+000
  9.216949630368E-001  2.444843172202E+000 -2.993171283585E+000  6.267105497326E-001  0.000000000000E+000  1.070590576305E+000
  9.333353017046E-001  2.410039366045E+000 -2.987062531869E+000  4.345734304495E-001  0.000000000000E+000  1.075719495257E+000
  9.451200834176E-001  2.374864330440E+000 -2.982759258621E+000  3.058501231334E-001  0.000000000000E+000  1.081004454042E+000
  9.570515407237E-001  2.339295377610E+000 -2.979601252957E+000  2.321776132763E-001  0.000000000000E+000  1.086455803231E+000
  9.691319506484E-001  2.303316605998E+000 -2.976999438628E+000  2.059321514037E-001  0.000000000000E+000  1.092083566621E+000
  9.813636357544E-001  2.266918414164E+000 -2.974431175825E+000  2.201796779761E-001  0.000000000000E+000  1.097897479764E+000
  9.937489652293E-001  2.230097032778E+000 -2.971435775124E+000  2.686287671701E-001  0.000000000000E+000  1.103907028024E+000
  1.006290356005E+000  2.192854074435E+000 -2.967610218484E+000  3.455860129271E-001  0.000000000000E+000  1.110121483937E+000
  1.018990273907E+000  2.155196101028E+000 -2.962605081975E+000  4.459137792964E-001  0.000000000000E+000  1.116549943726E+000
  1.031851234841E+000  2.117134208389E+000 -2.956120654740E+000  5.649902360425E-001  0.000000000000E+000  1.123201362855E+000
  1.044875806003E+000  2.078683627874E+000 -2.947903248553E+000  6.986715997074E-001  0.000000000000E+000  1.130084590576E+000
  1.058066607138E+000  2.039863344573E+000 -2.937741692214E+000  8.432564998346E-001  0.000000000000E+000  1.137208403418E+000
  1.071426311823E+000  2.000695731812E+000 -2.925464004906E+000  9.954523898411E-001  0.000000000000E+000  1.144581537642E+000
  1.084957648792E+000  1.961206201588E+000 -2.910934242619E+000  1.152343922049E+000  0.000000000000E+000  1.152212720662E+000
  1.098663403298E+000  1.921422870597E+000 -2.894049511651E+000  1.311363206679E+000  0.000000000000E+000  1.160110701491E+000
  1.112546418516E+000  1.881376241487E+000 -2.874737143222E+000  1.470261875113E+000  0.000000000000E+000  1.168284280268E+000
  1.126609596985E+000  1.841098898973E+000 -2.852952023223E+000  1.627084868470E+000  0.000000000000E+000  1.176742336918E+000
  1.140855902095E+000  1.800625220463E+000 -2.828674071165E+000  1.780145873488E+000  0.000000000000E+000  1.185493859049E+000
  1.155288359613E+000  1.759991100820E+000 -2.801905862438E+000  1.928004328850E+000  0.000000000000E+000  1.194547969149E+000
  1.169910059257E+000  1.719233690913E+000 -2.772670388053E+000  2.069443926411E+000  0.000000000000E+000  1.203913951188E+000
  1.184724156317E+000  1.678391149594E+000 -2.741008946162E+000  2.203452533307E+000  0.000000000000E+000  1.213601276702E+000
  1.199733873325E+000  1.637502408754E+000 -2.706979159724E+000  2.329203462580E+000  0.000000000000E+000  1.223619630480E+000
  1.214942501771E+000  1.596606951118E+000 -2.670653114827E+000  2.446038021757E+000  0.000000000000E+000  1.233978935922E+000
  1.230353403874E+000  1.555744600444E+000 -2.632115614313E+000  2.553449270807E+000  0.000000000000E+000  1.244689380199E+000
  1.245970014403E+000  1.514955323787E+000 -2.591462541499E+000  2.651066922923E+000  0.000000000000E+000  1.255761439285E+000
  1.261795842559E+000  1.474279045528E+000 -2.548799328952E+000  2.738643323786E+000  0.000000000000E+000  1.267205902981E+000
  1.277834473907E+000  1.433755472846E+000 -2.504239527443E+000  2.816040447232E+000  0.000000000000E+000  1.279033900033E+000
  1.294089572372E+000  1.393423932328E+000 -2.457903470379E+000  2.883217847578E+000  0.000000000000E+000  1.291256923424E+000
  1.310564882294E+000  1.353323217444E+000 -2.409917029205E+000  2.940221511295E+000  0.000000000000E+000  1.303886855974E+000
  1.327264230548E+000  1.313491446586E+000 -2.360410455451E+000  2.987173553163E+000  0.000000000000E+000  1.316935996316E+000
  1.344191528724E+000  1.273965931405E+000 -2.309517305271E+000  3.024262704535E+000  0.000000000000E+000  1.330417085384E+000
  1.361350775387E+000  1.234783055186E+000 -2.257373442542E+000  3.051735543870E+000  0.000000000000E+000  1.344343333493E+000
  1.378746058390E+000  1.195978160991E+000 -2.204116116741E+000  3.069888422181E+000  0.000000000000E+000  1.358728448126E+000
  1.396381557275E+000  1.157585449332E+000 -2.149883112041E+000  3.079060038580E+000  0.000000000000E+000  1.373586662544E+000
  1.414261545744E+000  1.119637885117E+000 -2.094811964216E+000  3.079624623556E+000  0.000000000000E+000  1.388932765315E+000
  1.432390394201E+000  1.082167113645E+000 -2.039039242134E+000  3.071985690100E+000  0.000000000000E+000  1.404782130886E+000
  1.450772572390E+000  1.045203385391E+000 -1.982699890791E+000  3.056570315125E+000  0.000000000000E+000  1.421150751311E+000
  1.469412652102E+000  1.008775489377E+000 -1.925926632976E+000  3.033823916029E+000  0.000000000000E+000  1.438055269255E+000
  1.488315309978E+000  9.729106948702E-001 -1.868849426845E+000  3.004205489436E+000  0.000000000000E+000  1.455513012395E+000
  1.507485330398E+000  9.376347012013E-001 -1.811594976780E+000  2.968183281352E+000  0.000000000000E+000  1.473542029367E+000
  1.526927608467E+000  9.029715954554E-001 -1.754286295079E+000  2.926230860044E+000  0.000000000000E+000  1.492161127361E+000
  1.546647153093E+000  8.689438178144E-001 -1.697042312120E+000  2.878823564902E+000  0.000000000000E+000  1.511389911539E+000
  1.566649090169E+000  8.355721343119E-001 -1.639977532752E+000  2.826435306428E+000  0.000000000000E+000  1.531248826405E+000
  1.586938665861E+000  8.028756167642E-001 -1.583201736789E+000  2.769535694222E+000  0.000000000000E+000  1.551759199289E+000
  1.607521250000E+000  7.708716296349E-001 -1.526819721527E+000  2.708587471491E+000  0.000000000000E+000  1.572943286114E+000
  1.628402339588E+000  7.395758235862E-001 -1.470931084329E+000  2.644044236086E+000  0.000000000000E+000  1.594824319607E+000
  1.649587562420E+000  7.090021354642E-001 -1.415630043345E+000  2.576348429499E+000  0.000000000000E+000  1.617426560161E+000
  1.671082680832E+000  6.791627944594E-001 -1.361005294528E+000  2.505929576488E+000  0.000000000000E+000  1.640775349518E+000
  1.692893595565E+000  6.500683341758E-001 -1.307139903119E+000  2.433202759181E+000  0.000000000000E+000  1.664897167496E+000
  1.715026349769E+000  6.217276103364E-001 -1.254111227844E+000  2.358567310539E+000  0.000000000000E+000  1.689819691987E+000
  1.737487133138E+000  5.941478238458E-001 -1.201990876071E+000  2.282405712981E+000  0.000000000000E+000  1.715571862431E+000
  1.760282286187E+000  5.673345489221E-001 -1.150844688220E+000  2.205082688822E+000  0.000000000000E+000  1.742183947062E+000
  1.783418304674E+000  5.412917660062E-001 -1.100732749716E+000  2.126944469891E+000  0.000000000000E+000  1.769687614146E+000
  1.806901844175E+000  5.160218991467E-001 -1.051709428819E+000  2.048318234355E+000  0.000000000000E+000  1.798116007534E+000
  1.830739724818E+000  4.915258575567E-001 -1.003823438638E+000  1.969511699324E+000  0.000000000000E+000  1.827503826818E+000
  1.854938936184E+000  4.678030810298E-001 -9.571179216808E-001  1.890812858312E+000  0.000000000000E+000  1.857887412411E+000
  1.879506642368E+000  4.448515889014E-001 -9.116305552756E-001  1.812489853067E+000  0.000000000000E+000  1.889304835925E+000
  1.904450187236E+000  4.226680322343E-001 -8.673936762161E-001  1.734790969643E+000  0.000000000000E+000  1.921795996193E+000
  1.929777099847E+000  4.012477489102E-001 -8.244344229917E-001  1.657944748932E+000  0.000000000000E+000  1.955402721362E+000
  1.955495100083E+000  3.805848213001E-001 -7.827748939693E-001  1.582160202168E+000  0.000000000000E+000  1.990168877472E+000
  1.981612104475E+000  3.606721361949E-001 -7.424323199092E-001  1.507627122184E+000  0.000000000000E+000  2.026140483994E+000
  2.008136232230E+000  3.415014466699E-001 -7.034192492139E-001  1.434516481465E+000  0.000000000000E+000  2.063365836826E+000
  2.035075811486E+000  3.230634355668E-001 -6.657437443254E-001  1.362980908250E+000  0.000000000000E+000  2.101895639273E+000
  2.062439385788E+000  3.053477802748E-001 -6.294095877154E-001  1.293155232223E+000  0.000000000000E+000  2.141783141601E+000
  2.090235720801E+000  2.883432185007E-001 -5.944164959376E-001  1.225157091512E+000  0.000000000000E+000  2.183084289770E+000
  2.118473811262E+000  2.720376147227E-001 -5.607603402487E-001  1.159087593005E+000  0.000000000000E+000  2.225857884034E+000
  2.147162888201E+000  2.564180270309E-001 -5.284333723438E-001  1.095032018208E+000  0.000000000000E+000  2.270165748105E+000
  2.176312426413E+000  2.414707740662E-001 -4.974244537953E-001  1.033060567163E+000  0.000000000000E+000  2.316072909683E+000
  2.205932152222E+000  2.271815017794E-001 -4.677192878371E-001  9.732291332090E-001  0.000000000000E+000  2.363647793164E+000
  2.236032051522E+000  2.135352497430E-001 -4.393006521896E-001  9.155801016620E-001  0.000000000000E+000  2.412962425458E+000
  2.266622378129E+000  2.005165167617E-001 -4.121486316817E-001  8.601431658283E-001  0.000000000000E+000  2.464092655878E+000
  2.297713662445E+000  1.881093255412E-001 -3.862408494912E-001  8.069361540670E-001  0.000000000000E+000  2.517118391172E+000
  2.329316720450E+000  1.762972861856E-001 -3.615526958934E-001  7.559658619888E-001  0.000000000000E+000  2.572123846840E+000
  2.361442663038E+000  1.650636583145E-001 -3.380575534815E-001  7.072288842338E-001  0.000000000000E+000  2.629197815982E+000
  2.394102905709E+000  1.543914116014E-001 -3.157270178953E-001  6.607124406478E-001  0.000000000000E+000  2.688433957045E+000
  2.427309178642E+000  1.442632845536E-001 -2.945311131774E-001  6.163951920690E-001  0.000000000000E+000  2.749931101912E+000
  2.461073537146E+000  1.346618413708E-001 -2.744385009521E-001  5.742480413322E-001  0.000000000000E+000  2.813793585970E+000
  2.495408372530E+000  1.255695267341E-001 -2.554166827070E-001  5.342349155045E-001  0.000000000000E+000  2.880131601874E+000
  2.530326423398E+000  1.169687183972E-001 -2.374321945384E-001  4.963135257730E-001  0.000000000000E+000  2.949061578935E+000
  2.565840787378E+000  1.088417774670E-001 -2.204507938039E-001  4.604361018129E-001  0.000000000000E+000  3.020706590205E+000
  2.601964933334E+000  1.011710962761E-001 -2.044376372103E-001  4.265500978752E-001  0.000000000000E+000  3.095196789556E+000
  2.638712714049E+000  9.393914377148E-002 -1.893574499419E-001  3.945988682277E-001  0.000000000000E+000  3.172669881248E+000
  2.676098379430E+000  8.712850835323E-002 -1.751746855178E-001  3.645223099849E-001  0.000000000000E+000  3.253271624764E+000
  2.714136590232E+000  8.072193811944E-002 -1.618536761415E-001  3.362574717392E-001  0.000000000000E+000  3.337156377916E+000
  2.752842432351E+000  7.470237848442E-002 -1.493587733818E-001  3.097391267802E-001  0.000000000000E+000  3.424487681597E+000
  2.792231431696E+000  6.905300715416E-002 -1.376544790949E-001  2.849003100428E-001  0.000000000000E+000  3.515438889875E+000
  2.832319569669E+000  6.375726645625E-002 -1.267055665643E-001  2.616728182648E-001  0.000000000000E+000  3.610193849504E+000
  2.873123299289E+000  5.879889303479E-002 -1.164771919005E-001  2.399876731497E-001  0.000000000000E+000  3.708947633418E+000
  2.914659561979E+000  5.416194493287E-002 -1.069349957989E-001  2.197755476334E-001  0.000000000000E+000  3.811907333239E+000
  2.956945805065E+000  4.983082609670E-002 -9.804519581043E-002  2.009671556246E-001  0.000000000000E+000  3.919292916407E+000
  3.000000000000E+000  4.579030834575E-002 -8.977466932804E-002  1.834936058420E-001  0.000000000000E+000  4.031338154199E+000
  3.043840661365E+000  4.202555086257E-002 -8.209102753436E-002  1.672867206001E-001  0.000000000000E+000  4.148291627602E+000
  3.088486866678E+000  3.852211726442E-002 -7.496268059761E-002  1.522793205919E-001  0.000000000000E+000  4.270417818849E+000
  3.133958277047E+000  3.526599032608E-002 -6.835889443315E-002  1.384054768975E-001  0.000000000000E+000  4.397998297358E+000
  3.180275158719E+000  3.224358442984E-002 -6.224983937762E-002  1.256007315935E-001  0.000000000000E+000  4.531333009852E+000
  3.227458405560E+000  2.944175582396E-002 -5.660663114478E-002  1.138022884608E-001  0.000000000000E+000  4.670741685660E+000
  3.275529562509E+000  2.684781077573E-002 -5.140136444996E-002  1.029491753895E-001  0.000000000000E+000  4.816565369544E+000
  3.324510850077E+000  2.444951170878E-002 -4.660713970314E-002  9.298238014703E-002  0.000000000000E+000  4.969168095963E+000
  3.374425189910E+000  2.223508141767E-002 -4.219808317877E-002  8.384496122965E-002  0.000000000000E+000  5.128938720413E+000
  3.425296231502E+000  2.019320545484E-002 -3.814936107524E-002  7.548213554020E-002  0.000000000000E+000  5.296292925524E+000
  3.477148380094E+000  1.831303278701E-002 -3.443718787708E-002  6.784134464308E-002  0.000000000000E+000  5.471675421830E+000
  3.530006825834E+000  1.658417481903E-002 -3.103882943071E-002  6.087230133317E-002  0.000000000000E+000  5.655562365761E+000
  3.583897574256E+000  1.499670288425E-002 -2.793260113853E-002  5.452701822630E-002  0.000000000000E+000  5.848464020333E+000
  3.638847478148E+000  1.354114430045E-002 -2.509786166874E-002  4.875982003387E-002  0.000000000000E+000  6.050927687408E+000
  3.694884270887E+000  1.220847709061E-002 -2.251500256785E-002  4.352734112850E-002  0.000000000000E+000  6.263540944224E+000
  3.752036601308E+000  1.099012346749E-002 -2.016543415189E-002  3.878850994025E-002  0.000000000000E+000  6.486935221302E+000
  3.810334070199E+000  9.877942180109E-003 -1.803156803932E-002  3.450452165004E-002  0.000000000000E+000  6.721789763867E+000
  3.869807268505E+000  8.864219819898E-003 -1.609679667557E-002  3.063880056685E-002  0.000000000000E+000  6.968836024629E+000
  3.930487817331E+000  7.941661183034E-003 -1.434547018533E-002  2.715695349367E-002  0.000000000000E+000  7.228862542384E+000
  3.992408409843E+000  7.103378784350E-003 -1.276287087436E-002  2.402671530297E-002  0.000000000000E+000  7.502720368376E+000
  4.055602855172E+000  6.342881616991E-003 -1.133518568886E-002  2.121788785945E-002  0.000000000000E+000  7.791329110982E+000
  4.120106124432E+000  5.654063250378E-003 -1.004947692624E-002  1.870227334594E-002  0.000000000000E+000  8.095683679183E+000
  4.185954398964E+000  5.031189357380E-003 -8.893651477420E-003  1.645360296958E-002  0.000000000000E+000  8.416861816556E+000
  4.253185120935E+000  4.468884759623E-003 -7.856428867181E-003  1.444746194968E-002  0.000000000000E+000  8.756032530536E+000
  4.321837046422E+000  3.962120077757E-003 -6.927308345742E-003  1.266121161738E-002  0.000000000000E+000  9.114465536626E+000
  4.391950301120E+000  3.506198071012E-003 -6.096535271594E-003  1.107390938947E-002  0.000000000000E+000  9.493541854318E+000
  4.463566438835E+000  3.096739747756E-003 -5.355067012453E-003  9.666227315946E-003  0.000000000000E+000  9.894765711227E+000
  4.536728502895E+000  2.729670325704E-003 -4.694538578221E-003  8.420369840871E-003  0.000000000000E+000  1.031977793457E+001
  4.611481090679E+000  2.401205117225E-003 -4.107228186721E-003  7.319991360765E-003  0.000000000000E+000  1.077037103519E+001
  4.687870421430E+000  2.107835411568E-003 -3.586022949777E-003  6.350114111735E-003  0.000000000000E+000  1.124850621945E+001
  4.765944407533E+000  1.846314421982E-003 -3.124384853868E-003  5.497046866590E-003  0.000000000000E+000  1.175633259881E+001
  4.845752729492E+000  1.613643361560E-003 -2.716317196043E-003  4.748304875343E-003  0.000000000000E+000  1.229620890707E+001
  4.927346914797E+000  1.407057707246E-003 -2.356331622062E-003  4.092531436504E-003  0.000000000000E+000  1.287072808141E+001
  5.010780420931E+000  1.224013706804E-003 -2.039415899857E-003  3.519421442130E-003  0.000000000000E+000  1.348274511662E+001
  5.096108722763E+000  1.062175178751E-003 -1.761002547381E-003  3.019647196483E-003  0.000000000000E+000  1.413540866409E+001
  5.183389404586E+000  9.194006502699E-004 -1.516938419951E-003  2.584786766355E-003  0.000000000000E+000  1.483219691842E+001
  5.272682257105E+000  7.937308730293E-004 -1.303455348133E-003  2.207255080491E-003  0.000000000000E+000  1.557695841805E+001
  5.364049379651E+000  6.833767517124E-004 -1.117141903442E-003  1.880237956441E-003  0.000000000000E+000  1.637395848232E+001
  5.457555287978E+000  5.867077148334E-004 -9.549163555433E-004  1.597629195478E-003  0.000000000000E+000  1.722793211994E+001
  5.553267027968E+000  5.022405522912E-004 -8.140008713861E-004  1.353970850429E-003  0.000000000000E+000  1.814414437388E+001
  5.651254295630E+000  4.286287389942E-004 -6.918969939596E-004  1.144396737320E-003  0.000000000000E+000  1.912845921899E+001
  5.751589563796E+000  3.646522588903E-004 -5.863624260838E-004  9.645792301462E-004  0.000000000000E+000  2.018741830534E+001
  5.854348215936E+000  3.092079388888E-004 -4.953891330093E-004  8.106793487008E-004  0.000000000000E+000  2.132833104413E+001
  5.959608687557E+000  2.613002974873E-004 -4.171827666004E-004  6.793001226466E-004  0.000000000000E+000  2.255937777165E+001
  6.067452615683E+000  2.200329084767E-004 -3.501434035855E-004  5.674431907109E-004  0.000000000000E+000  2.388972800170E+001
  6.177964996951E+000  1.846002759270E-004 -2.928475808103E-004  4.724685722010E-004  0.000000000000E+000  2.532967609718E+001
  6.291234354880E+000  1.542802127852E-004 -2.440316016467E-004  3.920575288112E-004  0.000000000000E+000  2.689079706043E+001
  6.407352916949E+000  1.284267119097E-004 -2.025760797382E-004  3.241784178838E-004  0.000000000000E+000  2.858612556783E+001
  6.526416802128E+000  1.064632952364E-004 -1.674916791232E-004  2.670554237547E-004  0.000000000000E+000  3.043036186382E+001
  6.648526219580E+000  8.787682407436E-005 -1.379060035110E-004  2.191400414471E-004  0.000000000000E+000  3.244010868902E+001
  6.773785679311E+000  7.221175129564E-005 -1.130515821302E-004  1.790851766542E-004  0.000000000000E+000  3.463414405535E+001
  6.902304215570E+000  5.906479442891E-005 -9.225489516956E-005  1.457217175948E-004  0.000000000000E+000  3.703373540305E+001
  7.034195623922E+000  4.808000742174E-005 -7.492637842752E-005  1.180374278723E-004  0.000000000000E+000  3.966300148677E+001
  7.169578712934E+000  3.894422809430E-005 -6.055134441369E-005  9.515800490272E-005  0.000000000000E+000  4.254932924431E+001
  7.308577571516E+000  3.138287806474E-005 -4.868175582257E-005  7.633014579570E-005  0.000000000000E+000  4.572385390461E+001
  7.451321853057E+000  2.515609215485E-005 -3.892878703559E-005  6.090646180423E-005  0.000000000000E+000  4.922201169096E+001
  7.597947077547E+000  2.005515494187E-005 -3.095611007039E-005  4.833208360383E-005  0.000000000000E+000  5.308417567060E+001
  7.748594953021E+000  1.589922314888E-005 -2.447384313497E-005  3.813280272310E-005  0.000000000000E+000  5.735638659226E+001
  7.903413717736E+000  1.253231388938E-005 -1.923310256767E-005  2.990459936614E-005  0.000000000000E+000  6.209119194687E+001
  8.062558504629E+000  9.820540314013E-006 -1.502110232563E-005  2.330441353748E-005  0.000000000000E+000  6.734860801150E+001
  8.226191729726E+000  7.649577858255E-006 -1.165674916965E-005  1.804202462229E-005  0.000000000000E+000  7.319722136469E+001
  8.394483506327E+000  5.922345962751E-006 -8.986686098868E-006  1.387291413945E-005  0.000000000000E+000  7.971544845564E+001
  8.567612086926E+000  4.556891742829E-006 -6.881741217844E-006  1.059199695646E-005  0.000000000000E+000  8.699297459594E+001
  8.745764335025E+000  3.484463538923E-006 -5.233743869813E-006  8.028117465444E-006  0.000000000000E+000  9.513239784293E+001
  8.929136229160E+000  2.647763519785E-006 -3.952674350951E-006  6.039218668198E-006  0.000000000000E+000  1.042511097724E+002
  9.117933401693E+000  1.999369489543E-006 -2.964117661109E-006  4.508103401349E-006  0.000000000000E+000  1.144834560225E+002
  9.312371715124E+000  1.500316745418E-006 -2.206995410939E-006  3.338717669266E-006  0.000000000000E+000  1.259832379217E+002
  9.512677878945E+000  1.118831246651E-006 -1.631553100390E-006  2.452895912267E-006  0.000000000000E+000  1.389266475889E+002
  9.719090110332E+000  8.292055119264E-007 -1.197582464818E-006  1.787516767254E-006  0.000000000000E+000  1.535157804428E+002
  9.931858842267E+000  6.108086074541E-007 -8.728604577914E-007  1.292025315219E-006  0.000000000000E+000  1.699829526382E+002
  1.015124748302E+001  4.472213815236E-007 -6.317877555921E-007  9.262838942666E-007  0.000000000000E+000  1.885961829208E+002
  1.037753323129E+001  3.254878136500E-007 -4.542105175512E-007  6.587183264525E-007  0.000000000000E+000  2.096664010494E+002
  1.061100795175E+001  2.354730494410E-007 -3.244096362072E-007  4.647299883721E-007  0.000000000000E+000  2.335572477609E+002
  1.085197911611E+001  1.693184532819E-007 -2.302419931504E-007  3.253467446205E-007  0.000000000000E+000  2.606987731545E+002
  1.110077081537E+001  1.209838860707E-007 -1.624184314393E-007  2.260875988468E-007  0.000000000000E+000  2.916069752966E+002
  1.135772484956E+001  8.586744484034E-008 -1.139033812080E-007  1.560172535640E-007  0.000000000000E+000  3.269120319199E+002
  1.162320190175E+001  6.049310675987E-008 -7.942142468786E-008  1.069678495292E-007  0.000000000000E+000  3.673994105169E+002
  1.189758280382E+001  4.225710393046E-008 -5.505662188957E-008  7.290618521391E-008  0.000000000000E+000  4.140700718557E+002
  1.218126990242E+001  2.922440204543E-008 -3.793116555355E-008  4.942585089811E-008  0.000000000000E+000  4.682292499410E+002
  1.247468853413E+001  1.996733557321E-008 -2.595088743439E-008  3.334504313055E-008  0.000000000000E+000  5.316188593837E+002
  1.277828862002E+001  1.343922546274E-008 -1.760626344019E-008  2.239238487610E-008  0.000000000000E+000  6.066185290169E+002
  1.309254639077E+001  8.876629347724E-009 -1.181880889339E-008  1.496484182172E-008  0.000000000000E+000  6.965587032541E+002
  1.341796625462E+001  5.724707075435E-009 -7.824053584370E-009  9.943732790816E-009  0.000000000000E+000  8.062245065137E+002
  1.375508282195E+001  3.580990118170E-009 -5.083575506839E-009  6.556795329194E-009  0.000000000000E+000  9.426982713766E+002
  1.410446310162E+001  2.153594704621E-009 -3.219796353280E-009  4.276193612255E-009  0.000000000000E+000  1.116826627798E+003
  1.446670888596E+001  1.230598062752E-009 -1.968359051632E-009  2.744161373337E-009  0.000000000000E+000  1.345865547556E+003
  1.484245934302E+001  6.578971710489E-010 -1.143892397414E-009  1.719594501644E-009  0.000000000000E+000  1.658266823180E+003
  1.523239383723E+001  3.233899645291E-010 -6.158110541829E-010  1.040308932192E-009  0.000000000000E+000  2.101187968449E+003
  1.563723500136E+001  1.457653510328E-010 -2.915053060904E-010  5.968485083396E-010  0.000000000000E+000  2.740452742352E+003
  1.605775208607E+001  6.656849736628E-011 -1.048575965673E-010  3.146757197666E-010  0.000000000000E+000  3.558640909018E+003
  1.649476461582E+001  4.452964704391E-011 -8.500253386182E-012  1.423319195904E-010  0.000000000000E+000  4.069027896540E+003
  1.694914638379E+001  5.141477453883E-011  3.138082677834E-011  4.374642748237E-011  0.000000000000E+000  3.878624826692E+003
  1.742182982203E+001  6.887922852899E-011  3.857272963041E-011 -6.660347849822E-012  0.000000000000E+000  3.518392828753E+003
  1.791381078784E+001  8.598400652923E-011  2.930937572879E-011 -2.706691111338E-011  0.000000000000E+000  3.267642422246E+003
  1.842615381215E+001  9.717052574407E-011  1.410298502885E-011 -3.022952319163E-011  0.000000000000E+000  3.137103886224E+003
  1.895999786176E+001  1.005862054632E-010 -8.157121771709E-013 -2.481603226290E-011  0.000000000000E+000  3.101184537384E+003
  1.951656267356E+001  9.671371671396E-011 -1.231278361582E-011 -1.638427325084E-011  0.000000000000E+000  3.142035303315E+003
  2.009715572669E+001  8.728708767824E-011 -1.936218290211E-011 -8.165233310700E-012  0.000000000000E+000  3.251300297083E+003
  2.070317992707E+001  7.448533421314E-011 -2.223534699857E-011 -1.723784953971E-012  0.000000000000E+000  3.427810683228E+003
  2.133614208874E+001  6.038719134937E-011 -2.186848909203E-011  2.481798617182E-012  0.000000000000E+000  3.676140836960E+003
  2.199766230782E+001  4.665695314600E-011 -1.940573119000E-011  4.643782086950E-012  0.000000000000E+000  4.006221525259E+003
  2.268948433818E+001  3.441818343617E-011 -1.590609087587E-011  5.258566189170E-012  0.000000000000E+000  4.433817058532E+003
  2.341348709294E+001  2.426380903227E-011 -1.219031019368E-011  4.889317607938E-012  0.000000000000E+000  4.981813040987E+003
  2.417169741362E+001  1.634997550918E-011 -8.794573429277E-012  4.026616587494E-012  0.000000000000E+000  5.682438133035E+003
  2.496630426925E+001  1.052684285907E-011 -5.994855691846E-012  3.027434940400E-012  0.000000000000E+000  6.580734531080E+003
  2.579967457140E+001  6.470312558588E-012 -3.868187124108E-012  2.108494994031E-012  0.000000000000E+000  7.739840270233E+003
  2.667437081864E+001  3.791699987887E-012 -2.364018332704E-012  1.370588907693E-012  0.000000000000E+000  9.249020936027E+003
  2.759317081651E+001  2.114886236213E-012 -1.367901639006E-012  8.347163488394E-013  0.000000000000E+000  1.123599182730E+004
  2.855908975674E+001  1.120423274135E-012 -7.485960517839E-013  4.770446127944E-013  0.000000000000E+000  1.388608153610E+004
  2.957540498378E+001  5.624112619573E-013 -3.868018259863E-013  2.558658618088E-013  0.000000000000E+000  0.000000000000E+000
  3.064568382919E+001  2.667302419165E-013 -1.882774899771E-013  1.286683967834E-013  0.000000000000E+000  0.000000000000E+000
  3.177381495601E+001  1.191339305717E-013 -8.609403807324E-014  6.055284308360E-014  0.000000000000E+000  0.000000000000E+000
  3.296404372807E+001  4.992992991176E-014 -3.686263250184E-014  2.659943070027E-014  0.000000000000E+000  0.000000000000E+000
  3.422101220608E+001  1.955570350229E-014 -1.472281680340E-014  1.087097930128E-014  0.000000000000E+000  0.000000000000E+000
  3.554980447538E+001  7.125058675478E-015 -5.461418978813E-015  4.117357114866E-015  0.000000000000E+000  0.000000000000E+000
  3.695599813319E+001  2.402662970768E-015 -1.872420583656E-015  1.438591475299E-015  0.000000000000E+000  0.000000000000E+000
  3.844572291106E+001  7.456298277530E-016 -5.900551120991E-016  4.612603776292E-016  0.000000000000E+000  0.000000000000E+000
  4.002572758518E+001  2.116108503309E-016 -1.698601537094E-016  1.349134691811E-016  0.000000000000E+000  0.000000000000E+000
  4.170345654134E+001  5.453640127752E-017 -4.436095555910E-017  3.575538629307E-017  0.000000000000E+000  0.000000000000E+000
  4.348713762001E+001  1.266406458512E-017 -1.042961821210E-017  8.521484952817E-018  0.000000000000E+000  0.000000000000E+000
  4.538588318162E+001  2.618066272319E-018 -2.179849336768E-018  1.802195915522E-018  0.000000000000E+000  0.000000000000E+000
  4.740980671574E+001  4.807930711522E-019 -4.197261943488E-019  3.533356339102E-019  0.000000000000E+000  0.000000000000E+000
  4.957015778746E+001  7.908022775349E-020 -6.439575934077E-020  4.732616675670E-020  0.000000000000E+000  0.000000000000E+000
  5.187947869225E+001  9.728880355372E-021 -8.259018475903E-021  1.121572787661E-020  0.000000000000E+000  0.000000000000E+000
  5.435178690397E+001  1.641950977365E-021 -1.257245113120E-021 -8.635074617130E-023  0.000000000000E+000  0.000000000000E+000
  5.700278828629E+001  2.070517135682E-023 -3.160437821365E-022  2.821254013049E-022  0.000000000000E+000  0.000000000000E+000
  5.985012714155E+001  2.744604327570E-023  0.000000000000E+000  0.000000000000E+000  0.000000000000E+000  0.000000000000E+000
  6.291368055481E+001  0.000000000000E+000  0.000000000000E+000  0.000000000000E+000  0.000000000000E+000  0.000000000000E+000
  6.621590623276E+001  0.000000000000E+000  0.000000000000E+000  0.000000000000E+000  0.000000000000E+000  0.000000000000E+000
  6.978225524452E+001  0.000000000000E+000  0.000000000000E+000  0.000000000000E+000  0.000000000000E+000  0.000000000000E+000
  7.364166388185E+001  0.000000000000E+000  0.000000000000E+000  0.000000000000E+000  0.000000000000E+000  0.000000000000E+000
  7.782714245929E+001  0.000000000000E+000  0.000000000000E+000  0.000000000000E+000  0.000000000000E+000  0.000000000000E+000
  8.237648351994E+001  0.000000000000E+000  0.000000000000E+000  0.000000000000E+000  0.000000000000E+000  0.000000000000E+000
  8.733311794502E+001  0.000000000000E+000  0.000000000000E+000  0.000000000000E+000  0.000000000000E+000  0.000000000000E+000
  9.274715535088E+001  0.000000000000E+000  0.000000000000E+000  0.000000000000E+000  0.000000000000E+000  0.000000000000E+000
  9.867665554529E+001  0.000000000000E+000  0.000000000000E+000  0.000000000000E+000  0.000000000000E+000  0.000000000000E+000
  1.051891916055E+002  0.000000000000E+000  0.000000000000E+000  0.000000000000E+000  0.000000000000E+000  0.000000000000E+000
  1.123637836013E+002  0.000000000000E+000  0.000000000000E+000  0.000000000000E+000  0.000000000000E+000  0.000000000000E+000
  1.202933069206E+002  0.000000000000E+000  0.000000000000E+000  0.000000000000E+000  0.000000000000E+000  0.000000000000E+000
  1.290875131414E+002  0.000000000000E+000  0.000000000000E+000  0.000000000000E+000  0.000000000000E+000  0.000000000000E+000
  1.388768482001E+002  0.000000000000E+000  0.000000000000E+000  0.000000000000E+000  0.000000000000E+000  0.000000000000E+000
  1.498173177370E+002  0.000000000000E+000  0.000000000000E+000  0.000000000000E+000  0.000000000000E+000  0.000000000000E+000
  1.620967411853E+002  0.000000000000E+000  0.000000000000E+000  0.000000000000E+000  0.000000000000E+000  0.000000000000E+000
  1.759428668168E+002  0.000000000000E+000  0.000000000000E+000  0.000000000000E+000  0.000000000000E+000  0.000000000000E+000
  1.916340085825E+002  0.000000000000E+000  0.000000000000E+000  0.000000000000E+000  0.000000000000E+000  0.000000000000E+000
  2.095131417987E+002  0.000000000000E+000  0.000000000000E+000  0.000000000000E+000  0.000000000000E+000  0.000000000000E+000
  2.300068054477E+002  0.000000000000E+000  0.000000000000E+000  0.000000000000E+000  0.000000000000E+000  0.000000000000E+000
  2.536507797910E+002  0.000000000000E+000  0.000000000000E+000  0.000000000000E+000  0.000000000000E+000  0.000000000000E+000
  2.811254638474E+002  0.000000000000E+000  0.000000000000E+000  0.000000000000E+000  0.000000000000E+000  0.000000000000E+000
  3.133053780630E+002  0.000000000000E+000  0.000000000000E+000  0.000000000000E+000  0.000000000000E+000  0.000000000000E+000
  3.513296254502E+002  0.000000000000E+000  0.000000000000E+000  0.000000000000E+000  0.000000000000E+000  0.000000000000E+000
  3.967041014107E+002  0.000000000000E+000  0.000000000000E+000  0.000000000000E+000  0.000000000000E+000  0.000000000000E+000
  4.514529193350E+002  0.000000000000E+000  0.000000000000E+000  0.000000000000E+000  0.000000000000E+000  0.000000000000E+000
  5.183481233601E+002  0.000000000000E+000  0.000000000000E+000  0.000000000000E+000  0.000000000000E+000  0.000000000000E+000
  6.012676077950E+002  0.000000000000E+000  0.000000000000E+000  0.000000000000E+000  0.000000000000E+000  0.000000000000E+000
  7.057700503752E+002  0.000000000000E+000  0.000000000000E+000  0.000000000000E+000  0.000000000000E+000  0.000000000000E+000
  8.400513767914E+002  0.000000000000E+000  0.000000000000E+000  0.000000000000E+000  0.000000000000E+000  0.000000000000E+000
  1.016602135495E+003  0.000000000000E+000  0.000000000000E+000  0.000000000000E+000  0.000000000000E+000  0.000000000000E+000
  1.255220715579E+003  0.000000000000E+000  0.000000000000E+000  0.000000000000E+000  0.000000000000E+000  0.000000000000E+000
  1.588815776243E+003  0.000000000000E+000  0.000000000000E+000  0.000000000000E+000  0.000000000000E+000  0.000000000000E+000
  2.075392011604E+003  0.000000000000E+000  0.000000000000E+000  0.000000000000E+000  0.000000000000E+000  0.000000000000E+000
  2.825079847528E+003  0.000000000000E+000  0.000000000000E+000  0.000000000000E+000  0.000000000000E+000  0.000000000000E+000
  4.068408296183E+003  0.000000000000E+000  0.000000000000E+000  0.000000000000E+000  0.000000000000E+000  0.000000000000E+000
  6.357262947672E+003  0.000000000000E+000  0.000000000000E+000  0.000000000000E+000  0.000000000000E+000  0.000000000000E+000
  1.130231930164E+004  0.000000000000E+000  0.000000000000E+000  0.000000000000E+000  0.000000000000E+000  0.000000000000E+000
  2.543105175136E+004  0.000000000000E+000  0.000000000000E+000  0.000000000000E+000  0.000000000000E+000  0.000000000000E+000
  1.017262069952E+005  0.000000000000E+000  0.000000000000E+000  0.000000000000E+000  0.000000000000E+000  0.000000000000E+000
