# 1st line: number of mesh points
# abcissa wavefunction wavefunction_1st wavefunction_2nd
500
# Principal QN=   1 , l=   1 , Occupation=   2.0000
  9.830308526563E-006  6.125951943371E-005  6.231525005173E+000 -3.530844914992E+001
  3.932200719722E-005  2.450224229166E-004  6.230483771772E+000 -3.530351619088E+001
  8.847741541467E-005  5.512417482871E-004  6.228748615079E+000 -3.529529529533E+001
  1.573003992805E-004  9.798392329094E-004  6.226319883556E+000 -3.528378751806E+001
  2.457963722418E-004  1.530705325135E-003  6.223198065052E+000 -3.526899433676E+001
  3.539722959954E-004  2.203699200360E-003  6.219383786802E+000 -3.525091765300E+001
  4.818366816529E-004  2.998648781698E-003  6.214877815430E+000 -3.522955979350E+001
  6.293995911626E-004  3.915350765285E-003  6.209681056944E+000 -3.520492351166E+001
  7.966726389935E-004  4.953570650242E-003  6.203794556741E+000 -3.517701198939E+001
  9.836689940782E-004  6.113042773320E-003  6.197219499604E+000 -3.514582883919E+001
  1.190403382016E-003  7.393470348261E-003  6.189957209698E+000 -3.511137810651E+001
  1.416892087541E-003  8.794525509909E-003  6.182009150569E+000 -3.507366427234E+001
  1.663152957245E-003  1.031584936312E-002  6.173376925135E+000 -3.503269225613E+001
  1.929205402573E-003  1.195705203648E-002  6.164062275678E+000 -3.498846741889E+001
  2.215070403073E-003  1.371771274096E-002  6.154067083837E+000 -3.494099556658E+001
  2.520770509919E-003  1.559737983345E-002  6.143393370583E+000 -3.489028295377E+001
  2.846329849692E-003  1.759557088530E-002  6.132043296211E+000 -3.483633628746E+001
  3.191774128432E-003  1.971177275593E-002  6.120019160307E+000 -3.477916273122E+001
  3.557130635959E-003  2.194544167154E-002  6.107323401722E+000 -3.471876990950E+001
  3.942428250463E-003  2.429600330898E-002  6.093958598536E+000 -3.465516591219E+001
  4.347697443358E-003  2.676285288489E-002  6.079927468011E+000 -3.458835929934E+001
  4.772970284417E-003  2.934535525019E-002  6.065232866547E+000 -3.451835910618E+001
  5.218280447175E-003  3.204284498988E-002  6.049877789614E+000 -3.444517484823E+001
  5.683663214611E-003  3.485462652842E-002  6.033865371688E+000 -3.436881652665E+001
  6.169155485101E-003  3.777997424064E-002  6.017198886166E+000 -3.428929463378E+001
  6.674795778653E-003  4.081813256825E-002  5.999881745281E+000 -3.420662015882E+001
  7.200624243425E-003  4.396831614212E-002  5.981917499990E+000 -3.412080459365E+001
  7.746682662519E-003  4.722970991045E-002  5.963309839861E+000 -3.403185993885E+001
  8.313014461060E-003  5.060146927275E-002  5.944062592937E+000 -3.393979870983E+001
  8.899664713569E-003  5.408272021994E-002  5.924179725590E+000 -3.384463394306E+001
  9.506680151615E-003  5.767255948049E-002  5.903665342355E+000 -3.374637920245E+001
  1.013410917176E-002  6.137005467284E-002  5.882523685742E+000 -3.364504858585E+001
  1.078200184380E-002  6.517424446412E-002  5.860759136040E+000 -3.354065673155E+001
  1.145040991929E-002  6.908413873527E-002  5.838376211085E+000 -3.343321882499E+001
  1.213938684040E-002  7.309871875276E-002  5.815379566023E+000 -3.332275060539E+001
  1.284898774901E-002  7.721693734689E-002  5.791773993032E+000 -3.320926837258E+001
  1.357926949620E-002  8.143771909690E-002  5.767564421034E+000 -3.309278899375E+001
  1.433029065191E-002  8.575996052287E-002  5.742755915377E+000 -3.297332991026E+001
  1.510211151509E-002  9.018253028465E-002  5.717353677482E+000 -3.285090914452E+001
  1.589479412397E-002  9.470426938790E-002  5.691363044474E+000 -3.272554530676E+001
  1.670840226680E-002  9.932399139725E-002  5.664789488774E+000 -3.259725760190E+001
  1.754300149280E-002  1.040404826568E-001  5.637638617661E+000 -3.246606583625E+001
  1.839865912351E-002  1.088525025182E-001  5.609916172805E+000 -3.233199042433E+001
  1.927544426443E-002  1.137587835760E-001  5.581628029762E+000 -3.219505239546E+001
  2.017342781695E-002  1.187580319106E-001  5.552780197432E+000 -3.205527340037E+001
  2.109268249069E-002  1.238489273398E-001  5.523378817486E+000 -3.191267571772E+001
  2.203328281612E-002  1.290301236768E-001  5.493430163745E+000 -3.176728226043E+001
  2.299530515754E-002  1.343002489975E-001  5.462940641526E+000 -3.161911658199E+001
  2.397882772639E-002  1.396579059150E-001  5.431916786946E+000 -3.146820288254E+001
  2.498393059493E-002  1.451016718632E-001  5.400365266174E+000 -3.131456601481E+001
  2.601069571024E-002  1.506300993874E-001  5.368292874651E+000 -3.115823148993E+001
  2.705920690860E-002  1.562417164450E-001  5.335706536252E+000 -3.099922548299E+001
  2.812954993023E-002  1.619350267128E-001  5.302613302408E+000 -3.083757483844E+001
  2.922181243436E-002  1.677085099049E-001  5.269020351174E+000 -3.067330707519E+001
  3.033608401473E-002  1.735606220978E-001  5.234934986250E+000 -3.050645039154E+001
  3.147245621542E-002  1.794897960648E-001  5.200364635942E+000 -3.033703366984E+001
  3.263102254705E-002  1.854944416197E-001  5.165316852081E+000 -3.016508648080E+001
  3.381187850339E-002  1.915729459685E-001  5.129799308872E+000 -2.999063908761E+001
  3.501512157837E-002  1.977236740716E-001  5.093819801702E+000 -2.981372244965E+001
  3.624085128345E-002  2.039449690137E-001  5.057386245875E+000 -2.963436822594E+001
  3.748916916538E-002  2.102351523836E-001  5.020506675297E+000 -2.945260877820E+001
  3.876017882444E-002  2.165925246635E-001  4.983189241097E+000 -2.926847717354E+001
  4.005398593302E-002  2.230153656269E-001  4.945442210183E+000 -2.908200718682E+001
  4.137069825459E-002  2.295019347469E-001  4.907273963738E+000 -2.889323330258E+001
  4.271042566323E-002  2.360504716129E-001  4.868692995648E+000 -2.870219071648E+001
  4.407328016341E-002  2.426591963576E-001  4.829707910865E+000 -2.850891533645E+001
  4.545937591035E-002  2.493263100929E-001  4.790327423703E+000 -2.831344378330E+001
  4.686882923075E-002  2.560499953563E-001  4.750560356062E+000 -2.811581339084E+001
  4.830175864396E-002  2.628284165655E-001  4.710415635587E+000 -2.791606220558E+001
  4.975828488365E-002  2.696597204839E-001  4.669902293748E+000 -2.771422898589E+001
  5.123853091993E-002  2.765420366953E-001  4.629029463858E+000 -2.751035320067E+001
  5.274262198188E-002  2.834734780877E-001  4.587806379008E+000 -2.730447502748E+001
  5.427068558066E-002  2.904521413473E-001  4.546242369936E+000 -2.709663535007E+001
  5.582285153302E-002  2.974761074622E-001  4.504346862813E+000 -2.688687575545E+001
  5.739925198530E-002  3.045434422349E-001  4.462129376959E+000 -2.667523853030E+001
  5.900002143803E-002  3.116521968052E-001  4.419599522481E+000 -2.646176665679E+001
  6.062529677088E-002  3.188004081822E-001  4.376766997831E+000 -2.624650380786E+001
  6.227521726827E-002  3.259860997856E-001  4.333641587288E+000 -2.602949434181E+001
  6.394992464542E-002  3.332072819965E-001  4.290233158364E+000 -2.581078329630E+001
  6.564956307496E-002  3.404619527176E-001  4.246551659123E+000 -2.559041638164E+001
  6.737427921404E-002  3.477480979426E-001  4.202607115428E+000 -2.536843997353E+001
  6.912422223211E-002  3.550636923345E-001  4.158409628105E+000 -2.514490110502E+001
  7.089954383907E-002  3.624066998130E-001  4.113969370027E+000 -2.491984745785E+001
  7.270039831418E-002  3.697750741509E-001  4.069296583118E+000 -2.469332735308E+001
  7.452694253540E-002  3.771667595790E-001  4.024401575276E+000 -2.446538974102E+001
  7.637933600943E-002  3.845796914000E-001  3.979294717215E+000 -2.423608419043E+001
  7.825774090225E-002  3.920117966103E-001  3.933986439232E+000 -2.400546087701E+001
  8.016232207035E-002  3.994609945304E-001  3.888487227883E+000 -2.377357057120E+001
  8.209324709253E-002  4.069251974433E-001  3.842807622593E+000 -2.354046462516E+001
  8.405068630235E-002  4.144023112411E-001  3.796958212176E+000 -2.330619495908E+001
  8.603481282122E-002  4.218902360785E-001  3.750949631279E+000 -2.307081404669E+001
  8.804580259214E-002  4.293868670343E-001  3.704792556752E+000 -2.283437490004E+001
  9.008383441408E-002  4.368900947804E-001  3.658497703938E+000 -2.259693105353E+001
  9.214908997710E-002  4.443978062569E-001  3.612075822885E+000 -2.235853654715E+001
  9.424175389809E-002  4.519078853543E-001  3.565537694484E+000 -2.211924590896E+001
  9.636201375725E-002  4.594182136025E-001  3.518894126532E+000 -2.187911413684E+001
  9.851006013526E-002  4.669266708651E-001  3.472155949729E+000 -2.163819667939E+001
  1.006860866512E-001  4.744311360402E-001  3.425334013589E+000 -2.139654941615E+001
  1.028902900012E-001  4.819294877660E-001  3.378439182297E+000 -2.115422863701E+001
  1.051228699979E-001  4.894196051320E-001  3.331482330486E+000 -2.091129102085E+001
  1.073840296104E-001  4.968993683947E-001  3.284474338954E+000 -2.066779361346E+001
  1.096739750056E-001  5.043666596979E-001  3.237426090312E+000 -2.042379380462E+001
  1.119929155896E-001  5.118193637966E-001  3.190348464575E+000 -2.017934930453E+001
  1.143410640503E-001  5.192553687848E-001  3.143252334689E+000 -1.993451811945E+001
  1.167186364011E-001  5.266725668263E-001  3.096148561997E+000 -1.968935852655E+001
  1.191258520249E-001  5.340688548883E-001  3.049047991658E+000 -1.944392904814E+001
  1.215629337189E-001  5.414421354774E-001  3.001961448009E+000 -1.919828842511E+001
  1.240301077413E-001  5.487903173768E-001  2.954899729872E+000 -1.895249558967E+001
  1.265276038575E-001  5.561113163858E-001  2.907873605823E+000 -1.870660963740E+001
  1.290556553882E-001  5.634030560595E-001  2.860893809414E+000 -1.846068979867E+001
  1.316144992580E-001  5.706634684485E-001  2.813971034350E+000 -1.821479540931E+001
  1.342043760450E-001  5.778904948394E-001  2.767115929638E+000 -1.796898588071E+001
  1.368255300316E-001  5.850820864939E-001  2.720339094691E+000 -1.772332066921E+001
  1.394782092560E-001  5.922362053865E-001  2.673651074413E+000 -1.747785924501E+001
  1.421626655646E-001  5.993508249410E-001  2.627062354250E+000 -1.723266106032E+001
  1.448791546661E-001  6.064239307639E-001  2.580583355226E+000 -1.698778551709E+001
  1.476279361856E-001  6.134535213753E-001  2.534224428955E+000 -1.674329193412E+001
  1.504092737207E-001  6.204376089359E-001  2.487995852642E+000 -1.649923951365E+001
  1.532234348983E-001  6.273742199702E-001  2.441907824076E+000 -1.625568730751E+001
  1.560706914324E-001  6.342613960842E-001  2.395970456618E+000 -1.601269418273E+001
  1.589513191834E-001  6.410971946786E-001  2.350193774187E+000 -1.577031878678E+001
  1.618655982178E-001  6.478796896550E-001  2.304587706255E+000 -1.552861951233E+001
  1.648138128702E-001  6.546069721162E-001  2.259162082850E+000 -1.528765446176E+001
  1.677962518056E-001  6.612771510583E-001  2.213926629572E+000 -1.504748141116E+001
  1.708132080832E-001  6.678883540556E-001  2.168890962636E+000 -1.480815777414E+001
  1.738649792215E-001  6.744387279360E-001  2.124064583931E+000 -1.456974056537E+001
  1.769518672648E-001  6.809264394481E-001  2.079456876125E+000 -1.433228636380E+001
  1.800741788507E-001  6.873496759169E-001  2.035077097790E+000 -1.409585127575E+001
  1.832322252791E-001  6.937066458903E-001  1.990934378582E+000 -1.386049089786E+001
  1.864263225826E-001  6.999955797728E-001  1.947037714465E+000 -1.362626027983E+001
  1.896567915983E-001  7.062147304483E-001  1.903395962991E+000 -1.339321388722E+001
  1.929239580409E-001  7.123623738894E-001  1.860017838639E+000 -1.316140556409E+001
  1.962281525771E-001  7.184368097538E-001  1.816911908222E+000 -1.293088849574E+001
  1.995697109023E-001  7.244363619662E-001  1.774086586364E+000 -1.270171517146E+001
  2.029489738173E-001  7.303593792861E-001  1.731550131061E+000 -1.247393734744E+001
  2.063662873085E-001  7.362042358593E-001  1.689310639322E+000 -1.224760600979E+001
  2.098220026275E-001  7.419693317543E-001  1.647376042904E+000 -1.202277133777E+001
  2.133164763746E-001  7.476530934814E-001  1.605754104149E+000 -1.179948266731E+001
  2.168500705817E-001  7.532539744947E-001  1.564452411915E+000 -1.157778845476E+001
  2.204231527988E-001  7.587704556760E-001  1.523478377629E+000 -1.135773624111E+001
  2.240360961807E-001  7.642010458006E-001  1.482839231449E+000 -1.113937261648E+001
  2.276892795770E-001  7.695442819835E-001  1.442542018556E+000 -1.092274318524E+001
  2.313830876220E-001  7.747987301060E-001  1.402593595571E+000 -1.070789253146E+001
  2.351179108282E-001  7.799629852225E-001  1.363000627111E+000 -1.049486418508E+001
  2.388941456809E-001  7.850356719455E-001  1.323769582488E+000 -1.028370058867E+001
  2.427121947345E-001  7.900154448106E-001  1.284906732556E+000 -1.007444306479E+001
  2.465724667110E-001  7.949009886188E-001  1.246418146711E+000 -9.867131784223E+000
  2.504753766009E-001  7.996910187568E-001  1.208309690060E+000 -9.661805734883E+000
  2.544213457654E-001  8.043842814947E-001  1.170587020747E+000 -9.458502691644E+000
  2.584108020414E-001  8.089795542606E-001  1.133255587461E+000 -9.257259187052E+000
  2.624441798480E-001  8.134756458920E-001  1.096320627120E+000 -9.058110482997E+000
  2.665219202956E-001  8.178713968627E-001  1.059787162738E+000 -8.861090543410E+000
  2.706444712976E-001  8.221656794866E-001  1.023660001483E+000 -8.666232008033E+000
  2.748122876832E-001  8.263573980967E-001  9.879437329341E-001 -8.473566167318E+000
  2.790258313137E-001  8.304454891990E-001  9.526427275339E-001 -8.283122938511E+000
  2.832855712010E-001  8.344289216030E-001  9.177611352509E-001 -8.094930842976E+000
  2.875919836279E-001  8.383066965262E-001  8.833028844499E-001 -7.909016984808E+000
  2.919455522717E-001  8.420778476740E-001  8.492716809768E-001 -7.725407030795E+000
  2.963467683296E-001  8.457414412949E-001  8.156710074639E-001 -7.544125191774E+000
  3.007961306479E-001  8.492965762102E-001  7.825041228566E-001 -7.365194205432E+000
  3.052941458522E-001  8.527423838195E-001  7.497740621667E-001 -7.188635320608E+000
  3.098413284823E-001  8.560780280805E-001  7.174836364559E-001 -7.014468283134E+000
  3.144382011281E-001  8.593027054651E-001  6.856354330513E-001 -6.842711323263E+000
  3.190852945695E-001  8.624156448905E-001  6.542318159959E-001 -6.673381144738E+000
  3.237831479192E-001  8.654161076261E-001  6.232749267369E-001 -6.506492915531E+000
  3.285323087679E-001  8.683033871777E-001  5.927666850528E-001 -6.342060260297E+000
  3.333333333333E-001  8.710768091463E-001  5.627087902216E-001 -6.180095254589E+000
  3.381867866117E-001  8.737357310664E-001  5.331027224299E-001 -6.020608420854E+000
  3.430932425333E-001  8.762795422201E-001  5.039497444248E-001 -5.863608726263E+000
  3.480532841203E-001  8.787076634301E-001  4.752509034075E-001 -5.709103582380E+000
  3.530675036492E-001  8.810195468319E-001  4.470070331694E-001 -5.557098846729E+000
  3.581365028158E-001  8.832146756250E-001  4.192187564691E-001 -5.407598826258E+000
  3.632608929041E-001  8.852925638049E-001  3.918864876486E-001 -5.260606282731E+000
  3.684412949588E-001  8.872527558763E-001  3.650104354878E-001 -5.116122440071E+000
  3.736783399619E-001  8.890948265483E-001  3.385906062948E-001 -4.974146993661E+000
  3.789726690123E-001  8.908183804130E-001  3.126268072279E-001 -4.834678121626E+000
  3.843249335105E-001  8.924230516085E-001  2.871186498472E-001 -4.697712498083E+000
  3.897357953460E-001  8.939085034666E-001  2.620655538911E-001 -4.563245308392E+000
  3.952059270903E-001  8.952744281479E-001  2.374667512730E-001 -4.431270266382E+000
  4.007360121927E-001  8.965205462643E-001  2.133212902934E-001 -4.301779633565E+000
  4.063267451812E-001  8.976466064907E-001  1.896280400611E-001 -4.174764240320E+000
  4.119788318683E-001  8.986523851669E-001  1.663856951180E-001 -4.050213509041E+000
  4.176929895600E-001  8.995376858924E-001  1.435927802593E-001 -3.928115479230E+000
  4.234699472710E-001  9.003023391139E-001  1.212476555422E-001 -3.808456834515E+000
  4.293104459435E-001  9.009462017079E-001  9.934852147589E-002 -3.691222931563E+000
  4.352152386716E-001  9.014691565605E-001  7.789342438188E-002 -3.576397830860E+000
  4.411850909306E-001  9.018711121450E-001  5.688026191728E-002 -3.463964329334E+000
  4.472207808110E-001  9.021520020998E-001  3.630678875027E-002 -3.353903994752E+000
  4.533230992589E-001  9.023117848084E-001  1.617062237720E-002 -3.246197201888E+000
  4.594928503202E-001  9.023504429826E-001 -3.530750929470E-003 -3.140823170368E+000
  4.657308513924E-001  9.022679832512E-001 -2.279997005424E-002 -3.037760004175E+000
  4.720379334802E-001  9.020644357567E-001 -4.163979286480E-002 -2.936984732730E+000
  4.784149414579E-001  9.017398537606E-001 -6.005308994410E-002 -2.838473353503E+000
  4.848627343381E-001  9.012943132601E-001 -7.804283824150E-002 -2.742200876060E+000
  4.913821855461E-001  9.007279126182E-001 -9.561211465680E-002 -2.648141367512E+000
  4.979741832006E-001  9.000407722087E-001 -1.127640895712E-001 -2.556267999238E+000
  5.046396304008E-001  8.992330340782E-001 -1.295020203401E-001 -2.466553094847E+000
  5.113794455212E-001  8.983048616278E-001 -1.458292447623E-001 -2.378968179258E+000
  5.181945625116E-001  8.972564393147E-001 -1.617491745414E-001 -2.293484028813E+000
  5.250859312060E-001  8.960879723781E-001 -1.772652887555E-001 -2.210070722347E+000
  5.320545176366E-001  8.947996865887E-001 -1.923811273501E-001 -2.128697693079E+000
  5.391013043575E-001  8.933918280262E-001 -2.071002846721E-001 -2.049333781254E+000
  5.462272907741E-001  8.918646628846E-001 -2.214264030604E-001 -1.971947287401E+000
  5.534334934816E-001  8.902184773083E-001 -2.353631665100E-001 -1.896506026113E+000
  5.607209466109E-001  8.884535772607E-001 -2.489142944270E-001 -1.822977380225E+000
  5.680907021827E-001  8.865702884259E-001 -2.620835354912E-001 -1.751328355270E+000
  5.755438304707E-001  8.845689561469E-001 -2.748746616433E-001 -1.681525634100E+000
  5.830814203728E-001  8.824499454006E-001 -2.872914622133E-001 -1.613535631536E+000
  5.907045797917E-001  8.802136408108E-001 -2.993377382088E-001 -1.547324548934E+000
  5.984144360243E-001  8.778604467021E-001 -3.110172967770E-001 -1.482858428528E+000
  6.062121361613E-001  8.753907871940E-001 -3.223339458602E-001 -1.420103207426E+000
  6.140988474955E-001  8.728051063378E-001 -3.332914890587E-001 -1.359024771121E+000
  6.220757579409E-001  8.701038682967E-001 -3.438937207191E-001 -1.299589006402E+000
  6.301440764614E-001  8.672875575699E-001 -3.541444212616E-001 -1.241761853508E+000
  6.383050335109E-001  8.643566792616E-001 -3.640473527634E-001 -1.185509357413E+000
  6.465598814833E-001  8.613117593952E-001 -3.736062548117E-001 -1.130797718103E+000
  6.549098951744E-001  8.581533452734E-001 -3.828248406407E-001 -1.077593339708E+000
  6.633563722545E-001  8.548820058844E-001 -3.917067935662E-001 -1.025862878368E+000
  6.719006337539E-001  8.514983323535E-001 -4.002557637298E-001 -9.755732887074E-001
  6.805440245593E-001  8.480029384410E-001 -4.084753651656E-001 -9.266918687762E-001
  6.892879139233E-001  8.443964610854E-001 -4.163691731996E-001 -8.791863033533E-001
  6.981336959871E-001  8.406795609909E-001 -4.239407221917E-001 -8.330247054818E-001
  7.070827903152E-001  8.368529232594E-001 -4.311935036297E-001 -7.881756561247E-001
  7.161366424455E-001  8.329172580650E-001 -4.381309645837E-001 -7.446082418273E-001
  7.252967244510E-001  8.288733013708E-001 -4.447565065263E-001 -7.022920902819E-001
  7.345645355186E-001  8.247218156845E-001 -4.510734845252E-001 -6.611974036921E-001
  7.439416025400E-001  8.204635908540E-001 -4.570852068125E-001 -6.212949898420E-001
  7.534294807203E-001  8.160994448978E-001 -4.627949347327E-001 -5.825562907816E-001
  7.630297542000E-001  8.116302248705E-001 -4.682058830719E-001 -5.449534090453E-001
  7.727440366954E-001  8.070568077596E-001 -4.733212207681E-001 -5.084591313301E-001
  7.825739721536E-001  8.023801014104E-001 -4.781440719999E-001 -4.730469495661E-001
  7.925212354258E-001  7.976010454780E-001 -4.826775176530E-001 -4.386910793198E-001
  8.025875329584E-001  7.927206124003E-001 -4.869245971578E-001 -4.053664754817E-001
  8.127746035011E-001  7.877398083911E-001 -4.908883106929E-001 -3.730488451970E-001
  8.230842188350E-001  7.826596744479E-001 -4.945716217468E-001 -3.417146580069E-001
  8.335181845190E-001  7.774812873704E-001 -4.979774600277E-001 -3.113411531819E-001
  8.440783406568E-001  7.722057607872E-001 -5.011087247111E-001 -2.819063442319E-001
  8.547665626839E-001  7.668342461833E-001 -5.039682880116E-001 -2.533890205966E-001
  8.655847621758E-001  7.613679339265E-001 -5.065589990655E-001 -2.257687465229E-001
  8.765348876780E-001  7.558080542859E-001 -5.088836881062E-001 -1.990258571518E-001
  8.876189255584E-001  7.501558784386E-001 -5.109451709167E-001 -1.731414518465E-001
  8.988389008829E-001  7.444127194584E-001 -5.127462535387E-001 -1.480973848049E-001
  9.101968783143E-001  7.385799332812E-001 -5.142897372174E-001 -1.238762530101E-001
  9.216949630368E-001  7.326589196424E-001 -5.155784235592E-001 -1.004613815866E-001
  9.333353017046E-001  7.266511229793E-001 -5.166151198788E-001 -7.783680663709E-002
  9.451200834176E-001  7.205580332931E-001 -5.174026447110E-001 -5.598725564862E-002
  9.570515407237E-001  7.143811869651E-001 -5.179438334579E-001 -3.489812556806E-002
  9.691319506484E-001  7.081221675203E-001 -5.182415441465E-001 -1.455545865539E-002
  9.813636357544E-001  7.017826063326E-001 -5.182986632654E-001  5.054083764133E-003
  9.937489652293E-001  6.953641832658E-001 -5.181181116514E-001  2.394324951876E-002
  1.006290356005E+000  6.888686272442E-001 -5.177028503948E-001  4.212422563989E-002
  1.018990273907E+000  6.822977167460E-001 -5.170558867301E-001  5.960867009308E-002
  1.031851234841E+000  6.756532802153E-001 -5.161802798819E-001  7.640774503255E-002
  1.044875806003E+000  6.689371963851E-001 -5.150791468299E-001  9.253215141279E-002
  1.058066607138E+000  6.621513945065E-001 -5.137556679622E-001  1.079921647839E-001
  1.071426311823E+000  6.552978544781E-001 -5.122130925805E-001  1.227976720899E-001
  1.084957648792E+000  6.483786068716E-001 -5.104547442253E-001  1.369582092845E-001
  1.098663403298E+000  6.413957328454E-001 -5.084840257861E-001  1.504829995722E-001
  1.112546418516E+000  6.343513639457E-001 -5.063044243637E-001  1.633809920791E-001
  1.126609596985E+000  6.272476817867E-001 -5.039195158514E-001  1.756609007550E-001
  1.140855902095E+000  6.200869176076E-001 -5.013329692023E-001  1.873312433062E-001
  1.155288359613E+000  6.128713517030E-001 -4.985485503524E-001  1.984003799542E-001
  1.169910059257E+000  6.056033127217E-001 -4.955701257678E-001  2.088765518205E-001
  1.184724156317E+000  5.982851768325E-001 -4.924016655871E-001  2.187679187344E-001
  1.199733873325E+000  5.909193667534E-001 -4.890472463316E-001  2.280825962632E-001
  1.214942501771E+000  5.835083506432E-001 -4.855110531574E-001  2.368286917698E-001
  1.230353403874E+000  5.760546408535E-001 -4.817973816243E-001  2.450143393050E-001
  1.245970014403E+000  5.685607925399E-001 -4.779106389593E-001  2.526477331461E-001
  1.261795842559E+000  5.610294021331E-001 -4.738553447958E-001  2.597371598032E-001
  1.277834473907E+000  5.534631056696E-001 -4.696361313693E-001  2.662910283206E-001
  1.294089572372E+000  5.458645769831E-001 -4.652577431556E-001  2.723178987075E-001
  1.310564882294E+000  5.382365257580E-001 -4.607250359379E-001  2.778265083465E-001
  1.327264230548E+000  5.305816954479E-001 -4.560429752949E-001  2.828257962357E-001
  1.344191528724E+000  5.229028610616E-001 -4.512166345009E-001  2.873249249330E-001
  1.361350775387E+000  5.152028268202E-001 -4.462511918371E-001  2.913333000862E-001
  1.378746058390E+000  5.074844236902E-001 -4.411519273110E-001  2.948605874427E-001
  1.396381557275E+000  4.997505067971E-001 -4.359242187892E-001  2.979167272502E-001
  1.414261545744E+000  4.920039527254E-001 -4.305735375484E-001  3.005119459740E-001
  1.432390394201E+000  4.842476567113E-001 -4.251054432547E-001  3.026567652723E-001
  1.450772572390E+000  4.764845297360E-001 -4.195255783842E-001  3.043620081870E-001
  1.469412652102E+000  4.687174955255E-001 -4.138396621024E-001  3.056388025270E-001
  1.488315309978E+000  4.609494874673E-001 -4.080534836201E-001  3.064985814346E-001
  1.507485330398E+000  4.531834454514E-001 -4.021728950517E-001  3.069530811455E-001
  1.526927608467E+000  4.454223126456E-001 -3.962038038002E-001  3.070143359710E-001
  1.546647153093E+000  4.376690322156E-001 -3.901521645005E-001  3.066946705470E-001
  1.566649090169E+000  4.299265439987E-001 -3.840239705520E-001  3.060066894118E-001
  1.586938665861E+000  4.221977811444E-001 -3.778252452787E-001  3.049632639952E-001
  1.607521250000E+000  4.144856667309E-001 -3.715620327521E-001  3.035775171134E-001
  1.628402339588E+000  4.067931103698E-001 -3.652403883217E-001  3.018628050843E-001
  1.649587562420E+000  3.991230048117E-001 -3.588663688930E-001  2.998326975919E-001
  1.671082680832E+000  3.914782225625E-001 -3.524460230019E-001  2.975009554438E-001
  1.692893595565E+000  3.838616125254E-001 -3.459853807304E-001  2.948815063788E-001
  1.715026349769E+000  3.762759966772E-001 -3.394904435138E-001  2.919884190969E-001
  1.737487133138E+000  3.687241667941E-001 -3.329671738901E-001  2.888358756932E-001
  1.760282286187E+000  3.612088812365E-001 -3.264214852419E-001  2.854381426887E-001
  1.783418304674E+000  3.537328618060E-001 -3.198592315831E-001  2.818095408617E-001
  1.806901844175E+000  3.462987906850E-001 -3.132861974434E-001  2.779644140892E-001
  1.830739724818E+000  3.389093074706E-001 -3.067080879010E-001  2.739170974149E-001
  1.854938936184E+000  3.315670063123E-001 -3.001305188169E-001  2.696818845657E-001
  1.879506642368E+000  3.242744331644E-001 -2.935590073202E-001  2.652729951406E-001
  1.904450187236E+000  3.170340831624E-001 -2.869989625952E-001  2.607045416982E-001
  1.929777099847E+000  3.098483981310E-001 -2.804556770170E-001  2.559904969691E-001
  1.955495100083E+000  3.027197642321E-001 -2.739343176829E-001  2.511446614152E-001
  1.981612104475E+000  2.956505097602E-001 -2.674399183825E-001  2.461806313578E-001
  2.008136232230E+000  2.886429030904E-001 -2.609773720476E-001  2.411117678879E-001
  2.035075811486E+000  2.816991507839E-001 -2.545514237202E-001  2.359511667670E-001
  2.062439385788E+000  2.748213958558E-001 -2.481666640731E-001  2.307116295162E-001
  2.090235720801E+000  2.680117162070E-001 -2.418275235132E-001  2.254056358834E-001
  2.118473811262E+000  2.612721232222E-001 -2.355382668956E-001  2.200453178641E-001
  2.147162888201E+000  2.546045605352E-001 -2.293029888712E-001  2.146424354411E-001
  2.176312426413E+000  2.480109029592E-001 -2.231256098841E-001  2.092083541900E-001
  2.205932152222E+000  2.414929555813E-001 -2.170098728349E-001  2.037540248852E-001
  2.236032051522E+000  2.350524530184E-001 -2.109593404174E-001  1.982899652235E-001
  2.266622378129E+000  2.286910588285E-001 -2.049773931319E-001  1.928262437623E-001
  2.297713662445E+000  2.224103650736E-001 -1.990672279754E-001  1.873724661543E-001
  2.329316720450E+000  2.162118920262E-001 -1.932318578010E-001  1.819377637398E-001
  2.361442663038E+000  2.100970880130E-001 -1.874741113357E-001  1.765307845368E-001
  2.394102905709E+000  2.040673293853E-001 -1.817966338406E-001  1.711596866519E-001
  2.427309178642E+000  1.981239206079E-001 -1.762018883910E-001  1.658321341137E-001
  2.461073537146E+000  1.922680944556E-001 -1.706921577525E-001  1.605552951086E-001
  2.495408372530E+000  1.865010123050E-001 -1.652695468194E-001  1.553358425825E-001
  2.530326423398E+000  1.808237645115E-001 -1.599359855842E-001  1.501799571504E-001
  2.565840787378E+000  1.752373708573E-001 -1.546932325960E-001  1.450933322366E-001
  2.601964933334E+000  1.697427810586E-001 -1.495428788673E-001  1.400811813532E-001
  2.638712714049E+000  1.643408753201E-001 -1.444863521835E-001  1.351482474032E-001
  2.676098379430E+000  1.590324649211E-001 -1.395249217649E-001  1.302988138825E-001
  2.714136590232E+000  1.538182928236E-001 -1.346597032321E-001  1.255367178395E-001
  2.752842432351E+000  1.486990342879E-001 -1.298916638220E-001  1.208653644350E-001
  2.792231431696E+000  1.436752974851E-001 -1.252216277990E-001  1.162877429381E-001
  2.832319569669E+000  1.387476240937E-001 -1.206502820094E-001  1.118064439808E-001
  2.873123299289E+000  1.339164898728E-001 -1.161781815220E-001  1.074236778864E-001
  2.914659561979E+000  1.291823051992E-001 -1.118057553040E-001  1.031412938815E-001
  2.956945805065E+000  1.245454155639E-001 -1.075333118763E-001  9.896079999782E-002
  3.000000000000E+000  1.200061020189E-001 -1.033610449010E-001  9.488338346590E-002
  3.043840661365E+000  1.155645815709E-001 -9.928903865060E-002  9.090993140531E-002
  3.088486866678E+000  1.112210075183E-001 -9.531727331526E-002  8.704105161751E-002
  3.133958277047E+000  1.069754697297E-001 -9.144563010761E-002  8.327709329183E-002
  3.180275158719E+000  1.028279948652E-001 -8.767389612761E-002  7.961816744223E-002
  3.227458405560E+000  9.877854654245E-002 -8.400176895675E-002  7.606416690137E-002
  3.275529562509E+000  9.482702545290E-002 -8.042886095536E-002  7.261478570919E-002
  3.324510850077E+000  9.097326943361E-002 -7.695470324293E-002  6.926953774655E-002
  3.374425189910E+000  8.721705350465E-002 -7.357874934762E-002  6.602777447878E-002
  3.425296231502E+000  8.355808988203E-002 -7.030037851767E-002  6.288870169079E-002
  3.477148380094E+000  7.999602797873E-002 -6.711889869409E-002  5.985139511290E-002
  3.530006825834E+000  7.653045440818E-002 -6.403354915083E-002  5.691481485595E-002
  3.583897574256E+000  7.316089300572E-002 -6.104350281536E-002  5.407781859429E-002
  3.638847478148E+000  6.988680488512E-002 -5.814786828934E-002  5.133917345610E-002
  3.694884270887E+000  6.670758854800E-002 -5.534569159501E-002  4.869756660193E-002
  3.752036601308E+000  6.362258006477E-002 -5.263595767945E-002  4.615161449356E-002
  3.810334070199E+000  6.063105334611E-002 -5.001759171372E-002  4.369987087684E-002
  3.869807268505E+000  5.773222052363E-002 -4.748946022898E-002  4.134083352260E-002
  3.930487817331E+000  5.492523245824E-002 -4.505037213554E-002  3.907294978943E-002
  3.992408409843E+000  5.220917939343E-002 -4.269907967409E-002  3.689462109081E-002
  4.055602855172E+000  4.958309176966E-002 -4.043427935005E-002  3.480420636578E-002
  4.120106124432E+000  4.704594121385E-002 -3.825461290364E-002  3.280002466711E-002
  4.185954398964E+000  4.459664171586E-002 -3.615866836742E-002  3.088035699368E-002
  4.253185120935E+000  4.223405100115E-002 -3.414498126241E-002  2.904344750354E-002
  4.321837046422E+000  3.995697210550E-002 -3.221203598073E-002  2.728750425146E-002
  4.391950301120E+000  3.776415515423E-002 -3.035826739918E-002  2.561069959867E-002
  4.463566438835E+000  3.565429934469E-002 -2.858206276306E-002  2.401117044326E-002
  4.536728502895E+000  3.362605512650E-002 -2.688176387313E-002  2.248701841768E-002
  4.611481090679E+000  3.167802657005E-002 -2.525566960142E-002  2.103631019329E-002
  4.687870421430E+000  2.980877390917E-002 -2.370203875320E-002  1.965707802347E-002
  4.765944407533E+000  2.801681624012E-002 -2.221909328312E-002  1.834732064413E-002
  4.845752729492E+000  2.630063435457E-002 -2.080502186408E-002  1.710500463539E-002
  4.927346914797E+000  2.465867368065E-002 -1.945798379677E-002  1.592806633032E-002
  5.010780420931E+000  2.308934730278E-002 -1.817611323758E-002  1.481441433630E-002
  5.096108722763E+000  2.159103902811E-002 -1.695752371238E-002  1.376193271288E-002
  5.183389404586E+000  2.016210646536E-002 -1.580031287334E-002  1.276848482609E-002
  5.272682257105E+000  1.880088408035E-002 -1.470256744699E-002  1.183191787555E-002
  5.364049379651E+000  1.750568619223E-002 -1.366236831324E-002  1.095006806617E-002
  5.457555287978E+000  1.627480987485E-002 -1.267779564785E-002  1.012076637250E-002
  5.553267027968E+000  1.510653772954E-002 -1.174693405545E-002  9.341844821298E-003
  5.651254295630E+000  1.399914049809E-002 -1.086787761644E-002  8.611143197153E-003
  5.751589563796E+000  1.295087948898E-002 -1.003873476918E-002  7.926516057951E-003
  5.854348215936E+000  1.196000879483E-002 -9.257632949482E-003  7.285839931738E-003
  5.959608687557E+000  1.102477728513E-002 -8.522722912231E-003  6.687020555390E-003
  6.067452615683E+000  1.014343036575E-002 -7.832182664925E-003  6.128000008168E-003
  6.177964996951E+000  9.314211504521E-003 -7.184220950757E-003  5.606763590558E-003
  6.291234354880E+000  8.535363530987E-003 -6.577080228499E-003  5.121346300740E-003
  6.407352916949E+000  7.805129727565E-003 -6.009039108554E-003  4.669838767866E-003
  6.526416802128E+000  7.121754738626E-003 -5.478414218352E-003  4.250392512778E-003
  6.648526219580E+000  6.483485333189E-003 -4.983561485697E-003  3.861224422881E-003
  6.773785679311E+000  5.888571065597E-003 -4.522876845165E-003  3.500620347993E-003
  6.902304215570E+000  5.335264886349E-003 -4.094796389819E-003  3.166937747730E-003
  7.034195623922E+000  4.821823761860E-003 -3.697796007719E-003  2.858607347580E-003
  7.169578712934E+000  4.346509366902E-003 -3.330390559391E-003  2.574133789489E-003
  7.308577571516E+000  3.907588916466E-003 -2.991132667964E-003  2.312095292516E-003
  7.451321853057E+000  3.503336204481E-003 -2.678611207405E-003  2.071142369012E-003
  7.597947077547E+000  3.132032914954E-003 -2.391449585552E-003  1.849995670572E-003
  7.748594953021E+000  2.791970266378E-003 -2.128303926975E-003  1.647443064841E-003
  7.903413717736E+000  2.481451042632E-003 -1.887861265378E-003  1.462336067826E-003
  8.062558504629E+000  2.198792053029E-003 -1.668837856082E-003  1.293585775855E-003
  8.226191729726E+000  1.942327050706E-003 -1.469977715652E-003  1.140158455779E-003
  8.394483506327E+000  1.710410122488E-003 -1.290051487845E-003  1.001070960670E-003
  8.567612086926E+000  1.501419544968E-003 -1.127855722843E-003  8.753861407210E-004
  8.745764335025E+000  1.313762081473E-003 -9.822126402880E-004  7.622084148698E-004
  8.929136229160E+000  1.145877673272E-003 -8.519704264884E-004  6.606796579464E-004
  9.117933401693E+000  9.962444568435E-004 -7.360040928498E-004  5.699755410318E-004
  9.312371715124E+000  8.633840178998E-004 -6.332168969062E-004  4.893024398375E-004
  9.512677878945E+000  7.458667733243E-004 -5.425423003142E-004  4.178949980447E-004
  9.719090110332E+000  6.423173550772E-004 -4.629464108931E-004  3.550144008033E-004
  9.931858842267E+000  5.514198565692E-004 -3.934308295075E-004  2.999473793063E-004
  1.015124748302E+001  4.719227928982E-004 -3.330357985763E-004  2.520059320370E-004
  1.037753323129E+001  4.026436225626E-004 -2.808435285210E-004  2.105277135820E-004
  1.061100795175E+001  3.424726804877E-004 -2.359815627564E-004  1.748770094931E-004
  1.085197911611E+001  2.903763808833E-004 -1.976260319206E-004  1.444461872185E-004
  1.110077081537E+001  2.453995637839E-004 -1.650046447869E-004  1.186574901300E-004
  1.135772484956E+001  2.066668809489E-004 -1.373992672419E-004  9.696502543737E-005
  1.162320190175E+001  1.733831446321E-004 -1.141479520461E-004  7.885678830100E-005
  1.189758280382E+001  1.448325956913E-004 -9.464630062705E-005  6.385656430257E-005
  1.218126990242E+001  1.203770843622E-004 -7.834806326778E-005  5.152556076999E-005
  1.247468853413E+001  9.945319621405E-005 -6.476491471432E-005  4.146363390770E-005
  1.277828862002E+001  8.156839549090E-005 -5.346537700323E-005  3.331000241639E-005
  1.309254639077E+001  6.629629621302E-005 -4.407289845118E-005  2.674336797004E-005
  1.341796625462E+001  5.327120596658E-005 -3.626313524520E-005  2.148139681817E-005
  1.375508282195E+001  4.218211621354E-005 -2.976051780004E-005  1.727955285241E-005
  1.410446310162E+001  3.276633435482E-005 -2.433421588595E-005  1.392930848589E-005
  1.446670888596E+001  2.480296517343E-005 -1.979364251789E-005  1.125579337778E-005
  1.484245934302E+001  1.810645162483E-005 -1.598365508249E-005  9.114970263141E-006
  1.523239383723E+001  1.252037676729E-005 -1.277962195724E-005  7.390450086326E-006
  1.563723500136E+001  7.911710122888E-006 -1.008252329874E-005  5.990073896829E-006
  1.605775208607E+001  4.165653806622E-006 -7.814245727605E-006  4.842395727941E-006
  1.649476461582E+001  1.181207892775E-006 -5.913212955956E-006  3.893198756312E-006
  1.694914638379E+001 -1.132467167909E-006 -4.330469255555E-006  3.102166908282E-006
  1.742182982203E+001 -2.858858127702E-006 -3.026301857915E-006  2.439816828389E-006
  1.791381078784E+001 -4.076088766207E-006 -1.967454122517E-006  1.884772367899E-006
  1.842615381215E+001 -4.858146811286E-006 -1.124946044598E-006  1.421437469392E-006
  1.895999786176E+001 -5.275440031457E-006 -4.724848642319E-007  1.038095687764E-006
  1.951656267356E+001 -5.394803009305E-006  1.458153045963E-008  7.254377567867E-007
  2.009715572669E+001 -5.279095917670E-006  3.598401242721E-007  4.754945351957E-007
  2.070317992707E+001 -4.986545704532E-006  5.860062966214E-007  2.809329253980E-007
  2.133614208874E+001 -4.569978168291E-006  7.148339561295E-007  1.346580342610E-007
  2.199766230782E+001 -4.076077045901E-006  7.668425099533E-007  2.965646315051E-008
  2.268948433818E+001 -3.544784826879E-006  7.609551167928E-007 -4.098686413902E-008
  2.341348709294E+001 -3.008931630890E-006  7.141306275601E-007 -8.396304526815E-008
  2.417169741362E+001 -2.494145758060E-006  6.410548529226E-007 -1.055621311701E-007
  2.496630426925E+001 -2.019065361408E-006  5.539371479330E-007 -1.114915775866E-007
  2.579967457140E+001 -1.595838080431E-006  4.624377152686E-007 -1.067248235799E-007
  2.667437081864E+001 -1.230867189851E-006  3.737313789429E-007 -9.540178082922E-008
  2.759317081651E+001 -9.257411723543E-007  2.926965209517E-007 -8.079090648977E-008
  2.855908975674E+001 -6.782702444910E-007  2.222046906959E-007 -6.531212104837E-008
  2.957540498378E+001 -4.835490139817E-007  1.634779095571E-007 -5.061182007681E-008
  3.064568382919E+001 -3.349689292905E-007  1.164771895508E-007 -3.767599266540E-008
  3.177381495601E+001 -2.251163495451E-007  8.028701313722E-008 -2.696505179816E-008
  3.296404372807E+001 -1.465099326340E-007  5.346573101805E-008 -1.855415406425E-008
  3.422101220608E+001 -9.215203411625E-008  3.433987986746E-008 -1.226503894732E-008
  3.554980447538E+001 -5.589009413625E-008  2.122991395216E-008 -7.779078124617E-009
  3.695599813319E+001 -3.260286710139E-008  1.260434489252E-008 -4.725539786299E-009
  3.844572291106E+001 -1.824065503160E-008  7.167508182834E-009 -2.743313963081E-009
  4.002572758518E+001 -9.757125955032E-009  3.892176901122E-009 -1.517909221152E-009
  4.170345654134E+001 -4.972542021419E-009  2.011539062273E-009 -7.980193049390E-010
  4.348713762001E+001 -2.405001284824E-009  9.856652289262E-010 -3.972153834816E-010
  4.538588318162E+001 -1.099116322899E-009  4.559823215122E-010 -1.864290976371E-010
  4.740980671574E+001 -4.723415453383E-010  1.982040107099E-010 -8.212375128005E-011
  4.957015778746E+001 -1.898446362118E-010  8.051914284918E-011 -3.377703238412E-011
  5.187947869225E+001 -7.093088180569E-011  3.038786195108E-011 -1.289464170237E-011
  5.435178690397E+001 -2.446882019911E-011  1.058241471695E-011 -4.538790511550E-012
  5.700278828629E+001 -7.734142464273E-012  3.374850690186E-012 -1.462004545032E-012
  5.985012714155E+001 -2.220726076102E-012  9.772147365500E-013 -4.273110382150E-013
  6.291368055481E+001 -5.736432474970E-013  2.544413591654E-013 -1.122400087703E-013
  6.621590623276E+001 -1.318489187730E-013  5.892313140415E-014 -2.620711667060E-014
  6.978225524452E+001 -2.663037278851E-014  1.198603186698E-014 -5.372405636994E-015
  7.364166388185E+001 -4.659835320554E-015  2.111517805478E-015 -9.533475443385E-016
  7.782714245929E+001 -6.950318352052E-016  3.169584355836E-016 -1.440920095037E-016
  8.237648351994E+001 -8.673541543502E-017  3.979461548957E-017 -1.820849334687E-017
  8.733311794502E+001 -8.864342888821E-018  4.090438560203E-018 -1.883104356888E-018
  9.274715535088E+001 -7.237936550689E-019  3.358199337970E-019 -1.554958937110E-019
  9.867665554529E+001 -4.588232081727E-020  2.139859655989E-020 -9.962495778025E-021
  1.051891916055E+002 -2.183882007883E-021  1.023536777837E-021 -4.789912570358E-022
  1.123637836013E+002 -7.505600143805E-023  3.534158168361E-023 -1.661995447079E-023
  1.202933069206E+002 -1.778856873729E-024  8.413273316988E-025 -3.974786796281E-025
  1.290875131414E+002 -2.753447796808E-026  1.307754511354E-026 -6.205425028347E-027
  1.388768482001E+002 -2.609165942367E-028  1.244178851754E-028 -5.928184029762E-029
  1.498173177370E+002 -1.400873914606E-030  6.705362566250E-031 -3.207427729059E-031
  1.620967411853E+002 -3.882156922392E-033  1.864886759541E-033 -8.953434771504E-034
  1.759428668168E+002 -4.958969449617E-036  2.390256020784E-036 -1.151583150093E-036
  1.916340085825E+002 -2.542618819266E-039  1.229499658101E-039 -5.943029796285E-040
  2.095131417987E+002 -4.412407644172E-043  2.140131055918E-043 -1.037688372257E-043
  2.300068054477E+002 -2.096127934956E-047  1.019591392494E-047 -4.958171264233E-048
  2.536507797910E+002 -2.087835712397E-052  1.018302467087E-052 -4.965529746540E-053
  2.811254638474E+002 -3.107254898844E-058  1.519358091696E-058 -7.427962571842E-059
  3.133053780630E+002 -4.469617385525E-065  2.190731373254E-065 -1.073616736287E-065
  3.513296254502E+002 -3.522532181890E-073  1.730389512708E-073 -8.499368637371E-074
  3.967041014107E+002 -7.179780913812E-083  3.534325535788E-083 -1.739666945081E-083
  4.514529193350E+002 -1.379364090468E-094  6.803284401330E-095 -3.355296977585E-095
  5.183481233601E+002 -6.266547707455E-109  3.096362219198E-109 -1.529870225860E-109
  6.012676077950E+002 -9.723230387792E-127  4.812362602976E-127 -2.381721319766E-127
  7.057700503752E+002 -3.214496288007E-149  1.593407686047E-149 -7.898233401822E-150
  8.400513767914E+002 -3.783639678381E-178  1.878161356853E-178 -9.322843064860E-179
  1.016602135495E+003 -3.100141768548E-216  1.540840729233E-216 -7.658236075153E-217
  1.255220715579E+003 -8.972823302598E-268  4.464811910013E-268 -2.221640747697E-268
  1.588815776243E+003  0.000000000000E+000  0.000000000000E+000  0.000000000000E+000
  2.075392011604E+003  0.000000000000E+000  0.000000000000E+000  0.000000000000E+000
  2.825079847528E+003  0.000000000000E+000  0.000000000000E+000  0.000000000000E+000
  4.068408296183E+003  0.000000000000E+000  0.000000000000E+000  0.000000000000E+000
  6.357262947672E+003  0.000000000000E+000  0.000000000000E+000  0.000000000000E+000
  1.130231930164E+004  0.000000000000E+000  0.000000000000E+000  0.000000000000E+000
  2.543105175136E+004  0.000000000000E+000  0.000000000000E+000  0.000000000000E+000
  1.017262069952E+005  0.000000000000E+000  0.000000000000E+000  0.000000000000E+000
