# 1st line: number of mesh points
# rho and r_seitz are calculated from total density
# zeta and r_seitz only correct of rho > 1d-12

# abcissa rho drho ddrho zeta r_seitz
500
  9.830308526563E-006  4.163827320420E+000 -8.618328643360E+000  1.830245521594E+001  0.000000000000E+000  8.964846300056E-001
  3.932200719722E-005  4.163573159228E+000 -8.617788890464E+000  1.830126178180E+001  0.000000000000E+000  8.965028713060E-001
  8.847741541467E-005  4.163149570406E+000 -8.616889333356E+000  1.829927280541E+001  0.000000000000E+000  8.965332758278E-001
  1.573003992805E-004  4.162556573707E+000 -8.615630018617E+000  1.829648840755E+001  0.000000000000E+000  8.965758471035E-001
  2.457963722418E-004  4.161794196786E+000 -8.614011011471E+000  1.829290875730E+001  0.000000000000E+000  8.966305900796E-001
  3.539722959954E-004  4.160862475211E+000 -8.612032395796E+000  1.828853407212E+001  0.000000000000E+000  8.966975111183E-001
  4.818366816529E-004  4.159761452468E+000 -8.609694274133E+000  1.828336461779E+001  0.000000000000E+000  8.967766179991E-001
  6.293995911626E-004  4.158491179967E+000 -8.606996767706E+000  1.827740070850E+001  0.000000000000E+000  8.968679199206E-001
  7.966726389935E-004  4.157051717057E+000 -8.603940016436E+000  1.827064270685E+001  0.000000000000E+000  8.969714275033E-001
  9.836689940782E-004  4.155443131031E+000 -8.600524178966E+000  1.826309102389E+001  0.000000000000E+000  8.970871527918E-001
  1.190403382016E-003  4.153665497144E+000 -8.596749432681E+000  1.825474611915E+001  0.000000000000E+000  8.972151092587E-001
  1.416892087541E-003  4.151718898623E+000 -8.592615973738E+000  1.824560850070E+001  0.000000000000E+000  8.973553118075E-001
  1.663152957245E-003  4.149603426687E+000 -8.588124017097E+000  1.823567872517E+001  0.000000000000E+000  8.975077767770E-001
  1.929205402573E-003  4.147319180561E+000 -8.583273796547E+000  1.822495739783E+001  0.000000000000E+000  8.976725219453E-001
  2.215070403073E-003  4.144866267497E+000 -8.578065564747E+000  1.821344517264E+001  0.000000000000E+000  8.978495665347E-001
  2.520770509919E-003  4.142244802792E+000 -8.572499593264E+000  1.820114275229E+001  0.000000000000E+000  8.980389312164E-001
  2.846329849692E-003  4.139454909813E+000 -8.566576172609E+000  1.818805088830E+001  0.000000000000E+000  8.982406381164E-001
  3.191774128432E-003  4.136496720015E+000 -8.560295612285E+000  1.817417038103E+001  0.000000000000E+000  8.984547108213E-001
  3.557130635959E-003  4.133370372974E+000 -8.553658240832E+000  1.815950207985E+001  0.000000000000E+000  8.986811743840E-001
  3.942428250463E-003  4.130076016403E+000 -8.546664405876E+000  1.814404688310E+001  0.000000000000E+000  8.989200553312E-001
  4.347697443358E-003  4.126613806190E+000 -8.539314474183E+000  1.812780573827E+001  0.000000000000E+000  8.991713816696E-001
  4.772970284417E-003  4.122983906420E+000 -8.531608831708E+000  1.811077964205E+001  0.000000000000E+000  8.994351828939E-001
  5.218280447175E-003  4.119186489408E+000 -8.523547883660E+000  1.809296964040E+001  0.000000000000E+000  8.997114899944E-001
  5.683663214611E-003  4.115221735732E+000 -8.515132054556E+000  1.807437682868E+001  0.000000000000E+000  9.000003354654E-001
  6.169155485101E-003  4.111089834266E+000 -8.506361788289E+000  1.805500235174E+001  0.000000000000E+000  9.003017533136E-001
  6.674795778653E-003  4.106790982216E+000 -8.497237548189E+000  1.803484740399E+001  0.000000000000E+000  9.006157790674E-001
  7.200624243425E-003  4.102325385154E+000 -8.487759817096E+000  1.801391322957E+001  0.000000000000E+000  9.009424497864E-001
  7.746682662519E-003  4.097693257059E+000 -8.477929097428E+000  1.799220112242E+001  0.000000000000E+000  9.012818040713E-001
  8.313014461060E-003  4.092894820358E+000 -8.467745911256E+000  1.796971242640E+001  0.000000000000E+000  9.016338820742E-001
  8.899664713569E-003  4.087930305961E+000 -8.457210800380E+000  1.794644853541E+001  0.000000000000E+000  9.019987255094E-001
  9.506680151615E-003  4.082799953309E+000 -8.446324326410E+000  1.792241089354E+001  0.000000000000E+000  9.023763776646E-001
  1.013410917176E-002  4.077504010417E+000 -8.435087070848E+000  1.789760099517E+001  0.000000000000E+000  9.027668834128E-001
  1.078200184380E-002  4.072042733918E+000 -8.423499635169E+000  1.787202038510E+001  0.000000000000E+000  9.031702892243E-001
  1.145040991929E-002  4.066416389111E+000 -8.411562640915E+000  1.784567065871E+001  0.000000000000E+000  9.035866431790E-001
  1.213938684040E-002  4.060625250008E+000 -8.399276729777E+000  1.781855346210E+001  0.000000000000E+000  9.040159949801E-001
  1.284898774901E-002  4.054669599387E+000 -8.386642563696E+000  1.779067049220E+001  0.000000000000E+000  9.044583959669E-001
  1.357926949620E-002  4.048549728839E+000 -8.373660824952E+000  1.776202349697E+001  0.000000000000E+000  9.049138991293E-001
  1.433029065191E-002  4.042265938824E+000 -8.360332216265E+000  1.773261427550E+001  0.000000000000E+000  9.053825591223E-001
  1.510211151509E-002  4.035818538725E+000 -8.346657460895E+000  1.770244467821E+001  0.000000000000E+000  9.058644322804E-001
  1.589479412397E-002  4.029207846901E+000 -8.332637302747E+000  1.767151660698E+001  0.000000000000E+000  9.063595766338E-001
  1.670840226680E-002  4.022434190746E+000 -8.318272506473E+000  1.763983201534E+001  0.000000000000E+000  9.068680519239E-001
  1.754300149280E-002  4.015497906746E+000 -8.303563857581E+000  1.760739290861E+001  0.000000000000E+000  9.073899196200E-001
  1.839865912351E-002  4.008399340544E+000 -8.288512162552E+000  1.757420134408E+001  0.000000000000E+000  9.079252429361E-001
  1.927544426443E-002  4.001138846991E+000 -8.273118248945E+000  1.754025943120E+001  0.000000000000E+000  9.084740868488E-001
  2.017342781695E-002  3.993716790219E+000 -8.257382965517E+000  1.750556933176E+001  0.000000000000E+000  9.090365181151E-001
  2.109268249069E-002  3.986133543700E+000 -8.241307182344E+000  1.747013326003E+001  0.000000000000E+000  9.096126052908E-001
  2.203328281612E-002  3.978389490311E+000 -8.224891790937E+000  1.743395348299E+001  0.000000000000E+000  9.102024187503E-001
  2.299530515754E-002  3.970485022403E+000 -8.208137704367E+000  1.739703232050E+001  0.000000000000E+000  9.108060307058E-001
  2.397882772639E-002  3.962420541867E+000 -8.191045857393E+000  1.735937214552E+001  0.000000000000E+000  9.114235152280E-001
  2.498393059493E-002  3.954196460205E+000 -8.173617206590E+000  1.732097538424E+001  0.000000000000E+000  9.120549482666E-001
  2.601069571024E-002  3.945813198601E+000 -8.155852730476E+000  1.728184451634E+001  0.000000000000E+000  9.127004076722E-001
  2.705920690860E-002  3.937271187993E+000 -8.137753429650E+000  1.724198207518E+001  0.000000000000E+000  9.133599732181E-001
  2.812954993023E-002  3.928570869145E+000 -8.119320326923E+000  1.720139064799E+001  0.000000000000E+000  9.140337266234E-001
  2.922181243436E-002  3.919712692723E+000 -8.100554467460E+000  1.716007287607E+001  0.000000000000E+000  9.147217515758E-001
  3.033608401473E-002  3.910697119372E+000 -8.081456918916E+000  1.711803145505E+001  0.000000000000E+000  9.154241337563E-001
  3.147245621542E-002  3.901524619793E+000 -8.062028771582E+000  1.707526913502E+001  0.000000000000E+000  9.161409608631E-001
  3.263102254705E-002  3.892195674822E+000 -8.042271138527E+000  1.703178872085E+001  0.000000000000E+000  9.168723226375E-001
  3.381187850339E-002  3.882710775507E+000 -8.022185155746E+000  1.698759307232E+001  0.000000000000E+000  9.176183108899E-001
  3.501512157837E-002  3.873070423195E+000 -8.001771982311E+000  1.694268510439E+001  0.000000000000E+000  9.183790195260E-001
  3.624085128345E-002  3.863275129610E+000 -7.981032800516E+000  1.689706778741E+001  0.000000000000E+000  9.191545445745E-001
  3.748916916538E-002  3.853325416939E+000 -7.959968816037E+000  1.685074414736E+001  0.000000000000E+000  9.199449842156E-001
  3.876017882444E-002  3.843221817915E+000 -7.938581258086E+000  1.680371726605E+001  0.000000000000E+000  9.207504388092E-001
  4.005398593302E-002  3.832964875906E+000 -7.916871379565E+000  1.675599028140E+001  0.000000000000E+000  9.215710109249E-001
  4.137069825459E-002  3.822555145002E+000 -7.894840457228E+000  1.670756638762E+001  0.000000000000E+000  9.224068053724E-001
  4.271042566323E-002  3.811993190101E+000 -7.872489791845E+000  1.665844883550E+001  0.000000000000E+000  9.232579292323E-001
  4.407328016341E-002  3.801279587001E+000 -7.849820708360E+000  1.660864093259E+001  0.000000000000E+000  9.241244918888E-001
  4.545937591035E-002  3.790414922491E+000 -7.826834556060E+000  1.655814604352E+001  0.000000000000E+000  9.250066050617E-001
  4.686882923075E-002  3.779399794444E+000 -7.803532708744E+000  1.650696759014E+001  0.000000000000E+000  9.259043828405E-001
  4.830175864396E-002  3.768234811905E+000 -7.779916564886E+000  1.645510905188E+001  0.000000000000E+000  9.268179417188E-001
  4.975828488365E-002  3.756920595194E+000 -7.755987547813E+000  1.640257396588E+001  0.000000000000E+000  9.277474006295E-001
  5.123853091993E-002  3.745457775994E+000 -7.731747105872E+000  1.634936592735E+001  0.000000000000E+000  9.286928809813E-001
  5.274262198188E-002  3.733846997449E+000 -7.707196712607E+000  1.629548858974E+001  0.000000000000E+000  9.296545066955E-001
  5.427068558066E-002  3.722088914265E+000 -7.682337866936E+000  1.624094566500E+001  0.000000000000E+000  9.306324042446E-001
  5.582285153302E-002  3.710184192806E+000 -7.657172093325E+000  1.618574092387E+001  0.000000000000E+000  9.316267026908E-001
  5.739925198530E-002  3.698133511190E+000 -7.631700941972E+000  1.612987819612E+001  0.000000000000E+000  9.326375337265E-001
  5.900002143803E-002  3.685937559397E+000 -7.605925988982E+000  1.607336137078E+001  0.000000000000E+000  9.336650317151E-001
  6.062529677088E-002  3.673597039364E+000 -7.579848836555E+000  1.601619439641E+001  0.000000000000E+000  9.347093337329E-001
  6.227521726827E-002  3.661112665090E+000 -7.553471113164E+000  1.595838128137E+001  0.000000000000E+000  9.357705796125E-001
  6.394992464542E-002  3.648485162738E+000 -7.526794473743E+000  1.589992609406E+001  0.000000000000E+000  9.368489119868E-001
  6.564956307496E-002  3.635715270741E+000 -7.499820599874E+000  1.584083296318E+001  0.000000000000E+000  9.379444763344E-001
  6.737427921404E-002  3.622803739905E+000 -7.472551199971E+000  1.578110607801E+001  0.000000000000E+000  9.390574210257E-001
  6.912422223211E-002  3.609751333514E+000 -7.444988009470E+000  1.572074968862E+001  0.000000000000E+000  9.401878973707E-001
  7.089954383907E-002  3.596558827440E+000 -7.417132791018E+000  1.565976810618E+001  0.000000000000E+000  9.413360596677E-001
  7.270039831418E-002  3.583227010245E+000 -7.388987334664E+000  1.559816570318E+001  0.000000000000E+000  9.425020652530E-001
  7.452694253540E-002  3.569756683292E+000 -7.360553458052E+000  1.553594691373E+001  0.000000000000E+000  9.436860745523E-001
  7.637933600943E-002  3.556148660856E+000 -7.331833006608E+000  1.547311623375E+001  0.000000000000E+000  9.448882511332E-001
  7.825774090225E-002  3.542403770227E+000 -7.302827853738E+000  1.540967822132E+001  0.000000000000E+000  9.461087617584E-001
  8.016232207035E-002  3.528522851823E+000 -7.273539901021E+000  1.534563749685E+001  0.000000000000E+000  9.473477764413E-001
  8.209324709253E-002  3.514506759301E+000 -7.243971078400E+000  1.528099874338E+001  0.000000000000E+000  9.486054685022E-001
  8.405068630235E-002  3.500356359669E+000 -7.214123344381E+000  1.521576670685E+001  0.000000000000E+000  9.498820146261E-001
  8.603481282122E-002  3.486072533390E+000 -7.183998686225E+000  1.514994619630E+001  0.000000000000E+000  9.511775949221E-001
  8.804580259214E-002  3.471656174505E+000 -7.153599120144E+000  1.508354208418E+001  0.000000000000E+000  9.524923929837E-001
  9.008383441408E-002  3.457108190734E+000 -7.122926691500E+000  1.501655930655E+001  0.000000000000E+000  9.538265959515E-001
  9.214908997710E-002  3.442429503597E+000 -7.091983474996E+000  1.494900286339E+001  0.000000000000E+000  9.551803945768E-001
  9.424175389809E-002  3.427621048521E+000 -7.060771574877E+000  1.488087781878E+001  0.000000000000E+000  9.565539832868E-001
  9.636201375725E-002  3.412683774955E+000 -7.029293125123E+000  1.481218930120E+001  0.000000000000E+000  9.579475602516E-001
  9.851006013526E-002  3.397618646485E+000 -6.997550289645E+000  1.474294250374E+001  0.000000000000E+000  9.593613274533E-001
  1.006860866512E-001  3.382426640944E+000 -6.965545262480E+000  1.467314268435E+001  0.000000000000E+000  9.607954907555E-001
  1.028902900012E-001  3.367108750528E+000 -6.933280267991E+000  1.460279516609E+001  0.000000000000E+000  9.622502599764E-001
  1.051228699979E-001  3.351665981909E+000 -6.900757561054E+000  1.453190533735E+001  0.000000000000E+000  9.637258489619E-001
  1.073840296104E-001  3.336099356345E+000 -6.867979427261E+000  1.446047865209E+001  0.000000000000E+000  9.652224756618E-001
  1.096739750056E-001  3.320409909798E+000 -6.834948183105E+000  1.438852063006E+001  0.000000000000E+000  9.667403622075E-001
  1.119929155896E-001  3.304598693047E+000 -6.801666176178E+000  1.431603685703E+001  0.000000000000E+000  9.682797349914E-001
  1.143410640503E-001  3.288666771797E+000 -6.768135785362E+000  1.424303298503E+001  0.000000000000E+000  9.698408247486E-001
  1.167186364011E-001  3.272615226794E+000 -6.734359421018E+000  1.416951473253E+001  0.000000000000E+000  9.714238666409E-001
  1.191258520249E-001  3.256445153939E+000 -6.700339525175E+000  1.409548788466E+001  0.000000000000E+000  9.730291003421E-001
  1.215629337189E-001  3.240157664398E+000 -6.666078571722E+000  1.402095829347E+001  0.000000000000E+000  9.746567701265E-001
  1.240301077413E-001  3.223753884713E+000 -6.631579066587E+000  1.394593187804E+001  0.000000000000E+000  9.763071249585E-001
  1.265276038575E-001  3.207234956914E+000 -6.596843547931E+000  1.387041462477E+001  0.000000000000E+000  9.779804185860E-001
  1.290556553882E-001  3.190602038631E+000 -6.561874586322E+000  1.379441258751E+001  0.000000000000E+000  9.796769096343E-001
  1.316144992580E-001  3.173856303201E+000 -6.526674784924E+000  1.371793188778E+001  0.000000000000E+000  9.813968617042E-001
  1.342043760450E-001  3.156998939777E+000 -6.491246779668E+000  1.364097871494E+001  0.000000000000E+000  9.831405434712E-001
  1.368255300316E-001  3.140031153437E+000 -6.455593239434E+000  1.356355932636E+001  0.000000000000E+000  9.849082287885E-001
  1.394782092560E-001  3.122954165292E+000 -6.419716866226E+000  1.348568004757E+001  0.000000000000E+000  9.867001967912E-001
  1.421626655646E-001  3.105769212592E+000 -6.383620395335E+000  1.340734727248E+001  0.000000000000E+000  9.885167320047E-001
  1.448791546661E-001  3.088477548826E+000 -6.347306595518E+000  1.332856746346E+001  0.000000000000E+000  9.903581244548E-001
  1.476279361856E-001  3.071080443833E+000 -6.310778269158E+000  1.324934715155E+001  0.000000000000E+000  9.922246697813E-001
  1.504092737207E-001  3.053579183900E+000 -6.274038252425E+000  1.316969293654E+001  0.000000000000E+000  9.941166693541E-001
  1.532234348983E-001  3.035975071865E+000 -6.237089415439E+000  1.308961148715E+001  0.000000000000E+000  9.960344303926E-001
  1.560706914324E-001  3.018269427214E+000 -6.199934662422E+000  1.300910954111E+001  0.000000000000E+000  9.979782660882E-001
  1.589513191834E-001  3.000463586183E+000 -6.162576931852E+000  1.292819390529E+001  0.000000000000E+000  9.999484957300E-001
  1.618655982178E-001  2.982558901848E+000 -6.125019196607E+000  1.284687145582E+001  0.000000000000E+000  1.001945444834E+000
  1.648138128702E-001  2.964556744228E+000 -6.087264464114E+000  1.276514913814E+001  0.000000000000E+000  1.003969445274E+000
  1.677962518056E-001  2.946458500370E+000 -6.049315776481E+000  1.268303396711E+001  0.000000000000E+000  1.006020835422E+000
  1.708132080832E-001  2.928265574441E+000 -6.011176210635E+000  1.260053302708E+001  0.000000000000E+000  1.008099960279E+000
  1.738649792215E-001  2.909979387821E+000 -5.972848878452E+000  1.251765347196E+001  0.000000000000E+000  1.010207171630E+000
  1.769518672648E-001  2.891601379182E+000 -5.934336926877E+000  1.243440252522E+001  0.000000000000E+000  1.012342828179E+000
  1.800741788507E-001  2.873133004578E+000 -5.895643538048E+000  1.235078747999E+001  0.000000000000E+000  1.014507295710E+000
  1.832322252791E-001  2.854575737521E+000 -5.856771929402E+000  1.226681569906E+001  0.000000000000E+000  1.016700947235E+000
  1.864263225826E-001  2.835931069064E+000 -5.817725353791E+000  1.218249461486E+001  0.000000000000E+000  1.018924163157E+000
  1.896567915983E-001  2.817200507872E+000 -5.778507099572E+000  1.209783172950E+001  0.000000000000E+000  1.021177331432E+000
  1.929239580409E-001  2.798385580299E+000 -5.739120490713E+000  1.201283461475E+001  0.000000000000E+000  1.023460847739E+000
  1.962281525771E-001  2.779487830455E+000 -5.699568886871E+000  1.192751091200E+001  0.000000000000E+000  1.025775115648E+000
  1.995697109023E-001  2.760508820275E+000 -5.659855683478E+000  1.184186833218E+001  0.000000000000E+000  1.028120546804E+000
  2.029489738173E-001  2.741450129578E+000 -5.619984311813E+000  1.175591465579E+001  0.000000000000E+000  1.030497561102E+000
  2.063662873085E-001  2.722313356131E+000 -5.579958239065E+000  1.166965773274E+001  0.000000000000E+000  1.032906586879E+000
  2.098220026275E-001  2.703100115703E+000 -5.539780968398E+000  1.158310548227E+001  0.000000000000E+000  1.035348061106E+000
  2.133164763746E-001  2.683812042117E+000 -5.499456038992E+000  1.149626589290E+001  0.000000000000E+000  1.037822429582E+000
  2.168500705817E-001  2.664450787299E+000 -5.458987026090E+000  1.140914702224E+001  0.000000000000E+000  1.040330147141E+000
  2.204231527988E-001  2.645018021323E+000 -5.418377541027E+000  1.132175699687E+001  0.000000000000E+000  1.042871677860E+000
  2.240360961807E-001  2.625515432447E+000 -5.377631231256E+000  1.123410401218E+001  0.000000000000E+000  1.045447495271E+000
  2.276892795770E-001  2.605944727153E+000 -5.336751780358E+000  1.114619633217E+001  0.000000000000E+000  1.048058082585E+000
  2.313830876220E-001  2.586307630177E+000 -5.295742908049E+000  1.105804228927E+001  0.000000000000E+000  1.050703932919E+000
  2.351179108282E-001  2.566605884530E+000 -5.254608370169E+000  1.096965028411E+001  0.000000000000E+000  1.053385549525E+000
  2.388941456809E-001  2.546841251526E+000 -5.213351958670E+000  1.088102878527E+001  0.000000000000E+000  1.056103446036E+000
  2.427121947345E-001  2.527015510793E+000 -5.171977501584E+000  1.079218632900E+001  0.000000000000E+000  1.058858146707E+000
  2.465724667110E-001  2.507130460284E+000 -5.130488862983E+000  1.070313151899E+001  0.000000000000E+000  1.061650186675E+000
  2.504753766009E-001  2.487187916283E+000 -5.088889942932E+000  1.061387302598E+001  0.000000000000E+000  1.064480112212E+000
  2.544213457654E-001  2.467189713403E+000 -5.047184677419E+000  1.052441958749E+001  0.000000000000E+000  1.067348481004E+000
  2.584108020414E-001  2.447137704580E+000 -5.005377038286E+000  1.043478000740E+001  0.000000000000E+000  1.070255862419E+000
  2.624441798480E-001  2.427033761058E+000 -4.963471033133E+000  1.034496315563E+001  0.000000000000E+000  1.073202837795E+000
  2.665219202956E-001  2.406879772372E+000 -4.921470705222E+000  1.025497796768E+001  0.000000000000E+000  1.076190000733E+000
  2.706444712976E-001  2.386677646320E+000 -4.879380133357E+000  1.016483344422E+001  0.000000000000E+000  1.079217957399E+000
  2.748122876832E-001  2.366429308930E+000 -4.837203431752E+000  1.007453865059E+001  0.000000000000E+000  1.082287326833E+000
  2.790258313137E-001  2.346136704419E+000 -4.794944749893E+000  9.984102716363E+000  0.000000000000E+000  1.085398741268E+000
  2.832855712010E-001  2.325801795151E+000 -4.752608272368E+000  9.893534834758E+000  0.000000000000E+000  1.088552846460E+000
  2.875919836279E-001  2.305426561573E+000 -4.710198218700E+000  9.802844262130E+000  0.000000000000E+000  1.091750302029E+000
  2.919455522717E-001  2.285013002163E+000 -4.667718843150E+000  9.712040317370E+000  0.000000000000E+000  1.094991781803E+000
  2.963467683296E-001  2.264563133349E+000 -4.625174434511E+000  9.621132381291E+000  0.000000000000E+000  1.098277974184E+000
  3.007961306479E-001  2.244078989439E+000 -4.582569315880E+000  9.530129895980E+000  0.000000000000E+000  1.101609582510E+000
  3.052941458522E-001  2.223562622529E+000 -4.539907844418E+000  9.439042364115E+000  0.000000000000E+000  1.104987325444E+000
  3.098413284823E-001  2.203016102408E+000 -4.497194411087E+000  9.347879348251E+000  0.000000000000E+000  1.108411937364E+000
  3.144382011281E-001  2.182441516454E+000 -4.454433440373E+000  9.256650470065E+000  0.000000000000E+000  1.111884168769E+000
  3.190852945695E-001  2.161840969517E+000 -4.411629389985E+000  9.165365409572E+000  0.000000000000E+000  1.115404786694E+000
  3.237831479192E-001  2.141216583800E+000 -4.368786750538E+000  9.074033904296E+000  0.000000000000E+000  1.118974575145E+000
  3.285323087679E-001  2.120570498724E+000 -4.325910045217E+000  8.982665748407E+000  0.000000000000E+000  1.122594335538E+000
  3.333333333333E-001  2.099904870780E+000 -4.283003829413E+000  8.891270791824E+000  0.000000000000E+000  1.126264887161E+000
  3.381867866117E-001  2.079221873382E+000 -4.240072690351E+000  8.799858939262E+000  0.000000000000E+000  1.129987067642E+000
  3.430932425333E-001  2.058523696701E+000 -4.197121246683E+000  8.708440149260E+000  0.000000000000E+000  1.133761733440E+000
  3.480532841203E-001  2.037812547487E+000 -4.154154148066E+000  8.617024433145E+000  0.000000000000E+000  1.137589760341E+000
  3.530675036492E-001  2.017090648885E+000 -4.111176074715E+000  8.525621853969E+000  0.000000000000E+000  1.141472043984E+000
  3.581365028158E-001  1.996360240239E+000 -4.068191736936E+000  8.434242525390E+000  0.000000000000E+000  1.145409500388E+000
  3.632608929041E-001  1.975623576878E+000 -4.025205874628E+000  8.342896610519E+000  0.000000000000E+000  1.149403066506E+000
  3.684412949588E-001  1.954882929902E+000 -3.982223256768E+000  8.251594320710E+000  0.000000000000E+000  1.153453700797E+000
  3.736783399619E-001  1.934140585940E+000 -3.939248680869E+000  8.160345914308E+000  0.000000000000E+000  1.157562383810E+000
  3.789726690123E-001  1.913398846913E+000 -3.896286972406E+000  8.069161695347E+000  0.000000000000E+000  1.161730118792E+000
  3.843249335105E-001  1.892660029767E+000 -3.853342984226E+000  7.978052012200E+000  0.000000000000E+000  1.165957932313E+000
  3.897357953460E-001  1.871926466205E+000 -3.810421595923E+000  7.887027256175E+000  0.000000000000E+000  1.170246874915E+000
  3.952059270903E-001  1.851200502403E+000 -3.767527713192E+000  7.796097860058E+000  0.000000000000E+000  1.174598021779E+000
  4.007360121927E-001  1.830484498708E+000 -3.724666267146E+000  7.705274296611E+000  0.000000000000E+000  1.179012473413E+000
  4.063267451812E-001  1.809780829325E+000 -3.681842213617E+000  7.614567077004E+000  0.000000000000E+000  1.183491356370E+000
  4.119788318683E-001  1.789091881991E+000 -3.639060532414E+000  7.523986749200E+000  0.000000000000E+000  1.188035823977E+000
  4.176929895600E-001  1.768420057632E+000 -3.596326226563E+000  7.433543896278E+000  0.000000000000E+000  1.192647057106E+000
  4.234699472710E-001  1.747767770005E+000 -3.553644321509E+000  7.343249134703E+000  0.000000000000E+000  1.197326264950E+000
  4.293104459435E-001  1.727137445327E+000 -3.511019864290E+000  7.253113112535E+000  0.000000000000E+000  1.202074685848E+000
  4.352152386716E-001  1.706531521887E+000 -3.468457922680E+000  7.163146507570E+000  0.000000000000E+000  1.206893588115E+000
  4.411850909306E-001  1.685952449642E+000 -3.425963584296E+000  7.073360025436E+000  0.000000000000E+000  1.211784270922E+000
  4.472207808110E-001  1.665402689796E+000 -3.383541955679E+000  6.983764397610E+000  0.000000000000E+000  1.216748065187E+000
  4.533230992589E-001  1.644884714365E+000 -3.341198161332E+000  6.894370379378E+000  0.000000000000E+000  1.221786334512E+000
  4.594928503202E-001  1.624401005725E+000 -3.298937342737E+000  6.805188747733E+000  0.000000000000E+000  1.226900476142E+000
  4.657308513924E-001  1.603954056139E+000 -3.256764657322E+000  6.716230299202E+000  0.000000000000E+000  1.232091921966E+000
  4.720379334802E-001  1.583546367272E+000 -3.214685277405E+000  6.627505847605E+000  0.000000000000E+000  1.237362139540E+000
  4.784149414579E-001  1.563180449685E+000 -3.172704389100E+000  6.539026221749E+000  0.000000000000E+000  1.242712633166E+000
  4.848627343381E-001  1.542858822314E+000 -3.130827191180E+000  6.450802263050E+000  0.000000000000E+000  1.248144944986E+000
  4.913821855461E-001  1.522584011927E+000 -3.089058893914E+000  6.362844823087E+000  0.000000000000E+000  1.253660656135E+000
  4.979741832006E-001  1.502358552566E+000 -3.047404717856E+000  6.275164761075E+000  0.000000000000E+000  1.259261387923E+000
  5.046396304008E-001  1.482184984967E+000 -3.005869892604E+000  6.187772941278E+000  0.000000000000E+000  1.264948803062E+000
  5.113794455212E-001  1.462065855968E+000 -2.964459655515E+000  6.100680230341E+000  0.000000000000E+000  1.270724606941E+000
  5.181945625116E-001  1.442003717887E+000 -2.923179250390E+000  6.013897494542E+000  0.000000000000E+000  1.276590548941E+000
  5.250859312060E-001  1.422001127892E+000 -2.882033926107E+000  5.927435596975E+000  0.000000000000E+000  1.282548423808E+000
  5.320545176366E-001  1.402060647341E+000 -2.841028935225E+000  5.841305394655E+000  0.000000000000E+000  1.288600073060E+000
  5.391013043575E-001  1.382184841111E+000 -2.800169532544E+000  5.755517735542E+000  0.000000000000E+000  1.294747386466E+000
  5.462272907741E-001  1.362376276902E+000 -2.759460973622E+000  5.670083455485E+000  0.000000000000E+000  1.300992303562E+000
  5.534334934816E-001  1.342637524522E+000 -2.718908513260E+000  5.585013375090E+000  0.000000000000E+000  1.307336815234E+000
  5.607209466109E-001  1.322971155151E+000 -2.678517403929E+000  5.500318296505E+000  0.000000000000E+000  1.313782965358E+000
  5.680907021827E-001  1.303379740583E+000 -2.638292894177E+000  5.416009000122E+000  0.000000000000E+000  1.320332852500E+000
  5.755438304707E-001  1.283865852453E+000 -2.598240226977E+000  5.332096241197E+000  0.000000000000E+000  1.326988631680E+000
  5.830814203728E-001  1.264432061437E+000 -2.558364638040E+000  5.248590746389E+000  0.000000000000E+000  1.333752516207E+000
  5.907045797917E-001  1.245080936432E+000 -2.518671354085E+000  5.165503210217E+000  0.000000000000E+000  1.340626779582E+000
  5.984144360243E-001  1.225815043720E+000 -2.479165591068E+000  5.082844291423E+000  0.000000000000E+000  1.347613757472E+000
  6.062121361613E-001  1.206636946100E+000 -2.439852552364E+000  5.000624609264E+000  0.000000000000E+000  1.354715849763E+000
  6.140988474955E-001  1.187549202013E+000 -2.400737426911E+000  4.918854739708E+000  0.000000000000E+000  1.361935522695E+000
  6.220757579409E-001  1.168554364633E+000 -2.361825387309E+000  4.837545211552E+000  0.000000000000E+000  1.369275311077E+000
  6.301440764614E-001  1.149654980942E+000 -2.323121587876E+000  4.756706502450E+000  0.000000000000E+000  1.376737820588E+000
  6.383050335109E-001  1.130853590785E+000 -2.284631162664E+000  4.676349034855E+000  0.000000000000E+000  1.384325730176E+000
  6.465598814833E-001  1.112152725904E+000 -2.246359223426E+000  4.596483171881E+000  0.000000000000E+000  1.392041794544E+000
  6.549098951744E-001  1.093554908941E+000 -2.208310857550E+000  4.517119213076E+000  0.000000000000E+000  1.399888846743E+000
  6.633563722545E-001  1.075062652436E+000 -2.170491125942E+000  4.438267390107E+000  0.000000000000E+000  1.407869800865E+000
  6.719006337539E-001  1.056678457789E+000 -2.132905060871E+000  4.359937862364E+000  0.000000000000E+000  1.415987654848E+000
  6.805440245593E-001  1.038404814209E+000 -2.095557663774E+000  4.282140712480E+000  0.000000000000E+000  1.424245493394E+000
  6.892879139233E-001  1.020244197641E+000 -2.058453903017E+000  4.204885941767E+000  0.000000000000E+000  1.432646491002E+000
  6.981336959871E-001  1.002199069670E+000 -2.021598711617E+000  4.128183465566E+000  0.000000000000E+000  1.441193915141E+000
  7.070827903152E-001  9.842718764046E-001 -1.984996984919E+000  4.052043108518E+000  0.000000000000E+000  1.449891129535E+000
  7.161366424455E-001  9.664650473459E-001 -1.948653578244E+000  3.976474599755E+000  0.000000000000E+000  1.458741597601E+000
  7.252967244510E-001  9.487809942272E-001 -1.912573304487E+000  3.901487568010E+000  0.000000000000E+000  1.467748886027E+000
  7.345645355186E-001  9.312221098413E-001 -1.876760931682E+000  3.827091536650E+000  0.000000000000E+000  1.476916668495E+000
  7.439416025400E-001  9.137907668458E-001 -1.841221180534E+000  3.753295918629E+000  0.000000000000E+000  1.486248729571E+000
  7.534294807203E-001  8.964893165494E-001 -1.805958721903E+000  3.680110011373E+000  0.000000000000E+000  1.495748968758E+000
  7.630297542000E-001  8.793200876803E-001 -1.770978174269E+000  3.607542991590E+000  0.000000000000E+000  1.505421404727E+000
  7.727440366954E-001  8.622853851365E-001 -1.736284101145E+000  3.535603910004E+000  0.000000000000E+000  1.515270179722E+000
  7.825739721536E-001  8.453874887183E-001 -1.701881008476E+000  3.464301686032E+000  0.000000000000E+000  1.525299564171E+000
  7.925212354258E-001  8.286286518444E-001 -1.667773341990E+000  3.393645102388E+000  0.000000000000E+000  1.535513961489E+000
  8.025875329584E-001  8.120111002516E-001 -1.633965484533E+000  3.323642799629E+000  0.000000000000E+000  1.545917913097E+000
  8.127746035011E-001  7.955370306785E-001 -1.600461753364E+000  3.254303270640E+000  0.000000000000E+000  1.556516103666E+000
  8.230842188350E-001  7.792086095351E-001 -1.567266397432E+000  3.185634855064E+000  0.000000000000E+000  1.567313366593E+000
  8.335181845190E-001  7.630279715575E-001 -1.534383594624E+000  3.117645733687E+000  0.000000000000E+000  1.578314689727E+000
  8.440783406568E-001  7.469972184497E-001 -1.501817448991E+000  3.050343922763E+000  0.000000000000E+000  1.589525221351E+000
  8.547665626839E-001  7.311184175134E-001 -1.469571987956E+000  2.983737268309E+000  0.000000000000E+000  1.600950276441E+000
  8.655847621758E-001  7.153936002654E-001 -1.437651159498E+000  2.917833440351E+000  0.000000000000E+000  1.612595343212E+000
  8.765348876780E-001  6.998247610451E-001 -1.406058829323E+000  2.852639927146E+000  0.000000000000E+000  1.624466089962E+000
  8.876189255584E-001  6.844138556126E-001 -1.374798778025E+000  2.788164029366E+000  0.000000000000E+000  1.636568372246E+000
  8.988389008829E-001  6.691627997384E-001 -1.343874698224E+000  2.724412854269E+000  0.000000000000E+000  1.648908240377E+000
  9.101968783143E-001  6.540734677853E-001 -1.313290191712E+000  2.661393309842E+000  0.000000000000E+000  1.661491947284E+000
  9.216949630368E-001  6.391476912853E-001 -1.283048766576E+000  2.599112098944E+000  0.000000000000E+000  1.674325956743E+000
  9.333353017046E-001  6.243872575113E-001 -1.253153834331E+000  2.537575713437E+000  0.000000000000E+000  1.687416952011E+000
  9.451200834176E-001  6.097939080452E-001 -1.223608707048E+000  2.476790428323E+000  0.000000000000E+000  1.700771844859E+000
  9.570515407237E-001  5.953693373446E-001 -1.194416594486E+000  2.416762295892E+000  0.000000000000E+000  1.714397785063E+000
  9.691319506484E-001  5.811151913087E-001 -1.165580601230E+000  2.357497139881E+000  0.000000000000E+000  1.728302170347E+000
  9.813636357544E-001  5.670330658455E-001 -1.137103723843E+000  2.299000549663E+000  0.000000000000E+000  1.742492656817E+000
  9.937489652293E-001  5.531245054409E-001 -1.108988848027E+000  2.241277874472E+000  0.000000000000E+000  1.756977169920E+000
  1.006290356005E+000  5.393910017337E-001 -1.081238745806E+000  2.184334217660E+000  0.000000000000E+000  1.771763915941E+000
  1.018990273907E+000  5.258339920945E-001 -1.053856072729E+000  2.128174431015E+000  0.000000000000E+000  1.786861394086E+000
  1.031851234841E+000  5.124548582144E-001 -1.026843365098E+000  2.072803109134E+000  0.000000000000E+000  1.802278409176E+000
  1.044875806003E+000  4.992549247023E-001 -1.000203037231E+000  2.018224583862E+000  0.000000000000E+000  1.818024084985E+000
  1.058066607138E+000  4.862354576937E-001 -9.739373787521E-001  1.964442918821E+000  0.000000000000E+000  1.834107878269E+000
  1.071426311823E+000  4.733976634736E-001 -9.480485519244E-001  1.911461904014E+000  0.000000000000E+000  1.850539593523E+000
  1.084957648792E+000  4.607426871152E-001 -9.225385890283E-001  1.859285050544E+000  0.000000000000E+000  1.867329398502E+000
  1.098663403298E+000  4.482716111349E-001 -8.974093897842E-001  1.807915585433E+000  0.000000000000E+000  1.884487840564E+000
  1.112546418516E+000  4.359854541690E-001 -8.726627188306E-001  1.757356446566E+000  0.000000000000E+000  1.902025863880E+000
  1.126609596985E+000  4.238851696713E-001 -8.483002032591E-001  1.707610277777E+000  0.000000000000E+000  1.919954827556E+000
  1.140855902095E+000  4.119716446354E-001 -8.243233302132E-001  1.658679424065E+000  0.000000000000E+000  1.938286524739E+000
  1.155288359613E+000  4.002456983433E-001 -8.007334445549E-001  1.610565926980E+000  0.000000000000E+000  1.957033202753E+000
  1.169910059257E+000  3.887080811439E-001 -7.775317466050E-001  1.563271520176E+000  0.000000000000E+000  1.976207584334E+000
  1.184724156317E+000  3.773594732622E-001 -7.547192899618E-001  1.516797625141E+000  0.000000000000E+000  1.995822890042E+000
  1.199733873325E+000  3.662004836427E-001 -7.322969794046E-001  1.471145347130E+000  0.000000000000E+000  2.015892861907E+000
  1.214942501771E+000  3.552316488291E-001 -7.102655688864E-001  1.426315471298E+000  0.000000000000E+000  2.036431788405E+000
  1.230353403874E+000  3.444534318837E-001 -6.886256596221E-001  1.382308459057E+000  0.000000000000E+000  2.057454530837E+000
  1.245970014403E+000  3.338662213476E-001 -6.673776982775E-001  1.339124444670E+000  0.000000000000E+000  2.078976551208E+000
  1.261795842559E+000  3.234703302457E-001 -6.465219752647E-001  1.296763232087E+000  0.000000000000E+000  2.101013941706E+000
  1.277834473907E+000  3.132659951383E-001 -6.260586231493E-001  1.255224292043E+000  0.000000000000E+000  2.123583455877E+000
  1.294089572372E+000  3.032533752225E-001 -6.059876151761E-001  1.214506759430E+000  0.000000000000E+000  2.146702541615E+000
  1.310564882294E+000  2.934325514860E-001 -5.863087639171E-001  1.174609430956E+000  0.000000000000E+000  2.170389376097E+000
  1.327264230548E+000  2.838035259160E-001 -5.670217200495E-001  1.135530763103E+000  0.000000000000E+000  2.194662902769E+000
  1.344191528724E+000  2.743662207652E-001 -5.481259712676E-001  1.097268870398E+000  0.000000000000E+000  2.219542870551E+000
  1.361350775387E+000  2.651204778793E-001 -5.296208413351E-001  1.059821524011E+000  0.000000000000E+000  2.245049875391E+000
  1.378746058390E+000  2.560660580871E-001 -5.115054892830E-001  1.023186150691E+000  0.000000000000E+000  2.271205404345E+000
  1.396381557275E+000  2.472026406567E-001 -4.937789087581E-001  9.873598320525E-001  0.000000000000E+000  2.298031882348E+000
  1.414261545744E+000  2.385298228207E-001 -4.764399275283E-001  9.523393042256E-001  0.000000000000E+000  2.325552721868E+000
  1.432390394201E+000  2.300471193723E-001 -4.594872071489E-001  9.181209578807E-001  0.000000000000E+000  2.353792375653E+000
  1.450772572390E+000  2.217539623360E-001 -4.429192427950E-001  8.847008386403E-001  0.000000000000E+000  2.382776392781E+000
  1.469412652102E+000  2.136497007142E-001 -4.267343632661E-001  8.520746478867E-001  0.000000000000E+000  2.412531478257E+000
  1.488315309978E+000  2.057336003143E-001 -4.109307311649E-001  8.202377439779E-001  0.000000000000E+000  2.443085556416E+000
  1.507485330398E+000  1.980048436564E-001 -3.955063432583E-001  7.891851438808E-001  0.000000000000E+000  2.474467838402E+000
  1.526927608467E+000  1.904625299659E-001 -3.804590310216E-001  7.589115252295E-001  0.000000000000E+000  2.506708894029E+000
  1.546647153093E+000  1.831056752533E-001 -3.657864613714E-001  7.294112288193E-001  0.000000000000E+000  2.539840728353E+000
  1.566649090169E+000  1.759332124817E-001 -3.514861375912E-001  7.006782615417E-001  0.000000000000E+000  2.573896863297E+000
  1.586938665861E+000  1.689439918272E-001 -3.375554004517E-001  6.727062997692E-001  0.000000000000E+000  2.608912424730E+000
  1.607521250000E+000  1.621367810319E-001 -3.239914295311E-001  6.454886931930E-001  0.000000000000E+000  2.644924235389E+000
  1.628402339588E+000  1.555102658527E-001 -3.107912447353E-001  6.190184691213E-001  0.000000000000E+000  2.681970914124E+000
  1.649587562420E+000  1.490630506076E-001 -2.979517080230E-001  5.932883372399E-001  0.000000000000E+000  2.720092981931E+000
  1.671082680832E+000  1.427936588217E-001 -2.854695253363E-001  5.682906948378E-001  0.000000000000E+000  2.759332975325E+000
  1.692893595565E+000  1.367005339740E-001 -2.733412487390E-001  5.440176325008E-001  0.000000000000E+000  2.799735567617E+000
  1.715026349769E+000  1.307820403471E-001 -2.615632787633E-001  5.204609402713E-001  0.000000000000E+000  2.841347698738E+000
  1.737487133138E+000  1.250364639811E-001 -2.501318669660E-001  4.976121142746E-001  0.000000000000E+000  2.884218714290E+000
  1.760282286187E+000  1.194620137326E-001 -2.390431186952E-001  4.754623638094E-001  0.000000000000E+000  2.928400514574E+000
  1.783418304674E+000  1.140568224410E-001 -2.282929960661E-001  4.540026188971E-001  0.000000000000E+000  2.973947714425E+000
  1.806901844175E+000  1.088189482017E-001 -2.178773211459E-001  4.332235382874E-001  0.000000000000E+000  3.020917814725E+000
  1.830739724818E+000  1.037463757480E-001 -2.077917793471E-001  4.131155179107E-001  0.000000000000E+000  3.069371386596E+000
  1.854938936184E+000  9.883701794184E-002 -1.980319230272E-001  3.936686997722E-001  0.000000000000E+000  3.119372269321E+000
  1.879506642368E+000  9.408871737393E-002 -1.885931752923E-001  3.748729812750E-001  0.000000000000E+000  3.170987783178E+000
  1.904450187236E+000  8.949924807347E-002 -1.794708340032E-001  3.567180249643E-001  0.000000000000E+000  3.224288958452E+000
  1.929777099847E+000  8.506631732730E-002 -1.706600759790E-001  3.391932686772E-001  0.000000000000E+000  3.279350782051E+000
  1.955495100083E+000  8.078756760846E-002 -1.621559613965E-001  3.222879360861E-001  0.000000000000E+000  3.336252463248E+000
  1.981612104475E+000  7.666057861360E-002 -1.539534383799E-001  3.059910476191E-001  0.000000000000E+000  3.395077720253E+000
  2.008136232230E+000  7.268286940850E-002 -1.460473477761E-001  2.902914317402E-001  0.000000000000E+000  3.455915089482E+000
  2.035075811486E+000  6.885190068091E-002 -1.384324281115E-001  2.751777365714E-001  0.000000000000E+000  3.518858259558E+000
  2.062439385788E+000  6.516507709935E-002 -1.311033207222E-001  2.606384418354E-001  0.000000000000E+000  3.584006432318E+000
  2.090235720801E+000  6.161974977658E-002 -1.240545750546E-001  2.466618710988E-001  0.000000000000E+000  3.651464713299E+000
  2.118473811262E+000  5.821321883597E-002 -1.172806541260E-001  2.332362042927E-001  0.000000000000E+000  3.721344534463E+000
  2.147162888201E+000  5.494273607881E-002 -1.107759401407E-001  2.203494904854E-001  0.000000000000E+000  3.793764112182E+000
  2.176312426413E+000  5.180550775027E-002 -1.045347402522E-001  2.079896608841E-001  0.000000000000E+000  3.868848943849E+000
  2.205932152222E+000  4.879869740160E-002 -9.855129246426E-002  1.961445420375E-001  0.000000000000E+000  3.946732346817E+000
  2.236032051522E+000  4.591942884559E-002 -9.281977166109E-002  1.848018692130E-001  0.000000000000E+000  4.027556043778E+000
  2.266622378129E+000  4.316478920233E-002 -8.733429575871E-002  1.739492999193E-001  0.000000000000E+000  4.111470799163E+000
  2.297713662445E+000  4.053183203168E-002 -8.208893196701E-002  1.635744275470E-001  0.000000000000E+000  4.198637111590E+000
  2.329316720450E+000  3.801758054893E-002 -7.707770315324E-002  1.536647950954E-001  0.000000000000E+000  4.289225968033E+000
  2.361442663038E+000  3.561903091943E-002 -7.229459429637E-002  1.442079089575E-001  0.000000000000E+000  4.383419665938E+000
  2.394102905709E+000  3.333315562786E-002 -6.773355902190E-002  1.351912527307E-001  0.000000000000E+000  4.481412710287E+000
  2.427309178642E+000  3.115690691758E-002 -6.338852620619E-002  1.266023010237E-001  0.000000000000E+000  4.583412793379E+000
  2.461073537146E+000  2.908722029481E-002 -5.925340663916E-002  1.184285332285E-001  0.000000000000E+000  4.689641866024E+000
  2.495408372530E+000  2.712101809250E-002 -5.532209973395E-002  1.106574472261E-001  0.000000000000E+000  4.800337309863E+000
  2.530326423398E+000  2.525521308793E-002 -5.158850027190E-002  1.032765729960E-001  0.000000000000E+000  4.915753221682E+000
  2.565840787378E+000  2.348671216823E-002 -4.804650517103E-002  9.627348609855E-002  0.000000000000E+000  5.036161821912E+000
  2.601964933334E+000  2.181242003712E-002 -4.469002026587E-002  8.963582100171E-002  0.000000000000E+000  5.161855000983E+000
  2.638712714049E+000  2.022924295628E-002 -4.151296708659E-002  8.335128422167E-002  0.000000000000E+000  5.293146018908E+000
  2.676098379430E+000  1.873409251396E-002 -3.850928962486E-002  7.740766725043E-002  0.000000000000E+000  5.430371375369E+000
  2.714136590232E+000  1.732388941349E-002 -3.567296107411E-002  7.179285924253E-002  0.000000000000E+000  5.573892869803E+000
  2.752842432351E+000  1.599556727353E-002 -3.299799053134E-002  6.649485943496E-002  0.000000000000E+000  5.724099873445E+000
  2.792231431696E+000  1.474607643186E-002 -3.047842964791E-002  6.150178927529E-002  0.000000000000E+000  5.881411838180E+000
  2.832319569669E+000  1.357238774392E-002 -2.810837921622E-002  5.680190423458E-002  0.000000000000E+000  6.046281070286E+000
  2.873123299289E+000  1.247149636694E-002 -2.588199567930E-002  5.238360528250E-002  0.000000000000E+000  6.219195800924E+000
  2.914659561979E+000  1.144042552024E-002 -2.379349755016E-002  4.823545000412E-002  0.000000000000E+000  6.400683589504E+000
  2.956945805065E+000  1.047623021162E-002 -2.183717172757E-002  4.434616333889E-002  0.000000000000E+000  6.591315101028E+000
  3.000000000000E+000  9.576000919752E-003 -2.000737969478E-002  4.070464792398E-002  0.000000000000E+000  6.791708304172E+000
  3.043840661365E+000  8.736867221697E-003 -1.829856358755E-002  3.729999402552E-002  0.000000000000E+000  7.002533143460E+000
  3.088486866678E+000  7.956001354671E-003 -1.670525211766E-002  3.412148904295E-002  0.000000000000E+000  7.224516746491E+000
  3.133958277047E+000  7.230621700593E-003 -1.522206633795E-002  3.115862657276E-002  0.000000000000E+000  7.458449235941E+000
  3.180275158719E+000  6.557996181765E-003 -1.384372523452E-002  2.840111501950E-002  0.000000000000E+000  7.705190226309E+000
  3.227458405560E+000  5.935445555703E-003 -1.256505113175E-002  2.583888574300E-002  0.000000000000E+000  7.965676097230E+000
  3.275529562509E+000  5.360346596886E-003 -1.138097489540E-002  2.346210073179E-002  0.000000000000E+000  8.240928149002E+000
  3.324510850077E+000  4.830135153006E-003 -1.028654091878E-002  2.126115979379E-002  0.000000000000E+000  8.532061762123E+000
  3.374425189910E+000  4.342309063142E-003 -9.276911876846E-003  1.922670725594E-002  0.000000000000E+000  8.840296701530E+000
  3.425296231502E+000  3.894430925198E-003 -8.347373232791E-003  1.734963816510E-002  0.000000000000E+000  9.166968728334E+000
  3.477148380094E+000  3.484130699937E-003 -7.493337481453E-003  1.562110398311E-002  0.000000000000E+000  9.513542707895E+000
  3.530006825834E+000  3.109108139015E-003 -6.710348113701E-003  1.403251776871E-002  0.000000000000E+000  9.881627433673E+000
  3.583897574256E+000  2.767135024585E-003 -5.994083285857E-003  1.257555883964E-002  0.000000000000E+000  1.027299242245E+001
  3.638847478148E+000  2.456057208312E-003 -5.340359178120E-003  1.124217690751E-002  0.000000000000E+000  1.068958697930E+001
  3.694884270887E+000  2.173796438038E-003 -4.745133025989E-003  1.002459567822E-002  0.000000000000E+000  1.113356188130E+001
  3.752036601308E+000  1.918351960834E-003 -4.204505808840E-003  8.915315909994E-003  0.000000000000E+000  1.160729408943E+001
  3.810334070199E+000  1.687801891856E-003 -3.714724580060E-003  7.907117920637E-003  0.000000000000E+000  1.211341496984E+001
  3.869807268505E+000  1.480304339188E-003 -3.272184423611E-003  6.993063535207E-003  0.000000000000E+000  1.265484259149E+001
  3.930487817331E+000  1.294098275842E-003 -2.873430022494E-003  6.166497464498E-003  0.000000000000E+000  1.323481877038E+001
  3.992408409843E+000  1.127504151173E-003 -2.515156825445E-003  5.421048104366E-003  0.000000000000E+000  1.385695165376E+001
  4.055602855172E+000  9.789242352628E-004 -2.194211799246E-003  4.750627745503E-003  0.000000000000E+000  1.452526478739E+001
  4.120106124432E+000  8.468426912599E-004 -1.907593755410E-003  4.149432183025E-003  0.000000000000E+000  1.524425378828E+001
  4.185954398964E+000  7.298253722767E-004 -1.652453241590E-003  3.611939715337E-003  0.000000000000E+000  1.601895196447E+001
  4.253185120935E+000  6.265193412200E-004 -1.426091990004E-003  3.132909522130E-003  0.000000000000E+000  1.685500648836E+001
  4.321837046422E+000  5.356521138399E-004 -1.225961917406E-003  2.707379412150E-003  0.000000000000E+000  1.775876705439E+001
  4.391950301120E+000  4.560306273516E-004 -1.049663673676E-003  2.330662932722E-003  0.000000000000E+000  1.873738934816E+001
  4.463566438835E+000  3.865399391579E-004 -8.949447389915E-004  1.998345834813E-003  0.000000000000E+000  1.979895614099E+001
  4.536728502895E+000  3.261416624831E-004 -7.596970727062E-004  1.706281889905E-003  0.000000000000E+000  2.095261942391E+001
  4.611481090679E+000  2.738721480735E-004 -6.419543205331E-004  1.450588058024E-003  0.000000000000E+000  2.220876773672E+001
  4.687870421430E+000  2.288404235168E-004 -5.398885903589E-004  1.227639010055E-003  0.000000000000E+000  2.357922376857E+001
  4.765944407533E+000  1.902259041176E-004 -4.518068109405E-004  1.034061011904E-003  0.000000000000E+000  2.507747845316E+001
  4.845752729492E+000  1.572758916280E-004 -3.761466918434E-004  8.667251831875E-004  0.000000000000E+000  2.671896921535E+001
  4.927346914797E+000  1.293028794035E-004 -3.114723071773E-004  7.227401488407E-004  0.000000000000E+000  2.852141182529E+001
  5.010780420931E+000  1.056816847001E-004 -2.564693299017E-004  5.994441082882E-004  0.000000000000E+000  3.050519758368E+001
  5.096108722763E+000  8.584643079565E-005 -2.099399476389E-004  4.943963535491E-004  0.000000000000E+000  3.269387042910E+001
  5.183389404586E+000  6.928740335950E-005 -1.707974949282E-004  4.053682746464E-004  0.000000000000E+000  3.511470220066E+001
  5.272682257105E+000  5.554780695682E-005 -1.380608406049E-004  3.303338978849E-004  0.000000000000E+000  3.779938893234E+001
  5.364049379651E+000  4.422044871634E-005 -1.108485723744E-004  2.674600097153E-004  0.000000000000E+000  4.078489699945E+001
  5.457555287978E+000  3.494437696482E-005 -8.837302357171E-005  2.150959258366E-004  0.000000000000E+000  4.411449557524E+001
  5.553267027968E+000  2.740150300564E-005 -6.993418945122E-005  1.717629716845E-004  0.000000000000E+000  4.783902170744E+001
  5.651254295630E+000  2.131323416103E-005 -5.491358204312E-005  1.361437462787E-004  0.000000000000E+000  5.201843707707E+001
  5.751589563796E+000  1.643714568909E-005 -4.276807355690E-005  1.070712463332E-004  0.000000000000E+000  5.672375206307E+001
  5.854348215936E+000  1.256371821761E-005 -3.302377843693E-005  8.351793134986E-005  0.000000000000E+000  6.203941430471E+001
  5.959608687557E+000  9.513165910993E-006 -2.527002343261E-005  6.458481291898E-005  0.000000000000E+000  6.806628710357E+001
  6.067452615683E+000  7.132378720057E-006 -1.915345340596E-005  4.949065246216E-005  0.000000000000E+000  7.492537979356E+001
  6.177964996951E+000  5.291999786582E-006 -1.437231805982E-005  3.756135104757E-005  0.000000000000E+000  8.276254027652E+001
  6.291234354880E+000  3.883656429518E-006 -1.067098135841E-005  2.821961258845E-005  0.000000000000E+000  9.175438261105E+001
  6.407352916949E+000  2.817360183636E-006 -7.834691182768E-006  2.097495767978E-005  0.000000000000E+000  1.021158039099E+002
  6.526416802128E+000  2.019088163082E-006 -5.684641803615E-006  1.541415956061E-005  0.000000000000E+000  1.141095494645E+002
  6.648526219580E+000  1.428554660304E-006 -4.073356177340E-006  1.119216630841E-005  0.000000000000E+000  1.280584175415E+002
  6.773785679311E+000  9.971784516274E-007 -2.880409017714E-006  8.023564537490E-006  0.000000000000E+000  1.443608586439E+002
  6.902304215570E+000  6.862478554942E-007 -2.008505228575E-006  5.674629810691E-006  0.000000000000E+000  1.635109159921E+002
  7.034195623922E+000  4.652822706310E-007 -1.379921779646E-006  3.955997963274E-006  0.000000000000E+000  1.861236597541E+002
  7.169578712934E+000  3.105857991803E-007 -9.333146561311E-007  2.715979908617E-006  0.000000000000E+000  2.129674446871E+002
  7.308577571516E+000  2.039857181412E-007 -6.208863022717E-007  1.834530609563E-006  0.000000000000E+000  2.450043701610E+002
  7.451321853057E+000  1.317460750913E-007 -4.059031916233E-007  1.217871137714E-006  0.000000000000E+000  2.834400328359E+002
  7.597947077547E+000  8.364461156247E-008 -2.605479595999E-007  7.937514873833E-007  0.000000000000E+000  3.297826184972E+002
  7.748594953021E+000  5.219960358940E-008 -1.640860701217E-007  5.073314248096E-007  0.000000000000E+000  3.859088010897E+002
  7.903413717736E+000  3.203207921179E-008 -1.013233708006E-007  3.176474634796E-007  0.000000000000E+000  4.541284480276E+002
  8.062558504629E+000  1.934823260428E-008 -6.132819615777E-008  1.946263359293E-007  0.000000000000E+000  5.372296640437E+002
  8.226191729726E+000  1.152668948330E-008 -3.638994170498E-008  1.165992855240E-007  0.000000000000E+000  6.384676348608E+002
  8.394483506327E+000  6.795554832442E-009 -2.118524702511E-008  6.826725317570E-008  0.000000000000E+000  7.614337298672E+002
  8.567612086926E+000  3.984841085486E-009 -1.212304572962E-008  3.906462261315E-008  0.000000000000E+000  9.097109370417E+002
  8.745764335025E+000  2.340868067180E-009 -6.840678936917E-009  2.186856577827E-008  0.000000000000E+000  1.086212440448E+003
  8.929136229160E+000  1.390470573194E-009 -3.824909103026E-009  1.200206709463E-008  0.000000000000E+000  1.292170486716E+003
  9.117933401693E+000  8.442653887424E-010 -2.133870654294E-009  6.481199565032E-009  0.000000000000E+000  1.525975015645E+003
  9.312371715124E+000  5.297360936514E-010 -1.198595742268E-009  3.460917318357E-009  0.000000000000E+000  1.782463163059E+003
  9.512677878945E+000  3.464145534465E-010 -6.855952909563E-010  1.838219847236E-009  0.000000000000E+000  2.053564628213E+003
  9.719090110332E+000  2.369043144642E-010 -4.049000325623E-010  9.767159282496E-010  0.000000000000E+000  2.330859494908E+003
  9.931858842267E+000  1.688468231328E-010 -2.508304605612E-010  5.220561690402E-010  0.000000000000E+000  2.609412791464E+003
  1.015124748302E+001  1.241344031698E-010 -1.654477230591E-010  2.831212076794E-010  0.000000000000E+000  2.891188213506E+003
  1.037753323129E+001  9.269768006593E-011 -1.170464231582E-010  1.589967051375E-010  0.000000000000E+000  3.186770560559E+003
  1.061100795175E+001  6.902849664416E-011 -8.812304605097E-011  9.643816493493E-011  0.000000000000E+000  3.515854925801E+003
  1.085197911611E+001  5.024527396778E-011 -6.895964999632E-011  6.659051353202E-011  0.000000000000E+000  3.908487062224E+003
  1.110077081537E+001  3.498094972894E-011 -5.430011484411E-011  5.310400122476E-011  0.000000000000E+000  4.409911623640E+003
  1.135772484956E+001  2.269743228864E-011 -4.158900924979E-011  4.646309511664E-011  0.000000000000E+000  5.093873729671E+003
  1.162320190175E+001  1.323346822384E-011 -2.993312894556E-011  4.135324436969E-011  0.000000000000E+000  6.097463256811E+003
  1.189758280382E+001  6.505144391238E-012 -1.938686837378E-011  3.530547123496E-011  0.000000000000E+000  7.726001200718E+003
  1.218126990242E+001  2.328719809201E-012 -1.041346170028E-011  2.777994152521E-011  0.000000000000E+000  1.088097984215E+004
  1.247468853413E+001  3.490385292027E-013 -3.491792073921E-012  1.938777299921E-011  0.000000000000E+000  0.000000000000E+000
  1.277828862002E+001  5.292316408044E-014  1.126728223233E-012  1.121492088147E-011  0.000000000000E+000  0.000000000000E+000
  1.309254639077E+001  8.391517782091E-013  3.514440598910E-012  4.301193695147E-012  0.000000000000E+000  0.000000000000E+000
  1.341796625462E+001  2.112537512763E-012  4.041609731788E-012 -6.788287912534E-013  0.000000000000E+000  1.124015435114E+004
  1.375508282195E+001  3.372055857215E-012  3.270962847345E-012 -3.529647733062E-012  0.000000000000E+000  9.617794606825E+003
  1.410446310162E+001  4.271210960051E-012  1.821310314971E-012 -4.483834309320E-012  0.000000000000E+000  8.889078554323E+003
  1.446670888596E+001  4.640254520387E-012  2.430319052505E-013 -4.052151190904E-012  0.000000000000E+000  8.646887674614E+003
  1.484245934302E+001  4.471275248838E-012 -1.066159714208E-012 -2.844111560797E-012  0.000000000000E+000  8.754471832418E+003
  1.523239383723E+001  3.875895557502E-012 -1.894198752247E-012 -1.413863136868E-012  0.000000000000E+000  9.181558302718E+003
  1.563723500136E+001  3.029832562081E-012 -2.200913851829E-012 -1.626896195066E-013  0.000000000000E+000  9.967070771729E+003
  1.605775208607E+001  2.118712806126E-012 -2.072338382152E-012  6.947162229867E-013  0.000000000000E+000  1.122922337517E+004
  1.649476461582E+001  1.296193322576E-012 -1.661746093418E-012  1.111455166664E-012  0.000000000000E+000  1.322768441381E+004
  1.694914638379E+001  6.602090182697E-013 -1.134277631547E-012  1.158078223382E-012  0.000000000000E+000  0.000000000000E+000
  1.742182982203E+001  2.477373403230E-013 -6.265380299242E-013  9.629325634240E-013  0.000000000000E+000  0.000000000000E+000
  1.791381078784E+001  4.421677248086E-014 -2.257616915629E-013  6.605567289756E-013  0.000000000000E+000  0.000000000000E+000
  1.842615381215E+001  1.445836586742E-015  3.285620006008E-014  3.577113704614E-013  0.000000000000E+000  0.000000000000E+000
  1.895999786176E+001  5.752235913024E-014  1.559684466720E-013  1.189439317946E-013  0.000000000000E+000  0.000000000000E+000
  1.951656267356E+001  1.537202307696E-013  1.757440783868E-013 -3.200177266205E-014  0.000000000000E+000  0.000000000000E+000
  2.009715572669E+001  2.453974708965E-013  1.334079738267E-013 -1.013099255545E-013  0.000000000000E+000  0.000000000000E+000
  2.070317992707E+001  3.063075699281E-013  6.666509703200E-014 -1.111884663675E-013  0.000000000000E+000  0.000000000000E+000
  2.133614208874E+001  3.274493682479E-013  2.659577693312E-015 -8.769835241504E-014  0.000000000000E+000  0.000000000000E+000
  2.199766230782E+001  3.125370963544E-013 -4.386493188607E-014 -5.275290084058E-014  0.000000000000E+000  0.000000000000E+000
  2.268948433818E+001  2.723017993237E-013 -6.873796394642E-014 -2.063059028829E-014  0.000000000000E+000  0.000000000000E+000
  2.341348709294E+001  2.193653616077E-013 -7.476388321891E-014  2.014891840281E-015  0.000000000000E+000  0.000000000000E+000
  2.417169741362E+001  1.646742525304E-013 -6.796954355165E-014  1.418745540851E-014  0.000000000000E+000  0.000000000000E+000
  2.496630426925E+001  1.157357254391E-013 -5.470706613032E-014  1.803499785469E-014  0.000000000000E+000  0.000000000000E+000
  2.579967457140E+001  7.636092035244E-014 -3.997845720544E-014  1.672270289007E-014  0.000000000000E+000  0.000000000000E+000
  2.667437081864E+001  4.735962206884E-014 -2.686787000217E-014  1.308994554131E-014  0.000000000000E+000  0.000000000000E+000
  2.759317081651E+001  2.761834430390E-014 -1.672074943939E-014  9.077853901185E-015  0.000000000000E+000  0.000000000000E+000
  2.855908975674E+001  1.513555115714E-014 -9.670241036688E-015  5.697727898055E-015  0.000000000000E+000  0.000000000000E+000
  2.957540498378E+001  7.785141475928E-015 -5.204897129430E-015  3.271050965104E-015  0.000000000000E+000  0.000000000000E+000
  3.064568382919E+001  3.751384349169E-015 -2.607267549461E-015  1.726704152374E-015  0.000000000000E+000  0.000000000000E+000
  3.177381495601E+001  1.689328340303E-015 -1.214165079397E-015  8.398656774369E-016  0.000000000000E+000  0.000000000000E+000
  3.296404372807E+001  7.087950945902E-016 -5.245634403847E-016  3.764369837281E-016  0.000000000000E+000  0.000000000000E+000
  3.422101220608E+001  2.761211400400E-016 -2.097079626737E-016  1.553415308371E-016  0.000000000000E+000  0.000000000000E+000
  3.554980447538E+001  9.946210909493E-017 -7.728545130817E-017  5.883159188417E-017  0.000000000000E+000  0.000000000000E+000
  3.695599813319E+001  3.296757689982E-017 -2.614423633988E-017  2.038387715944E-017  0.000000000000E+000  0.000000000000E+000
  3.844572291106E+001  1.000360857717E-017 -8.080111134941E-018  6.434892999748E-018  0.000000000000E+000  0.000000000000E+000
  4.002572758518E+001  2.761728710408E-018 -2.267875375362E-018  1.840438884477E-018  0.000000000000E+000  0.000000000000E+000
  4.170345654134E+001  6.890115291227E-019 -5.743367088178E-019  4.740105050340E-019  0.000000000000E+000  0.000000000000E+000
  4.348713762001E+001  1.541630330631E-019 -1.302667252819E-019  1.091542453157E-019  0.000000000000E+000  0.000000000000E+000
  4.538588318162E+001  2.519173113350E-020 -2.076159921629E-020  1.681224772162E-020  0.000000000000E+000  0.000000000000E+000
  4.740980671574E+001  4.650092792140E-021 -1.136415936716E-020  1.055347006124E-020  0.000000000000E+000  0.000000000000E+000
  4.957015778746E+001  1.652810409073E-021 -3.103768181957E-022 -2.062681864579E-021  0.000000000000E+000  0.000000000000E+000
  5.187947869225E+001  0.000000000000E+000  2.156037193783E-022  4.912629472856E-022  0.000000000000E+000  0.000000000000E+000
  5.435178690397E+001  5.873918485288E-023 -5.441629589567E-023  0.000000000000E+000  0.000000000000E+000  0.000000000000E+000
  5.700278828629E+001  0.000000000000E+000  0.000000000000E+000  0.000000000000E+000  0.000000000000E+000  0.000000000000E+000
  5.985012714155E+001  0.000000000000E+000  0.000000000000E+000  0.000000000000E+000  0.000000000000E+000  0.000000000000E+000
  6.291368055481E+001  0.000000000000E+000  0.000000000000E+000  0.000000000000E+000  0.000000000000E+000  0.000000000000E+000
  6.621590623276E+001  0.000000000000E+000  0.000000000000E+000  0.000000000000E+000  0.000000000000E+000  0.000000000000E+000
  6.978225524452E+001  0.000000000000E+000  0.000000000000E+000  0.000000000000E+000  0.000000000000E+000  0.000000000000E+000
  7.364166388185E+001  0.000000000000E+000  0.000000000000E+000  0.000000000000E+000  0.000000000000E+000  0.000000000000E+000
  7.782714245929E+001  0.000000000000E+000  0.000000000000E+000  0.000000000000E+000  0.000000000000E+000  0.000000000000E+000
  8.237648351994E+001  0.000000000000E+000  0.000000000000E+000  0.000000000000E+000  0.000000000000E+000  0.000000000000E+000
  8.733311794502E+001  0.000000000000E+000  0.000000000000E+000  0.000000000000E+000  0.000000000000E+000  0.000000000000E+000
  9.274715535088E+001  0.000000000000E+000  0.000000000000E+000  0.000000000000E+000  0.000000000000E+000  0.000000000000E+000
  9.867665554529E+001  0.000000000000E+000  0.000000000000E+000  0.000000000000E+000  0.000000000000E+000  0.000000000000E+000
  1.051891916055E+002  0.000000000000E+000  0.000000000000E+000  0.000000000000E+000  0.000000000000E+000  0.000000000000E+000
  1.123637836013E+002  0.000000000000E+000  0.000000000000E+000  0.000000000000E+000  0.000000000000E+000  0.000000000000E+000
  1.202933069206E+002  0.000000000000E+000  0.000000000000E+000  0.000000000000E+000  0.000000000000E+000  0.000000000000E+000
  1.290875131414E+002  0.000000000000E+000  0.000000000000E+000  0.000000000000E+000  0.000000000000E+000  0.000000000000E+000
  1.388768482001E+002  0.000000000000E+000  0.000000000000E+000  0.000000000000E+000  0.000000000000E+000  0.000000000000E+000
  1.498173177370E+002  0.000000000000E+000  0.000000000000E+000  0.000000000000E+000  0.000000000000E+000  0.000000000000E+000
  1.620967411853E+002  0.000000000000E+000  0.000000000000E+000  0.000000000000E+000  0.000000000000E+000  0.000000000000E+000
  1.759428668168E+002  0.000000000000E+000  0.000000000000E+000  0.000000000000E+000  0.000000000000E+000  0.000000000000E+000
  1.916340085825E+002  0.000000000000E+000  0.000000000000E+000  0.000000000000E+000  0.000000000000E+000  0.000000000000E+000
  2.095131417987E+002  0.000000000000E+000  0.000000000000E+000  0.000000000000E+000  0.000000000000E+000  0.000000000000E+000
  2.300068054477E+002  0.000000000000E+000  0.000000000000E+000  0.000000000000E+000  0.000000000000E+000  0.000000000000E+000
  2.536507797910E+002  0.000000000000E+000  0.000000000000E+000  0.000000000000E+000  0.000000000000E+000  0.000000000000E+000
  2.811254638474E+002  0.000000000000E+000  0.000000000000E+000  0.000000000000E+000  0.000000000000E+000  0.000000000000E+000
  3.133053780630E+002  0.000000000000E+000  0.000000000000E+000  0.000000000000E+000  0.000000000000E+000  0.000000000000E+000
  3.513296254502E+002  0.000000000000E+000  0.000000000000E+000  0.000000000000E+000  0.000000000000E+000  0.000000000000E+000
  3.967041014107E+002  0.000000000000E+000  0.000000000000E+000  0.000000000000E+000  0.000000000000E+000  0.000000000000E+000
  4.514529193350E+002  0.000000000000E+000  0.000000000000E+000  0.000000000000E+000  0.000000000000E+000  0.000000000000E+000
  5.183481233601E+002  0.000000000000E+000  0.000000000000E+000  0.000000000000E+000  0.000000000000E+000  0.000000000000E+000
  6.012676077950E+002  0.000000000000E+000  0.000000000000E+000  0.000000000000E+000  0.000000000000E+000  0.000000000000E+000
  7.057700503752E+002  0.000000000000E+000  0.000000000000E+000  0.000000000000E+000  0.000000000000E+000  0.000000000000E+000
  8.400513767914E+002  0.000000000000E+000  0.000000000000E+000  0.000000000000E+000  0.000000000000E+000  0.000000000000E+000
  1.016602135495E+003  0.000000000000E+000  0.000000000000E+000  0.000000000000E+000  0.000000000000E+000  0.000000000000E+000
  1.255220715579E+003  0.000000000000E+000  0.000000000000E+000  0.000000000000E+000  0.000000000000E+000  0.000000000000E+000
  1.588815776243E+003  0.000000000000E+000  0.000000000000E+000  0.000000000000E+000  0.000000000000E+000  0.000000000000E+000
  2.075392011604E+003  0.000000000000E+000  0.000000000000E+000  0.000000000000E+000  0.000000000000E+000  0.000000000000E+000
  2.825079847528E+003  0.000000000000E+000  0.000000000000E+000  0.000000000000E+000  0.000000000000E+000  0.000000000000E+000
  4.068408296183E+003  0.000000000000E+000  0.000000000000E+000  0.000000000000E+000  0.000000000000E+000  0.000000000000E+000
  6.357262947672E+003  0.000000000000E+000  0.000000000000E+000  0.000000000000E+000  0.000000000000E+000  0.000000000000E+000
  1.130231930164E+004  0.000000000000E+000  0.000000000000E+000  0.000000000000E+000  0.000000000000E+000  0.000000000000E+000
  2.543105175136E+004  0.000000000000E+000  0.000000000000E+000  0.000000000000E+000  0.000000000000E+000  0.000000000000E+000
  1.017262069952E+005  0.000000000000E+000  0.000000000000E+000  0.000000000000E+000  0.000000000000E+000  0.000000000000E+000
