# 1st line: number of mesh points
# rho and r_seitz are calculated from total density
# zeta and r_seitz only correct of rho > 1d-12

# abcissa rho drho ddrho zeta r_seitz
500
  9.830308526563E-006  3.972445688703E+003 -6.432016752333E+004  1.061145274835E+006  0.000000000000E+000  9.106561582500E-002
  3.932200719722E-005  3.970549239099E+003 -6.428888030118E+004  1.060619439864E+006  0.000000000000E+000  9.108011204473E-002
  8.847741541467E-005  3.967390373954E+003 -6.423676664898E+004  1.059743592896E+006  0.000000000000E+000  9.110427851514E-002
  1.573003992805E-004  3.962971916824E+003 -6.416387409662E+004  1.058518550077E+006  0.000000000000E+000  9.113812439712E-002
  2.457963722418E-004  3.957297815217E+003 -6.407026909164E+004  1.056945452357E+006  0.000000000000E+000  9.118166252517E-002
  3.539722959954E-004  3.950373135131E+003 -6.395603690511E+004  1.055025763832E+006  0.000000000000E+000  9.123490941662E-002
  4.818366816529E-004  3.942204054056E+003 -6.382128151092E+004  1.052761269629E+006  0.000000000000E+000  9.129788528354E-002
  6.293995911626E-004  3.932797852439E+003 -6.366612543878E+004  1.050154073320E+006  0.000000000000E+000  9.137061404731E-002
  7.966726389935E-004  3.922162903637E+003 -6.349070960097E+004  1.047206593882E+006  0.000000000000E+000  9.145312335591E-002
  9.836689940782E-004  3.910308662370E+003 -6.329519309342E+004  1.043921562203E+006  0.000000000000E+000  9.154544460386E-002
  1.190403382016E-003  3.897245651698E+003 -6.307975297133E+004  1.040302017142E+006  0.000000000000E+000  9.164761295493E-002
  1.416892087541E-003  3.882985448549E+003 -6.284458399978E+004  1.036351301153E+006  0.000000000000E+000  9.175966736763E-002
  1.663152957245E-003  3.867540667809E+003 -6.258989837975E+004  1.032073055471E+006  0.000000000000E+000  9.188165062338E-002
  1.929205402573E-003  3.850924945021E+003 -6.231592545012E+004  1.027471214886E+006  0.000000000000E+000  9.201360935762E-002
  2.215070403073E-003  3.833152917710E+003 -6.202291136612E+004  1.022550002101E+006  0.000000000000E+000  9.215559409366E-002
  2.520770509919E-003  3.814240205373E+003 -6.171111875489E+004  1.017313921683E+006  0.000000000000E+000  9.230765927953E-002
  2.846329849692E-003  3.794203388169E+003 -6.138082634862E+004  1.011767753637E+006  0.000000000000E+000  9.246986332763E-002
  3.191774128432E-003  3.773059984346E+003 -6.103232859620E+004  1.005916546588E+006  0.000000000000E+000  9.264226865744E-002
  3.557130635959E-003  3.750828426442E+003 -6.066593525375E+004  9.997656106043E+005  0.000000000000E+000  9.282494174121E-002
  3.942428250463E-003  3.727528036304E+003 -6.028197095509E+004  9.933205096695E+005  0.000000000000E+000  9.301795315275E-002
  4.347697443358E-003  3.703178998978E+003 -5.988077476269E+004  9.865870538120E+005  0.000000000000E+000  9.322137761928E-002
  4.772970284417E-003  3.677802335492E+003 -5.946269969998E+004  9.795712909121E+005  0.000000000000E+000  9.343529407657E-002
  5.218280447175E-003  3.651419874609E+003 -5.902811226594E+004  9.722794982006E+005  0.000000000000E+000  9.365978572718E-002
  5.683663214611E-003  3.624054223574E+003 -5.857739193272E+004  9.647181734626E+005  0.000000000000E+000  9.389494010215E-002
  6.169155485101E-003  3.595728737925E+003 -5.811093062723E+004  9.568940259647E+005  0.000000000000E+000  9.414084912597E-002
  6.674795778653E-003  3.566467490407E+003 -5.762913219763E+004  9.488139671208E+005  0.000000000000E+000  9.439760918503E-002
  7.200624243425E-003  3.536295239050E+003 -5.713241186569E+004  9.404851009135E+005  0.000000000000E+000  9.466532119962E-002
  7.746682662519E-003  3.505237394462E+003 -5.662119566593E+004  9.319147140894E+005  0.000000000000E+000  9.494409069949E-002
  8.313014461060E-003  3.473319986399E+003 -5.609591987258E+004  9.231102661450E+005  0.000000000000E+000  9.523402790317E-002
  8.899664713569E-003  3.440569629664E+003 -5.555703041532E+004  9.140793791210E+005  0.000000000000E+000  9.553524780100E-002
  9.506680151615E-003  3.407013489391E+003 -5.500498228492E+004  9.048298272246E+005  0.000000000000E+000  9.584787024209E-002
  1.013410917176E-002  3.372679245788E+003 -5.444023892965E+004  8.953695262970E+005  0.000000000000E+000  9.617202002522E-002
  1.078200184380E-002  3.337595058375E+003 -5.386327164368E+004  8.857065231455E+005  0.000000000000E+000  9.650782699386E-002
  1.145040991929E-002  3.301789529799E+003 -5.327455894848E+004  8.758489847582E+005  0.000000000000E+000  9.685542613532E-002
  1.213938684040E-002  3.265291669276E+003 -5.267458596816E+004  8.658051874221E+005  0.000000000000E+000  9.721495768426E-002
  1.284898774901E-002  3.228130855723E+003 -5.206384380003E+004  8.555835057617E+005  0.000000000000E+000  9.758656723056E-002
  1.357926949620E-002  3.190336800644E+003 -5.144282888131E+004  8.451924017181E+005  0.000000000000E+000  9.797040583177E-002
  1.433029065191E-002  3.151939510829E+003 -5.081204235307E+004  8.346404134876E+005  0.000000000000E+000  9.836663013020E-002
  1.510211151509E-002  3.112969250925E+003 -5.017198942262E+004  8.239361444398E+005  0.000000000000E+000  9.877540247481E-002
  1.589479412397E-002  3.073456505952E+003 -4.952317872515E+004  8.130882520317E+005  0.000000000000E+000  9.919689104810E-002
  1.670840226680E-002  3.033431943807E+003 -4.886612168602E+004  8.021054367398E+005  0.000000000000E+000  9.963126999797E-002
  1.754300149280E-002  2.992926377832E+003 -4.820133188443E+004  7.909964310268E+005  0.000000000000E+000  1.000787195749E-001
  1.839865912351E-002  2.951970729502E+003 -4.752932441979E+004  7.797699883619E+005  0.000000000000E+000  1.005394262745E-001
  1.927544426443E-002  2.910595991292E+003 -4.685061528160E+004  7.684348723132E+005  0.000000000000E+000  1.010135829856E-001
  2.017342781695E-002  2.868833189774E+003 -4.616572072411E+004  7.569998457307E+005  0.000000000000E+000  1.015013891441E-001
  2.109268249069E-002  2.826713349020E+003 -4.547515664646E+004  7.454736600365E+005  0.000000000000E+000  1.020030508927E-001
  2.203328281612E-002  2.784267454351E+003 -4.477943797954E+004  7.338650446404E+005  0.000000000000E+000  1.025187812465E-001
  2.299530515754E-002  2.741526416498E+003 -4.407907808048E+004  7.221826964977E+005  0.000000000000E+000  1.030488002654E-001
  2.397882772639E-002  2.698521036224E+003 -4.337458813559E+004  7.104352698257E+005  0.000000000000E+000  1.035933352322E-001
  2.498393059493E-002  2.655281969467E+003 -4.266647657283E+004  6.986313659953E+005  0.000000000000E+000  1.041526208382E-001
  2.601069571024E-002  2.611839693049E+003 -4.195524848464E+004  6.867795236133E+005  0.000000000000E+000  1.047268993748E-001
  2.705920690860E-002  2.568224471006E+003 -4.124140506195E+004  6.748882088102E+005  0.000000000000E+000  1.053164209331E-001
  2.812954993023E-002  2.524466321593E+003 -4.052544304032E+004  6.629658057485E+005  0.000000000000E+000  1.059214436099E-001
  2.922181243436E-002  2.480594984993E+003 -3.980785415893E+004  6.510206073662E+005  0.000000000000E+000  1.065422337219E-001
  3.033608401473E-002  2.436639891805E+003 -3.908912463324E+004  6.390608063674E+005  0.000000000000E+000  1.071790660274E-001
  3.147245621542E-002  2.392630132325E+003 -3.836973464205E+004  6.270944864744E+005  0.000000000000E+000  1.078322239559E-001
  3.263102254705E-002  2.348594426687E+003 -3.765015782968E+004  6.151296139535E+005  0.000000000000E+000  1.085019998463E-001
  3.381187850339E-002  2.304561095884E+003 -3.693086082395E+004  6.031740294248E+005  0.000000000000E+000  1.091886951935E-001
  3.501512157837E-002  2.260558033720E+003 -3.621230277058E+004  5.912354399681E+005  0.000000000000E+000  1.098926209032E-001
  3.624085128345E-002  2.216612679727E+003 -3.549493488463E+004  5.793214115354E+005  0.000000000000E+000  1.106140975569E-001
  3.748916916538E-002  2.172751993077E+003 -3.477920001955E+004  5.674393616783E+005  0.000000000000E+000  1.113534556851E-001
  3.876017882444E-002  2.129002427521E+003 -3.406553225432E+004  5.555965526003E+005  0.000000000000E+000  1.121110360510E-001
  4.005398593302E-002  2.085389907388E+003 -3.335435649921E+004  5.438000845416E+005  0.000000000000E+000  1.128871899433E-001
  4.137069825459E-002  2.041939804672E+003 -3.264608812059E+004  5.320568895037E+005  0.000000000000E+000  1.136822794801E-001
  4.271042566323E-002  1.998676917223E+003 -3.194113258519E+004  5.203737253205E+005  0.000000000000E+000  1.144966779220E-001
  4.407328016341E-002  1.955625448074E+003 -3.123988512411E+004  5.087571700820E+005  0.000000000000E+000  1.153307699978E-001
  4.545937591035E-002  1.912808985920E+003 -3.054273041703E+004  4.972136169152E+005  0.000000000000E+000  1.161849522395E-001
  4.686882923075E-002  1.870250486771E+003 -2.985004229675E+004  4.857492691267E+005  0.000000000000E+000  1.170596333297E-001
  4.830175864396E-002  1.827972256780E+003 -2.916218347438E+004  4.743701357106E+005  0.000000000000E+000  1.179552344608E-001
  4.975828488365E-002  1.785995936284E+003 -2.847950528533E+004  4.630820272248E+005  0.000000000000E+000  1.188721897054E-001
  5.123853091993E-002  1.744342485042E+003 -2.780234745625E+004  4.518905520366E+005  0.000000000000E+000  1.198109464002E-001
  5.274262198188E-002  1.703032168693E+003 -2.713103789305E+004  4.408011129403E+005  0.000000000000E+000  1.207719655414E-001
  5.427068558066E-002  1.662084546441E+003 -2.646589249004E+004  4.298189041458E+005  0.000000000000E+000  1.217557221939E-001
  5.582285153302E-002  1.621518459962E+003 -2.580721496014E+004  4.189489086394E+005  0.000000000000E+000  1.227627059131E-001
  5.739925198530E-002  1.581352023535E+003 -2.515529668628E+004  4.081958959142E+005  0.000000000000E+000  1.237934211810E-001
  5.900002143803E-002  1.541602615404E+003 -2.451041659381E+004  3.975644200695E+005  0.000000000000E+000  1.248483878551E-001
  6.062529677088E-002  1.502286870357E+003 -2.387284104386E+004  3.870588182769E+005  0.000000000000E+000  1.259281416322E-001
  6.227521726827E-002  1.463420673522E+003 -2.324282374747E+004  3.766832096081E+005  0.000000000000E+000  1.270332345261E-001
  6.394992464542E-002  1.425019155369E+003 -2.262060570037E+004  3.664414942226E+005  0.000000000000E+000  1.281642353597E-001
  6.564956307496E-002  1.387096687908E+003 -2.200641513807E+004  3.563373529105E+005  0.000000000000E+000  1.293217302726E-001
  6.737427921404E-002  1.349666882072E+003 -2.140046751121E+004  3.463742469828E+005  0.000000000000E+000  1.305063232420E-001
  6.912422223211E-002  1.312742586268E+003 -2.080296548059E+004  3.365554185072E+005  0.000000000000E+000  1.317186366203E-001
  7.089954383907E-002  1.276335886077E+003 -2.021409893179E+004  3.268838908792E+005  0.000000000000E+000  1.329593116867E-001
  7.270039831418E-002  1.240458105092E+003 -1.963404500889E+004  3.173624697246E+005  0.000000000000E+000  1.342290092141E-001
  7.452694253540E-002  1.205119806865E+003 -1.906296816696E+004  3.079937441230E+005  0.000000000000E+000  1.355284100511E-001
  7.637933600943E-002  1.170330797943E+003 -1.850102024279E+004  2.987800881464E+005  0.000000000000E+000  1.368582157188E-001
  7.825774090225E-002  1.136100131973E+003 -1.794834054353E+004  2.897236627029E+005  0.000000000000E+000  1.382191490229E-001
  8.016232207035E-002  1.102436114840E+003 -1.740505595265E+004  2.808264176768E+005  0.000000000000E+000  1.396119546791E-001
  8.209324709253E-002  1.069346310823E+003 -1.687128105275E+004  2.720900943551E+005  0.000000000000E+000  1.410373999536E-001
  8.405068630235E-002  1.036837549731E+003 -1.634711826469E+004  2.635162281313E+005  0.000000000000E+000  1.424962753171E-001
  8.603481282122E-002  1.004915934985E+003 -1.583265800243E+004  2.551061514748E+005  0.000000000000E+000  1.439893951108E-001
  8.804580259214E-002  9.735868526278E+002 -1.532797884305E+004  2.468609971554E+005  0.000000000000E+000  1.455175982257E-001
  9.008383441408E-002  9.428549812173E+002 -1.483314771130E+004  2.387817017130E+005  0.000000000000E+000  1.470817487919E-001
  9.214908997710E-002  9.127243025669E+002 -1.434822007803E+004  2.308690091587E+005  0.000000000000E+000  1.486827368793E-001
  9.424175389809E-002  8.831981133083E+002 -1.387324017201E+004  2.231234748975E+005  0.000000000000E+000  1.503214792051E-001
  9.636201375725E-002  8.542790372297E+002 -1.340824120421E+004  2.155454698602E+005  0.000000000000E+000  1.519989198497E-001
  9.851006013526E-002  8.259690383578E+002 -1.295324560414E+004  2.081351848306E+005  0.000000000000E+000  1.537160309770E-001
  1.006860866512E-001  7.982694347430E+002 -1.250826526741E+004  2.008926349588E+005  0.000000000000E+000  1.554738135571E-001
  1.028902900012E-001  7.711809129096E+002 -1.207330181385E+004  1.938176644447E+005  0.000000000000E+000  1.572732980900E-001
  1.051228699979E-001  7.447035429309E+002 -1.164834685549E+004  1.869099513809E+005  0.000000000000E+000  1.591155453253E-001
  1.073840296104E-001  7.188367940900E+002 -1.123338227370E+004  1.801690127423E+005  0.000000000000E+000  1.610016469765E-001
  1.096739750056E-001  6.935795510847E+002 -1.082838050475E+004  1.735942095087E+005  0.000000000000E+000  1.629327264243E-001
  1.119929155896E-001  6.689301307369E+002 -1.043330483312E+004  1.671847519081E+005  0.000000000000E+000  1.649099394054E-001
  1.143410640503E-001  6.448862991640E+002 -1.004810969177E+004  1.609397047673E+005  0.000000000000E+000  1.669344746810E-001
  1.167186364011E-001  6.214452893738E+002 -9.672740968716E+003  1.548579929588E+005  0.000000000000E+000  1.690075546795E-001
  1.191258520249E-001  5.986038192378E+002 -9.307136319160E+003  1.489384069279E+005  0.000000000000E+000  1.711304361062E-001
  1.215629337189E-001  5.763581098063E+002 -8.951225482459E+003  1.431796082918E+005  0.000000000000E+000  1.733044105138E-001
  1.240301077413E-001  5.547039039211E+002 -8.604930603254E+003  1.375801354935E+005  0.000000000000E+000  1.755308048231E-001
  1.265276038575E-001  5.336364850862E+002 -8.268166556028E+003  1.321384095025E+005  0.000000000000E+000  1.778109817864E-001
  1.290556553882E-001  5.131506965573E+002 -7.940841272407E+003  1.268527395470E+005  0.000000000000E+000  1.801463403816E-001
  1.316144992580E-001  4.932409606089E+002 -7.622856070533E+003  1.217213288668E+005  0.000000000000E+000  1.825383161249E-001
  1.342043760450E-001  4.739012979392E+002 -7.314105985817E+003  1.167422804761E+005  0.000000000000E+000  1.849883812896E-001
  1.368255300316E-001  4.551253471770E+002 -7.014480102437E+003  1.119136029230E+005  0.000000000000E+000  1.874980450146E-001
  1.394782092560E-001  4.369063844482E+002 -6.723861884907E+003  1.072332160356E+005  0.000000000000E+000  1.900688532865E-001
  1.421626655646E-001  4.192373429687E+002 -6.442129509115E+003  1.026989566441E+005  0.000000000000E+000  1.927023887757E-001
  1.448791546661E-001  4.021108326247E+002 -6.169156192194E+003  9.830858426725E+004  0.000000000000E+000  1.954002705069E-001
  1.476279361856E-001  3.855191595051E+002 -5.904810520644E+003  9.405978675396E+004  0.000000000000E+000  1.981641533385E-001
  1.504092737207E-001  3.694543453527E+002 -5.648956776120E+003  8.995018586997E+004  0.000000000000E+000  2.009957272271E-001
  1.532234348983E-001  3.539081468990E+002 -5.401455258333E+003  8.597734281978E+004  0.000000000000E+000  2.038967162472E-001
  1.560706914324E-001  3.388720750508E+002 -5.162162604518E+003  8.213876369521E+004  0.000000000000E+000  2.068688773347E-001
  1.589513191834E-001  3.243374138967E+002 -4.930932104966E+003  7.843190484165E+004  0.000000000000E+000  2.099139987194E-001
  1.618655982178E-001  3.102952395046E+002 -4.707614014112E+003  7.485417813398E+004  0.000000000000E+000  2.130338980076E-001
  1.648138128702E-001  2.967364384786E+002 -4.492055856722E+003  7.140295615413E+004  0.000000000000E+000  2.162304198735E-001
  1.677962518056E-001  2.836517262500E+002 -4.284102728720E+003  6.807557726312E+004  0.000000000000E+000  2.195054333119E-001
  1.708132080832E-001  2.710316650750E+002 -4.083597592237E+003  6.486935056051E+004  0.000000000000E+000  2.228608284025E-001
  1.738649792215E-001  2.588666817129E+002 -3.890381564479E+003  6.178156072487E+004  0.000000000000E+000  2.262985125307E-001
  1.769518672648E-001  2.471470847632E+002 -3.704294200053E+003  5.880947272924E+004  0.000000000000E+000  2.298204060048E-001
  1.800741788507E-001  2.358630816367E+002 -3.525173766381E+003  5.595033642606E+004  0.000000000000E+000  2.334284370057E-001
  1.832322252791E-001  2.250047951413E+002 -3.352857511893E+003  5.320139099646E+004  0.000000000000E+000  2.371245357992E-001
  1.864263225826E-001  2.145622796628E+002 -3.187181926707E+003  5.055986925932E+004  0.000000000000E+000  2.409106281361E-001
  1.896567915983E-001  2.045255369214E+002 -3.027982995501E+003  4.802300183598E+004  0.000000000000E+000  2.447886277613E-001
  1.929239580409E-001  1.948845312881E+002 -2.875096442358E+003  4.558802116690E+004  0.000000000000E+000  2.487604279482E-001
  1.962281525771E-001  1.856292046454E+002 -2.728357967341E+003  4.325216537702E+004  0.000000000000E+000  2.528278919689E-001
  1.995697109023E-001  1.767494907790E+002 -2.587603474618E+003  4.101268198717E+004  0.000000000000E+000  2.569928424081E-001
  2.029489738173E-001  1.682353292866E+002 -2.452669291961E+003  3.886683146906E+004  0.000000000000E+000  2.612570492274E-001
  2.063662873085E-001  1.600766789947E+002 -2.323392381470E+003  3.681189064216E+004  0.000000000000E+000  2.656222164796E-001
  2.098220026275E-001  1.522635308724E+002 -2.199610541413E+003  3.484515591098E+004  0.000000000000E+000  2.700899675787E-001
  2.133164763746E-001  1.447859204346E+002 -2.081162599075E+003  3.296394634165E+004  0.000000000000E+000  2.746618290267E-001
  2.168500705817E-001  1.376339396282E+002 -1.967888594554E+003  3.116560657741E+004  0.000000000000E+000  2.793392125064E-001
  2.204231527988E-001  1.307977481943E+002 -1.859629955444E+003  2.944750959275E+004  0.000000000000E+000  2.841233952534E-001
  2.240360961807E-001  1.242675845047E+002 -1.756229662396E+003  2.780705928634E+004  0.000000000000E+000  2.890154986306E-001
  2.276892795770E-001  1.180337758678E+002 -1.657532405529E+003  2.624169291354E+004  0.000000000000E+000  2.940164648455E-001
  2.313830876220E-001  1.120867483031E+002 -1.563384731739E+003  2.474888335930E+004  0.000000000000E+000  2.991270317650E-001
  2.351179108282E-001  1.064170357845E+002 -1.473635182916E+003  2.332614125290E+004  0.000000000000E+000  3.043477058129E-001
  2.388941456809E-001  1.010152889530E+002 -1.388134425147E+003  2.197101692613E+004  0.000000000000E+000  3.096787329623E-001
  2.427121947345E-001  9.587228329961E+001 -1.306735368977E+003  2.068110221691E+004  0.000000000000E+000  3.151200678767E-001
  2.465724667110E-001  9.097892682464E+001 -1.229293280816E+003  1.945403212066E+004  0.000000000000E+000  3.206713413022E-001
  2.504753766009E-001  8.632626717414E+001 -1.155665885627E+003  1.828748629206E+004  0.000000000000E+000  3.263318258671E-001
  2.544213457654E-001  8.190549826144E+001 -1.085713460996E+003  1.717919040001E+004  0.000000000000E+000  3.321004005152E-001
  2.584108020414E-001  7.770796637877E+001 -1.019298922759E+003  1.612691733883E+004  0.000000000000E+000  3.379755138742E-001
  2.624441798480E-001  7.372517580659E+001 -9.562879023252E+002  1.512848829931E+004  0.000000000000E+000  3.439551469491E-001
  2.665219202956E-001  6.994879392861E+001 -8.965488158882E+002  1.418177370285E+004  0.000000000000E+000  3.500367756279E-001
  2.706444712976E-001  6.637065586156E+001 -8.399529256955E+002  1.328469400284E+004  0.000000000000E+000  3.562173335935E-001
  2.748122876832E-001  6.298276860935E+001 -7.863743935928E+002  1.243522035685E+004  0.000000000000E+000  3.624931763507E-001
  2.790258313137E-001  5.977731475209E+001 -7.356903270424E+002  1.163137517417E+004  0.000000000000E+000  3.688600471941E-001
  2.832855712010E-001  5.674665568112E+001 -6.877808178415E+002  1.087123254260E+004  0.000000000000E+000  3.753130460670E-001
  2.875919836279E-001  5.388333439182E+001 -6.425289737675E+002  1.015291853923E+004  0.000000000000E+000  3.818466023729E-001
  2.919455522717E-001  5.118007784654E+001 -5.998209433901E+002  9.474611429454E+003  0.000000000000E+000  3.884544529134E-001
  2.963467683296E-001  4.862979892041E+001 -5.595459342930E+002  8.834541759067E+003  0.000000000000E+000  3.951296262148E-001
  3.007961306479E-001  4.622559794345E+001 -5.215962249573E+002  8.230992343964E+003  0.000000000000E+000  4.018644345705E-001
  3.052941458522E-001  4.396076385269E+001 -4.858671705617E+002  7.662298162311E+003  0.000000000000E+000  4.086504751593E-001
  3.098413284823E-001  4.182877496834E+001 -4.522572029610E+002  7.126846153940E+003  0.000000000000E+000  4.154786415861E-001
  3.144382011281E-001  3.982329940839E+001 -4.206678251048E+002  6.623074931814E+003  0.000000000000E+000  4.223391471268E-001
  3.190852945695E-001  3.793819515644E+001 -3.910036001646E+002  6.149474410396E+003  0.000000000000E+000  4.292215608262E-001
  3.237831479192E-001  3.616750979738E+001 -3.631721356351E+002  5.704585355782E+003  0.000000000000E+000  4.361148574035E-001
  3.285323087679E-001  3.450547993620E+001 -3.370840626795E+002  5.286998862406E+003  0.000000000000E+000  4.430074816428E-001
  3.333333333333E-001  3.294653031487E+001 -3.126530109869E+002  4.895355761132E+003  0.000000000000E+000  4.498874275988E-001
  3.381867866117E-001  3.148527264262E+001 -2.897955794098E+002  4.528345963474E+003  0.000000000000E+000  4.567423325248E-001
  3.430932425333E-001  3.011650415478E+001 -2.684313026477E+002  4.184707746651E+003  0.000000000000E+000  4.635595849499E-001
  3.480532841203E-001  2.883520591545E+001 -2.484826142409E+002  3.863226984116E+003  0.000000000000E+000  4.703264457997E-001
  3.530675036492E-001  2.763654087903E+001 -2.298748061360E+002  3.562736326096E+003  0.000000000000E+000  4.770301809000E-001
  3.581365028158E-001  2.651585172586E+001 -2.125359850805E+002  3.282114334637E+003  0.000000000000E+000  4.836582026510E-001
  3.632608929041E-001  2.546865848676E+001 -1.963970261000E+002  3.020284577493E+003  0.000000000000E+000  4.901982181354E-001
  3.684412949588E-001  2.449065597113E+001 -1.813915233071E+002  2.776214685149E+003  0.000000000000E+000  4.966383804729E-001
  3.736783399619E-001  2.357771101342E+001 -1.674557382858E+002  2.548915375111E+003  0.000000000000E+000  5.029674398754E-001
  3.789726690123E-001  2.272585955202E+001 -1.545285462890E+002  2.337439447495E+003  0.000000000000E+000  5.091748906339E-001
  3.843249335105E-001  2.193130355475E+001 -1.425513804821E+002  2.140880755804E+003  0.000000000000E+000  5.152511101964E-001
  3.897357953460E-001  2.119040780467E+001 -1.314681744561E+002  1.958373156675E+003  0.000000000000E+000  5.211874865934E-001
  3.952059270903E-001  2.049969655964E+001 -1.212253032321E+002  1.789089442195E+003  0.000000000000E+000  5.269765307400E-001
  4.007360121927E-001  1.985585009875E+001 -1.117715229649E+002  1.632240258289E+003  0.000000000000E+000  5.326119705787E-001
  4.063267451812E-001  1.925570116831E+001 -1.030579095524E+002  1.487073012493E+003  0.000000000000E+000  5.380888246140E-001
  4.119788318683E-001  1.869623133986E+001 -9.503779634641E+001  1.352870774304E+003  0.000000000000E+000  5.434034530853E-001
  4.176929895600E-001  1.817456729203E+001 -8.766671115194E+001  1.228951171133E+003  0.000000000000E+000  5.485535858016E-001
  4.234699472710E-001  1.768797702785E+001 -8.090231269705E+001  1.114665282732E+003  0.000000000000E+000  5.535383264706E-001
  4.293104459435E-001  1.723386603878E+001 -7.470432674415E+001  1.009396536816E+003  0.000000000000E+000  5.583581341448E-001
  4.352152386716E-001  1.680977342588E+001 -6.903448200675E+001  9.125596084401E+002  0.000000000000E+000  5.630147831474E-001
  4.411850909306E-001  1.641336798862E+001 -6.385644602702E+001  8.235993255362E+002  0.000000000000E+000  5.675113034814E-001
  4.472207808110E-001  1.604244429103E+001 -5.913576116106E+001  7.419895828617E+002  0.000000000000E+000  5.718519042413E-001
  4.533230992589E-001  1.569491871455E+001 -5.483978081026E+001  6.672322664577E+002  0.000000000000E+000  5.760418829268E-001
  4.594928503202E-001  1.536882550642E+001 -5.093760602889E+001  5.988561905590E+002  0.000000000000E+000  5.800875237774E-001
  4.657308513924E-001  1.506231283219E+001 -4.740002262960E+001  5.364160487505E+002  0.000000000000E+000  5.839959883299E-001
  4.720379334802E-001  1.477363884021E+001 -4.419943890035E+001  4.794913810198E+002  0.000000000000E+000  5.877752013364E-001
  4.784149414579E-001  1.450116774555E+001 -4.130982403795E+001  4.276855582048E+002  0.000000000000E+000  5.914337350095E-001
  4.848627343381E-001  1.424336594064E+001 -3.870664739553E+001  3.806247852021E+002  0.000000000000E+000  5.949806942866E-001
  4.913821855461E-001  1.399879813903E+001 -3.636681863341E+001  3.379571241592E+002  0.000000000000E+000  5.984256054687E-001
  4.979741832006E-001  1.376612355847E+001 -3.426862885477E+001  2.993515387417E+002  0.000000000000E+000  6.017783102079E-001
  5.046396304008E-001  1.354409214920E+001 -3.239169280059E+001  2.644969604407E+002  0.000000000000E+000  6.050488664163E-001
  5.113794455212E-001  1.333154087254E+001 -3.071689217039E+001  2.331013777576E+002  0.000000000000E+000  6.082474572719E-001
  5.181945625116E-001  1.312739003474E+001 -2.922632012868E+001  2.048909489866E+002  0.000000000000E+000  6.113843091216E-001
  5.250859312060E-001  1.293063968066E+001 -2.790322704987E+001  1.796091392000E+002  0.000000000000E+000  6.144696187323E-001
  5.320545176366E-001  1.274036605115E+001 -2.673196754791E+001  1.570158819317E+002  0.000000000000E+000  6.175134900415E-001
  5.391013043575E-001  1.255571810798E+001 -2.569794883050E+001  1.368867659505E+002  0.000000000000E+000  6.205258802989E-001
  5.462272907741E-001  1.237591412953E+001 -2.478758041168E+001  1.190122474166E+002  0.000000000000E+000  6.235165552825E-001
  5.534334934816E-001  1.220023838023E+001 -2.398822521057E+001  1.031968876188E+002  0.000000000000E+000  6.264950531117E-001
  5.607209466109E-001  1.202803785627E+001 -2.328815205887E+001  8.925861640543E+001  0.000000000000E+000  6.294706560577E-001
  5.680907021827E-001  1.185871910993E+001 -2.267648963392E+001  7.702802133467E+001  0.000000000000E+000  6.324523696778E-001
  5.755438304707E-001  1.169174515438E+001 -2.214318182958E+001  6.634766249734E+001  0.000000000000E+000  6.354489085519E-001
  5.830814203728E-001  1.152663245062E+001 -2.167894457226E+001  5.707141288880E+001  0.000000000000E+000  6.384686878849E-001
  5.907045797917E-001  1.136294797782E+001 -2.127522408489E+001  4.906382414258E+001  0.000000000000E+000  6.415198202463E-001
  5.984144360243E-001  1.120030638828E+001 -2.092415659781E+001  4.219951737537E+001  0.000000000000E+000  6.446101167427E-001
  6.062121361613E-001  1.103836724753E+001 -2.061852950130E+001  3.636259883681E+001  0.000000000000E+000  6.477470919593E-001
  6.140988474955E-001  1.087683236037E+001 -2.035174393107E+001  3.144610000571E+001  0.000000000000E+000  6.509379720512E-001
  6.220757579409E-001  1.071544318304E+001 -2.011777877476E+001  2.735144172757E+001  0.000000000000E+000  6.541897054237E-001
  6.301440764614E-001  1.055397832154E+001 -1.991115608426E+001  2.398792194633E+001  0.000000000000E+000  6.575089754905E-001
  6.383050335109E-001  1.039225111612E+001 -1.972690787597E+001  2.127222654539E+001  0.000000000000E+000  6.609022150629E-001
  6.465598814833E-001  1.023010731155E+001 -1.956054429857E+001  1.912796278007E+001  0.000000000000E+000  6.643756219725E-001
  6.549098951744E-001  1.006742281267E+001 -1.940802314553E+001  1.748521475445E+001  0.000000000000E+000  6.679351755872E-001
  6.633563722545E-001  9.904101524629E+000 -1.926572068761E+001  1.628012037099E+001  0.000000000000E+000  6.715866539280E-001
  6.719006337539E-001  9.740073276939E+000 -1.913040379849E+001  1.545446915952E+001  0.000000000000E+000  6.753356511414E-001
  6.805440245593E-001  9.575291830504E+000 -1.899920334566E+001  1.495532037572E+001  0.000000000000E+000  6.791875951228E-001
  6.892879139233E-001  9.409732966452E+000 -1.886958881640E+001  1.473464074421E+001  0.000000000000E+000  6.831477651244E-001
  6.981336959871E-001  9.243392655673E+000 -1.873934414851E+001  1.474896121154E+001  0.000000000000E+000  6.872213092144E-001
  7.070827903152E-001  9.076285307764E+000 -1.860654473347E+001  1.495905206606E+001  0.000000000000E+000  6.914132614835E-001
  7.161366424455E-001  8.908442098002E+000 -1.846953555965E+001  1.532961577735E+001  0.000000000000E+000  6.957285589181E-001
  7.252967244510E-001  8.739909370919E+000 -1.832691046208E+001  1.582899690556E+001  0.000000000000E+000  7.001720578860E-001
  7.345645355186E-001  8.570747118950E+000 -1.817749244495E+001  1.642890843133E+001  0.000000000000E+000  7.047485501933E-001
  7.439416025400E-001  8.401027534581E+000 -1.802031504272E+001  1.710417386010E+001  0.000000000000E+000  7.094627786909E-001
  7.534294807203E-001  8.230833634373E+000 -1.785460468539E+001  1.783248445873E+001  0.000000000000E+000  7.143194524218E-001
  7.630297542000E-001  8.060257953180E+000 -1.767976403357E+001  1.859417098981E+001  0.000000000000E+000  7.193232613085E-001
  7.727440366954E-001  7.889401306868E+000 -1.749535624892E+001  1.937198931689E+001  0.000000000000E+000  7.244788903928E-001
  7.825739721536E-001  7.718371621788E+000 -1.730109016573E+001  2.015091926442E+001  0.000000000000E+000  7.297910336447E-001
  7.925212354258E-001  7.547282829250E+000 -1.709680632970E+001  2.091797612724E+001  0.000000000000E+000  7.352644073631E-001
  8.025875329584E-001  7.376253823233E+000 -1.688246387041E+001  2.166203423747E+001  0.000000000000E+000  7.409037631989E-001
  8.127746035011E-001  7.205407479531E+000 -1.665812817416E+001  2.237366201030E+001  0.000000000000E+000  7.467139008291E-001
  8.230842188350E-001  7.034869734565E+000 -1.642395932476E+001  2.304496790492E+001  0.000000000000E+000  7.526996803189E-001
  8.335181845190E-001  6.864768722065E+000 -1.618020128003E+001  2.366945675251E+001  0.000000000000E+000  7.588660342079E-001
  8.440783406568E-001  6.695233965839E+000 -1.592717175280E+001  2.424189591930E+001  0.000000000000E+000  7.652179793580E-001
  8.547665626839E-001  6.526395626849E+000 -1.566525276553E+001  2.475819078953E+001  0.000000000000E+000  7.717606286033E-001
  8.655847621758E-001  6.358383802838E+000 -1.539488184869E+001  2.521526907040E+001  0.000000000000E+000  7.784992022415E-001
  8.765348876780E-001  6.191327878746E+000 -1.511654385362E+001  2.561097343854E+001  0.000000000000E+000  7.854390394084E-001
  8.876189255584E-001  6.025355926176E+000 -1.483076335152E+001  2.594396206524E+001  0.000000000000E+000  7.925856093758E-001
  8.988389008829E-001  5.860594150207E+000 -1.453809759094E+001  2.621361657568E+001  0.000000000000E+000  7.999445228147E-001
  9.101968783143E-001  5.697166381830E+000 -1.423912998699E+001  2.641995701509E+001  0.000000000000E+000  8.075215430648E-001
  9.216949630368E-001  5.535193614352E+000 -1.393446411636E+001  2.656356341258E+001  0.000000000000E+000  8.153225974532E-001
  9.333353017046E-001  5.374793582093E+000 -1.362471819316E+001  2.664550355135E+001  0.000000000000E+000  8.233537887025E-001
  9.451200834176E-001  5.216080379749E+000 -1.331052000121E+001  2.666726657099E+001  0.000000000000E+000  8.316214064716E-001
  9.570515407237E-001  5.059164120809E+000 -1.299250225954E+001  2.663070204527E+001  0.000000000000E+000  8.401319390710E-001
  9.691319506484E-001  4.904150633439E+000 -1.267129839851E+001  2.653796419533E+001  0.000000000000E+000  8.488920853962E-001
  9.813636357544E-001  4.751141192257E+000 -1.234753872475E+001  2.639146091503E+001  0.000000000000E+000  8.579087671209E-001
  9.937489652293E-001  4.600232284482E+000 -1.202184695419E+001  2.619380730097E+001  0.000000000000E+000  8.671891411953E-001
  1.006290356005E+000  4.451515408908E+000 -1.169483709289E+001  2.594778339573E+001  0.000000000000E+000  8.767406126935E-001
  1.018990273907E+000  4.305076906239E+000 -1.136711064646E+001  2.565629586777E+001  0.000000000000E+000  8.865708480553E-001
  1.031851234841E+000  4.160997819292E+000 -1.103925413937E+001  2.532234336615E+001  0.000000000000E+000  8.966877887695E-001
  1.044875806003E+000  4.019353781634E+000 -1.071183692640E+001  2.494898530248E+001  0.000000000000E+000  9.070996655462E-001
  1.058066607138E+000  3.880214933219E+000 -1.038540927896E+001  2.453931382599E+001  0.000000000000E+000  9.178150130277E-001
  1.071426311823E+000  3.743645861624E+000 -1.006050072995E+001  2.409642877054E+001  0.000000000000E+000  9.288426850880E-001
  1.084957648792E+000  3.609705567513E+000 -9.737618661121E+000  2.362341536512E+001  0.000000000000E+000  9.401918707750E-001
  1.098663403298E+000  3.478447452945E+000 -9.417247117996E+000  2.312332451090E+001  0.000000000000E+000  9.518721109491E-001
  1.112546418516E+000  3.349919331223E+000 -9.099845837543E+000  2.259915543962E+001  0.000000000000E+000  9.638933156754E-001
  1.126609596985E+000  3.224163456939E+000 -8.785849474722E+000  2.205384057832E+001  0.000000000000E+000  9.762657824294E-001
  1.140855902095E+000  3.101216574934E+000 -8.475667014385E+000  2.149023245620E+001  0.000000000000E+000  9.890002151780E-001
  1.155288359613E+000  2.981109986912E+000 -8.169681355613E+000  2.091109249856E+001  0.000000000000E+000  1.002107744402E+000
  1.169910059257E+000  2.863869634431E+000 -7.868249056074E+000  2.031908156203E+001  0.000000000000E+000  1.015599948125E+000
  1.184724156317E+000  2.749516197079E+000 -7.571700224459E+000  1.971675207399E+001  0.000000000000E+000  1.029488874029E+000
  1.199733873325E+000  2.638065204606E+000 -7.280338549524E+000  1.910654164700E+001  0.000000000000E+000  1.043787062721E+000
  1.214942501771E+000  2.529527161848E+000 -6.994441454732E+000  1.849076804675E+001  0.000000000000E+000  1.058507572242E+000
  1.230353403874E+000  2.423907685282E+000 -6.714260367889E+000  1.787162539922E+001  0.000000000000E+000  1.073664003895E+000
  1.245970014403E+000  2.321207650087E+000 -6.440021095618E+000  1.725118152935E+001  0.000000000000E+000  1.089270529487E+000
  1.261795842559E+000  2.221423346619E+000 -6.171924292886E+000  1.663137632998E+001  0.000000000000E+000  1.105341920071E+000
  1.277834473907E+000  2.124546645206E+000 -5.910146018224E+000  1.601402106567E+001  0.000000000000E+000  1.121893576310E+000
  1.294089572372E+000  2.030565168239E+000 -5.654838365634E+000  1.540079852158E+001  0.000000000000E+000  1.138941560536E+000
  1.310564882294E+000  1.939462468543E+000 -5.406130164569E+000  1.479326391288E+001  0.000000000000E+000  1.156502630651E+000
  1.327264230548E+000  1.851218213028E+000 -5.164127739718E+000  1.419284647513E+001  0.000000000000E+000  1.174594275970E+000
  1.344191528724E+000  1.765808370703E+000 -4.928915722718E+000  1.360085166069E+001  0.000000000000E+000  1.193234755145E+000
  1.361350775387E+000  1.683205404103E+000 -4.700557908234E+000  1.301846387067E+001  0.000000000000E+000  1.212443136300E+000
  1.378746058390E+000  1.603378463286E+000 -4.479098147244E+000  1.244674965611E+001  0.000000000000E+000  1.232239339533E+000
  1.396381557275E+000  1.526293581524E+000 -4.264561270664E+000  1.188666132614E+001  0.000000000000E+000  1.252644181928E+000
  1.414261545744E+000  1.451913871913E+000 -4.056954036852E+000  1.133904090453E+001  0.000000000000E+000  1.273679425262E+000
  1.432390394201E+000  1.380199724120E+000 -3.856266096833E+000  1.080462437989E+001  0.000000000000E+000  1.295367826570E+000
  1.450772572390E+000  1.311109000550E+000 -3.662470971461E+000  1.028404619796E+001  0.000000000000E+000  1.317733191778E+000
  1.469412652102E+000  1.244597231247E+000 -3.475527035065E+000  9.777843948232E+000  0.000000000000E+000  1.340800432584E+000
  1.488315309978E+000  1.180617806896E+000 -3.295378500483E+000  9.286463199961E+000  0.000000000000E+000  1.364595626846E+000
  1.507485330398E+000  1.119122169313E+000 -3.121956400721E+000  8.810262445977E+000  0.000000000000E+000  1.389146082680E+000
  1.526927608467E+000  1.060059998886E+000 -2.955179562837E+000  8.349518115797E+000  0.000000000000E+000  1.414480406550E+000
  1.546647153093E+000  1.003379398442E+000 -2.794955569963E+000  7.904429622350E+000  0.000000000000E+000  1.440628575613E+000
  1.566649090169E+000  9.490270730791E-001 -2.641181707750E+000  7.475124409598E+000  0.000000000000E+000  1.467622014626E+000
  1.586938665861E+000  8.969485055345E-001 -2.493745891839E+000  7.061662971109E+000  0.000000000000E+000  1.495493677741E+000
  1.607521250000E+000  8.470881267110E-001 -2.352527573290E+000  6.664043812357E+000  0.000000000000E+000  1.524278135521E+000
  1.628402339588E+000  7.993894810202E-001 -2.217398619250E+000  6.282208332181E+000  0.000000000000E+000  1.554011667588E+000
  1.649587562420E+000  7.537953862463E-001 -2.088224166435E+000  5.916045601385E+000  0.000000000000E+000  1.584732361276E+000
  1.671082680832E+000  7.102480876722E-001 -1.964863445339E+000  5.565397018983E+000  0.000000000000E+000  1.616480216769E+000
  1.692893595565E+000  6.686894062545E-001 -1.847170573367E+000  5.230060828990E+000  0.000000000000E+000  1.649297259195E+000
  1.715026349769E+000  6.290608806646E-001 -1.734995315404E+000  4.909796482973E+000  0.000000000000E+000  1.683227658199E+000
  1.737487133138E+000  5.913039030586E-001 -1.628183810604E+000  4.604328835842E+000  0.000000000000E+000  1.718317855592E+000
  1.760282286187E+000  5.553598484664E-001 -1.526579264455E+000  4.313352164490E+000  0.000000000000E+000  1.754616701682E+000
  1.783418304674E+000  5.211701977291E-001 -1.430022605436E+000  4.036534000917E+000  0.000000000000E+000  1.792175600997E+000
  1.806901844175E+000  4.886766539424E-001 -1.338353105839E+000  3.773518773433E+000  0.000000000000E+000  1.831048668136E+000
  1.830739724818E+000  4.578212523948E-001 -1.251408966541E+000  3.523931251359E+000  0.000000000000E+000  1.871292894577E+000
  1.854938936184E+000  4.285464640158E-001 -1.169027865729E+000  3.287379790329E+000  0.000000000000E+000  1.912968327364E+000
  1.879506642368E+000  4.007952923749E-001 -1.091047471790E+000  3.063459376925E+000  0.000000000000E+000  1.956138260627E+000
  1.904450187236E+000  3.745113642956E-001 -1.017305920756E+000  2.851754472819E+000  0.000000000000E+000  2.000869441077E+000
  1.929777099847E+000  3.496390141694E-001 -9.476422588369E-001  2.651841659957E+000  0.000000000000E+000  2.047232288632E+000
  1.955495100083E+000  3.261233620723E-001 -8.818968507560E-001  2.463292089517E+000  0.000000000000E+000  2.095301133529E+000
  1.981612104475E+000  3.039103858050E-001 -8.199117547098E-001  2.285673738489E+000  0.000000000000E+000  2.145154471372E+000
  2.008136232230E+000  2.829469869907E-001 -7.615310648873E-001  2.118553478682E+000  0.000000000000E+000  2.196875237720E+000
  2.035075811486E+000  2.631810513771E-001 -7.066012225940E-001  1.961498963777E+000  0.000000000000E+000  2.250551104024E+000
  2.062439385788E+000  2.445615034995E-001 -6.549712970923E-001  1.814080340801E+000  0.000000000000E+000  2.306274796851E+000
  2.090235720801E+000  2.270383558722E-001 -6.064932373453E-001  1.675871792966E+000  0.000000000000E+000  2.364144442615E+000
  2.118473811262E+000  2.105627528786E-001 -5.610220958938E-001  1.546452921311E+000  0.000000000000E+000  2.424263940213E+000
  2.147162888201E+000  1.950870095403E-001 -5.184162261392E-001  1.425409972949E+000  0.000000000000E+000  2.486743364269E+000
  2.176312426413E+000  1.805646453448E-001 -4.785374543240E-001  1.312336924013E+000  0.000000000000E+000  2.551699401967E+000
  2.205932152222E+000  1.669504133178E-001 -4.412512275165E-001  1.206836425536E+000  0.000000000000E+000  2.619255826801E+000
  2.236032051522E+000  1.542003245242E-001 -4.064267389047E-001  1.108520620605E+000  0.000000000000E+000  2.689544012919E+000
  2.266622378129E+000  1.422716681850E-001 -3.739370316990E-001  1.017011841145E+000  0.000000000000E+000  2.762703494200E+000
  2.297713662445E+000  1.311230275952E-001 -3.436590829225E-001  9.319431925738E-001  0.000000000000E+000  2.838882572632E+000
  2.329316720450E+000  1.207142920271E-001 -3.154738683455E-001  8.529590344861E-001  0.000000000000E+000  2.918238981099E+000
  2.361442663038E+000  1.110066648016E-001 -2.892664097895E-001  7.797153652935E-001  0.000000000000E+000  3.000940606305E+000
  2.394102905709E+000  1.019626677084E-001 -2.649258059891E-001  7.118801185244E-001  0.000000000000E+000  3.087166278180E+000
  2.427309178642E+000  9.354614195377E-002 -2.423452481609E-001  6.491333782026E-001  0.000000000000E+000  3.177106632914E+000
  2.461073537146E+000  8.572224581046E-002 -2.214220213860E-001  5.911675204072E-001  0.000000000000E+000  3.270965057559E+000
  2.495408372530E+000  7.845744914424E-002 -2.020574928657E-001  5.376872877804E-001  0.000000000000E+000  3.368958725138E+000
  2.530326423398E+000  7.171952498695E-002 -1.841570880660E-001  4.884098033890E-001  0.000000000000E+000  3.471319730220E+000
  2.565840787378E+000  6.547753832437E-002 -1.676302557181E-001  4.430645299796E-001  0.000000000000E+000  3.578296336157E+000
  2.601964933334E+000  5.970183226492E-002 -1.523904225966E-001  4.013931802912E-001  0.000000000000E+000  3.690154346531E+000
  2.638712714049E+000  5.436401175291E-002 -1.383549389514E-001  3.631495837145E-001  0.000000000000E+000  3.807178614883E+000
  2.676098379430E+000  4.943692498827E-002 -1.254450154270E-001  3.280995142194E-001  0.000000000000E+000  3.929674708540E+000
  2.714136590232E+000  4.489464271314E-002 -1.135856522581E-001  2.960204841109E-001  0.000000000000E+000  4.057970744327E+000
  2.752842432351E+000  4.071243552423E-002 -1.027055614940E-001  2.667015078233E-001  0.000000000000E+000  4.192419416157E+000
  2.792231431696E+000  3.686674936866E-002 -9.273708296656E-002  2.399428396368E-001  0.000000000000E+000  4.333400237020E+000
  2.832319569669E+000  3.333517937993E-002 -8.361609467927E-002  2.155556888782E-001  0.000000000000E+000  4.481322020791E+000
  2.873123299289E+000  3.009644220980E-002 -7.528191826871E-002  1.933619158800E-001  0.000000000000E+000  4.636625632487E+000
  2.914659561979E+000  2.713034701085E-002 -6.767722015556E-002  1.731937116951E-001  0.000000000000E+000  4.799787039366E+000
  2.956945805065E+000  2.441776522370E-002 -6.074790897898E-002  1.548932643124E-001  0.000000000000E+000  4.971320699494E+000
  3.000000000000E+000  2.194059932159E-002 -5.444302988312E-002  1.383124138888E-001  0.000000000000E+000  5.151783329262E+000
  3.043840661365E+000  1.968175066398E-002 -4.871465620234E-002  1.233122993053E-001  0.000000000000E+000  5.341778096889E+000
  3.088486866678E+000  1.762508660906E-002 -4.351777907198E-002  1.097629981629E-001  0.000000000000E+000  5.541959295364E+000
  3.133958277047E+000  1.575540703333E-002 -3.881019547219E-002  9.754316217035E-002  0.000000000000E+000  5.753037555604E+000
  3.180275158719E+000  1.405841040374E-002 -3.455239519480E-002  8.653964971898E-002  0.000000000000E+000  5.975785669073E+000
  3.227458405560E+000  1.252065954504E-002 -3.070744720597E-002  7.664715731093E-002  0.000000000000E+000  6.211045098893E+000
  3.275529562509E+000  1.112954724143E-002 -2.724088586007E-002  6.776785138348E-002  0.000000000000E+000  6.459733269789E+000
  3.324510850077E+000  9.873261807031E-003 -2.412059740319E-002  5.981100196656E-002  0.000000000000E+000  6.722851740295E+000
  3.374425189910E+000  8.740752755071E-003 -2.131670718678E-002  5.269261951308E-002  0.000000000000E+000  7.001495375903E+000
  3.425296231502E+000  7.721696689525E-003 -1.880146799284E-002  4.633509615283E-002  0.000000000000E+000  7.296862659530E+000
  3.477148380094E+000  6.806463536630E-003 -1.654914985198E-002  4.066685253793E-002  0.000000000000E+000  7.610267296337E+000
  3.530006825834E+000  5.986083226309E-003 -1.453593171407E-002  3.562199136922E-002  0.000000000000E+000  7.943151294066E+000
  3.583897574256E+000  5.252212925542E-003 -1.273979530740E-002  3.113995861595E-002  0.000000000000E+000  8.297099728281E+000
  3.638847478148E+000  4.597104917075E-003 -1.114042149721E-002  2.716521336491E-002  0.000000000000E+000  8.673857435026E+000
  3.694884270887E+000  4.013575207606E-003 -9.719089426908E-003  2.364690715749E-002  0.000000000000E+000  9.075347912297E+000
  3.752036601308E+000  3.494972939887E-003 -8.458578696411E-003  2.053857359312E-002  0.000000000000E+000  9.503694757506E+000
  3.810334070199E+000  3.035150673140E-003 -7.343074801158E-003  1.779782889435E-002  0.000000000000E+000  9.961246022126E+000
  3.869807268505E+000  2.628435585925E-003 -6.358078023063E-003  1.538608404156E-002  0.000000000000E+000  1.045060192849E+001
  3.930487817331E+000  2.269601645260E-003 -5.490315931363E-003  1.326826899428E-002  0.000000000000E+000  1.097464646927E+001
  3.992408409843E+000  1.953842775635E-003 -4.727659617126E-003  1.141256942100E-002  0.000000000000E+000  1.153658349974E+001
  4.055602855172E+000  1.676747051573E-003 -4.059043750816E-003  9.790176260932E-003  0.000000000000E+000  1.213997803948E+001
  4.120106124432E+000  1.434271927929E-003 -3.474390518088E-003  8.375048340642E-003  0.000000000000E+000  1.278880362699E+001
  4.185954398964E+000  1.222720513188E-003 -2.964537455604E-003  7.143688166170E-003  0.000000000000E+000  1.348749672214E+001
  4.253185120935E+000  1.038718882877E-003 -2.521169176565E-003  6.074930909558E-003  0.000000000000E+000  1.424101933224E+001
  4.321837046422E+000  8.791944228662E-004 -2.136752945457E-003  5.149746508539E-003  0.000000000000E+000  1.505493125492E+001
  4.391950301120E+000  7.413551860460E-004 -1.804478033701E-003  4.351054701669E-003  0.000000000000E+000  1.593547359086E+001
  4.463566438835E+000  6.226702405374E-004 -1.518198762975E-003  3.663552729912E-003  0.000000000000E+000  1.688966549375E+001
  4.536728502895E+000  5.208509834150E-004 -1.272381121338E-003  3.073555351645E-003  0.000000000000E+000  1.792541650207E+001
  4.611481090679E+000  4.338333908177E-004 -1.062052819198E-003  2.568846742612E-003  0.000000000000E+000  1.905165725472E+001
  4.687870421430E+000  3.597611733010E-004 -8.827566379114E-004  2.138543787158E-003  0.000000000000E+000  2.027849194511E+001
  4.765944407533E+000  2.969698042853E-004 -7.305069134371E-004  1.772970213153E-003  0.000000000000E+000  2.161737653931E+001
  4.845752729492E+000  2.439713893844E-004 -6.017489909318E-004  1.463540981251E-003  0.000000000000E+000  2.308132759913E+001
  4.927346914797E+000  1.994403451372E-004 -4.933214834076E-004  1.202656309959E-003  0.000000000000E+000  2.468516754387E+001
  5.010780420931E+000  1.621998570735E-004 -4.024211682264E-004  9.836047014921E-004  0.000000000000E+000  2.644581339523E+001
  5.096108722763E+000  1.312090889577E-004 -3.265703589725E-004  8.004743290839E-004  0.000000000000E+000  2.838261752990E+001
  5.183389404586E+000  1.055511172999E-004 -2.635865966395E-004  6.480721537490E-004  0.000000000000E+000  3.051777077490E+001
  5.272682257105E+000  8.442156762534E-005 -2.115545125779E-004  5.218501560605E-004  0.000000000000E+000  3.287678040038E+001
  5.364049379651E+000  6.711793138312E-005 -1.687997257055E-004  4.178380951146E-004  0.000000000000E+000  3.548903828907E+001
  5.457555287978E+000  5.302954458591E-005 -1.338646474961E-004  3.325822406605E-004  0.000000000000E+000  3.838849790982E+001
  5.553267027968E+000  4.162821117625E-005 -1.054860796553E-004  2.630895636134E-004  0.000000000000E+000  4.161448284442E+001
  5.651254295630E+000  3.245945558613E-005 -8.257450061960E-005  2.067769129112E-004  0.000000000000E+000  4.521265469770E+001
  5.751589563796E+000  2.513438992119E-005 -6.419494760181E-005  1.614247510316E-004  0.000000000000E+000  4.923617449469E+001
  5.854348215936E+000  1.932218160616E-005 -4.954941043095E-005  1.251350646926E-004  0.000000000000E+000  5.374709943490E+001
  5.959608687557E+000  1.474310716138E-005 -3.796066160599E-005  9.629310970647E-005  0.000000000000E+000  5.881806651615E+001
  6.067452615683E+000  1.116217706377E-005 -2.885745358423E-005  7.353268834220E-005  0.000000000000E+000  6.453432656883E+001
  6.177964996951E+000  8.383315433935E-006 -2.176101926812E-005  5.570469281828E-005  0.000000000000E+000  7.099620734639E+001
  6.291234354880E+000  6.244076665948E-006 -1.627281494885E-005  4.184867902703E-005  0.000000000000E+000  7.832210346976E+001
  6.407352916949E+000  4.610879184508E-006 -1.206344672316E-005  3.116725991113E-005  0.000000000000E+000  8.665211563894E+001
  6.526416802128E+000  3.374734395749E-006 -8.862721814690E-006  2.300312805942E-005  0.000000000000E+000  9.615249374208E+001
  6.648526219580E+000  2.447446723208E-006 -6.450765566203E-006  1.681853232467E-005  0.000000000000E+000  1.070210816437E+002
  6.773785679311E+000  1.758258518991E-006 -4.650143428854E-006  1.217704411371E-005  0.000000000000E+000  1.194940208145E+002
  6.902304215570E+000  1.250911735010E-006 -3.318925388785E-006  8.727456164423E-006  0.000000000000E+000  1.338540540783E+002
  7.034195623922E+000  8.810966394830E-007 -2.344628268379E-006  6.189660936494E-006  0.000000000000E+000  1.504408932123E+002
  7.169578712934E+000  6.142566591526E-007 -1.638969526795E-006  4.342358086985E-006  0.000000000000E+000  1.696642964124E+002
  7.308577571516E+000  4.237176838313E-007 -1.133364830515E-006  3.012441751991E-006  0.000000000000E+000  1.920207765538E+002
  7.451321853057E+000  2.891099265891E-007 -7.751009846748E-007  2.065919317783E-006  0.000000000000E+000  2.181152763594E+002
  7.597947077547E+000  1.950507027297E-007 -5.241159625166E-007  1.400214729027E-006  0.000000000000E+000  2.486897649142E+002
  7.748594953021E+000  1.300572603126E-007 -3.503188290217E-007  9.377116898650E-007  0.000000000000E+000  2.846615989648E+002
  7.903413717736E+000  8.566002730849E-008 -2.313843446900E-007  6.203957398397E-007  0.000000000000E+000  3.271756812665E+002
  8.062558504629E+000  5.568827877242E-008 -1.509599143592E-007  4.054593325428E-007  0.000000000000E+000  3.776757960770E+002
  8.226191729726E+000  3.570219976329E-008 -9.722621894007E-008  2.617407486827E-007  0.000000000000E+000  4.380013270805E+002
  8.394483506327E+000  2.254754442765E-008 -6.175719903195E-008  1.668758315773E-007  0.000000000000E+000  5.105136215711E+002
  8.567612086926E+000  1.401148250893E-008 -3.862988465298E-008  1.050509208565E-007  0.000000000000E+000  5.982449692547E+002
  8.745764335025E+000  8.560696050374E-009 -2.373970654836E-008  6.525567599802E-008  0.000000000000E+000  7.050242561852E+002
  8.929136229160E+000  5.145260966544E-009 -1.428220219644E-008  3.994537425135E-008  0.000000000000E+000  8.354195149116E+002
  9.117933401693E+000  3.054249126451E-009 -8.367274374948E-009  2.403337239873E-008  0.000000000000E+000  9.940439783007E+002
  9.312371715124E+000  1.811256922198E-009 -4.737222038082E-009  1.414538904185E-008  0.000000000000E+000  1.183169771598E+003
  9.512677878945E+000  1.100159519443E-009 -2.564518380147E-009  8.077783159396E-009  0.000000000000E+000  1.397081894949E+003
  9.719090110332E+000  7.132734492411E-010 -1.309665209461E-009  4.411821006014E-009  0.000000000000E+000  1.614191535030E+003
  9.931858842267E+000  5.157646860591E-010 -6.233429326551E-010  2.244847919899E-009  0.000000000000E+000  1.798414866116E+003
  1.015124748302E+001  4.215579473656E-010 -2.804680574354E-010  1.007193298562E-009  0.000000000000E+000  1.923481400553E+003
  1.037753323129E+001  3.771893275675E-010 -1.366582611302E-010  3.404798629460E-010  0.000000000000E+000  1.996122942385E+003
  1.061100795175E+001  3.510107965919E-010 -1.000041028454E-010  1.878351140689E-011  0.000000000000E+000  2.044561882955E+003
  1.085197911611E+001  3.259202098937E-010 -1.129889676226E-010 -1.011547309807E-010  0.000000000000E+000  2.095736389937E+003
  1.110077081537E+001  2.943772438764E-010 -1.409294837164E-010 -1.106457347162E-010  0.000000000000E+000  2.168065206953E+003
  1.135772484956E+001  2.548994058576E-010 -1.644793316222E-010 -6.769502102228E-011  0.000000000000E+000  2.274665167352E+003
  1.162320190175E+001  2.095389911498E-010 -1.746049536980E-010 -8.300687912096E-012  0.000000000000E+000  2.428205669003E+003
  1.189758280382E+001  1.620469454659E-010 -1.690566472817E-010  4.653287214337E-011  0.000000000000E+000  2.645412909356E+003
  1.218126990242E+001  1.165567181460E-010 -1.497743613954E-010  8.618895311361E-011  0.000000000000E+000  2.952532236370E+003
  1.247468853413E+001  7.669160833983E-011 -1.209309547097E-010  1.071674126313E-010  0.000000000000E+000  3.394619771220E+003
  1.277828862002E+001  4.503111705171E-011 -8.746761308324E-011  1.105908853640E-010  0.000000000000E+000  4.053867142761E+003
  1.309254639077E+001  2.288050296970E-011 -5.405113000861E-011  1.002358249012E-010  0.000000000000E+000  5.080251692579E+003
  1.341796625462E+001  1.028489067128E-011 -2.440891640557E-011  8.099524442235E-011  0.000000000000E+000  6.631939032354E+003
  1.375508282195E+001  6.223423225076E-012 -9.967657720971E-013  5.774510468742E-011  0.000000000000E+000  7.840864934227E+003
  1.410446310162E+001  8.915621556842E-012  1.505746257892E-011  3.459643821411E-011  0.000000000000E+000  6.955417596064E+003
  1.446670888596E+001  1.617416934042E-011  2.380325805574E-011  1.449916967410E-011  0.000000000000E+000  5.702952525750E+003
  1.484245934302E+001  2.574646488667E-011  2.618529285025E-011 -8.593631327571E-013  0.000000000000E+000  4.884287459819E+003
  1.523239383723E+001  3.560051134070E-011  2.370295630787E-011 -1.093621161703E-011  0.000000000000E+000  4.384179627055E+003
  1.563723500136E+001  4.412706571780E-011  1.807477331811E-011 -1.607747479875E-011  0.000000000000E+000  4.081364679608E+003
  1.605775208607E+001  5.024700246608E-011  1.095485743393E-011 -1.720430893832E-011  0.000000000000E+000  3.908442244355E+003
  1.649476461582E+001  5.342822164345E-011  3.729619695573E-012 -1.550523307214E-011  0.000000000000E+000  3.829277546964E+003
  1.694914638379E+001  5.362829515581E-011 -2.595717396447E-012 -1.218029211249E-011  0.000000000000E+000  3.824509592908E+003
  1.742182982203E+001  5.118630139467E-011 -7.427011495579E-012 -8.261540466009E-012  0.000000000000E+000  3.884387087077E+003
  1.791381078784E+001  4.668970268630E-011 -1.054480507539E-011 -4.515128986219E-012  0.000000000000E+000  4.005284612022E+003
  1.842615381215E+001  4.084020325283E-011 -1.202469205102E-011 -1.415574364492E-012  0.000000000000E+000  4.188042883292E+003
  1.895999786176E+001  3.433740532541E-011 -1.213818618795E-011  8.262009750120E-013  0.000000000000E+000  4.437291159902E+003
  1.951656267356E+001  2.779218913365E-011 -1.125454150117E-011  2.202774262064E-012  0.000000000000E+000  4.761379882983E+003
  2.009715572669E+001  2.167453578246E-011 -9.758209698926E-012  2.838410228998E-012  0.000000000000E+000  5.172777719822E+003
  2.070317992707E+001  1.629421900456E-011 -7.989962842833E-012  2.921368170029E-012  0.000000000000E+000  5.688912253041E+003
  2.133614208874E+001  1.180824603504E-011 -6.213539920022E-012  2.650276581982E-012  0.000000000000E+000  6.333522053039E+003
  2.199766230782E+001  8.246481991422E-012 -4.604931787054E-012  2.198709752985E-012  0.000000000000E+000  7.138673402909E+003
  2.268948433818E+001  5.546460885357E-012 -3.258560742250E-012  1.697436820782E-012  0.000000000000E+000  8.147701317491E+003
  2.341348709294E+001  3.589547904777E-012 -2.203625052578E-012  1.230825199662E-012  0.000000000000E+000  9.419485176944E+003
  2.417169741362E+001  2.232747676029E-012 -1.424388684294E-012  8.425735165246E-013  0.000000000000E+000  1.103470014560E+004
  2.496630426925E+001  1.332923849538E-012 -8.796640175426E-013  5.460409600829E-013  0.000000000000E+000  1.310504868467E+004
  2.579967457140E+001  7.624603453818E-013 -5.185765347029E-013  3.354180723025E-013  0.000000000000E+000  0.000000000000E+000
  2.667437081864E+001  4.171044566878E-013 -2.914368448565E-013  1.953305380354E-013  0.000000000000E+000  0.000000000000E+000
  2.759317081651E+001  2.177421764351E-013 -1.558733850981E-013  1.077727399854E-013  0.000000000000E+000  0.000000000000E+000
  2.855908975674E+001  1.082042962968E-013 -7.917639109491E-014  5.626730012132E-014  0.000000000000E+000  0.000000000000E+000
  2.957540498378E+001  5.104543011302E-014 -3.810289968861E-014  2.774749394143E-014  0.000000000000E+000  0.000000000000E+000
  3.064568382919E+001  2.279019556403E-014 -1.732366283090E-014  1.289443739273E-014  0.000000000000E+000  0.000000000000E+000
  3.177381495601E+001  9.597056442462E-015 -7.417455112458E-015  5.630841240015E-015  0.000000000000E+000  0.000000000000E+000
  3.296404372807E+001  3.797386624463E-015 -2.980169185955E-015  2.303076331048E-015  0.000000000000E+000  0.000000000000E+000
  3.422101220608E+001  1.405944754961E-015 -1.119038458704E-015  8.789506620648E-016  0.000000000000E+000  0.000000000000E+000
  3.554980447538E+001  4.848110350397E-016 -3.909391692500E-016  3.116553326430E-016  0.000000000000E+000  0.000000000000E+000
  3.695599813319E+001  1.549046697335E-016 -1.264300479203E-016  1.021718365224E-016  0.000000000000E+000  0.000000000000E+000
  3.844572291106E+001  4.560052954585E-017 -3.763893329304E-017  3.080117754327E-017  0.000000000000E+000  0.000000000000E+000
  4.002572758518E+001  1.228979730385E-017 -1.025095160877E-017  8.486553267923E-018  0.000000000000E+000  0.000000000000E+000
  4.170345654134E+001  3.011225153079E-018 -2.536404081220E-018  2.122547737109E-018  0.000000000000E+000  0.000000000000E+000
  4.348713762001E+001  6.655494918139E-019 -5.657758757559E-019  4.782228979643E-019  0.000000000000E+000  0.000000000000E+000
  4.538588318162E+001  1.298269074550E-019 -1.110754088606E-019  9.451494589964E-020  0.000000000000E+000  0.000000000000E+000
  4.740980671574E+001  2.280101651784E-020 -2.303655199557E-020  2.019071001051E-020  0.000000000000E+000  0.000000000000E+000
  4.957015778746E+001  3.919171103153E-021 -2.675185395725E-021  7.535120600797E-022  0.000000000000E+000  0.000000000000E+000
  5.187947869225E+001  2.388900342814E-022 -1.910258230056E-022  8.574236927683E-022  0.000000000000E+000  0.000000000000E+000
  5.435178690397E+001  1.092634658873E-022 -9.396326388321E-023 -7.718538136951E-024  0.000000000000E+000  0.000000000000E+000
  5.700278828629E+001  0.000000000000E+000 -7.694809394927E-024  6.868988764258E-024  0.000000000000E+000  0.000000000000E+000
  5.985012714155E+001  6.682367557551E-025  0.000000000000E+000  0.000000000000E+000  0.000000000000E+000  0.000000000000E+000
  6.291368055481E+001  0.000000000000E+000  0.000000000000E+000  0.000000000000E+000  0.000000000000E+000  0.000000000000E+000
  6.621590623276E+001  0.000000000000E+000  0.000000000000E+000  0.000000000000E+000  0.000000000000E+000  0.000000000000E+000
  6.978225524452E+001  0.000000000000E+000  0.000000000000E+000  0.000000000000E+000  0.000000000000E+000  0.000000000000E+000
  7.364166388185E+001  0.000000000000E+000  0.000000000000E+000  0.000000000000E+000  0.000000000000E+000  0.000000000000E+000
  7.782714245929E+001  0.000000000000E+000  0.000000000000E+000  0.000000000000E+000  0.000000000000E+000  0.000000000000E+000
  8.237648351994E+001  0.000000000000E+000  0.000000000000E+000  0.000000000000E+000  0.000000000000E+000  0.000000000000E+000
  8.733311794502E+001  0.000000000000E+000  0.000000000000E+000  0.000000000000E+000  0.000000000000E+000  0.000000000000E+000
  9.274715535088E+001  0.000000000000E+000  0.000000000000E+000  0.000000000000E+000  0.000000000000E+000  0.000000000000E+000
  9.867665554529E+001  0.000000000000E+000  0.000000000000E+000  0.000000000000E+000  0.000000000000E+000  0.000000000000E+000
  1.051891916055E+002  0.000000000000E+000  0.000000000000E+000  0.000000000000E+000  0.000000000000E+000  0.000000000000E+000
  1.123637836013E+002  0.000000000000E+000  0.000000000000E+000  0.000000000000E+000  0.000000000000E+000  0.000000000000E+000
  1.202933069206E+002  0.000000000000E+000  0.000000000000E+000  0.000000000000E+000  0.000000000000E+000  0.000000000000E+000
  1.290875131414E+002  0.000000000000E+000  0.000000000000E+000  0.000000000000E+000  0.000000000000E+000  0.000000000000E+000
  1.388768482001E+002  0.000000000000E+000  0.000000000000E+000  0.000000000000E+000  0.000000000000E+000  0.000000000000E+000
  1.498173177370E+002  0.000000000000E+000  0.000000000000E+000  0.000000000000E+000  0.000000000000E+000  0.000000000000E+000
  1.620967411853E+002  0.000000000000E+000  0.000000000000E+000  0.000000000000E+000  0.000000000000E+000  0.000000000000E+000
  1.759428668168E+002  0.000000000000E+000  0.000000000000E+000  0.000000000000E+000  0.000000000000E+000  0.000000000000E+000
  1.916340085825E+002  0.000000000000E+000  0.000000000000E+000  0.000000000000E+000  0.000000000000E+000  0.000000000000E+000
  2.095131417987E+002  0.000000000000E+000  0.000000000000E+000  0.000000000000E+000  0.000000000000E+000  0.000000000000E+000
  2.300068054477E+002  0.000000000000E+000  0.000000000000E+000  0.000000000000E+000  0.000000000000E+000  0.000000000000E+000
  2.536507797910E+002  0.000000000000E+000  0.000000000000E+000  0.000000000000E+000  0.000000000000E+000  0.000000000000E+000
  2.811254638474E+002  0.000000000000E+000  0.000000000000E+000  0.000000000000E+000  0.000000000000E+000  0.000000000000E+000
  3.133053780630E+002  0.000000000000E+000  0.000000000000E+000  0.000000000000E+000  0.000000000000E+000  0.000000000000E+000
  3.513296254502E+002  0.000000000000E+000  0.000000000000E+000  0.000000000000E+000  0.000000000000E+000  0.000000000000E+000
  3.967041014107E+002  0.000000000000E+000  0.000000000000E+000  0.000000000000E+000  0.000000000000E+000  0.000000000000E+000
  4.514529193350E+002  0.000000000000E+000  0.000000000000E+000  0.000000000000E+000  0.000000000000E+000  0.000000000000E+000
  5.183481233601E+002  0.000000000000E+000  0.000000000000E+000  0.000000000000E+000  0.000000000000E+000  0.000000000000E+000
  6.012676077950E+002  0.000000000000E+000  0.000000000000E+000  0.000000000000E+000  0.000000000000E+000  0.000000000000E+000
  7.057700503752E+002  0.000000000000E+000  0.000000000000E+000  0.000000000000E+000  0.000000000000E+000  0.000000000000E+000
  8.400513767914E+002  0.000000000000E+000  0.000000000000E+000  0.000000000000E+000  0.000000000000E+000  0.000000000000E+000
  1.016602135495E+003  0.000000000000E+000  0.000000000000E+000  0.000000000000E+000  0.000000000000E+000  0.000000000000E+000
  1.255220715579E+003  0.000000000000E+000  0.000000000000E+000  0.000000000000E+000  0.000000000000E+000  0.000000000000E+000
  1.588815776243E+003  0.000000000000E+000  0.000000000000E+000  0.000000000000E+000  0.000000000000E+000  0.000000000000E+000
  2.075392011604E+003  0.000000000000E+000  0.000000000000E+000  0.000000000000E+000  0.000000000000E+000  0.000000000000E+000
  2.825079847528E+003  0.000000000000E+000  0.000000000000E+000  0.000000000000E+000  0.000000000000E+000  0.000000000000E+000
  4.068408296183E+003  0.000000000000E+000  0.000000000000E+000  0.000000000000E+000  0.000000000000E+000  0.000000000000E+000
  6.357262947672E+003  0.000000000000E+000  0.000000000000E+000  0.000000000000E+000  0.000000000000E+000  0.000000000000E+000
  1.130231930164E+004  0.000000000000E+000  0.000000000000E+000  0.000000000000E+000  0.000000000000E+000  0.000000000000E+000
  2.543105175136E+004  0.000000000000E+000  0.000000000000E+000  0.000000000000E+000  0.000000000000E+000  0.000000000000E+000
  1.017262069952E+005  0.000000000000E+000  0.000000000000E+000  0.000000000000E+000  0.000000000000E+000  0.000000000000E+000
