# 1st line: number of mesh points
# abcissa wavefunction wavefunction_1st wavefunction_2nd
500
# Principal QN=   1 , l=   1 , Occupation=   4.0000
  9.830308526563E-006  1.492274460858E-004  1.517976320220E+001 -1.177695388341E+002
  3.932200719722E-005  5.968532359515E-004  1.517629030891E+001 -1.177471290645E+002
  8.847741541467E-005  1.342707742857E-003  1.517050331859E+001 -1.177097846492E+002
  1.573003992805E-004  2.386508316991E-003  1.516240397881E+001 -1.176575133923E+002
  2.457963722418E-004  3.727859377635E-003  1.515199473580E+001 -1.175903262266E+002
  3.539722959954E-004  5.366252542222E-003  1.513927873405E+001 -1.175082372195E+002
  4.818366816529E-004  7.301066792355E-003  1.512425981587E+001 -1.174112635818E+002
  6.293995911626E-004  9.531568676803E-003  1.510694252076E+001 -1.172994256778E+002
  7.966726389935E-004  1.205691255158E-002  1.508733208473E+001 -1.171727470376E+002
  9.836689940782E-004  1.487614085714E-002  1.506543443944E+001 -1.170312543703E+002
  1.190403382016E-003  1.798818443282E-002  1.504125621132E+001 -1.168749775800E+002
  1.416892087541E-003  2.139186286852E-002  1.501480472047E+001 -1.167039497827E+002
  1.663152957245E-003  2.508588489392E-002  1.498608797946E+001 -1.165182073249E+002
  1.929205402573E-003  2.906884880514E-002  1.495511469208E+001 -1.163177898039E+002
  2.215070403073E-003  3.333924292903E-002  1.492189425186E+001 -1.161027400894E+002
  2.520770509919E-003  3.789544612532E-002  1.488643674048E+001 -1.158731043467E+002
  2.846329849692E-003  4.273572832661E-002  1.484875292608E+001 -1.156289320607E+002
  3.191774128432E-003  4.785825111647E-002  1.480885426141E+001 -1.153702760620E+002
  3.557130635959E-003  5.326106834568E-002  1.476675288179E+001 -1.150971925529E+002
  3.942428250463E-003  5.894212678684E-002  1.472246160293E+001 -1.148097411358E+002
  4.347697443358E-003  6.489926682752E-002  1.467599391867E+001 -1.145079848412E+002
  4.772970284417E-003  7.113022320202E-002  1.462736399842E+001 -1.141919901576E+002
  5.218280447175E-003  7.763262576195E-002  1.457658668453E+001 -1.138618270615E+002
  5.683663214611E-003  8.440400028584E-002  1.452367748943E+001 -1.135175690482E+002
  6.169155485101E-003  9.144176932778E-002  1.446865259262E+001 -1.131592931629E+002
  6.674795778653E-003  9.874325310547E-002  1.441152883743E+001 -1.127870800327E+002
  7.200624243425E-003  1.063056704276E-001  1.435232372760E+001 -1.124010138980E+002
  7.746682662519E-003  1.141261396609E-001  1.429105542370E+001 -1.120011826446E+002
  8.313014461060E-003  1.222016797368E-001  1.422774273922E+001 -1.115876778359E+002
  8.899664713569E-003  1.305292111982E-001  1.416240513658E+001 -1.111605947442E+002
  9.506680151615E-003  1.391055572858E-001  1.409506272283E+001 -1.107200323825E+002
  1.013410917176E-002  1.479274450651E-001  1.402573624510E+001 -1.102660935352E+002
  1.078200184380E-002  1.569915065932E-001  1.395444708591E+001 -1.097988847889E+002
  1.145040991929E-002  1.662942801258E-001  1.388121725809E+001 -1.093185165617E+002
  1.213938684040E-002  1.758322113652E-001  1.380606939960E+001 -1.088251031323E+002
  1.284898774901E-002  1.856016547483E-001  1.372902676793E+001 -1.083187626676E+002
  1.357926949620E-002  1.955988747747E-001  1.365011323437E+001 -1.077996172493E+002
  1.433029065191E-002  2.058200473766E-001  1.356935327788E+001 -1.072677928992E+002
  1.510211151509E-002  2.162612613276E-001  1.348677197881E+001 -1.067234196028E+002
  1.589479412397E-002  2.269185196934E-001  1.340239501217E+001 -1.061666313318E+002
  1.670840226680E-002  2.377877413226E-001  1.331624864074E+001 -1.055975660638E+002
  1.754300149280E-002  2.488647623772E-001  1.322835970781E+001 -1.050163658013E+002
  1.839865912351E-002  2.601453379044E-001  1.313875562959E+001 -1.044231765875E+002
  1.927544426443E-002  2.716251434485E-001  1.304746438737E+001 -1.038181485205E+002
  2.017342781695E-002  2.832997767023E-001  1.295451451928E+001 -1.032014357649E+002
  2.109268249069E-002  2.951647591989E-001  1.285993511176E+001 -1.025731965607E+002
  2.203328281612E-002  3.072155380435E-001  1.276375579071E+001 -1.019335932297E+002
  2.299530515754E-002  3.194474876836E-001  1.266600671222E+001 -1.012827921789E+002
  2.397882772639E-002  3.318559117198E-001  1.256671855308E+001 -1.006209639012E+002
  2.498393059493E-002  3.444360447547E-001  1.246592250082E+001 -9.994828297233E+001
  2.601069571024E-002  3.571830542803E-001  1.236365024343E+001 -9.926492804494E+001
  2.705920690860E-002  3.700920426037E-001  1.225993395877E+001 -9.857108183944E+001
  2.812954993023E-002  3.831580488111E-001  1.215480630356E+001 -9.786693113083E+001
  2.922181243436E-002  3.963760507680E-001  1.204830040198E+001 -9.715266673206E+001
  3.033608401473E-002  4.097409671575E-001  1.194044983399E+001 -9.642848347360E+001
  3.147245621542E-002  4.232476595532E-001  1.183128862323E+001 -9.569458017903E+001
  3.263102254705E-002  4.368909345296E-001  1.172085122447E+001 -9.495115963654E+001
  3.381187850339E-002  4.506655458057E-001  1.160917251085E+001 -9.419842856635E+001
  3.501512157837E-002  4.645661964242E-001  1.149628776057E+001 -9.343659758380E+001
  3.624085128345E-002  4.785875409632E-001  1.138223264334E+001 -9.266588115807E+001
  3.748916916538E-002  4.927241877820E-001  1.126704320636E+001 -9.188649756646E+001
  3.876017882444E-002  5.069707012970E-001  1.115075585999E+001 -9.109866884409E+001
  4.005398593302E-002  5.213216042903E-001  1.103340736300E+001 -9.030262072900E+001
  4.137069825459E-002  5.357713802475E-001  1.091503480745E+001 -8.949858260244E+001
  4.271042566323E-002  5.503144757245E-001  1.079567560326E+001 -8.868678742455E+001
  4.407328016341E-002  5.649453027428E-001  1.067536746234E+001 -8.786747166499E+001
  4.545937591035E-002  5.796582412115E-001  1.055414838239E+001 -8.704087522884E+001
  4.686882923075E-002  5.944476413753E-001  1.043205663036E+001 -8.620724137750E+001
  4.830175864396E-002  6.093078262862E-001  1.030913072552E+001 -8.536681664456E+001
  4.975828488365E-002  6.242330942998E-001  1.018540942223E+001 -8.451985074677E+001
  5.123853091993E-002  6.392177215927E-001  1.006093169232E+001 -8.366659648986E+001
  5.274262198188E-002  6.542559647008E-001  9.935736707214E+000 -8.280730966945E+001
  5.427068558066E-002  6.693420630767E-001  9.809863819625E+000 -8.194224896679E+001
  5.582285153302E-002  6.844702416649E-001  9.683352545050E+000 -8.107167583957E+001
  5.739925198530E-002  6.996347134935E-001  9.556242542887E+000 -8.019585440767E+001
  5.900002143803E-002  7.148296822796E-001  9.428573597287E+000 -7.931505133387E+001
  6.062529677088E-002  7.300493450490E-001  9.300385597722E+000 -7.842953569970E+001
  6.227521726827E-002  7.452878947661E-001  9.171718519283E+000 -7.753957887632E+001
  6.394992464542E-002  7.605395229736E-001  9.042612402724E+000 -7.664545439053E+001
  6.564956307496E-002  7.757984224410E-001  8.913107334264E+000 -7.574743778607E+001
  6.737427921404E-002  7.910587898173E-001  8.783243425158E+000 -7.484580648008E+001
  6.912422223211E-002  8.063148282896E-001  8.653060791061E+000 -7.394083961509E+001
  7.089954383907E-002  8.215607502425E-001  8.522599531195E+000 -7.303281790635E+001
  7.270039831418E-002  8.367907799188E-001  8.391899707332E+000 -7.212202348480E+001
  7.452694253540E-002  8.519991560776E-001  8.261001322619E+000 -7.120873973576E+001
  7.637933600943E-002  8.671801346495E-001  8.129944300262E+000 -7.029325113337E+001
  7.825774090225E-002  8.823279913848E-001  7.998768462078E+000 -6.937584307108E+001
  8.016232207035E-002  8.974370244951E-001  7.867513506951E+000 -6.845680168823E+001
  8.209324709253E-002  9.125015572837E-001  7.736218989195E+000 -6.753641369285E+001
  8.405068630235E-002  9.275159407643E-001  7.604924296858E+000 -6.661496618100E+001
  8.603481282122E-002  9.424745562653E-001  7.473668629984E+000 -6.569274645268E+001
  8.804580259214E-002  9.573718180172E-001  7.342490978851E+000 -6.477004182455E+001
  9.008383441408E-002  9.722021757212E-001  7.211430102220E+000 -6.384713943976E+001
  9.214908997710E-002  9.869601170973E-001  7.080524505602E+000 -6.292432607486E+001
  9.424175389809E-002  1.001640170408E+000  6.949812419579E+000 -6.200188794434E+001
  9.636201375725E-002  1.016236906956E+000  6.819331778200E+000 -6.108011050271E+001
  9.851006013526E-002  1.030744943559E+000  6.689120197480E+000 -6.015927824457E+001
  1.006860866512E-001  1.045158944983E+000  6.559214954015E+000 -5.923967450287E+001
  1.028902900012E-001  1.059473626359E+000  6.429652963756E+000 -5.832158124556E+001
  1.051228699979E-001  1.073683755549E+000  6.300470760957E+000 -5.740527887093E+001
  1.073840296104E-001  1.087784155487E+000  6.171704477328E+000 -5.649104600197E+001
  1.096739750056E-001  1.101769706476E+000  6.043389821415E+000 -5.557915927994E+001
  1.119929155896E-001  1.115635348441E+000  5.915562058238E+000 -5.466989315749E+001
  1.143410640503E-001  1.129376083146E+000  5.788255989219E+000 -5.376351969163E+001
  1.167186364011E-001  1.142986976355E+000  5.661505932407E+000 -5.286030833680E+001
  1.191258520249E-001  1.156463159957E+000  5.535345703062E+000 -5.196052573844E+001
  1.215629337189E-001  1.169799834030E+000  5.409808594584E+000 -5.106443552731E+001
  1.240301077413E-001  1.182992268860E+000  5.284927359855E+000 -5.017229811484E+001
  1.265276038575E-001  1.196035806906E+000  5.160734192983E+000 -4.928437048991E+001
  1.290556553882E-001  1.208925864700E+000  5.037260711510E+000 -4.840090601741E+001
  1.316144992580E-001  1.221657934705E+000  4.914537939086E+000 -4.752215423880E+001
  1.342043760450E-001  1.234227587098E+000  4.792596288645E+000 -4.664836067506E+001
  1.368255300316E-001  1.246630471502E+000  4.671465546111E+000 -4.577976663241E+001
  1.394782092560E-001  1.258862318648E+000  4.551174854656E+000 -4.491660901108E+001
  1.421626655646E-001  1.270918941978E+000  4.431752699540E+000 -4.405912011745E+001
  1.448791546661E-001  1.282796239178E+000  4.313226893551E+000 -4.320752747999E+001
  1.476279361856E-001  1.294490193647E+000  4.195624563079E+000 -4.236205366921E+001
  1.504092737207E-001  1.305996875889E+000  4.078972134837E+000 -4.152291612209E+001
  1.532234348983E-001  1.317312444848E+000  3.963295323260E+000 -4.069032697118E+001
  1.560706914324E-001  1.328433149160E+000  3.848619118605E+000 -3.986449287884E+001
  1.589513191834E-001  1.339355328338E+000  3.734967775764E+000 -3.904561487685E+001
  1.618655982178E-001  1.350075413884E+000  3.622364803821E+000 -3.823388821173E+001
  1.648138128702E-001  1.360589930323E+000  3.510832956371E+000 -3.742950219615E+001
  1.677962518056E-001  1.370895496172E+000  3.400394222606E+000 -3.663264006660E+001
  1.708132080832E-001  1.380988824820E+000  3.291069819213E+000 -3.584347884782E+001
  1.738649792215E-001  1.390866725342E+000  3.182880183065E+000 -3.506218922410E+001
  1.769518672648E-001  1.400526103239E+000  3.075844964755E+000 -3.428893541783E+001
  1.800741788507E-001  1.409963961093E+000  2.969983022959E+000 -3.352387507560E+001
  1.832322252791E-001  1.419177399154E+000  2.865312419654E+000 -3.276715916201E+001
  1.864263225826E-001  1.428163615845E+000  2.761850416203E+000 -3.201893186159E+001
  1.896567915983E-001  1.436919908201E+000  2.659613470307E+000 -3.127933048894E+001
  1.929239580409E-001  1.445443672220E+000  2.558617233843E+000 -3.054848540740E+001
  1.962281525771E-001  1.453732403151E+000  2.458876551579E+000 -2.982651995649E+001
  1.995697109023E-001  1.461783695703E+000  2.360405460793E+000 -2.911355038815E+001
  2.029489738173E-001  1.469595244181E+000  2.263217191776E+000 -2.840968581228E+001
  2.063662873085E-001  1.477164842551E+000  2.167324169228E+000 -2.771502815142E+001
  2.098220026275E-001  1.484490384437E+000  2.072738014561E+000 -2.702967210490E+001
  2.133164763746E-001  1.491569863046E+000  1.979469549077E+000 -2.635370512267E+001
  2.168500705817E-001  1.498401371026E+000  1.887528798044E+000 -2.568720738868E+001
  2.204231527988E-001  1.504983100257E+000  1.796924995649E+000 -2.503025181419E+001
  2.240360961807E-001  1.511313341582E+000  1.707666590824E+000 -2.438290404084E+001
  2.276892795770E-001  1.517390484473E+000  1.619761253928E+000 -2.374522245379E+001
  2.313830876220E-001  1.523213016634E+000  1.533215884291E+000 -2.311725820471E+001
  2.351179108282E-001  1.528779523554E+000  1.448036618580E+000 -2.249905524488E+001
  2.388941456809E-001  1.534088687997E+000  1.364228839994E+000 -2.189065036820E+001
  2.427121947345E-001  1.539139289447E+000  1.281797188253E+000 -2.129207326421E+001
  2.465724667110E-001  1.543930203491E+000  1.200745570372E+000 -2.070334658102E+001
  2.504753766009E-001  1.548460401172E+000  1.121077172192E+000 -2.012448599809E+001
  2.544213457654E-001  1.552728948281E+000  1.042794470645E+000 -1.955550030878E+001
  2.584108020414E-001  1.556735004616E+000  9.658992467269E-001 -1.899639151250E+001
  2.624441798480E-001  1.560477823206E+000  8.903925991519E-001 -1.844715491635E+001
  2.665219202956E-001  1.563956749489E+000  8.162749586550E-001 -1.790777924618E+001
  2.706444712976E-001  1.567171220471E+000  7.435461029144E-001 -1.737824676667E+001
  2.748122876832E-001  1.570120763848E+000  6.722051720579E-001 -1.685853341037E+001
  2.790258313137E-001  1.572804997108E+000  6.022506847193E-001 -1.634860891553E+001
  2.832855712010E-001  1.575223626607E+000  5.336805546075E-001 -1.584843697217E+001
  2.875919836279E-001  1.577376446635E+000  4.664921075488E-001 -1.535797537649E+001
  2.919455522717E-001  1.579263338460E+000  4.006820989646E-001 -1.487717619296E+001
  2.963467683296E-001  1.580884269368E+000  3.362467317406E-001 -1.440598592405E+001
  3.007961306479E-001  1.582239291690E+000  2.731816744460E-001 -1.394434568702E+001
  3.052941458522E-001  1.583328541834E+000  2.114820798592E-001 -1.349219139754E+001
  3.098413284823E-001  1.584152239311E+000  1.511426037527E-001 -1.304945395971E+001
  3.144382011281E-001  1.584710685766E+000  9.215742389367E-002 -1.261605946204E+001
  3.190852945695E-001  1.585004264021E+000  3.452025921120E-002 -1.219192937898E+001
  3.237831479192E-001  1.585033437127E+000 -2.177561091657E-002 -1.177698077758E+001
  3.285323087679E-001  1.584798747426E+000 -7.673732730433E-002 -1.137112652869E+001
  3.333333333333E-001  1.584300815642E+000 -1.303724315792E-001 -1.097427552242E+001
  3.381867866117E-001  1.583540339982E+000 -1.826888468273E-001 -1.058633288715E+001
  3.430932425333E-001  1.582518095269E+000 -2.336948583165E-001 -1.020720021172E+001
  3.480532841203E-001  1.581234932098E+000 -2.833990943456E-001 -9.836775770201E+000
  3.530675036492E-001  1.579691776027E+000 -3.318105072676E-001 -9.474954748743E+000
  3.581365028158E-001  1.577889626799E+000 -3.789383547379E-001 -9.121629473938E+000
  3.632608929041E-001  1.575829557595E+000 -4.247921812345E-001 -8.776689642143E+000
  3.684412949588E-001  1.573512714332E+000 -4.693817998982E-001 -8.440022549218E+000
  3.736783399619E-001  1.570940314998E+000 -5.127172747410E-001 -8.111513320083E+000
  3.789726690123E-001  1.568113649029E+000 -5.548089032663E-001 -7.791045137557E+000
  3.843249335105E-001  1.565034076729E+000 -5.956671995480E-001 -7.478499469882E+000
  3.897357953460E-001  1.561703028733E+000 -6.353028778099E-001 -7.173756296375E+000
  3.952059270903E-001  1.558122005521E+000 -6.737268365485E-001 -6.876694330634E+000
  4.007360121927E-001  1.554292576976E+000 -7.109501432386E-001 -6.587191240746E+000
  4.063267451812E-001  1.550216381987E+000 -7.469840196588E-001 -6.305123865921E+000
  4.119788318683E-001  1.545895128101E+000 -7.818398278750E-001 -6.030368429016E+000
  4.176929895600E-001  1.541330591228E+000 -8.155290569132E-001 -5.762800744411E+000
  4.234699472710E-001  1.536524615381E+000 -8.480633101540E-001 -5.502296420708E+000
  4.293104459435E-001  1.531479112475E+000 -8.794542934765E-001 -5.248731057734E+000
  4.352152386716E-001  1.526196062163E+000 -9.097138041785E-001 -5.001980437368E+000
  4.411850909306E-001  1.520677511715E+000 -9.388537206938E-001 -4.761920707707E+000
  4.472207808110E-001  1.514925575948E+000 -9.668859931275E-001 -4.528428560110E+000
  4.533230992589E-001  1.508942437182E+000 -9.938226346259E-001 -4.301381398699E+000
  4.594928503202E-001  1.502730345247E+000 -1.019675713592E+000 -4.080657501898E+000
  4.657308513924E-001  1.496291617512E+000 -1.044457346759E+000 -3.866136175630E+000
  4.720379334802E-001  1.489628638956E+000 -1.068179693122E+000 -3.657697897821E+000
  4.784149414579E-001  1.482743862256E+000 -1.090854948743E+000 -3.455224453879E+000
  4.848627343381E-001  1.475639807907E+000 -1.112495342406E+000 -3.258599062867E+000
  4.913821855461E-001  1.468319064357E+000 -1.133113132136E+000 -3.067706494090E+000
  4.979741832006E-001  1.460784288156E+000 -1.152720602571E+000 -2.882433173899E+000
  5.046396304008E-001  1.453038204119E+000 -1.171330063156E+000 -2.702667282488E+000
  5.113794455212E-001  1.445083605487E+000 -1.188953847161E+000 -2.528298840570E+000
  5.181945625116E-001  1.436923354094E+000 -1.205604311497E+000 -2.359219785780E+000
  5.250859312060E-001  1.428560380521E+000 -1.221293837297E+000 -2.195324038762E+000
  5.320545176366E-001  1.419997684241E+000 -1.236034831242E+000 -2.036507558885E+000
  5.391013043575E-001  1.411238333744E+000 -1.249839727593E+000 -1.882668389605E+000
  5.462272907741E-001  1.402285466637E+000 -1.262720990897E+000 -1.733706693512E+000
  5.534334934816E-001  1.393142289709E+000 -1.274691119325E+000 -1.589524777161E+000
  5.607209466109E-001  1.383812078960E+000 -1.285762648594E+000 -1.450027105810E+000
  5.680907021827E-001  1.374298179583E+000 -1.295948156434E+000 -1.315120308232E+000
  5.755438304707E-001  1.364604005893E+000 -1.305260267542E+000 -1.184713171835E+000
  5.830814203728E-001  1.354733041196E+000 -1.313711658974E+000 -1.058716628315E+000
  5.907045797917E-001  1.344688837592E+000 -1.321315065917E+000 -9.370437301595E-001
  5.984144360243E-001  1.334475015699E+000 -1.328083287782E+000 -8.196096183274E-001
  6.062121361613E-001  1.324095264304E+000 -1.334029194557E+000 -7.063314814696E-001
  6.140988474955E-001  1.313553339920E+000 -1.339165733357E+000 -5.971285071086E-001
  6.220757579409E-001  1.302853066246E+000 -1.343505935107E+000 -4.919218252157E-001
  6.301440764614E-001  1.291998333534E+000 -1.347062921285E+000 -3.906344446621E-001
  6.383050335109E-001  1.280993097841E+000 -1.349849910667E+000 -2.931911830539E-001
  6.465598814833E-001  1.269841380168E+000 -1.351880226000E+000 -1.995185904884E-001
  6.549098951744E-001  1.258547265481E+000 -1.353167300531E+000 -1.095448677953E-001
  6.633563722545E-001  1.247114901605E+000 -1.353724684328E+000 -2.319977985328E-002
  6.719006337539E-001  1.235548497989E+000 -1.353566050322E+000  5.958543540851E-002
  6.805440245593E-001  1.223852324338E+000 -1.352705199999E+000  1.388781616931E-001
  6.892879139233E-001  1.212030709098E+000 -1.351156068683E+000  2.147445020583E-001
  6.981336959871E-001  1.200088037806E+000 -1.348932730334E+000  2.872493790210E-001
  7.070827903152E-001  1.188028751291E+000 -1.346049401796E+000  3.564566363762E-001
  7.161366424455E-001  1.175857343730E+000 -1.342520446452E+000  4.224291420576E-001
  7.252967244510E-001  1.163578360543E+000 -1.338360377204E+000  4.852288913667E-001
  7.345645355186E-001  1.151196396154E+000 -1.333583858728E+000  5.449171098947E-001
  7.439416025400E-001  1.138716091583E+000 -1.328205708966E+000  6.015543554718E-001
  7.534294807203E-001  1.126142131896E+000 -1.322240899785E+000  6.552006184833E-001
  7.630297542000E-001  1.113479243503E+000 -1.315704556773E+000  7.059154199067E-001
  7.727440366954E-001  1.100732191303E+000 -1.308611958128E+000  7.537579064415E-001
  7.825739721536E-001  1.087905775691E+000 -1.300978532598E+000  7.987869421202E-001
  7.925212354258E-001  1.075004829408E+000 -1.292819856459E+000  8.410611958180E-001
  8.025875329584E-001  1.062034214271E+000 -1.284151649483E+000  8.806392241008E-001
  8.127746035011E-001  1.048998817749E+000 -1.274989769901E+000  9.175795488874E-001
  8.230842188350E-001  1.035903549427E+000 -1.265350208334E+000  9.519407294320E-001
  8.335181845190E-001  1.022753337340E+000 -1.255249080685E+000  9.837814281732E-001
  8.440783406568E-001  1.009553124194E+000 -1.244702620004E+000  1.013160470037E+000
  8.547665626839E-001  9.963078634842E-001 -1.233727167316E+000  1.040136894819E+000
  8.655847621758E-001  9.830225155122E-001 -1.222339161445E+000  1.064770002331E+000
  8.765348876780E-001  9.697020433189E-001 -1.210555127829E+000  1.087119390024E+000
  8.876189255584E-001  9.563514085386E-001 -1.198391666380E+000  1.107244982870E+000
  8.988389008829E-001  9.429755671885E-001 -1.185865438394E+000  1.125207055329E+000
  9.101968783143E-001  9.295794654025E-001 -1.172993152579E+000  1.141066245282E+000
  9.216949630368E-001  9.161680351244E-001 -1.159791550224E+000  1.154883559856E+000
  9.333353017046E-001  9.027461897701E-001 -1.146277389570E+000  1.166720373144E+000
  9.451200834176E-001  8.893188198744E-001 -1.132467429450E+000  1.176638415862E+000
  9.570515407237E-001  8.758907887351E-001 -1.118378412240E+000  1.184699757033E+000
  9.691319506484E-001  8.624669280674E-001 -1.104027046221E+000  1.190966777874E+000
  9.813636357544E-001  8.490520336834E-001 -1.089429987396E+000  1.195502138082E+000
  9.937489652293E-001  8.356508612113E-001 -1.074603820861E+000  1.198368734788E+000
  1.006290356005E+000  8.222681218671E-001 -1.059565041812E+000  1.199629654495E+000
  1.018990273907E+000  8.089084782947E-001 -1.044330036260E+000  1.199348118361E+000
  1.031851234841E+000  7.955765404864E-001 -1.028915061570E+000  1.197587421248E+000
  1.044875806003E+000  7.822768618002E-001 -1.013336226886E+000  1.194410864973E+000
  1.058066607138E+000  7.690139350850E-001 -9.976094735670E-001  1.189881686286E+000
  1.071426311823E+000  7.557921889282E-001 -9.817505557123E-001  1.184062980080E+000
  1.084957648792E+000  7.426159840380E-001 -9.657750208728E-001  1.177017618420E+000
  1.098663403298E+000  7.294896097730E-001 -9.496981910568E-001  1.168808165979E+000
  1.112546418516E+000  7.164172808290E-001 -9.335351441162E-001  1.159496792506E+000
  1.126609596985E+000  7.034031340955E-001 -9.173006956134E-001  1.149145182966E+000
  1.140855902095E+000  6.904512256900E-001 -9.010093812597E-001  1.137814446007E+000
  1.155288359613E+000  6.775655281803E-001 -8.846754400164E-001  1.125565021435E+000
  1.169910059257E+000  6.647499280013E-001 -8.683127979455E-001  1.112456587345E+000
  1.184724156317E+000  6.520082230744E-001 -8.519350528914E-001  1.098547967604E+000
  1.199733873325E+000  6.393441206336E-001 -8.355554600723E-001  1.083897040347E+000
  1.214942501771E+000  6.267612352642E-001 -8.191869186542E-001  1.068560648135E+000
  1.230353403874E+000  6.142630871561E-001 -8.028419593723E-001  1.052594510419E+000
  1.245970014403E+000  6.018531005737E-001 -7.865327332604E-001  1.036053138942E+000
  1.261795842559E+000  5.895346025440E-001 -7.702710015411E-001  1.018989756653E+000
  1.277834473907E+000  5.773108217600E-001 -7.540681267216E-001  1.001456220714E+000
  1.294089572372E+000  5.651848876999E-001 -7.379350649313E-001  9.835029501083E-001
  1.310564882294E+000  5.531598299566E-001 -7.218823595311E-001  9.651788583653E-001
  1.327264230548E+000  5.412385777727E-001 -7.059201360143E-001  9.465312918149E-001
  1.344191528724E+000  5.294239597771E-001 -6.900580982089E-001  9.276059737937E-001
  1.361350775387E+000  5.177187039127E-001 -6.743055257857E-001  9.084469551364E-001
  1.378746058390E+000  5.061254375494E-001 -6.586712730635E-001  8.890965712520E-001
  1.396381557275E+000  4.946466877710E-001 -6.431637690973E-001  8.695954060217E-001
  1.414261545744E+000  4.832848818257E-001 -6.277910190231E-001  8.499822627001E-001
  1.432390394201E+000  4.720423477291E-001 -6.125606066277E-001  8.302941419453E-001
  1.450772572390E+000  4.609213150059E-001 -5.974796981001E-001  8.105662270399E-001
  1.469412652102E+000  4.499239155586E-001 -5.825550469158E-001  7.908318763112E-001
  1.488315309978E+000  4.390521846469E-001 -5.677929997950E-001  7.711226226966E-001
  1.507485330398E+000  4.283080619654E-001 -5.531995036717E-001  7.514681803441E-001
  1.526927608467E+000  4.176933928042E-001 -5.387801136000E-001  7.318964580818E-001
  1.546647153093E+000  4.072099292755E-001 -5.245400015223E-001  7.124335795372E-001
  1.566649090169E+000  3.968593315945E-001 -5.104839658159E-001  6.931039096321E-001
  1.586938665861E+000  3.866431693952E-001 -4.966164415300E-001  6.739300871370E-001
  1.607521250000E+000  3.765629230697E-001 -4.829415112242E-001  6.549330629179E-001
  1.628402339588E+000  3.666199851147E-001 -4.694629163130E-001  6.361321434713E-001
  1.649587562420E+000  3.568156614714E-001 -4.561840688220E-001  6.175450393067E-001
  1.671082680832E+000  3.471511728455E-001 -4.431080634588E-001  5.991879177023E-001
  1.692893595565E+000  3.376276559954E-001 -4.302376899021E-001  5.810754593363E-001
  1.715026349769E+000  3.282461649762E-001 -4.175754452134E-001  5.632209182705E-001
  1.737487133138E+000  3.190076723296E-001 -4.051235462772E-001  5.456361847520E-001
  1.760282286187E+000  3.099130702107E-001 -3.928839421789E-001  5.283318502843E-001
  1.783418304674E+000  3.009631714440E-001 -3.808583264337E-001  5.113172744172E-001
  1.806901844175E+000  2.921587105011E-001 -3.690481489817E-001  4.946006527039E-001
  1.830739724818E+000  2.835003443977E-001 -3.574546278744E-001  4.781890852826E-001
  1.854938936184E+000  2.749886535043E-001 -3.460787605793E-001  4.620886455485E-001
  1.879506642368E+000  2.666241422711E-001 -3.349213348393E-001  4.463044484031E-001
  1.904450187236E+000  2.584072398659E-001 -3.239829390300E-001  4.308407175882E-001
  1.929777099847E+000  2.503383007285E-001 -3.132639719655E-001  4.157008516372E-001
  1.955495100083E+000  2.424176050434E-001 -3.027646521135E-001  4.008874880128E-001
  1.981612104475E+000  2.346453591382E-001 -2.924850261882E-001  3.864025650299E-001
  2.008136232230E+000  2.270216958132E-001 -2.824249770982E-001  3.722473812051E-001
  2.035075811486E+000  2.195466746118E-001 -2.725842312377E-001  3.584226517158E-001
  2.062439385788E+000  2.122202820407E-001 -2.629623651175E-001  3.449285616951E-001
  2.090235720801E+000  2.050424317520E-001 -2.535588113414E-001  3.317648161363E-001
  2.118473811262E+000  1.980129646992E-001 -2.443728639441E-001  3.189306862292E-001
  2.147162888201E+000  1.911316492815E-001 -2.354036831134E-001  3.064250519976E-001
  2.176312426413E+000  1.843981814887E-001 -2.266502993315E-001  2.942464411588E-001
  2.205932152222E+000  1.778121850638E-001 -2.181116169727E-001  2.823930641723E-001
  2.236032051522E+000  1.713732116975E-001 -2.097864174081E-001  2.708628454942E-001
  2.266622378129E+000  1.650807412698E-001 -2.016733616702E-001  2.596534511002E-001
  2.297713662445E+000  1.589341821546E-001 -1.937709927373E-001  2.487623123828E-001
  2.329316720450E+000  1.529328716017E-001 -1.860777375026E-001  2.381866465717E-001
  2.361442663038E+000  1.470760762110E-001 -1.785919084965E-001  2.279234738633E-001
  2.394102905709E+000  1.413629925119E-001 -1.713117054330E-001  2.179696314816E-001
  2.427309178642E+000  1.357927476599E-001 -1.642352166531E-001  2.083217849224E-001
  2.461073537146E+000  1.303644002626E-001 -1.573604205380E-001  1.989764366600E-001
  2.495408372530E+000  1.250769413417E-001 -1.506851869641E-001  1.899299326170E-001
  2.530326423398E+000  1.199292954418E-001 -1.442072788703E-001  1.811784667148E-001
  2.565840787378E+000  1.149203218871E-001 -1.379243540047E-001  1.727180838349E-001
  2.601964933334E+000  1.100488161930E-001 -1.318339669126E-001  1.645446815256E-001
  2.638712714049E+000  1.053135116298E-001 -1.259335712239E-001  1.566540107934E-001
  2.676098379430E+000  1.007130809388E-001 -1.202205222895E-001  1.490416763091E-001
  2.714136590232E+000  9.624613819444E-002 -1.146920802105E-001  1.417031363556E-001
  2.752842432351E+000  9.191124080634E-002 -1.093454132944E-001  1.346337028238E-001
  2.792231431696E+000  8.770689165106E-002 -1.041776019641E-001  1.278285415497E-001
  2.832319569669E+000  8.363154132046E-002 -9.918564313515E-002  1.212826732560E-001
  2.873123299289E+000  7.968359047236E-002 -9.436645506790E-002  1.149909753407E-001
  2.914659561979E+000  7.586139226576E-002 -8.971688268781E-002  1.089481847176E-001
  2.956945805065E+000  7.216325486141E-002 -8.523370336014E-002  1.031489018824E-001
  3.000000000000E+000  6.858744396631E-002 -8.091363309181E-002  9.758759634189E-002
  3.043840661365E+000  6.513218539950E-002 -7.675333312448E-002  9.225861350140E-002
  3.088486866678E+000  6.179566765509E-002 -7.274941687239E-002  8.715618306887E-002
  3.133958277047E+000  5.857604443799E-002 -6.889845714959E-002  8.227442899138E-002
  3.180275158719E+000  5.547143714735E-002 -6.519699362273E-002  7.760738089987E-002
  3.227458405560E+000  5.247993728295E-002 -6.164154041822E-002  7.314898699844E-002
  3.275529562509E+000  4.959960875060E-002 -5.822859380679E-002  6.889312829618E-002
  3.324510850077E+000  4.682849004381E-002 -5.495463988332E-002  6.483363404451E-002
  3.374425189910E+000  4.416459628074E-002 -5.181616215707E-002  6.096429821015E-002
  3.425296231502E+000  4.160592107788E-002 -4.880964896559E-002  5.727889678515E-002
  3.477148380094E+000  3.915043824477E-002 -4.593160062598E-002  5.377120571147E-002
  3.530006825834E+000  3.679610328746E-002 -4.317853623910E-002  5.043501917751E-002
  3.583897574256E+000  3.454085471207E-002 -4.054700006599E-002  4.726416803029E-002
  3.638847478148E+000  3.238261512460E-002 -3.803356740172E-002  4.425253803830E-002
  3.694884270887E+000  3.031929212694E-002 -3.563484987888E-002  4.139408773731E-002
  3.752036601308E+000  2.834877901489E-002 -3.334750014207E-002  3.868286559507E-002
  3.810334070199E+000  2.646895528813E-002 -3.116821584557E-002  3.611302624002E-002
  3.869807268505E+000  2.467768698810E-002 -2.909374293772E-002  3.367884551427E-002
  3.930487817331E+000  2.297282688418E-002 -2.712087820909E-002  3.137473413231E-002
  3.992408409843E+000  2.135221453417E-002 -2.524647109525E-002  2.919524975224E-002
  4.055602855172E+000  1.981367624930E-002 -2.346742473926E-002  2.713510729735E-002
  4.120106124432E+000  1.835502499884E-002 -2.178069633426E-002  2.518918740006E-002
  4.185954398964E+000  1.697406029281E-002 -2.018329678087E-002  2.335254287793E-002
  4.253185120935E+000  1.566856808476E-002 -1.867228970878E-002  2.162040319130E-002
  4.321837046422E+000  1.443632073907E-002 -1.724478992541E-002  1.998817687327E-002
  4.391950301120E+000  1.327507710864E-002 -1.589796136718E-002  1.845145196455E-002
  4.463566438835E+000  1.218258276958E-002 -1.462901463984E-002  1.700599452614E-002
  4.536728502895E+000  1.115657045926E-002 -1.343520424401E-002  1.564774534224E-002
  4.611481090679E+000  1.019476076244E-002 -1.231382558915E-002  1.437281496209E-002
  4.687870421430E+000  9.294863087625E-003 -1.126221190440E-002  1.317747726209E-002
  4.765944407533E+000  8.454576972188E-003 -1.027773115722E-002  1.205816173783E-002
  4.845752729492E+000  7.671593749776E-003 -9.357783090932E-003  1.101144475846E-002
  4.927346914797E+000  6.943598607756E-003 -8.499796489485E-003  1.003404003297E-002
  5.010780420931E+000  6.268273055394E-003 -7.701226772269E-003  9.122788548289E-003
  5.096108722763E+000  5.643297815703E-003 -6.959554014081E-003  8.274648243594E-003
  5.183389404586E+000  5.066356145289E-003 -6.272281474630E-003  7.486683681974E-003
  5.272682257105E+000  4.535137577294E-003 -5.636934709319E-003  6.756055971644E-003
  5.364049379651E+000  4.047342072934E-003 -5.051061318245E-003  6.080013172977E-003
  5.457555287978E+000  3.600684557251E-003 -4.512231373941E-003  5.455881406170E-003
  5.553267027968E+000  3.192899804860E-003 -4.018038550674E-003  4.881056847538E-003
  5.651254295630E+000  2.821747631845E-003 -3.566101959585E-003  4.352998771265E-003
  5.751589563796E+000  2.485018340784E-003 -3.154068675061E-003  3.869223758795E-003
  5.854348215936E+000  2.180538357471E-003 -2.779616918945E-003  3.427301160906E-003
  5.959608687557E+000  1.906175990366E-003 -2.440459851064E-003  3.024849859093E-003
  6.067452615683E+000  1.659847237495E-003 -2.134349897495E-003  2.659536334179E-003
  6.177964996951E+000  1.439521560523E-003 -1.859083532537E-003  2.329074012321E-003
  6.291234354880E+000  1.243227542306E-003 -1.612506416909E-003  2.031223822754E-003
  6.407352916949E+000  1.069058342494E-003 -1.392518783601E-003  1.763795868809E-003
  6.526416802128E+000  9.151768657983E-004 -1.197080954461E-003  1.524652084742E-003
  6.648526219580E+000  7.798205594772E-004 -1.024218865139E-003  1.311709726581E-003
  6.773785679311E+000  6.613057604216E-004 -8.720294737109E-004  1.122945525981E-003
  6.902304215570E+000  5.580315179019E-004 -7.386859291828E-004  9.564003225759E-004
  7.034195623922E+000  4.684828255558E-004 -6.224423800941E-004  8.101839825289E-004
  7.169578712934E+000  3.912332053692E-004 -5.216383106264E-004  6.824804091978E-004
  7.308577571516E+000  3.249465971088E-004 -4.347023016378E-004  5.715524556839E-004
  7.451321853057E+000  2.683785186720E-004 -3.601551267526E-004  4.757465583879E-004
  7.597947077547E+000  2.203764758779E-004 -2.966121086346E-004  3.934969249711E-004
  7.748594953021E+000  1.798796140419E-004 -2.427846774838E-004  3.233291287786E-004
  7.903413717736E+000  1.459176179271E-004 -1.974810921578E-004  2.638629840829E-004
  8.062558504629E+000  1.176088810089E-004 -1.596063036360E-004  2.138146016616E-004
  8.226191729726E+000  9.415797905286E-005 -1.281609602906E-004  1.719975513856E-004
  8.394483506327E+000  7.485249642105E-005 -1.022395740507E-004  1.373230867621E-004
  8.567612086926E+000  5.905926592778E-005 -8.102788551648E-005  1.087994148862E-004
  8.745764335025E+000  4.622009410124E-005 -6.379948385840E-005  8.553002311856E-005
  8.929136229160E+000  3.584705305034E-005 -4.991175342692E-005  6.671110022369E-005
  9.117933401693E+000  2.751742749848E-005 -3.880123294785E-005  5.162811391064E-005
  9.312371715124E+000  2.086841068493E-005 -2.997848459153E-005  3.965162806185E-005
  9.512677878945E+000  1.559164557393E-005 -2.302257875680E-005  3.023246085060E-005
  9.719090110332E+000  1.142770803911E-005 -1.757530586920E-005  2.289629899839E-005
  9.931858842267E+000  8.160626377056E-006 -1.333522871514E-005  1.723789330039E-005
  1.015124748302E+001  5.612526699948E-006 -1.005168778474E-005  1.291496608207E-005
  1.037753323129E+001  3.638486603313E-006 -7.518867849526E-006  9.641962421474E-006
  1.061100795175E+001  2.121670226881E-006 -5.570026742119E-006  7.183773903665E-006
  1.085197911611E+001  9.688067330779E-007 -4.071977328406E-006  5.349556637417E-006
  1.110077081537E+001  1.060617014015E-007 -2.919901362215E-006  3.986754666138E-006
  1.135772484956E+001 -5.246625778336E-007 -2.032559773556E-006  2.975426276323E-006
  1.162320190175E+001 -9.689759407014E-007 -1.347948518447E-006  2.222954683964E-006
  1.189758280382E+001 -1.262790346669E-006 -8.194330160711E-007  1.659206878739E-006
  1.218126990242E+001 -1.434656530753E-006 -4.123780449054E-007  1.232185794695E-006
  1.247468853413E+001 -1.507665246230E-006 -1.012743852316E-007  9.042022385346E-007
  1.277828862002E+001 -1.500941999090E-006  1.326509331439E-007  6.485749065219E-007
  1.309254639077E+001 -1.430773289349E-006  3.033666720600E-007  4.468500655921E-007
  1.341796625462E+001 -1.311409349009E-006  4.215482589317E-007  2.865176780022E-007
  1.375508282195E+001 -1.155593020765E-006  4.957122716663E-007  1.591884027056E-007
  1.410446310162E+001 -9.748666902101E-007  5.330249504384E-007  5.918635342412E-008
  1.446670888596E+001 -7.797091208303E-007  5.398381508307E-007 -1.749408758596E-008
  1.484245934302E+001 -5.795518132768E-007  5.220066079793E-007 -7.392269886444E-008
  1.523239383723E+001 -3.827203881314E-007  4.850385160517E-007 -1.127151564248E-007
  1.563723500136E+001 -1.963408282890E-007  4.341275732126E-007 -1.363163701416E-007
  1.605775208607E+001 -2.624362646997E-008  3.741092131210E-007 -1.471358143530E-007
  1.649476461582E+001  1.231085888061E-007  3.093772048873E-007 -1.475797158729E-007
  1.694914638379E+001  2.486520791196E-007  2.437896366019E-007 -1.400183316141E-007
  1.742182982203E+001  3.487013123064E-007  1.805859696252E-007 -1.267193516858E-007
  1.791381078784E+001  4.228731395012E-007  1.223297831571E-007 -1.097711991885E-007
  1.842615381215E+001  4.719584457173E-007  7.088537379616E-008 -9.101309322467E-008
  1.895999786176E+001  4.977488024563E-007  2.743080094992E-008 -7.198253378537E-008
  1.951656267356E+001  5.028292893577E-007 -7.494547557726E-009 -5.388558966951E-008
  2.009715572669E+001  4.903509470243E-007 -3.391316881946E-008 -3.759115228955E-008
  2.070317992707E+001  4.637972891812E-007 -5.231096360845E-008 -2.364719155822E-008
  2.133614208874E+001  4.267590256722E-007 -6.352573466301E-008 -1.231496679708E-008
  2.199766230782E+001  3.827297765672E-007 -6.863152643496E-008 -3.615996994451E-009
  2.268948433818E+001  3.349332903133E-007 -6.882705369721E-008  2.613767049163E-009
  2.341348709294E+001  2.861897524671E-007 -6.533522920067E-008  6.667868001573E-009
  2.417169741362E+001  2.388254498022E-007 -5.931913030857E-008  8.915955484804E-009
  2.496630426925E+001  1.946266149469E-007 -5.181783073868E-008  9.756680020032E-009
  2.579967457140E+001  1.548349959338E-007 -4.370354776130E-008  9.579315141865E-009
  2.667437081864E+001  1.201798325522E-007 -3.565968418234E-008  8.735388764060E-009
  2.759317081651E+001  9.093870040939E-008 -2.817772334680E-008  7.520518691877E-009
  2.855908975674E+001  6.701827130570E-008 -2.156968048079E-008  6.165722020704E-009
  2.957540498378E+001  4.804552734234E-008 -1.599200459754E-008  4.836761989377E-009
  3.064568382919E+001  3.346035964485E-008 -1.147649793237E-008  3.639642783910E-009
  3.177381495601E+001  2.260168941872E-008 -7.963962170817E-009  2.630171799626E-009
  3.296404372807E+001  1.478108877538E-008 -5.336831777709E-009  1.825563415923E-009
  3.422101220608E+001  9.340100657972E-009 -3.447910936086E-009  1.216317953872E-009
  3.554980447538E+001  5.689771910564E-009 -2.143358010815E-009  7.770143350141E-010
  3.695599813319E+001  3.333033702921E-009 -1.279113925775E-009  4.751334821524E-010
  3.844572291106E+001  1.872246816031E-009 -7.309114537391E-010  2.775084636705E-010
  4.002572758518E+001  1.005315640918E-009 -3.987241943596E-010  1.544126888048E-010
  4.170345654134E+001  5.142094088147E-010 -2.069556720824E-010  8.160359423149E-011
  4.348713762001E+001  2.495657352101E-010 -1.018218862775E-010  4.081517359659E-011
  4.538588318162E+001  1.144332251908E-010 -4.728509643815E-011  1.924269658980E-011
  4.740980671574E+001  4.933301958598E-011 -2.062823160348E-011  8.512326989454E-012
  4.957015778746E+001  1.988797105256E-011 -8.408857969010E-012  3.514882171562E-012
  5.187947869225E+001  7.452100756207E-012 -3.183809524163E-012  1.346793796137E-012
  5.435178690397E+001  2.577811284160E-012 -1.112158552086E-012  4.757034826457E-013
  5.700278828629E+001  8.169420203459E-013 -3.557149740112E-013  1.537301503335E-013
  5.985012714155E+001  2.351602080879E-013 -1.032852274492E-013  4.506977502763E-014
  6.291368055481E+001  6.089080257273E-014 -2.696344760605E-014  1.187252226475E-014
  6.621590623276E+001  1.402751650603E-014 -6.259728999462E-015  2.779695502181E-015
  6.978225524452E+001  2.839431513530E-015 -1.276359214405E-015  5.712985524405E-016
  7.364166388185E+001  4.978885694993E-016 -2.253558381423E-016  1.016248894823E-016
  7.782714245929E+001  7.441030043119E-017 -3.390037705177E-017  1.539520420249E-017
  8.237648351994E+001  9.303634890378E-018 -4.264899485419E-018  1.949674754968E-018
  8.733311794502E+001  9.525620008337E-019 -4.392311280008E-019  2.020479018073E-019
  9.274715535088E+001  7.791412060114E-020 -3.612660091209E-020  1.671640544041E-020
  9.867665554529E+001  4.947286656149E-021 -2.306024717579E-021  1.072978685169E-021
  1.051891916055E+002  2.358511997636E-022 -1.104848296459E-022  5.167815077922E-023
  1.123637836013E+002  8.118012797942E-024 -3.820937324398E-024  1.796078806594E-024
  1.202933069206E+002  1.926770689414E-025 -9.109602963256E-026  4.302168482382E-026
  1.290875131414E+002  2.986489596846E-027 -1.418007239575E-027  6.726464872566E-028
  1.388768482001E+002  2.833690612503E-029 -1.350894442895E-029  6.434937032985E-030
  1.498173177370E+002  1.523311571625E-031 -7.289825157203E-032  3.486212899513E-032
  1.620967411853E+002  4.226443091114E-034 -2.029899764851E-034  9.743830187427E-035
  1.759428668168E+002  5.404801383516E-037 -2.604749403548E-037  1.254724301611E-037
  1.916340085825E+002  2.774155699993E-040 -1.341289297358E-040  6.482538642454E-041
  2.095131417987E+002  4.819057463826E-044 -2.337119880242E-044  1.133080418900E-044
  2.300068054477E+002  2.291487429277E-048 -1.114521039144E-048  5.419326640355E-049
  2.536507797910E+002  2.284473811304E-053 -1.114130629815E-053  5.432426185558E-054
  2.811254638474E+002  3.402784590296E-059 -1.663769378901E-059  8.133504629332E-060
  3.133053780630E+002  4.898619828623E-066 -2.400893643129E-066  1.176557625444E-066
  3.513296254502E+002  3.863516598728E-074 -1.897825408276E-074  9.321449051362E-075
  3.967041014107E+002  7.880295772530E-084 -3.879054513060E-084  1.909296278734E-084
  4.514529193350E+002  1.514932506947E-095 -7.471775513603E-096  3.684910030183E-096
  5.183481233601E+002  6.886613342850E-110 -3.402688560931E-110  1.681194924536E-110
  6.012676077950E+002  1.069131729065E-127 -5.291440163310E-128  2.618794132441E-128
  7.057700503752E+002  3.536368553491E-150 -1.752943126557E-150  8.688947772389E-151
  8.400513767914E+002  4.164465633139E-179 -2.067187334306E-179  1.026107162568E-179
  1.016602135495E+003  3.413636247433E-217 -1.696647757157E-217  8.432588954477E-218
  1.255220715579E+003  9.883994416851E-269 -4.918191132102E-269  2.447230752692E-269
  1.588815776243E+003  0.000000000000E+000  0.000000000000E+000  0.000000000000E+000
  2.075392011604E+003  0.000000000000E+000  0.000000000000E+000  0.000000000000E+000
  2.825079847528E+003  0.000000000000E+000  0.000000000000E+000  0.000000000000E+000
  4.068408296183E+003  0.000000000000E+000  0.000000000000E+000  0.000000000000E+000
  6.357262947672E+003  0.000000000000E+000  0.000000000000E+000  0.000000000000E+000
  1.130231930164E+004  0.000000000000E+000  0.000000000000E+000  0.000000000000E+000
  2.543105175136E+004  0.000000000000E+000  0.000000000000E+000  0.000000000000E+000
  1.017262069952E+005  0.000000000000E+000  0.000000000000E+000  0.000000000000E+000
