# 1st line: number of mesh points
# rho and r_seitz are calculated from total density
# zeta and r_seitz only correct of rho > 1d-12

# abcissa rho drho ddrho zeta r_seitz
500
  9.830308526563E-006  5.308508973722E+000 -1.079474365701E+001  2.089413011696E+001  0.000000000000E+000  8.267665544882E-001
  3.932200719722E-005  5.308190627481E+000 -1.079412746875E+001  2.089310386315E+001  0.000000000000E+000  8.267830819506E-001
  8.847741541467E-005  5.307660062980E+000 -1.079310050174E+001  2.089139339122E+001  0.000000000000E+000  8.268106300058E-001
  1.573003992805E-004  5.306917299074E+000 -1.079166277612E+001  2.088899862784E+001  0.000000000000E+000  8.268492020813E-001
  2.457963722418E-004  5.305962362169E+000 -1.078981432011E+001  2.088591947045E+001  0.000000000000E+000  8.268988029768E-001
  3.539722959954E-004  5.304795286234E+000 -1.078755517005E+001  2.088215578737E+001  0.000000000000E+000  8.269594388656E-001
  4.818366816529E-004  5.303416112812E+000 -1.078488537043E+001  2.087770741789E+001  0.000000000000E+000  8.270311172960E-001
  6.293995911626E-004  5.301824891033E+000 -1.078180497392E+001  2.087257417249E+001  0.000000000000E+000  8.271138471937E-001
  7.966726389935E-004  5.300021677637E+000 -1.077831404146E+001  2.086675583297E+001  0.000000000000E+000  8.272076388639E-001
  9.836689940782E-004  5.298006536990E+000 -1.077441264227E+001  2.086025215269E+001  0.000000000000E+000  8.273125039941E-001
  1.190403382016E-003  5.295779541110E+000 -1.077010085396E+001  2.085306285682E+001  0.000000000000E+000  8.274284556574E-001
  1.416892087541E-003  5.293340769693E+000 -1.076537876259E+001  2.084518764258E+001  0.000000000000E+000  8.275555083156E-001
  1.663152957245E-003  5.290690310142E+000 -1.076024646276E+001  2.083662617960E+001  0.000000000000E+000  8.276936778234E-001
  1.929205402573E-003  5.287828257598E+000 -1.075470405768E+001  2.082737811017E+001  0.000000000000E+000  8.278429814327E-001
  2.215070403073E-003  5.284754714976E+000 -1.074875165931E+001  2.081744304966E+001  0.000000000000E+000  8.280034377969E-001
  2.520770509919E-003  5.281469793002E+000 -1.074238938844E+001  2.080682058690E+001  0.000000000000E+000  8.281750669762E-001
  2.846329849692E-003  5.277973610251E+000 -1.073561737482E+001  2.079551028456E+001  0.000000000000E+000  8.283578904426E-001
  3.191774128432E-003  5.274266293194E+000 -1.072843575727E+001  2.078351167963E+001  0.000000000000E+000  8.285519310863E-001
  3.557130635959E-003  5.270347976239E+000 -1.072084468383E+001  2.077082428389E+001  0.000000000000E+000  8.287572132211E-001
  3.942428250463E-003  5.266218801785E+000 -1.071284431189E+001  2.075744758439E+001  0.000000000000E+000  8.289737625916E-001
  4.347697443358E-003  5.261878920266E+000 -1.070443480835E+001  2.074338104399E+001  0.000000000000E+000  8.292016063798E-001
  4.772970284417E-003  5.257328490211E+000 -1.069561634977E+001  2.072862410195E+001  0.000000000000E+000  8.294407732124E-001
  5.218280447175E-003  5.252567678298E+000 -1.068638912252E+001  2.071317617447E+001  0.000000000000E+000  8.296912931687E-001
  5.683663214611E-003  5.247596659413E+000 -1.067675332298E+001  2.069703665536E+001  0.000000000000E+000  8.299531977888E-001
  6.169155485101E-003  5.242415616713E+000 -1.066670915772E+001  2.068020491662E+001  0.000000000000E+000  8.302265200818E-001
  6.674795778653E-003  5.237024741693E+000 -1.065625684365E+001  2.066268030919E+001  0.000000000000E+000  8.305112945353E-001
  7.200624243425E-003  5.231424234246E+000 -1.064539660827E+001  2.064446216361E+001  0.000000000000E+000  8.308075571243E-001
  7.746682662519E-003  5.225614302745E+000 -1.063412868984E+001  2.062554979076E+001  0.000000000000E+000  8.311153453211E-001
  8.313014461060E-003  5.219595164104E+000 -1.062245333760E+001  2.060594248265E+001  0.000000000000E+000  8.314346981060E-001
  8.899664713569E-003  5.213367043861E+000 -1.061037081200E+001  2.058563951316E+001  0.000000000000E+000  8.317656559771E-001
  9.506680151615E-003  5.206930176257E+000 -1.059788138492E+001  2.056464013891E+001  0.000000000000E+000  8.321082609623E-001
  1.013410917176E-002  5.200284804313E+000 -1.058498533990E+001  2.054294360009E+001  0.000000000000E+000  8.324625566302E-001
  1.078200184380E-002  5.193431179914E+000 -1.057168297243E+001  2.052054912135E+001  0.000000000000E+000  8.328285881024E-001
  1.145040991929E-002  5.186369563900E+000 -1.055797459011E+001  2.049745591270E+001  0.000000000000E+000  8.332064020659E-001
  1.213938684040E-002  5.179100226152E+000 -1.054386051302E+001  2.047366317045E+001  0.000000000000E+000  8.335960467861E-001
  1.284898774901E-002  5.171623445683E+000 -1.052934107391E+001  2.044917007818E+001  0.000000000000E+000  8.339975721197E-001
  1.357926949620E-002  5.163939510735E+000 -1.051441661850E+001  2.042397580773E+001  0.000000000000E+000  8.344110295294E-001
  1.433029065191E-002  5.156048718876E+000 -1.049908750577E+001  2.039807952023E+001  0.000000000000E+000  8.348364720972E-001
  1.510211151509E-002  5.147951377097E+000 -1.048335410826E+001  2.037148036719E+001  0.000000000000E+000  8.352739545403E-001
  1.589479412397E-002  5.139647801919E+000 -1.046721681233E+001  2.034417749150E+001  0.000000000000E+000  8.357235332256E-001
  1.670840226680E-002  5.131138319495E+000 -1.045067601853E+001  2.031617002865E+001  0.000000000000E+000  8.361852661857E-001
  1.754300149280E-002  5.122423265719E+000 -1.043373214185E+001  2.028745710778E+001  0.000000000000E+000  8.366592131357E-001
  1.839865912351E-002  5.113502986335E+000 -1.041638561209E+001  2.025803785291E+001  0.000000000000E+000  8.371454354892E-001
  1.927544426443E-002  5.104377837053E+000 -1.039863687416E+001  2.022791138412E+001  0.000000000000E+000  8.376439963766E-001
  2.017342781695E-002  5.095048183662E+000 -1.038048638844E+001  2.019707681881E+001  0.000000000000E+000  8.381549606625E-001
  2.109268249069E-002  5.085514402150E+000 -1.036193463112E+001  2.016553327289E+001  0.000000000000E+000  8.386783949640E-001
  2.203328281612E-002  5.075776878823E+000 -1.034298209455E+001  2.013327986216E+001  0.000000000000E+000  8.392143676703E-001
  2.299530515754E-002  5.065836010430E+000 -1.032362928758E+001  2.010031570356E+001  0.000000000000E+000  8.397629489619E-001
  2.397882772639E-002  5.055692204288E+000 -1.030387673598E+001  2.006663991654E+001  0.000000000000E+000  8.403242108307E-001
  2.498393059493E-002  5.045345878411E+000 -1.028372498277E+001  2.003225162446E+001  0.000000000000E+000  8.408982271010E-001
  2.601069571024E-002  5.034797461641E+000 -1.026317458861E+001  1.999714995595E+001  0.000000000000E+000  8.414850734510E-001
  2.705920690860E-002  5.024047393781E+000 -1.024222613223E+001  1.996133404638E+001  0.000000000000E+000  8.420848274343E-001
  2.812954993023E-002  5.013096125731E+000 -1.022088021075E+001  1.992480303933E+001  0.000000000000E+000  8.426975685027E-001
  2.922181243436E-002  5.001944119627E+000 -1.019913744019E+001  1.988755608803E+001  0.000000000000E+000  8.433233780296E-001
  3.033608401473E-002  4.990591848982E+000 -1.017699845576E+001  1.984959235694E+001  0.000000000000E+000  8.439623393338E-001
  3.147245621542E-002  4.979039798827E+000 -1.015446391241E+001  1.981091102328E+001  0.000000000000E+000  8.446145377039E-001
  3.263102254705E-002  4.967288465861E+000 -1.013153448513E+001  1.977151127858E+001  0.000000000000E+000  8.452800604237E-001
  3.381187850339E-002  4.955338358594E+000 -1.010821086949E+001  1.973139233033E+001  0.000000000000E+000  8.459589967977E-001
  3.501512157837E-002  4.943189997503E+000 -1.008449378202E+001  1.969055340358E+001  0.000000000000E+000  8.466514381785E-001
  3.624085128345E-002  4.930843915179E+000 -1.006038396065E+001  1.964899374263E+001  0.000000000000E+000  8.473574779933E-001
  3.748916916538E-002  4.918300656487E+000 -1.003588216522E+001  1.960671261268E+001  0.000000000000E+000  8.480772117723E-001
  3.876017882444E-002  4.905560778721E+000 -1.001098917790E+001  1.956370930161E+001  0.000000000000E+000  8.488107371777E-001
  4.005398593302E-002  4.892624851763E+000 -9.985705803649E+000  1.951998312166E+001  0.000000000000E+000  8.495581540329E-001
  4.137069825459E-002  4.879493458247E+000 -9.960032870718E+000  1.947553341125E+001  0.000000000000E+000  8.503195643530E-001
  4.271042566323E-002  4.866167193722E+000 -9.933971231115E+000  1.943035953675E+001  0.000000000000E+000  8.510950723760E-001
  4.407328016341E-002  4.852646666819E+000 -9.907521761095E+000  1.938446089432E+001  0.000000000000E+000  8.518847845949E-001
  4.545937591035E-002  4.838932499418E+000 -9.880685361655E+000  1.933783691176E+001  0.000000000000E+000  8.526888097900E-001
  4.686882923075E-002  4.825025326818E+000 -9.853462959029E+000  1.929048705041E+001  0.000000000000E+000  8.535072590633E-001
  4.830175864396E-002  4.810925797915E+000 -9.825855505198E+000  1.924241080700E+001  0.000000000000E+000  8.543402458722E-001
  4.975828488365E-002  4.796634575369E+000 -9.797863978400E+000  1.919360771565E+001  0.000000000000E+000  8.551878860656E-001
  5.123853091993E-002  4.782152335785E+000 -9.769489383645E+000  1.914407734978E+001  0.000000000000E+000  8.560502979200E-001
  5.274262198188E-002  4.767479769894E+000 -9.740732753242E+000  1.909381932409E+001  0.000000000000E+000  8.569276021768E-001
  5.427068558066E-002  4.752617582727E+000 -9.711595147324E+000  1.904283329662E+001  0.000000000000E+000  8.578199220803E-001
  5.582285153302E-002  4.737566493802E+000 -9.682077654385E+000  1.899111897071E+001  0.000000000000E+000  8.587273834173E-001
  5.739925198530E-002  4.722327237310E+000 -9.652181391816E+000  1.893867609709E+001  0.000000000000E+000  8.596501145572E-001
  5.900002143803E-002  4.706900562295E+000 -9.621907506454E+000  1.888550447597E+001  0.000000000000E+000  8.605882464932E-001
  6.062529677088E-002  4.691287232849E+000 -9.591257175126E+000  1.883160395912E+001  0.000000000000E+000  8.615419128844E-001
  6.227521726827E-002  4.675488028295E+000 -9.560231605208E+000  1.877697445199E+001  0.000000000000E+000  8.625112500998E-001
  6.394992464542E-002  4.659503743382E+000 -9.528832035182E+000  1.872161591589E+001  0.000000000000E+000  8.634963972621E-001
  6.564956307496E-002  4.643335188480E+000 -9.497059735200E+000  1.866552837009E+001  0.000000000000E+000  8.644974962940E-001
  6.737427921404E-002  4.626983189767E+000 -9.464916007651E+000  1.860871189411E+001  0.000000000000E+000  8.655146919645E-001
  6.912422223211E-002  4.610448589434E+000 -9.432402187734E+000  1.855116662982E+001  0.000000000000E+000  8.665481319370E-001
  7.089954383907E-002  4.593732245876E+000 -9.399519644035E+000  1.849289278374E+001  0.000000000000E+000  8.675979668189E-001
  7.270039831418E-002  4.576835033890E+000 -9.366269779105E+000  1.843389062928E+001  0.000000000000E+000  8.686643502115E-001
  7.452694253540E-002  4.559757844883E+000 -9.332654030045E+000  1.837416050897E+001  0.000000000000E+000  8.697474387623E-001
  7.637933600943E-002  4.542501587065E+000 -9.298673869090E+000  1.831370283679E+001  0.000000000000E+000  8.708473922179E-001
  7.825774090225E-002  4.525067185653E+000 -9.264330804205E+000  1.825251810043E+001  0.000000000000E+000  8.719643734784E-001
  8.016232207035E-002  4.507455583080E+000 -9.229626379671E+000  1.819060686365E+001  0.000000000000E+000  8.730985486531E-001
  8.209324709253E-002  4.489667739193E+000 -9.194562176684E+000  1.812796976859E+001  0.000000000000E+000  8.742500871183E-001
  8.405068630235E-002  4.471704631464E+000 -9.159139813956E+000  1.806460753810E+001  0.000000000000E+000  8.754191615757E-001
  8.603481282122E-002  4.453567255192E+000 -9.123360948307E+000  1.800052097815E+001  0.000000000000E+000  8.766059481124E-001
  8.804580259214E-002  4.435256623713E+000 -9.087227275279E+000  1.793571098018E+001  0.000000000000E+000  8.778106262633E-001
  9.008383441408E-002  4.416773768610E+000 -9.050740529727E+000  1.787017852347E+001  0.000000000000E+000  8.790333790743E-001
  9.214908997710E-002  4.398119739917E+000 -9.013902486438E+000  1.780392467758E+001  0.000000000000E+000  8.802743931670E-001
  9.424175389809E-002  4.379295606335E+000 -8.976714960724E+000  1.773695060472E+001  0.000000000000E+000  8.815338588058E-001
  9.636201375725E-002  4.360302455434E+000 -8.939179809042E+000  1.766925756222E+001  0.000000000000E+000  8.828119699662E-001
  9.851006013526E-002  4.341141393870E+000 -8.901298929594E+000  1.760084690489E+001  0.000000000000E+000  8.841089244052E-001
  1.006860866512E-001  4.321813547594E+000 -8.863074262937E+000  1.753172008752E+001  0.000000000000E+000  8.854249237331E-001
  1.028902900012E-001  4.302320062061E+000 -8.824507792594E+000  1.746187866729E+001  0.000000000000E+000  8.867601734874E-001
  1.051228699979E-001  4.282662102443E+000 -8.785601545659E+000  1.739132430619E+001  0.000000000000E+000  8.881148832091E-001
  1.073840296104E-001  4.262840853840E+000 -8.746357593406E+000  1.732005877354E+001  0.000000000000E+000  8.894892665199E-001
  1.096739750056E-001  4.242857521491E+000 -8.706778051895E+000  1.724808394839E+001  0.000000000000E+000  8.908835412025E-001
  1.119929155896E-001  4.222713330984E+000 -8.666865082574E+000  1.717540182195E+001  0.000000000000E+000  8.922979292826E-001
  1.143410640503E-001  4.202409528467E+000 -8.626620892889E+000  1.710201450014E+001  0.000000000000E+000  8.937326571128E-001
  1.167186364011E-001  4.181947380859E+000 -8.586047736877E+000  1.702792420593E+001  0.000000000000E+000  8.951879554589E-001
  1.191258520249E-001  4.161328176061E+000 -8.545147915769E+000  1.695313328186E+001  0.000000000000E+000  8.966640595892E-001
  1.215629337189E-001  4.140553223161E+000 -8.503923778586E+000  1.687764419246E+001  0.000000000000E+000  8.981612093644E-001
  1.240301077413E-001  4.119623852645E+000 -8.462377722728E+000  1.680145952670E+001  0.000000000000E+000  8.996796493321E-001
  1.265276038575E-001  4.098541416606E+000 -8.420512194566E+000  1.672458200041E+001  0.000000000000E+000  9.012196288220E-001
  1.290556553882E-001  4.077307288947E+000 -8.378329690024E+000  1.664701445870E+001  0.000000000000E+000  9.027814020448E-001
  1.316144992580E-001  4.055922865591E+000 -8.335832755161E+000  1.656875987838E+001  0.000000000000E+000  9.043652281931E-001
  1.342043760450E-001  4.034389564678E+000 -8.293023986745E+000  1.648982137038E+001  0.000000000000E+000  9.059713715452E-001
  1.368255300316E-001  4.012708826778E+000 -8.249906032822E+000  1.641020218208E+001  0.000000000000E+000  9.076001015722E-001
  1.394782092560E-001  3.990882115081E+000 -8.206481593280E+000  1.632990569973E+001  0.000000000000E+000  9.092516930470E-001
  1.421626655646E-001  3.968910915606E+000 -8.162753420408E+000  1.624893545080E+001  0.000000000000E+000  9.109264261574E-001
  1.448791546661E-001  3.946796737392E+000 -8.118724319442E+000  1.616729510626E+001  0.000000000000E+000  9.126245866210E-001
  1.476279361856E-001  3.924541112699E+000 -8.074397149112E+000  1.608498848298E+001  0.000000000000E+000  9.143464658049E-001
  1.504092737207E-001  3.902145597197E+000 -8.029774822178E+000  1.600201954591E+001  0.000000000000E+000  9.160923608470E-001
  1.532234348983E-001  3.879611770162E+000 -7.984860305953E+000  1.591839241045E+001  0.000000000000E+000  9.178625747817E-001
  1.560706914324E-001  3.856941234660E+000 -7.939656622822E+000  1.583411134459E+001  0.000000000000E+000  9.196574166690E-001
  1.589513191834E-001  3.834135617739E+000 -7.894166850754E+000  1.574918077120E+001  0.000000000000E+000  9.214772017264E-001
  1.618655982178E-001  3.811196570608E+000 -7.848394123797E+000  1.566360527014E+001  0.000000000000E+000  9.233222514657E-001
  1.648138128702E-001  3.788125768817E+000 -7.802341632567E+000  1.557738958043E+001  0.000000000000E+000  9.251928938328E-001
  1.677962518056E-001  3.764924912441E+000 -7.756012624725E+000  1.549053860233E+001  0.000000000000E+000  9.270894633512E-001
  1.708132080832E-001  3.741595726248E+000 -7.709410405445E+000  1.540305739947E+001  0.000000000000E+000  9.290123012708E-001
  1.738649792215E-001  3.718139959871E+000 -7.662538337862E+000  1.531495120077E+001  0.000000000000E+000  9.309617557191E-001
  1.769518672648E-001  3.694559387976E+000 -7.615399843516E+000  1.522622540251E+001  0.000000000000E+000  9.329381818586E-001
  1.800741788507E-001  3.670855810427E+000 -7.567998402781E+000  1.513688557025E+001  0.000000000000E+000  9.349419420472E-001
  1.832322252791E-001  3.647031052442E+000 -7.520337555272E+000  1.504693744066E+001  0.000000000000E+000  9.369734060037E-001
  1.864263225826E-001  3.623086964749E+000 -7.472420900249E+000  1.495638692345E+001  0.000000000000E+000  9.390329509789E-001
  1.896567915983E-001  3.599025423739E+000 -7.424252096995E+000  1.486524010307E+001  0.000000000000E+000  9.411209619298E-001
  1.929239580409E-001  3.574848331607E+000 -7.375834865190E+000  1.477350324049E+001  0.000000000000E+000  9.432378317009E-001
  1.962281525771E-001  3.550557616498E+000 -7.327172985253E+000  1.468118277486E+001  0.000000000000E+000  9.453839612092E-001
  1.995697109023E-001  3.526155232640E+000 -7.278270298684E+000  1.458828532511E+001  0.000000000000E+000  9.475597596354E-001
  2.029489738173E-001  3.501643160477E+000 -7.229130708372E+000  1.449481769149E+001  0.000000000000E+000  9.497656446206E-001
  2.063662873085E-001  3.477023406792E+000 -7.179758178898E+000  1.440078685709E+001  0.000000000000E+000  9.520020424688E-001
  2.098220026275E-001  3.452298004827E+000 -7.130156736808E+000  1.430619998920E+001  0.000000000000E+000  9.542693883552E-001
  2.133164763746E-001  3.427469014398E+000 -7.080330470876E+000  1.421106444069E+001  0.000000000000E+000  9.565681265408E-001
  2.168500705817E-001  3.402538522002E+000 -7.030283532336E+000  1.411538775122E+001  0.000000000000E+000  9.588987105938E-001
  2.204231527988E-001  3.377508640916E+000 -6.980020135104E+000  1.401917764850E+001  0.000000000000E+000  9.612616036167E-001
  2.240360961807E-001  3.352381511294E+000 -6.929544555965E+000  1.392244204933E+001  0.000000000000E+000  9.636572784816E-001
  2.276892795770E-001  3.327159300255E+000 -6.878861134752E+000  1.382518906068E+001  0.000000000000E+000  9.660862180711E-001
  2.313830876220E-001  3.301844201959E+000 -6.827974274489E+000  1.372742698056E+001  0.000000000000E+000  9.685489155280E-001
  2.351179108282E-001  3.276438437686E+000 -6.776888441517E+000  1.362916429891E+001  0.000000000000E+000  9.710458745115E-001
  2.388941456809E-001  3.250944255895E+000 -6.725608165593E+000  1.353040969836E+001  0.000000000000E+000  9.735776094618E-001
  2.427121947345E-001  3.225363932289E+000 -6.674138039963E+000  1.343117205486E+001  0.000000000000E+000  9.761446458728E-001
  2.465724667110E-001  3.199699769858E+000 -6.622482721413E+000  1.333146043826E+001  0.000000000000E+000  9.787475205732E-001
  2.504753766009E-001  3.173954098923E+000 -6.570646930283E+000  1.323128411275E+001  0.000000000000E+000  9.813867820162E-001
  2.544213457654E-001  3.148129277168E+000 -6.518635450468E+000  1.313065253723E+001  0.000000000000E+000  9.840629905788E-001
  2.584108020414E-001  3.122227689664E+000 -6.466453129375E+000  1.302957536555E+001  0.000000000000E+000  9.867767188697E-001
  2.624441798480E-001  3.096251748881E+000 -6.414104877865E+000  1.292806244666E+001  0.000000000000E+000  9.895285520475E-001
  2.665219202956E-001  3.070203894698E+000 -6.361595670154E+000  1.282612382460E+001  0.000000000000E+000  9.923190881488E-001
  2.706444712976E-001  3.044086594391E+000 -6.308930543691E+000  1.272376973845E+001  0.000000000000E+000  9.951489384269E-001
  2.748122876832E-001  3.017902342626E+000 -6.256114598999E+000  1.262101062206E+001  0.000000000000E+000  9.980187277010E-001
  2.790258313137E-001  2.991653661425E+000 -6.203152999491E+000  1.251785710378E+001  0.000000000000E+000  1.000929094717E+000
  2.832855712010E-001  2.965343100140E+000 -6.150050971245E+000  1.241432000595E+001  0.000000000000E+000  1.003880692520E+000
  2.875919836279E-001  2.938973235399E+000 -6.096813802753E+000  1.231041034431E+001  0.000000000000E+000  1.006874188838E+000
  2.919455522717E-001  2.912546671050E+000 -6.043446844633E+000  1.220613932733E+001  0.000000000000E+000  1.009910266480E+000
  2.963467683296E-001  2.886066038096E+000 -5.989955509305E+000  1.210151835528E+001  0.000000000000E+000  1.012989623744E+000
  3.007961306479E-001  2.859533994608E+000 -5.936345270632E+000  1.199655901930E+001  0.000000000000E+000  1.016112974844E+000
  3.052941458522E-001  2.832953225636E+000 -5.882621663528E+000  1.189127310023E+001  0.000000000000E+000  1.019281050343E+000
  3.098413284823E-001  2.806326443104E+000 -5.828790283528E+000  1.178567256737E+001  0.000000000000E+000  1.022494597609E+000
  3.144382011281E-001  2.779656385689E+000 -5.774856786315E+000  1.167976957703E+001  0.000000000000E+000  1.025754381280E+000
  3.190852945695E-001  2.752945818695E+000 -5.720826887221E+000  1.157357647095E+001  0.000000000000E+000  1.029061183747E+000
  3.237831479192E-001  2.726197533904E+000 -5.666706360675E+000  1.146710577465E+001  0.000000000000E+000  1.032415805655E+000
  3.285323087679E-001  2.699414349422E+000 -5.612501039627E+000  1.136037019549E+001  0.000000000000E+000  1.035819066417E+000
  3.333333333333E-001  2.672599109510E+000 -5.558216814917E+000  1.125338262068E+001  0.000000000000E+000  1.039271804748E+000
  3.381867866117E-001  2.645754684390E+000 -5.503859634619E+000  1.114615611510E+001  0.000000000000E+000  1.042774879220E+000
  3.430932425333E-001  2.618883970056E+000 -5.449435503329E+000  1.103870391892E+001  0.000000000000E+000  1.046329168829E+000
  3.480532841203E-001  2.591989888051E+000 -5.394950481426E+000  1.093103944518E+001  0.000000000000E+000  1.049935573589E+000
  3.530675036492E-001  2.565075385242E+000 -5.340410684279E+000  1.082317627703E+001  0.000000000000E+000  1.053595015142E+000
  3.581365028158E-001  2.538143433574E+000 -5.285822281423E+000  1.071512816498E+001  0.000000000000E+000  1.057308437391E+000
  3.632608929041E-001  2.511197029809E+000 -5.231191495680E+000  1.060690902383E+001  0.000000000000E+000  1.061076807157E+000
  3.684412949588E-001  2.484239195250E+000 -5.176524602250E+000  1.049853292957E+001  0.000000000000E+000  1.064901114856E+000
  3.736783399619E-001  2.457272975447E+000 -5.121827927747E+000  1.039001411602E+001  0.000000000000E+000  1.068782375199E+000
  3.789726690123E-001  2.430301439889E+000 -5.067107849200E+000  1.028136697132E+001  0.000000000000E+000  1.072721627927E+000
  3.843249335105E-001  2.403327681677E+000 -5.012370793004E+000  1.017260603425E+001  0.000000000000E+000  1.076719938556E+000
  3.897357953460E-001  2.376354817182E+000 -4.957623233826E+000  1.006374599040E+001  0.000000000000E+000  1.080778399165E+000
  3.952059270903E-001  2.349385985679E+000 -4.902871693476E+000  9.954801668142E+000  0.000000000000E+000  1.084898129201E+000
  4.007360121927E-001  2.322424348974E+000 -4.848122739719E+000  9.845788034413E+000  0.000000000000E+000  1.089080276322E+000
  4.063267451812E-001  2.295473091005E+000 -4.793382985052E+000  9.736720190373E+000  0.000000000000E+000  1.093326017261E+000
  4.119788318683E-001  2.268535417422E+000 -4.738659085433E+000  9.627613366842E+000  0.000000000000E+000  1.097636558736E+000
  4.176929895600E-001  2.241614555160E+000 -4.683957738960E+000  9.518482919593E+000  0.000000000000E+000  1.102013138378E+000
  4.234699472710E-001  2.214713751981E+000 -4.629285684515E+000  9.409344324450E+000  0.000000000000E+000  1.106457025705E+000
  4.293104459435E-001  2.187836276000E+000 -4.574649700351E+000  9.300213172228E+000  0.000000000000E+000  1.110969523129E+000
  4.352152386716E-001  2.160985415197E+000 -4.520056602641E+000  9.191105163495E+000  0.000000000000E+000  1.115551966999E+000
  4.411850909306E-001  2.134164476900E+000 -4.465513243978E+000  9.082036103160E+000  0.000000000000E+000  1.120205728686E+000
  4.472207808110E-001  2.107376787256E+000 -4.411026511832E+000  8.973021894896E+000  0.000000000000E+000  1.124932215711E+000
  4.533230992589E-001  2.080625690673E+000 -4.356603326961E+000  8.864078535393E+000  0.000000000000E+000  1.129732872908E+000
  4.594928503202E-001  2.053914549249E+000 -4.302250641774E+000  8.755222108441E+000  0.000000000000E+000  1.134609183646E+000
  4.657308513924E-001  2.027246742177E+000 -4.247975438654E+000  8.646468778854E+000  0.000000000000E+000  1.139562671083E+000
  4.720379334802E-001  2.000625665123E+000 -4.193784728234E+000  8.537834786231E+000  0.000000000000E+000  1.144594899479E+000
  4.784149414579E-001  1.974054729591E+000 -4.139685547630E+000  8.429336438552E+000  0.000000000000E+000  1.149707475560E+000
  4.848627343381E-001  1.947537362263E+000 -4.085684958628E+000  8.320990105625E+000  0.000000000000E+000  1.154902049927E+000
  4.913821855461E-001  1.921077004309E+000 -4.031790045830E+000  8.212812212380E+000  0.000000000000E+000  1.160180318535E+000
  4.979741832006E-001  1.894677110689E+000 -3.978007914753E+000  8.104819232005E+000  0.000000000000E+000  1.165544024217E+000
  5.046396304008E-001  1.868341149415E+000 -3.924345689895E+000  7.997027678953E+000  0.000000000000E+000  1.170994958279E+000
  5.113794455212E-001  1.842072600806E+000 -3.870810512746E+000  7.889454101787E+000  0.000000000000E+000  1.176534962153E+000
  5.181945625116E-001  1.815874956705E+000 -3.817409539772E+000  7.782115075913E+000  0.000000000000E+000  1.182165929123E+000
  5.250859312060E-001  1.789751719685E+000 -3.764149940344E+000  7.675027196159E+000  0.000000000000E+000  1.187889806112E+000
  5.320545176366E-001  1.763706402219E+000 -3.711038894639E+000  7.568207069246E+000  0.000000000000E+000  1.193708595558E+000
  5.391013043575E-001  1.737742525834E+000 -3.658083591499E+000  7.461671306132E+000  0.000000000000E+000  1.199624357350E+000
  5.462272907741E-001  1.711863620235E+000 -3.605291226244E+000  7.355436514235E+000  0.000000000000E+000  1.205639210852E+000
  5.534334934816E-001  1.686073222409E+000 -3.552668998460E+000  7.249519289565E+000  0.000000000000E+000  1.211755337019E+000
  5.607209466109E-001  1.660374875698E+000 -3.500224109743E+000  7.143936208742E+000  0.000000000000E+000  1.217974980587E+000
  5.680907021827E-001  1.634772128851E+000 -3.447963761409E+000  7.038703820923E+000  0.000000000000E+000  1.224300452368E+000
  5.755438304707E-001  1.609268535046E+000 -3.395895152169E+000  6.933838639648E+000  0.000000000000E+000  1.230734131632E+000
  5.830814203728E-001  1.583867650890E+000 -3.344025475770E+000  6.829357134602E+000  0.000000000000E+000  1.237278468604E+000
  5.907045797917E-001  1.558573035388E+000 -3.292361918610E+000  6.725275723311E+000  0.000000000000E+000  1.243935987055E+000
  5.984144360243E-001  1.533388248890E+000 -3.240911657311E+000  6.621610762772E+000  0.000000000000E+000  1.250709287012E+000
  6.062121361613E-001  1.508316852006E+000 -3.189681856272E+000  6.518378541037E+000  0.000000000000E+000  1.257601047586E+000
  6.140988474955E-001  1.483362404497E+000 -3.138679665183E+000  6.415595268748E+000  0.000000000000E+000  1.264614029924E+000
  6.220757579409E-001  1.458528464136E+000 -3.087912216523E+000  6.313277070639E+000  0.000000000000E+000  1.271751080283E+000
  6.301440764614E-001  1.433818585546E+000 -3.037386623022E+000  6.211439977015E+000  0.000000000000E+000  1.279015133254E+000
  6.383050335109E-001  1.409236319000E+000 -2.987109975102E+000  6.110099915220E+000  0.000000000000E+000  1.286409215120E+000
  6.465598814833E-001  1.384785209204E+000 -2.937089338290E+000  6.009272701095E+000  0.000000000000E+000  1.293936447366E+000
  6.549098951744E-001  1.360468794042E+000 -2.887331750616E+000  5.908974030447E+000  0.000000000000E+000  1.301600050349E+000
  6.633563722545E-001  1.336290603297E+000 -2.837844219981E+000  5.809219470538E+000  0.000000000000E+000  1.309403347134E+000
  6.719006337539E-001  1.312254157341E+000 -2.788633721508E+000  5.710024451601E+000  0.000000000000E+000  1.317349767507E+000
  6.805440245593E-001  1.288362965793E+000 -2.739707194877E+000  5.611404258395E+000  0.000000000000E+000  1.325442852169E+000
  6.892879139233E-001  1.264620526154E+000 -2.691071541637E+000  5.513374021818E+000  0.000000000000E+000  1.333686257127E+000
  6.981336959871E-001  1.241030322401E+000 -2.642733622507E+000  5.415948710581E+000  0.000000000000E+000  1.342083758288E+000
  7.070827903152E-001  1.217595823562E+000 -2.594700254653E+000  5.319143122955E+000  0.000000000000E+000  1.350639256268E+000
  7.161366424455E-001  1.194320482251E+000 -2.546978208964E+000  5.222971878616E+000  0.000000000000E+000  1.359356781431E+000
  7.252967244510E-001  1.171207733176E+000 -2.499574207302E+000  5.127449410581E+000  0.000000000000E+000  1.368240499160E+000
  7.345645355186E-001  1.148260991615E+000 -2.452494919747E+000  5.032589957262E+000  0.000000000000E+000  1.377294715390E+000
  7.439416025400E-001  1.125483651863E+000 -2.405746961834E+000  4.938407554646E+000  0.000000000000E+000  1.386523882395E+000
  7.534294807203E-001  1.102879085639E+000 -2.359336891769E+000  4.844916028607E+000  0.000000000000E+000  1.395932604869E+000
  7.630297542000E-001  1.080450640470E+000 -2.313271207650E+000  4.752128987379E+000  0.000000000000E+000  1.405525646286E+000
  7.727440366954E-001  1.058201638039E+000 -2.267556344671E+000  4.660059814174E+000  0.000000000000E+000  1.415307935590E+000
  7.825739721536E-001  1.036135372497E+000 -2.222198672319E+000  4.568721659995E+000  0.000000000000E+000  1.425284574203E+000
  7.925212354258E-001  1.014255108746E+000 -2.177204491571E+000  4.478127436615E+000  0.000000000000E+000  1.435460843381E+000
  8.025875329584E-001  9.925640806890E-001 -2.132580032079E+000  4.388289809771E+000  0.000000000000E+000  1.445842211950E+000
  8.127746035011E-001  9.710654894439E-001 -2.088331449352E+000  4.299221192554E+000  0.000000000000E+000  1.456434344412E+000
  8.230842188350E-001  9.497625015258E-001 -2.044464821931E+000  4.210933739023E+000  0.000000000000E+000  1.467243109485E+000
  8.335181845190E-001  9.286582469943E-001 -2.000986148565E+000  4.123439338059E+000  0.000000000000E+000  1.478274589057E+000
  8.440783406568E-001  9.077558175682E-001 -1.957901345376E+000  4.036749607446E+000  0.000000000000E+000  1.489535087614E+000
  8.547665626839E-001  8.870582647049E-001 -1.915216243023E+000  3.950875888209E+000  0.000000000000E+000  1.501031142153E+000
  8.655847621758E-001  8.665685976465E-001 -1.872936583860E+000  3.865829239221E+000  0.000000000000E+000  1.512769532609E+000
  8.765348876780E-001  8.462897814311E-001 -1.831068019091E+000  3.781620432060E+000  0.000000000000E+000  1.524757292830E+000
  8.876189255584E-001  8.262247348704E-001 -1.789616105920E+000  3.698259946164E+000  0.000000000000E+000  1.537001722133E+000
  8.988389008829E-001  8.063763284925E-001 -1.748586304692E+000  3.615757964252E+000  0.000000000000E+000  1.549510397477E+000
  9.101968783143E-001  7.867473824513E-001 -1.707983976028E+000  3.534124368050E+000  0.000000000000E+000  1.562291186280E+000
  9.216949630368E-001  7.673406644010E-001 -1.667814377961E+000  3.453368734304E+000  0.000000000000E+000  1.575352259942E+000
  9.333353017046E-001  7.481588873373E-001 -1.628082663049E+000  3.373500331096E+000  0.000000000000E+000  1.588702108087E+000
  9.451200834176E-001  7.292047074051E-001 -1.588793875494E+000  3.294528114467E+000  0.000000000000E+000  1.602349553601E+000
  9.570515407237E-001  7.104807216724E-001 -1.549952948234E+000  3.216460725345E+000  0.000000000000E+000  1.616303768487E+000
  9.691319506484E-001  6.919894658717E-001 -1.511564700042E+000  3.139306486783E+000  0.000000000000E+000  1.630574290607E+000
  9.813636357544E-001  6.737334121089E-001 -1.473633832587E+000  3.063073401504E+000  0.000000000000E+000  1.645171041365E+000
  9.937489652293E-001  6.557149665407E-001 -1.436164927504E+000  2.987769149755E+000  0.000000000000E+000  1.660104344377E+000
  1.006290356005E+000  6.379364670199E-001 -1.399162443426E+000  2.913401087467E+000  0.000000000000E+000  1.675384945216E+000
  1.018990273907E+000  6.204001807121E-001 -1.362630713004E+000  2.839976244719E+000  0.000000000000E+000  1.691024032277E+000
  1.031851234841E+000  6.031083016813E-001 -1.326573939910E+000  2.767501324489E+000  0.000000000000E+000  1.707033258849E+000
  1.044875806003E+000  5.860629484485E-001 -1.290996195802E+000  2.695982701714E+000  0.000000000000E+000  1.723424766476E+000
  1.058066607138E+000  5.692661615229E-001 -1.255901417271E+000  2.625426422612E+000  0.000000000000E+000  1.740211209682E+000
  1.071426311823E+000  5.527199009072E-001 -1.221293402757E+000  2.555838204288E+000  0.000000000000E+000  1.757405782156E+000
  1.084957648792E+000  5.364260435799E-001 -1.187175809430E+000  2.487223434603E+000  0.000000000000E+000  1.775022244501E+000
  1.098663403298E+000  5.203863809540E-001 -1.153552150035E+000  2.419587172281E+000  0.000000000000E+000  1.793074953645E+000
  1.112546418516E+000  5.046026163168E-001 -1.120425789699E+000  2.352934147262E+000  0.000000000000E+000  1.811578894032E+000
  1.126609596985E+000  4.890763622509E-001 -1.087799942701E+000  2.287268761262E+000  0.000000000000E+000  1.830549710716E+000
  1.140855902095E+000  4.738091380404E-001 -1.055677669190E+000  2.222595088543E+000  0.000000000000E+000  1.850003744488E+000
  1.155288359613E+000  4.588023670634E-001 -1.024061871866E+000  2.158916876853E+000  0.000000000000E+000  1.869958069186E+000
  1.169910059257E+000  4.440573741756E-001 -9.929552926055E-001  2.096237548530E+000  0.000000000000E+000  1.890430531327E+000
  1.184724156317E+000  4.295753830871E-001 -9.623605090349E-001  2.034560201748E+000  0.000000000000E+000  1.911439792249E+000
  1.199733873325E+000  4.153575137361E-001 -9.322799310568E-001  1.973887611861E+000  0.000000000000E+000  1.933005372922E+000
  1.214942501771E+000  4.014047796636E-001 -9.027157973146E-001  1.914222232846E+000  0.000000000000E+000  1.955147701635E+000
  1.230353403874E+000  3.877180853940E-001 -8.736701716032E-001  1.855566198798E+000  0.000000000000E+000  1.977888164768E+000
  1.245970014403E+000  3.742982238252E-001 -8.451449392203E-001  1.797921325456E+000  0.000000000000E+000  2.001249160869E+000
  1.261795842559E+000  3.611458736331E-001 -8.171418032592E-001  1.741289111732E+000  0.000000000000E+000  2.025254158291E+000
  1.277834473907E+000  3.482615966980E-001 -7.896622808417E-001  1.685670741203E+000  0.000000000000E+000  2.049927756657E+000
  1.294089572372E+000  3.356458355553E-001 -7.627076992933E-001  1.631067083549E+000  0.000000000000E+000  2.075295752426E+000
  1.310564882294E+000  3.232989108805E-001 -7.362791922588E-001  1.577478695889E+000  0.000000000000E+000  2.101385208903E+000
  1.327264230548E+000  3.112210190119E-001 -7.103776957625E-001  1.524905823988E+000  0.000000000000E+000  2.128224531008E+000
  1.344191528724E+000  2.994122295206E-001 -6.850039442152E-001  1.473348403310E+000  0.000000000000E+000  2.155843545186E+000
  1.361350775387E+000  2.878724828340E-001 -6.601584663693E-001  1.422806059862E+000  0.000000000000E+000  2.184273584868E+000
  1.378746058390E+000  2.766015879223E-001 -6.358415812296E-001  1.373278110822E+000  0.000000000000E+000  2.213547581911E+000
  1.396381557275E+000  2.655992200542E-001 -6.120533939232E-001  1.324763564894E+000  0.000000000000E+000  2.243700164497E+000
  1.414261545744E+000  2.548649186344E-001 -5.887937915346E-001  1.277261122372E+000  0.000000000000E+000  2.274767762023E+000
  1.432390394201E+000  2.443980851295E-001 -5.660624389173E-001  1.230769174880E+000  0.000000000000E+000  2.306788717539E+000
  1.450772572390E+000  2.341979810942E-001 -5.438587744866E-001  1.185285804745E+000  0.000000000000E+000  2.339803408361E+000
  1.469412652102E+000  2.242637263078E-001 -5.221820060079E-001  1.140808783997E+000  0.000000000000E+000  2.373854375533E+000
  1.488315309978E+000  2.145942970321E-001 -5.010311063918E-001  1.097335572950E+000  0.000000000000E+000  2.408986462889E+000
  1.507485330398E+000  2.051885244034E-001 -4.804048095084E-001  1.054863318352E+000  0.000000000000E+000  2.445246966516E+000
  1.526927608467E+000  1.960450929692E-001 -4.603016060388E-001  1.013388851077E+000  0.000000000000E+000  2.482685795515E+000
  1.546647153093E+000  1.871625393833E-001 -4.407197393794E-001  9.729086833435E-001  0.000000000000E+000  2.521355645029E+000
  1.566649090169E+000  1.785392512726E-001 -4.216572016188E-001  9.334190054557E-001  0.000000000000E+000  2.561312182617E+000
  1.586938665861E+000  1.701734662873E-001 -4.031117296086E-001  8.949156820401E-001  0.000000000000E+000  2.602614249133E+000
  1.607521250000E+000  1.620632713512E-001 -3.850808011506E-001  8.573942477910E-001  0.000000000000E+000  2.645324075413E+000
  1.628402339588E+000  1.542066021231E-001 -3.675616313262E-001  8.208499027176E-001  0.000000000000E+000  2.689507516194E+000
  1.649587562420E+000  1.466012426868E-001 -3.505511689943E-001  7.852775069027E-001  0.000000000000E+000  2.735234302802E+000
  1.671082680832E+000  1.392448254815E-001 -3.340460934871E-001  7.506715747860E-001  0.000000000000E+000  2.782578316371E+000
  1.692893595565E+000  1.321348314897E-001 -3.180428115352E-001  7.170262689940E-001  0.000000000000E+000  2.831617883457E+000
  1.715026349769E+000  1.252685906958E-001 -3.025374544547E-001  6.843353937418E-001  0.000000000000E+000  2.882436096171E+000
  1.737487133138E+000  1.186432828317E-001 -2.875258756303E-001  6.525923878445E-001  0.000000000000E+000  2.935121159138E+000
  1.760282286187E+000  1.122559384228E-001 -2.730036483339E-001  6.217903173808E-001  0.000000000000E+000  2.989766765850E+000
  1.783418304674E+000  1.061034401498E-001 -2.589660639140E-001  5.919218680598E-001  0.000000000000E+000  3.046472507270E+000
  1.806901844175E+000  1.001825245400E-001 -2.454081303982E-001  5.629793373523E-001  0.000000000000E+000  3.105344315815E+000
  1.830739724818E+000  9.448978400222E-002 -2.323245715499E-001  5.349546264549E-001  0.000000000000E+000  3.166494948242E+000
  1.854938936184E+000  8.902166921810E-002 -2.197098264212E-001  5.078392321656E-001  0.000000000000E+000  3.230044511310E+000
  1.879506642368E+000  8.377449190276E-002 -2.075580494471E-001  4.816242387575E-001  0.000000000000E+000  3.296121034557E+000
  1.904450187236E+000  7.874442794558E-002 -1.958631111242E-001  4.563003099462E-001  0.000000000000E+000  3.364861094999E+000
  1.929777099847E+000  7.392752094227E-002 -1.846185993202E-001  4.318576810571E-001  0.000000000000E+000  3.436410499132E+000
  1.955495100083E+000  6.931968612719E-002 -1.738178212579E-001  4.082861515039E-001  0.000000000000E+000  3.510925028237E+000
  1.981612104475E+000  6.491671471385E-002 -1.634538062197E-001  3.855750777018E-001  0.000000000000E+000  3.588571253685E+000
  2.008136232230E+000  6.071427865017E-002 -1.535193090158E-001  3.637133665438E-001  0.000000000000E+000  3.669527429765E+000
  2.035075811486E+000  5.670793579267E-002 -1.440068142592E-001  3.426894695760E-001  0.000000000000E+000  3.753984472421E+000
  2.062439385788E+000  5.289313550272E-002 -1.349085414889E-001  3.224913780156E-001  0.000000000000E+000  3.842147033362E+000
  2.090235720801E+000  4.926522466507E-002 -1.262164511797E-001  3.031066187580E-001  0.000000000000E+000  3.934234680128E+000
  2.118473811262E+000  4.581945412699E-002 -1.179222516755E-001  2.845222515273E-001  0.000000000000E+000  4.030483194051E+000
  2.147162888201E+000  4.255098555384E-002 -1.100174070786E-001  2.667248673221E-001  0.000000000000E+000  4.131145999560E+000
  2.176312426413E+000  3.945489869397E-002 -1.024931461232E-001  2.497005883166E-001  0.000000000000E+000  4.236495739984E+000
  2.205932152222E+000  3.652619904324E-002 -9.534047205868E-002  2.334350693705E-001  0.000000000000E+000  4.346826017006E+000
  2.236032051522E+000  3.375982589648E-002 -8.855017356027E-002  2.179135013043E-001  0.000000000000E+000  4.462453313143E+000
  2.266622378129E+000  3.115066076963E-002 -8.211283668045E-002  2.031206160894E-001  0.000000000000E+000  4.583719119263E+000
  2.297713662445E+000  2.869353617370E-002 -7.601885784767E-002  1.890406940992E-001  0.000000000000E+000  4.710992292065E+000
  2.329316720450E+000  2.638324471763E-002 -7.025845791102E-002  1.756575735576E-001  0.000000000000E+000  4.844671669908E+000
  2.361442663038E+000  2.421454851415E-002 -6.482169722222E-002  1.629546623115E-001  0.000000000000E+000  4.985188979300E+000
  2.394102905709E+000  2.218218885888E-002 -5.969849173725E-002  1.509149520419E-001  0.000000000000E+000  5.133012068911E+000
  2.427309178642E+000  2.028089614967E-002 -5.487863011144E-002  1.395210350128E-001  0.000000000000E+000  5.288648513224E+000
  2.461073537146E+000  1.850540000936E-002 -5.035179175154E-002  1.287551234388E-001  0.000000000000E+000  5.452649634065E+000
  2.495408372530E+000  1.685043957188E-002 -4.610756577900E-002  1.185990715331E-001  0.000000000000E+000  5.625614995308E+000
  2.530326423398E+000  1.531077388816E-002 -4.213547084765E-002  1.090344002757E-001  0.000000000000E+000  5.808197434319E+000
  2.565840787378E+000  1.388119240506E-002 -3.842497574867E-002  1.000423249151E-001  0.000000000000E+000  6.001108703286E+000
  2.601964933334E+000  1.255652546768E-002 -3.496552072491E-002  9.160378519148E-002  0.000000000000E+000  6.205125804857E+000
  2.638712714049E+000  1.133165479230E-002 -3.174653940565E-002  8.369947823995E-002  0.000000000000E+000  6.421098119617E+000
  2.676098379430E+000  1.020152385513E-002 -2.875748126222E-002  7.630989410052E-002  0.000000000000E+000  6.649955438396E+000
  2.714136590232E+000  9.161148139706E-003 -2.598783447458E-002  6.941535373117E-002  0.000000000000E+000  6.892717030571E+000
  2.752842432351E+000  8.205625183961E-003 -2.342714908867E-002  6.299604938520E-002  0.000000000000E+000  7.150501900919E+000
  2.792231431696E+000  7.330144367164E-003 -2.106506033512E-002  5.703208718074E-002  0.000000000000E+000  7.424540412900E+000
  2.832319569669E+000  6.529996375803E-003 -1.889131197124E-002  5.150353165542E-002  0.000000000000E+000  7.716187486260E+000
  2.873123299289E+000  5.800582287598E-003 -1.689577950038E-002  4.639045206500E-002  0.000000000000E+000  8.026937612459E+000
  2.914659561979E+000  5.137422213294E-003 -1.506849311640E-002  4.167297015111E-002  0.000000000000E+000  8.358441973894E+000
  2.956945805065E+000  4.536163436983E-003 -1.339966021574E-002  3.733130907093E-002  0.000000000000E+000  8.712528003568E+000
  3.000000000000E+000  3.992587997615E-003 -1.187968731589E-002  3.334584315114E-002  0.000000000000E+000  9.091221782611E+000
  3.043840661365E+000  3.502619656929E-003 -1.049920121720E-002  2.969714810108E-002  0.000000000000E+000  9.496773745948E+000
  3.088486866678E+000  3.062330202373E-003 -9.249069244861E-003  2.636605129509E-002  0.000000000000E+000  9.931688254317E+000
  3.133958277047E+000  2.667945037628E-003 -8.120418409657E-003  2.333368171347E-002  0.000000000000E+000  1.039875769699E+001
  3.180275158719E+000  2.315848018240E-003 -7.104653330530E-003  2.058151911565E-002  0.000000000000E+000  1.090110191820E+001
  3.227458405560E+000  2.002585495355E-003 -6.193472767809E-003  1.809144200761E-002  0.000000000000E+000  1.144221391687E+001
  3.275529562509E+000  1.724869536834E-003 -5.378884624837E-003  1.584577396085E-002  0.000000000000E+000  1.202601296001E+001
  3.324510850077E+000  1.479580301917E-003 -4.653219286464E-003  1.382732784070E-002  0.000000000000E+000  1.265690648387E+001
  3.374425189910E+000  1.263767553084E-003 -4.009141175994E-003  1.201944750937E-002  0.000000000000E+000  1.333986244419E+001
  3.425296231502E+000  1.074651296723E-003 -3.439658427577E-003  1.040604658364E-002  0.000000000000E+000  1.408049413051E+001
  3.477148380094E+000  9.096215526570E-004 -2.938130588422E-003  8.971643848214E-003  0.000000000000E+000  1.488515989761E+001
  3.530006825834E+000  7.662372612262E-004 -2.498274284613E-003  7.701394954820E-003  0.000000000000E+000  1.576108081088E+001
  3.583897574256E+000  6.422243455404E-004 -2.114166805388E-003  6.581120072401E-003  0.000000000000E+000  1.671647988060E+001
  3.638847478148E+000  5.354729553952E-004 -1.780247583240E-003  5.597327196388E-003  0.000000000000E+000  1.776074740857E+001
  3.694884270887E+000  4.440339281898E-004 -1.491317570873E-003  4.737230873794E-003  0.000000000000E+000  1.890463803730E+001
  3.752036601308E+000  3.661145107176E-004 -1.242536540397E-003  3.988766155389E-003  0.000000000000E+000  2.016050643727E+001
  3.810334070199E+000  3.000733938454E-004 -1.029418354921E-003  3.340597645749E-003  0.000000000000E+000  2.154259027296E+001
  3.869807268505E+000  2.444151196602E-004 -8.478242872909E-004  2.782123585518E-003  0.000000000000E+000  2.306735125688E+001
  3.930487817331E+000  1.977839274782E-004 -6.939544848120E-004  2.303474966704E-003  0.000000000000E+000  2.475388787141E+001
  3.992408409843E+000  1.589571110585E-004 -5.643377017753E-004  1.895509749968E-003  0.000000000000E+000  2.662443689147E+001
  4.055602855172E+000  1.268379642660E-004 -4.558194430600E-004  1.549802321400E-003  0.000000000000E+000  2.870498541646E+001
  4.120106124432E+000  1.004483961953E-004 -3.655486815059E-004  1.258628393607E-003  0.000000000000E+000  3.102602103327E+001
  4.185954398964E+000  7.892129926295E-005 -2.909633286698E-004  1.014945620757E-003  0.000000000000E+000  3.362345540172E+001
  4.253185120935E+000  6.149275494623E-005 -2.297746525944E-004  8.123702578476E-004  0.000000000000E+000  3.653976653039E+001
  4.321837046422E+000  4.749416162022E-005 -1.799508469351E-004  6.451502495679E-004  0.000000000000E+000  3.982541801889E+001
  4.391950301120E+000  3.634436730956E-005 -1.396999629311E-004  5.081351821994E-004  0.000000000000E+000  4.354063052671E+001
  4.463566438835E+000  2.754188714159E-005 -1.074524190108E-004  3.967435718597E-004  0.000000000000E+000  4.775760290245E+001
  4.536728502895E+000  2.065728090252E-005 -8.184330219107E-005  3.069279928861E-004  0.000000000000E+000  5.256330929512E+001
  4.611481090679E+000  1.532576045574E-005 -6.169467079400E-005  2.351385704562E-004  0.000000000000E+000  5.806303600472E+001
  4.687870421430E+000  1.124008998873E-005 -4.599805946639E-005  1.782853709926E-004  0.000000000000E+000  6.438486985458E+001
  4.765944407533E+000  8.143834277734E-006 -3.389737520360E-005  1.337002222227E-004  0.000000000000E+000  7.168541037242E+001
  4.845752729492E+000  5.825001572821E-006 -2.467235736276E-005  9.909848190855E-005  0.000000000000E+000  8.015705190726E+001
  4.927346914797E+000  4.110118527137E-006 -1.772275588116E-005  7.254125061340E-005  0.000000000000E+000  9.003726677839E+001
  5.010780420931E+000  2.858765048174E-006 -1.255336060116E-005  5.239849004673E-005  0.000000000000E+000  1.016204070870E+002
  5.096108722763E+000  1.958587282456E-006 -8.759991308222E-006  3.731346555477E-005  0.000000000000E+000  1.152726051196E+002
  5.183389404586E+000  1.320797402709E-006 -6.016533462988E-006  2.616888047149E-005  0.000000000000E+000  1.314503306382E+002
  5.272682257105E+000  8.761596955017E-007 -4.063079333426E-006  1.805501288169E-005  0.000000000000E+000  1.507229299252E+002
  5.364049379651E+000  5.714538761199E-007 -2.695209017132E-006  1.224010362662E-005  0.000000000000E+000  1.737987668264E+002
  5.457555287978E+000  3.663987994344E-007 -1.754421388165E-006  8.143180028202E-006  0.000000000000E+000  2.015529091119E+002
  5.553267027968E+000  2.310129679757E-007 -1.119701976000E-006  5.309434802039E-006  0.000000000000E+000  2.350507447834E+002
  5.651254295630E+000  1.433826093682E-007 -7.001937965410E-007  3.388215961142E-006  0.000000000000E+000  2.755549762390E+002
  5.751589563796E+000  8.780370162452E-008 -4.289187342644E-007  2.113623089274E-006  0.000000000000E+000  3.244911150625E+002
  5.854348215936E+000  5.326122447580E-008 -2.574816407531E-007  1.287649923673E-006  0.000000000000E+000  3.833275523132E+002
  5.959608687557E+000  3.220711112197E-008 -1.516771676004E-007  7.657642401279E-007  0.000000000000E+000  4.533042884360E+002
  6.067452615683E+000  1.959782511364E-008 -8.791065503727E-008  4.447747859317E-007  0.000000000000E+000  5.349392432213E+002
  6.177964996951E+000  1.215310226891E-008 -5.033917489336E-008  2.528023134548E-007  0.000000000000E+000  6.273039671282E+002
  6.291234354880E+000  7.799046691899E-009 -2.863696309914E-008  1.411481021515E-007  0.000000000000E+000  7.272659333129E+002
  6.407352916949E+000  5.261289299061E-009 -1.629072786965E-008  7.783879855060E-008  0.000000000000E+000  8.292325808273E+002
  6.526416802128E+000  3.777116939099E-009 -9.334324834529E-009  4.262063703535E-008  0.000000000000E+000  9.260908813535E+002
  6.648526219580E+000  2.899156363027E-009 -5.438597301609E-009  2.317845940620E-008  0.000000000000E+000  1.011462700082E+003
  6.773785679311E+000  2.367141920290E-009 -3.280269223346E-009  1.236444301117E-008  0.000000000000E+000  1.082178710947E+003
  6.902304215570E+000  2.028308321972E-009 -2.123094624681E-009  6.236845054204E-009  0.000000000000E+000  1.139363827576E+003
  7.034195623922E+000  1.790847250385E-009 -1.554449985792E-009  2.728977517519E-009  0.000000000000E+000  1.187647530618E+003
  7.169578712934E+000  1.598492401942E-009 -1.330670592355E-009  7.915616401411E-010  0.000000000000E+000  1.233493578186E+003
  7.308577571516E+000  1.417529141692E-009 -1.294198144255E-009 -1.238993832057E-010  0.000000000000E+000  1.283895725434E+003
  7.451321853057E+000  1.230277675338E-009 -1.334622542394E-009 -3.484287026418E-010  0.000000000000E+000  1.345982366971E+003
  7.597947077547E+000  1.031327438885E-009 -1.373658559928E-009 -1.296471581243E-010  0.000000000000E+000  1.427495980606E+003
  7.748594953021E+000  8.244994131451E-010 -1.360796430999E-009  3.208890689820E-010  0.000000000000E+000  1.538073069127E+003
  7.903413717736E+000  6.197105573319E-010 -1.271709194758E-009  8.233926246021E-010  0.000000000000E+000  1.691651065540E+003
  8.062558504629E+000  4.296677713748E-010 -1.105495539960E-009  1.240496212289E-009  0.000000000000E+000  1.911302781501E+003
  8.226191729726E+000  2.667052071555E-010 -8.795792086064E-010  1.486970573335E-009  0.000000000000E+000  2.240594436472E+003
  8.394483506327E+000  1.401875086351E-010 -6.227382657272E-010  1.531546651083E-009  0.000000000000E+000  2.776327185537E+003
  8.567612086926E+000  5.482414394328E-011 -3.675097034671E-010  1.389797597374E-009  0.000000000000E+000  3.796497619348E+003
  8.745764335025E+000  1.006199099304E-011 -1.433390936041E-010  1.110409273282E-009  0.000000000000E+000  6.680553456656E+003
  8.929136229160E+000  5.173177026876E-013  2.844796098845E-011  7.585443496300E-010  0.000000000000E+000  0.000000000000E+000
  9.117933401693E+000  1.722921736208E-011  1.372770343255E-010  3.999657287396E-010  0.000000000000E+000  5.584083471634E+003
  9.312371715124E+000  4.939918149830E-011  1.835215375223E-010  8.868479997651E-011  0.000000000000E+000  3.930675277610E+003
  9.512677878945E+000  8.624055762756E-011  1.766793390863E-010 -1.403782937019E-010  0.000000000000E+000  3.264398975713E+003
  9.719090110332E+000  1.185943459335E-010  1.322360917500E-010 -2.735141648710E-010  0.000000000000E+000  2.935524820802E+003
  9.931858842267E+000  1.400578377298E-010  6.802980408183E-011 -3.159385855870E-010  0.000000000000E+000  2.777183731230E+003
  1.015124748302E+001  1.474956674958E-010  8.694550052952E-013 -2.865500844401E-010  0.000000000000E+000  2.729694200363E+003
  1.037753323129E+001  1.409320555020E-010 -5.602771826921E-011 -2.113951852092E-010  0.000000000000E+000  2.771429419709E+003
  1.061100795175E+001  1.229341431931E-010 -9.447232577081E-011 -1.173612629575E-010  0.000000000000E+000  2.900567069123E+003
  1.085197911611E+001  9.767168808417E-011 -1.115698964239E-010 -2.722112821306E-011  0.000000000000E+000  3.131729094141E+003
  1.110077081537E+001  6.986916687293E-011 -1.090002440513E-010  4.336320823942E-011  0.000000000000E+000  3.501696993835E+003
  1.135772484956E+001  4.385304606561E-011 -9.163850104745E-011  8.678358126779E-011  0.000000000000E+000  4.089847957761E+003
  1.162320190175E+001  2.284819356043E-011 -6.590554684989E-011  1.026953286344E-010  0.000000000000E+000  5.082645209625E+003
  1.189758280382E+001  8.607210749636E-012 -3.820948172134E-011  9.607059984459E-011  0.000000000000E+000  7.037519414247E+003
  1.218126990242E+001  1.381145611603E-012 -1.374966638946E-011  7.475812761582E-011  0.000000000000E+000  1.295072045054E+004
  1.247468853413E+001  1.747221768714E-013  4.170166489616E-012  4.714800553428E-011  0.000000000000E+000  0.000000000000E+000
  1.277828862002E+001  3.185063730921E-012  1.430221162451E-011  2.037203617708E-011  0.000000000000E+000  9.802444137558E+003
  1.309254639077E+001  8.305404914946E-012  1.717745872237E-011 -7.443703827021E-013  0.000000000000E+000  7.121751483676E+003
  1.341796625462E+001  1.358393002169E-011  1.454748111537E-011 -1.396968432634E-011  0.000000000000E+000  6.044568074831E+003
  1.375508282195E+001  1.755687953354E-011  8.723161191735E-012 -1.934235363531E-011  0.000000000000E+000  5.549126711575E+003
  1.410446310162E+001  1.941533746139E-011  1.968985027277E-012 -1.847262249458E-011  0.000000000000E+000  5.366100107473E+003
  1.446670888596E+001  1.900651642789E-011 -3.936623358092E-012 -1.372262735124E-011  0.000000000000E+000  5.404301582421E+003
  1.484245934302E+001  1.670406520891E-011 -7.925268437120E-012 -7.474516500241E-012  0.000000000000E+000  5.641999274868E+003
  1.523239383723E+001  1.320209773256E-011 -9.654907413281E-012 -1.618924094507E-012  0.000000000000E+000  6.102288982648E+003
  1.563723500136E+001  9.292330933197E-012 -9.369233158392E-012  2.689925751089E-012  0.000000000000E+000  6.860127627627E+003
  1.605775208607E+001  5.674702717170E-012 -7.672227925037E-012  5.039227240796E-012  0.000000000000E+000  8.085856816101E+003
  1.649476461582E+001  2.833676960480E-012 -5.290125718395E-012  5.596014504426E-012  0.000000000000E+000  1.019194266512E+004
  1.694914638379E+001  9.909659649823E-013 -2.876753980705E-012  4.868574899771E-012  0.000000000000E+000  0.000000000000E+000
  1.742182982203E+001  1.261623588923E-013 -8.932609088028E-013  3.470863128903E-012  0.000000000000E+000  0.000000000000E+000
  1.791381078784E+001  4.372444121007E-014  4.324498927037E-013  1.944009004320E-012  0.000000000000E+000  0.000000000000E+000
  1.842615381215E+001  4.596677970089E-013  1.081244048011E-012  6.579134639357E-013  0.000000000000E+000  0.000000000000E+000
  1.895999786176E+001  1.083573342615E-012  1.178912626579E-012 -2.111667163865E-013  0.000000000000E+000  1.404174173115E+004
  1.951656267356E+001  1.678959276820E-012  9.202489614595E-013 -6.485005581244E-013  0.000000000000E+000  1.213464374889E+004
  2.009715572669E+001  2.094608439712E-012  5.027990168115E-013 -7.418796522605E-013  0.000000000000E+000  1.127213380034E+004
  2.070317992707E+001  2.268248783061E-012  8.276454310856E-014 -6.203782254382E-013  0.000000000000E+000  1.097682792215E+004
  2.133614208874E+001  2.210050869563E-012 -2.439886850606E-013 -4.071094020326E-013  0.000000000000E+000  1.107234632967E+004
  2.199766230782E+001  1.975934256871E-012 -4.400833902497E-013 -1.925139803381E-013  0.000000000000E+000  1.149342822387E+004
  2.268948433818E+001  1.640006365932E-012 -5.119402752111E-013 -2.681510401331E-014  0.000000000000E+000  1.222996573590E+004
  2.341348709294E+001  1.272677623853E-012 -4.906127557830E-013  7.427715408433E-014  0.000000000000E+000  1.330865852699E+004
  2.417169741362E+001  9.274635948488E-013 -4.145566144137E-013  1.176831355595E-013  0.000000000000E+000  0.000000000000E+000
  2.496630426925E+001  6.363569839473E-013 -3.178015913047E-013  1.206984682999E-013  0.000000000000E+000  0.000000000000E+000
  2.579967457140E+001  4.116182506421E-013 -2.242167499543E-013  1.017609971567E-013  0.000000000000E+000  0.000000000000E+000
  2.667437081864E+001  2.510875264552E-013 -1.467115781901E-013  7.533319950851E-014  0.000000000000E+000  0.000000000000E+000
  2.759317081651E+001  1.443808270827E-013 -8.939999509896E-014  5.032512792325E-014  0.000000000000E+000  0.000000000000E+000
  2.855908975674E+001  7.817783856188E-014 -5.082931899478E-014  3.074036995867E-014  0.000000000000E+000  0.000000000000E+000
  2.957540498378E+001  3.979575914967E-014 -2.697569342867E-014  1.728566051944E-014  0.000000000000E+000  0.000000000000E+000
  3.064568382919E+001  1.900335044310E-014 -1.335414564531E-014  8.976417103879E-015  0.000000000000E+000  0.000000000000E+000
  3.177381495601E+001  8.489995278498E-015 -6.156599452542E-015  4.308132918986E-015  0.000000000000E+000  0.000000000000E+000
  3.296404372807E+001  3.537198231193E-015 -2.636819608400E-015  1.909513225926E-015  0.000000000000E+000  0.000000000000E+000
  3.422101220608E+001  1.369442302916E-015 -1.046292075121E-015  7.807447184830E-016  0.000000000000E+000  0.000000000000E+000
  3.554980447538E+001  4.905650918343E-016 -3.830709096207E-016  2.933326852773E-016  0.000000000000E+000  0.000000000000E+000
  3.695599813319E+001  1.617929608470E-016 -1.288337412067E-016  1.009338408159E-016  0.000000000000E+000  0.000000000000E+000
  3.844572291106E+001  4.887468849322E-017 -3.961273638922E-017  3.167267599543E-017  0.000000000000E+000  0.000000000000E+000
  4.002572758518E+001  1.343841378885E-017 -1.106720383308E-017  9.010928734614E-018  0.000000000000E+000  0.000000000000E+000
  4.170345654134E+001  3.340379437326E-018 -2.791202788567E-018  2.309953816943E-018  0.000000000000E+000  0.000000000000E+000
  4.348713762001E+001  7.448940514665E-019 -6.307260721460E-019  5.297173758508E-019  0.000000000000E+000  0.000000000000E+000
  4.538588318162E+001  1.234640360063E-019 -1.023444246386E-019  8.349437495519E-020  0.000000000000E+000  0.000000000000E+000
  4.740980671574E+001  2.260664349039E-020 -5.241981245728E-020  4.860550928988E-020  0.000000000000E+000  0.000000000000E+000
  4.957015778746E+001  7.656009454716E-021 -1.550041788779E-021 -9.176724864780E-021  0.000000000000E+000  0.000000000000E+000
  5.187947869225E+001  0.000000000000E+000  9.525628762629E-022  2.277613060820E-021  0.000000000000E+000  0.000000000000E+000
  5.435178690397E+001  2.723289744159E-022 -2.522870225370E-022  0.000000000000E+000  0.000000000000E+000  0.000000000000E+000
  5.700278828629E+001  0.000000000000E+000  0.000000000000E+000  0.000000000000E+000  0.000000000000E+000  0.000000000000E+000
  5.985012714155E+001  0.000000000000E+000  0.000000000000E+000  0.000000000000E+000  0.000000000000E+000  0.000000000000E+000
  6.291368055481E+001  0.000000000000E+000  0.000000000000E+000  0.000000000000E+000  0.000000000000E+000  0.000000000000E+000
  6.621590623276E+001  0.000000000000E+000  0.000000000000E+000  0.000000000000E+000  0.000000000000E+000  0.000000000000E+000
  6.978225524452E+001  0.000000000000E+000  0.000000000000E+000  0.000000000000E+000  0.000000000000E+000  0.000000000000E+000
  7.364166388185E+001  0.000000000000E+000  0.000000000000E+000  0.000000000000E+000  0.000000000000E+000  0.000000000000E+000
  7.782714245929E+001  0.000000000000E+000  0.000000000000E+000  0.000000000000E+000  0.000000000000E+000  0.000000000000E+000
  8.237648351994E+001  0.000000000000E+000  0.000000000000E+000  0.000000000000E+000  0.000000000000E+000  0.000000000000E+000
  8.733311794502E+001  0.000000000000E+000  0.000000000000E+000  0.000000000000E+000  0.000000000000E+000  0.000000000000E+000
  9.274715535088E+001  0.000000000000E+000  0.000000000000E+000  0.000000000000E+000  0.000000000000E+000  0.000000000000E+000
  9.867665554529E+001  0.000000000000E+000  0.000000000000E+000  0.000000000000E+000  0.000000000000E+000  0.000000000000E+000
  1.051891916055E+002  0.000000000000E+000  0.000000000000E+000  0.000000000000E+000  0.000000000000E+000  0.000000000000E+000
  1.123637836013E+002  0.000000000000E+000  0.000000000000E+000  0.000000000000E+000  0.000000000000E+000  0.000000000000E+000
  1.202933069206E+002  0.000000000000E+000  0.000000000000E+000  0.000000000000E+000  0.000000000000E+000  0.000000000000E+000
  1.290875131414E+002  0.000000000000E+000  0.000000000000E+000  0.000000000000E+000  0.000000000000E+000  0.000000000000E+000
  1.388768482001E+002  0.000000000000E+000  0.000000000000E+000  0.000000000000E+000  0.000000000000E+000  0.000000000000E+000
  1.498173177370E+002  0.000000000000E+000  0.000000000000E+000  0.000000000000E+000  0.000000000000E+000  0.000000000000E+000
  1.620967411853E+002  0.000000000000E+000  0.000000000000E+000  0.000000000000E+000  0.000000000000E+000  0.000000000000E+000
  1.759428668168E+002  0.000000000000E+000  0.000000000000E+000  0.000000000000E+000  0.000000000000E+000  0.000000000000E+000
  1.916340085825E+002  0.000000000000E+000  0.000000000000E+000  0.000000000000E+000  0.000000000000E+000  0.000000000000E+000
  2.095131417987E+002  0.000000000000E+000  0.000000000000E+000  0.000000000000E+000  0.000000000000E+000  0.000000000000E+000
  2.300068054477E+002  0.000000000000E+000  0.000000000000E+000  0.000000000000E+000  0.000000000000E+000  0.000000000000E+000
  2.536507797910E+002  0.000000000000E+000  0.000000000000E+000  0.000000000000E+000  0.000000000000E+000  0.000000000000E+000
  2.811254638474E+002  0.000000000000E+000  0.000000000000E+000  0.000000000000E+000  0.000000000000E+000  0.000000000000E+000
  3.133053780630E+002  0.000000000000E+000  0.000000000000E+000  0.000000000000E+000  0.000000000000E+000  0.000000000000E+000
  3.513296254502E+002  0.000000000000E+000  0.000000000000E+000  0.000000000000E+000  0.000000000000E+000  0.000000000000E+000
  3.967041014107E+002  0.000000000000E+000  0.000000000000E+000  0.000000000000E+000  0.000000000000E+000  0.000000000000E+000
  4.514529193350E+002  0.000000000000E+000  0.000000000000E+000  0.000000000000E+000  0.000000000000E+000  0.000000000000E+000
  5.183481233601E+002  0.000000000000E+000  0.000000000000E+000  0.000000000000E+000  0.000000000000E+000  0.000000000000E+000
  6.012676077950E+002  0.000000000000E+000  0.000000000000E+000  0.000000000000E+000  0.000000000000E+000  0.000000000000E+000
  7.057700503752E+002  0.000000000000E+000  0.000000000000E+000  0.000000000000E+000  0.000000000000E+000  0.000000000000E+000
  8.400513767914E+002  0.000000000000E+000  0.000000000000E+000  0.000000000000E+000  0.000000000000E+000  0.000000000000E+000
  1.016602135495E+003  0.000000000000E+000  0.000000000000E+000  0.000000000000E+000  0.000000000000E+000  0.000000000000E+000
  1.255220715579E+003  0.000000000000E+000  0.000000000000E+000  0.000000000000E+000  0.000000000000E+000  0.000000000000E+000
  1.588815776243E+003  0.000000000000E+000  0.000000000000E+000  0.000000000000E+000  0.000000000000E+000  0.000000000000E+000
  2.075392011604E+003  0.000000000000E+000  0.000000000000E+000  0.000000000000E+000  0.000000000000E+000  0.000000000000E+000
  2.825079847528E+003  0.000000000000E+000  0.000000000000E+000  0.000000000000E+000  0.000000000000E+000  0.000000000000E+000
  4.068408296183E+003  0.000000000000E+000  0.000000000000E+000  0.000000000000E+000  0.000000000000E+000  0.000000000000E+000
  6.357262947672E+003  0.000000000000E+000  0.000000000000E+000  0.000000000000E+000  0.000000000000E+000  0.000000000000E+000
  1.130231930164E+004  0.000000000000E+000  0.000000000000E+000  0.000000000000E+000  0.000000000000E+000  0.000000000000E+000
  2.543105175136E+004  0.000000000000E+000  0.000000000000E+000  0.000000000000E+000  0.000000000000E+000  0.000000000000E+000
  1.017262069952E+005  0.000000000000E+000  0.000000000000E+000  0.000000000000E+000  0.000000000000E+000  0.000000000000E+000
