# 1st line: number of mesh points
# rho and r_seitz are calculated from total density
# zeta and r_seitz only correct of rho > 1d-12

# abcissa rho drho ddrho zeta r_seitz
500
  9.830308526563E-006  1.812850933067E+002 -1.109480830453E+003  7.089688712547E+003  0.000000000000E+000  2.548314664545E-001
  3.932200719722E-005  1.812523759153E+002 -1.109271764008E+003  7.088297260330E+003  0.000000000000E+000  2.548467985187E-001
  8.847741541467E-005  1.811978577715E+002 -1.108923392851E+003  7.085978681046E+003  0.000000000000E+000  2.548723550777E-001
  1.573003992805E-004  1.811215551339E+002 -1.108435826327E+003  7.082733736088E+003  0.000000000000E+000  2.549081408103E-001
  2.457963722418E-004  1.810234907559E+002 -1.107809217458E+003  7.078563490957E+003  0.000000000000E+000  2.549541622699E-001
  3.539722959954E-004  1.809036938773E+002 -1.107043762881E+003  7.073469314815E+003  0.000000000000E+000  2.550104278860E-001
  4.818366816529E-004  1.807622002134E+002 -1.106139702773E+003  7.067452879910E+003  0.000000000000E+000  2.550769479681E-001
  6.293995911626E-004  1.805990519416E+002 -1.105097320752E+003  7.060516160869E+003  0.000000000000E+000  2.551537347096E-001
  7.966726389935E-004  1.804142976856E+002 -1.103916943763E+003  7.052661433871E+003  0.000000000000E+000  2.552408021919E-001
  9.836689940782E-004  1.802079924971E+002 -1.102598941951E+003  7.043891275687E+003  0.000000000000E+000  2.553381663902E-001
  1.190403382016E-003  1.799801978355E+002 -1.101143728512E+003  7.034208562598E+003  0.000000000000E+000  2.554458451796E-001
  1.416892087541E-003  1.797309815446E+002 -1.099551759528E+003  7.023616469181E+003  0.000000000000E+000  2.555638583416E-001
  1.663152957245E-003  1.794604178273E+002 -1.097823533782E+003  7.012118466973E+003  0.000000000000E+000  2.556922275718E-001
  1.929205402573E-003  1.791685872178E+002 -1.095959592566E+003  6.999718323014E+003  0.000000000000E+000  2.558309764884E-001
  2.215070403073E-003  1.788555765514E+002 -1.093960519458E+003  6.986420098251E+003  0.000000000000E+000  2.559801306408E-001
  2.520770509919E-003  1.785214789320E+002 -1.091826940090E+003  6.972228145837E+003  0.000000000000E+000  2.561397175195E-001
  2.846329849692E-003  1.781663936970E+002 -1.089559521903E+003  6.957147109288E+003  0.000000000000E+000  2.563097665669E-001
  3.191774128432E-003  1.777904263804E+002 -1.087158973874E+003  6.941181920529E+003  0.000000000000E+000  2.564903091883E-001
  3.557130635959E-003  1.773936886727E+002 -1.084626046237E+003  6.924337797814E+003  0.000000000000E+000  2.566813787639E-001
  3.942428250463E-003  1.769762983795E+002 -1.081961530179E+003  6.906620243524E+003  0.000000000000E+000  2.568830106618E-001
  4.347697443358E-003  1.765383793767E+002 -1.079166257526E+003  6.888035041843E+003  0.000000000000E+000  2.570952422517E-001
  4.772970284417E-003  1.760800615645E+002 -1.076241100410E+003  6.868588256316E+003  0.000000000000E+000  2.573181129189E-001
  5.218280447175E-003  1.756014808178E+002 -1.073186970918E+003  6.848286227291E+003  0.000000000000E+000  2.575516640798E-001
  5.683663214611E-003  1.751027789360E+002 -1.070004820729E+003  6.827135569234E+003  0.000000000000E+000  2.577959391980E-001
  6.169155485101E-003  1.745841035888E+002 -1.066695640729E+003  6.805143167937E+003  0.000000000000E+000  2.580509838009E-001
  6.674795778653E-003  1.740456082609E+002 -1.063260460614E+003  6.782316177602E+003  0.000000000000E+000  2.583168454976E-001
  7.200624243425E-003  1.734874521945E+002 -1.059700348482E+003  6.758662017816E+003  0.000000000000E+000  2.585935739970E-001
  7.746682662519E-003  1.729098003283E+002 -1.056016410396E+003  6.734188370406E+003  0.000000000000E+000  2.588812211278E-001
  8.313014461060E-003  1.723128232362E+002 -1.052209789946E+003  6.708903176188E+003  0.000000000000E+000  2.591798408582E-001
  8.899664713569E-003  1.716966970624E+002 -1.048281667783E+003  6.682814631600E+003  0.000000000000E+000  2.594894893173E-001
  9.506680151615E-003  1.710616034548E+002 -1.044233261151E+003  6.655931185223E+003  0.000000000000E+000  2.598102248170E-001
  1.013410917176E-002  1.704077294963E+002 -1.040065823392E+003  6.628261534201E+003  0.000000000000E+000  2.601421078750E-001
  1.078200184380E-002  1.697352676343E+002 -1.035780643440E+003  6.599814620544E+003  0.000000000000E+000  2.604852012388E-001
  1.145040991929E-002  1.690444156074E+002 -1.031379045309E+003  6.570599627332E+003  0.000000000000E+000  2.608395699101E-001
  1.213938684040E-002  1.683353763704E+002 -1.026862387547E+003  6.540625974807E+003  0.000000000000E+000  2.612052811709E-001
  1.284898774901E-002  1.676083580177E+002 -1.022232062698E+003  6.509903316374E+003  0.000000000000E+000  2.615824046102E-001
  1.357926949620E-002  1.668635737039E+002 -1.017489496735E+003  6.478441534482E+003  0.000000000000E+000  2.619710121515E-001
  1.433029065191E-002  1.661012415628E+002 -1.012636148482E+003  6.446250736425E+003  0.000000000000E+000  2.623711780821E-001
  1.510211151509E-002  1.653215846246E+002 -1.007673509027E+003  6.413341250027E+003  0.000000000000E+000  2.627829790819E-001
  1.589479412397E-002  1.645248307309E+002 -1.002603101116E+003  6.379723619242E+003  0.000000000000E+000  2.632064942554E-001
  1.670840226680E-002  1.637112124479E+002 -9.974264785371E+002  6.345408599655E+003  0.000000000000E+000  2.636418051625E-001
  1.754300149280E-002  1.628809669775E+002 -9.921452254899E+002  6.310407153887E+003  0.000000000000E+000  2.640889958525E-001
  1.839865912351E-002  1.620343360669E+002 -9.867609559423E+002  6.274730446913E+003  0.000000000000E+000  2.645481528972E-001
  1.927544426443E-002  1.611715659163E+002 -9.812753129752E+002  6.238389841287E+003  0.000000000000E+000  2.650193654270E-001
  2.017342781695E-002  1.602929070845E+002 -9.756899681149E+002  6.201396892282E+003  0.000000000000E+000  2.655027251670E-001
  2.109268249069E-002  1.593986143932E+002 -9.700066206526E+002  6.163763342940E+003  0.000000000000E+000  2.659983264744E-001
  2.203328281612E-002  1.584889468290E+002 -9.642269969528E+002  6.125501119046E+003  0.000000000000E+000  2.665062663775E-001
  2.299530515754E-002  1.575641674447E+002 -9.583528497497E+002  6.086622324009E+003  0.000000000000E+000  2.670266446160E-001
  2.397882772639E-002  1.566245432574E+002 -9.523859574328E+002  6.047139233676E+003  0.000000000000E+000  2.675595636819E-001
  2.498393059493E-002  1.556703451466E+002 -9.463281233204E+002  6.007064291056E+003  0.000000000000E+000  2.681051288624E-001
  2.601069571024E-002  1.547018477496E+002 -9.401811749237E+002  5.966410100981E+003  0.000000000000E+000  2.686634482839E-001
  2.705920690860E-002  1.537193293560E+002 -9.339469631992E+002  5.925189424685E+003  0.000000000000E+000  2.692346329572E-001
  2.812954993023E-002  1.527230718002E+002 -9.276273617916E+002  5.883415174312E+003  0.000000000000E+000  2.698187968242E-001
  2.922181243436E-002  1.517133603526E+002 -9.212242662670E+002  5.841100407366E+003  0.000000000000E+000  2.704160568063E-001
  3.033608401473E-002  1.506904836097E+002 -9.147395933353E+002  5.798258321081E+003  0.000000000000E+000  2.710265328536E-001
  3.147245621542E-002  1.496547333821E+002 -9.081752800651E+002  5.754902246738E+003  0.000000000000E+000  2.716503479966E-001
  3.263102254705E-002  1.486064045821E+002 -9.015332830878E+002  5.711045643913E+003  0.000000000000E+000  2.722876283982E-001
  3.381187850339E-002  1.475457951089E+002 -8.948155777945E+002  5.666702094674E+003  0.000000000000E+000  2.729385034084E-001
  3.501512157837E-002  1.464732057333E+002 -8.880241575239E+002  5.621885297715E+003  0.000000000000E+000  2.736031056200E-001
  3.624085128345E-002  1.453889399812E+002 -8.811610327422E+002  5.576609062441E+003  0.000000000000E+000  2.742815709262E-001
  3.748916916538E-002  1.442933040152E+002 -8.742282302154E+002  5.530887302999E+003  0.000000000000E+000  2.749740385794E-001
  3.876017882444E-002  1.431866065158E+002 -8.672277921744E+002  5.484734032263E+003  0.000000000000E+000  2.756806512526E-001
  4.005398593302E-002  1.420691585612E+002 -8.601617754734E+002  5.438163355770E+003  0.000000000000E+000  2.764015551020E-001
  4.137069825459E-002  1.409412735061E+002 -8.530322507408E+002  5.391189465619E+003  0.000000000000E+000  2.771368998315E-001
  4.271042566323E-002  1.398032668593E+002 -8.458413015250E+002  5.343826634326E+003  0.000000000000E+000  2.778868387592E-001
  4.407328016341E-002  1.386554561610E+002 -8.385910234333E+002  5.296089208637E+003  0.000000000000E+000  2.786515288857E-001
  4.545937591035E-002  1.374981608581E+002 -8.312835232662E+002  5.247991603322E+003  0.000000000000E+000  2.794311309647E-001
  4.686882923075E-002  1.363317021798E+002 -8.239209181456E+002  5.199548294915E+003  0.000000000000E+000  2.802258095751E-001
  4.830175864396E-002  1.351564030115E+002 -8.165053346395E+002  5.150773815450E+003  0.000000000000E+000  2.810357331958E-001
  4.975828488365E-002  1.339725877688E+002 -8.090389078809E+002  5.101682746151E+003  0.000000000000E+000  2.818610742823E-001
  5.123853091993E-002  1.327805822697E+002 -8.015237806838E+002  5.052289711112E+003  0.000000000000E+000  2.827020093458E-001
  5.274262198188E-002  1.315807136073E+002 -7.939621026555E+002  5.002609370952E+003  0.000000000000E+000  2.835587190337E-001
  5.427068558066E-002  1.303733100212E+002 -7.863560293052E+002  4.952656416454E+003  0.000000000000E+000  2.844313882141E-001
  5.582285153302E-002  1.291587007686E+002 -7.787077211501E+002  4.902445562197E+003  0.000000000000E+000  2.853202060611E-001
  5.739925198530E-002  1.279372159947E+002 -7.710193428196E+002  4.851991540164E+003  0.000000000000E+000  2.862253661432E-001
  5.900002143803E-002  1.267091866029E+002 -7.632930621570E+002  4.801309093360E+003  0.000000000000E+000  2.871470665149E-001
  6.062529677088E-002  1.254749441248E+002 -7.555310493198E+002  4.750412969413E+003  0.000000000000E+000  2.880855098094E-001
  6.227521726827E-002  1.242348205893E+002 -7.477354758792E+002  4.699317914182E+003  0.000000000000E+000  2.890409033360E-001
  6.394992464542E-002  1.229891483922E+002 -7.399085139186E+002  4.648038665361E+003  0.000000000000E+000  2.900134591781E-001
  6.564956307496E-002  1.217382601645E+002 -7.320523351320E+002  4.596589946099E+003  0.000000000000E+000  2.910033942962E-001
  6.737427921404E-002  1.204824886422E+002 -7.241691099228E+002  4.544986458620E+003  0.000000000000E+000  2.920109306319E-001
  6.912422223211E-002  1.192221665340E+002 -7.162610065033E+002  4.493242877858E+003  0.000000000000E+000  2.930362952168E-001
  7.089954383907E-002  1.179576263912E+002 -7.083301899945E+002  4.441373845113E+003  0.000000000000E+000  2.940797202828E-001
  7.270039831418E-002  1.166892004752E+002 -7.003788215286E+002  4.389393961717E+003  0.000000000000E+000  2.951414433771E-001
  7.452694253540E-002  1.154172206278E+002 -6.924090573528E+002  4.337317782733E+003  0.000000000000E+000  2.962217074795E-001
  7.637933600943E-002  1.141420181388E+002 -6.844230479358E+002  4.285159810675E+003  0.000000000000E+000  2.973207611236E-001
  7.825774090225E-002  1.128639236164E+002 -6.764229370771E+002  4.232934489254E+003  0.000000000000E+000  2.984388585216E-001
  8.016232207035E-002  1.115832668563E+002 -6.684108610197E+002  4.180656197163E+003  0.000000000000E+000  2.995762596922E-001
  8.209324709253E-002  1.103003767115E+002 -6.603889475666E+002  4.128339241900E+003  0.000000000000E+000  3.007332305935E-001
  8.405068630235E-002  1.090155809629E+002 -6.523593152017E+002  4.075997853620E+003  0.000000000000E+000  3.019100432579E-001
  8.603481282122E-002  1.077292061897E+002 -6.443240722157E+002  4.023646179044E+003  0.000000000000E+000  3.031069759329E-001
  8.804580259214E-002  1.064415776413E+002 -6.362853158366E+002  3.971298275404E+003  0.000000000000E+000  3.043243132249E-001
  9.008383441408E-002  1.051530191087E+002 -6.282451313662E+002  3.918968104446E+003  0.000000000000E+000  3.055623462474E-001
  9.214908997710E-002  1.038638527976E+002 -6.202055913233E+002  3.866669526479E+003  0.000000000000E+000  3.068213727740E-001
  9.424175389809E-002  1.025743992012E+002 -6.121687545929E+002  3.814416294492E+003  0.000000000000E+000  3.081016973955E-001
  9.636201375725E-002  1.012849769750E+002 -6.041366655823E+002  3.762222048317E+003  0.000000000000E+000  3.094036316823E-001
  9.851006013526E-002  9.999590281123E+001 -5.961113533858E+002  3.710100308873E+003  0.000000000000E+000  3.107274943507E-001
  1.006860866512E-001  9.870749131529E+001 -5.880948309566E+002  3.658064472460E+003  0.000000000000E+000  3.120736114351E-001
  1.028902900012E-001  9.742005488240E+001 -5.800890942875E+002  3.606127805142E+003  0.000000000000E+000  3.134423164648E-001
  1.051228699979E-001  9.613390357576E+001 -5.720961216007E+002  3.554303437187E+003  0.000000000000E+000  3.148339506468E-001
  1.073840296104E-001  9.484934500573E+001 -5.641178725467E+002  3.502604357598E+003  0.000000000000E+000  3.162488630530E-001
  1.096739750056E-001  9.356668421015E+001 -5.561562874142E+002  3.451043408720E+003  0.000000000000E+000  3.176874108141E-001
  1.119929155896E-001  9.228622353601E+001 -5.482132863486E+002  3.399633280928E+003  0.000000000000E+000  3.191499593195E-001
  1.143410640503E-001  9.100826252240E+001 -5.402907685835E+002  3.348386507414E+003  0.000000000000E+000  3.206368824218E-001
  1.167186364011E-001  8.973309778489E+001 -5.323906116820E+002  3.297315459049E+003  0.000000000000E+000  3.221485626498E-001
  1.191258520249E-001  8.846102290137E+001 -5.245146707901E+002  3.246432339357E+003  0.000000000000E+000  3.236853914261E-001
  1.215629337189E-001  8.719232829942E+001 -5.166647779034E+002  3.195749179574E+003  0.000000000000E+000  3.252477692924E-001
  1.240301077413E-001  8.592730114529E+001 -5.088427411449E+002  3.145277833813E+003  0.000000000000E+000  3.268361061418E-001
  1.265276038575E-001  8.466622523449E+001 -5.010503440575E+002  3.095029974332E+003  0.000000000000E+000  3.284508214576E-001
  1.290556553882E-001  8.340938088422E+001 -4.932893449091E+002  3.045017086913E+003  0.000000000000E+000  3.300923445605E-001
  1.316144992580E-001  8.215704482748E+001 -4.855614760122E+002  2.995250466346E+003  0.000000000000E+000  3.317611148629E-001
  1.342043760450E-001  8.090949010913E+001 -4.778684430584E+002  2.945741212030E+003  0.000000000000E+000  3.334575821313E-001
  1.368255300316E-001  7.966698598380E+001 -4.702119244667E+002  2.896500223688E+003  0.000000000000E+000  3.351822067569E-001
  1.394782092560E-001  7.842979781583E+001 -4.625935707488E+002  2.847538197206E+003  0.000000000000E+000  3.369354600350E-001
  1.421626655646E-001  7.719818698126E+001 -4.550150038888E+002  2.798865620591E+003  0.000000000000E+000  3.387178244534E-001
  1.448791546661E-001  7.597241077194E+001 -4.474778167398E+002  2.750492770053E+003  0.000000000000E+000  3.405297939893E-001
  1.476279361856E-001  7.475272230176E+001 -4.399835724373E+002  2.702429706216E+003  0.000000000000E+000  3.423718744163E-001
  1.504092737207E-001  7.353937041521E+001 -4.325338038292E+002  2.654686270468E+003  0.000000000000E+000  3.442445836214E-001
  1.532234348983E-001  7.233259959815E+001 -4.251300129233E+002  2.607272081426E+003  0.000000000000E+000  3.461484519313E-001
  1.560706914324E-001  7.113264989096E+001 -4.177736703534E+002  2.560196531559E+003  0.000000000000E+000  3.480840224508E-001
  1.589513191834E-001  6.993975680417E+001 -4.104662148623E+002  2.513468783931E+003  0.000000000000E+000  3.500518514103E-001
  1.618655982178E-001  6.875415123644E+001 -4.032090528047E+002  2.467097769095E+003  0.000000000000E+000  3.520525085265E-001
  1.648138128702E-001  6.757605939519E+001 -3.960035576682E+002  2.421092182131E+003  0.000000000000E+000  3.540865773736E-001
  1.677962518056E-001  6.640570271973E+001 -3.888510696139E+002  2.375460479822E+003  0.000000000000E+000  3.561546557673E-001
  1.708132080832E-001  6.524329780707E+001 -3.817528950369E+002  2.330210877983E+003  0.000000000000E+000  3.582573561617E-001
  1.738649792215E-001  6.408905634041E+001 -3.747103061462E+002  2.285351348944E+003  0.000000000000E+000  3.603953060584E-001
  1.769518672648E-001  6.294318502039E+001 -3.677245405654E+002  2.240889619172E+003  0.000000000000E+000  3.625691484307E-001
  1.800741788507E-001  6.180588549910E+001 -3.607968009542E+002  2.196833167063E+003  0.000000000000E+000  3.647795421606E-001
  1.832322252791E-001  6.067735431695E+001 -3.539282546501E+002  2.153189220875E+003  0.000000000000E+000  3.670271624915E-001
  1.864263225826E-001  5.955778284245E+001 -3.471200333319E+002  2.109964756828E+003  0.000000000000E+000  3.693127014954E-001
  1.896567915983E-001  5.844735721491E+001 -3.403732327044E+002  2.067166497358E+003  0.000000000000E+000  3.716368685569E-001
  1.929239580409E-001  5.734625829010E+001 -3.336889122052E+002  2.024800909532E+003  0.000000000000E+000  3.740003908726E-001
  1.962281525771E-001  5.625466158901E+001 -3.270680947331E+002  1.982874203630E+003  0.000000000000E+000  3.764040139681E-001
  1.995697109023E-001  5.517273724953E+001 -3.205117663990E+002  1.941392331879E+003  0.000000000000E+000  3.788485022334E-001
  2.029489738173E-001  5.410064998144E+001 -3.140208762988E+002  1.900360987361E+003  0.000000000000E+000  3.813346394753E-001
  2.063662873085E-001  5.303855902433E+001 -3.075963363097E+002  1.859785603085E+003  0.000000000000E+000  3.838632294903E-001
  2.098220026275E-001  5.198661810886E+001 -3.012390209089E+002  1.819671351218E+003  0.000000000000E+000  3.864350966568E-001
  2.133164763746E-001  5.094497542115E+001 -2.949497670148E+002  1.780023142491E+003  0.000000000000E+000  3.890510865479E-001
  2.168500705817E-001  4.991377357043E+001 -2.887293738528E+002  1.740845625768E+003  0.000000000000E+000  3.917120665662E-001
  2.204231527988E-001  4.889314955994E+001 -2.825786028428E+002  1.702143187784E+003  0.000000000000E+000  3.944189266006E-001
  2.240360961807E-001  4.788323476121E+001 -2.764981775110E+002  1.663919953052E+003  0.000000000000E+000  3.971725797064E-001
  2.276892795770E-001  4.688415489154E+001 -2.704887834256E+002  1.626179783939E+003  0.000000000000E+000  3.999739628097E-001
  2.313830876220E-001  4.589602999494E+001 -2.645510681548E+002  1.588926280908E+003  0.000000000000E+000  4.028240374367E-001
  2.351179108282E-001  4.491897442638E+001 -2.586856412502E+002  1.552162782931E+003  0.000000000000E+000  4.057237904697E-001
  2.388941456809E-001  4.395309683942E+001 -2.528930742524E+002  1.515892368073E+003  0.000000000000E+000  4.086742349296E-001
  2.427121947345E-001  4.299850017728E+001 -2.471739007215E+002  1.480117854239E+003  0.000000000000E+000  4.116764107873E-001
  2.465724667110E-001  4.205528166726E+001 -2.415286162907E+002  1.444841800091E+003  0.000000000000E+000  4.147313858043E-001
  2.504753766009E-001  4.112353281866E+001 -2.359576787444E+002  1.410066506135E+003  0.000000000000E+000  4.178402564039E-001
  2.544213457654E-001  4.020333942408E+001 -2.304615081190E+002  1.375794015969E+003  0.000000000000E+000  4.210041485743E-001
  2.584108020414E-001  3.929478156415E+001 -2.250404868288E+002  1.342026117704E+003  0.000000000000E+000  4.242242188055E-001
  2.624441798480E-001  3.839793361573E+001 -2.196949598141E+002  1.308764345539E+003  0.000000000000E+000  4.275016550593E-001
  2.665219202956E-001  3.751286426353E+001 -2.144252347142E+002  1.276009981514E+003  0.000000000000E+000  4.308376777773E-001
  2.706444712976E-001  3.663963651515E+001 -2.092315820629E+002  1.243764057408E+003  0.000000000000E+000  4.342335409243E-001
  2.748122876832E-001  3.577830771960E+001 -2.041142355080E+002  1.212027356812E+003  0.000000000000E+000  4.376905330726E-001
  2.790258313137E-001  3.492892958911E+001 -1.990733920535E+002  1.180800417352E+003  0.000000000000E+000  4.412099785251E-001
  2.832855712010E-001  3.409154822454E+001 -1.941092123251E+002  1.150083533074E+003  0.000000000000E+000  4.447932384819E-001
  2.875919836279E-001  3.326620414399E+001 -1.892218208585E+002  1.119876756980E+003  0.000000000000E+000  4.484417122508E-001
  2.919455522717E-001  3.245293231487E+001 -1.844113064102E+002  1.090179903721E+003  0.000000000000E+000  4.521568385029E-001
  2.963467683296E-001  3.165176218935E+001 -1.796777222908E+002  1.060992552439E+003  0.000000000000E+000  4.559400965767E-001
  3.007961306479E-001  3.086271774305E+001 -1.750210867206E+002  1.032314049756E+003  0.000000000000E+000  4.597930078313E-001
  3.052941458522E-001  3.008581751708E+001 -1.704413832063E+002  1.004143512910E+003  0.000000000000E+000  4.637171370521E-001
  3.098413284823E-001  2.932107466334E+001 -1.659385609404E+002  9.764798330338E+002  0.000000000000E+000  4.677140939093E-001
  3.144382011281E-001  2.856849699303E+001 -1.615125352208E+002  9.493216785766E+002  0.000000000000E+000  4.717855344735E-001
  3.190852945695E-001  2.782808702836E+001 -1.571631878920E+002  9.226674988572E+002  0.000000000000E+000  4.759331627891E-001
  3.237831479192E-001  2.709984205745E+001 -1.528903678062E+002  8.965155277562E+002  0.000000000000E+000  4.801587325086E-001
  3.285323087679E-001  2.638375419228E+001 -1.486938913050E+002  8.708637875363E+002  0.000000000000E+000  4.844640485904E-001
  3.333333333333E-001  2.567981042971E+001 -1.445735427206E+002  8.457100927908E+002  0.000000000000E+000  4.888509690623E-001
  3.381867866117E-001  2.498799271558E+001 -1.405290748963E+002  8.210520545152E+002  0.000000000000E+000  4.933214068531E-001
  3.430932425333E-001  2.430827801166E+001 -1.365602097259E+002  7.968870842996E+002  0.000000000000E+000  4.978773316964E-001
  3.480532841203E-001  2.364063836560E+001 -1.326666387115E+002  7.732123986361E+002  0.000000000000E+000  5.025207721077E-001
  3.530675036492E-001  2.298504098366E+001 -1.288480235388E+002  7.500250233387E+002  0.000000000000E+000  5.072538174391E-001
  3.581365028158E-001  2.234144830620E+001 -1.251039966704E+002  7.273217980715E+002  0.000000000000E+000  5.120786200136E-001
  3.632608929041E-001  2.170981808599E+001 -1.214341619551E+002  7.050993809800E+002  0.000000000000E+000  5.169973973435E-001
  3.684412949588E-001  2.109010346902E+001 -1.178380952542E+002  6.833542534221E+002  0.000000000000E+000  5.220124344348E-001
  3.736783399619E-001  2.048225307799E+001 -1.143153450830E+002  6.620827247932E+002  0.000000000000E+000  5.271260861809E-001
  3.789726690123E-001  1.988621109821E+001 -1.108654332676E+002  6.412809374426E+002  0.000000000000E+000  5.323407798511E-001
  3.843249335105E-001  1.930191736600E+001 -1.074878556158E+002  6.209448716744E+002  0.000000000000E+000  5.376590176740E-001
  3.897357953460E-001  1.872930745937E+001 -1.041820826027E+002  6.010703508293E+002  0.000000000000E+000  5.430833795224E-001
  3.952059270903E-001  1.816831279095E+001 -1.009475600683E+002  5.816530464423E+002  0.000000000000E+000  5.486165257015E-001
  4.007360121927E-001  1.761886070309E+001 -9.778370992842E+001  5.626884834707E+002  0.000000000000E+000  5.542611998448E-001
  4.063267451812E-001  1.708087456507E+001 -9.468993089737E+001  5.441720455876E+002  0.000000000000E+000  5.600202319210E-001
  4.119788318683E-001  1.655427387225E+001 -9.166559922138E+001  5.260989805364E+002  0.000000000000E+000  5.658965413560E-001
  4.176929895600E-001  1.603897434708E+001 -8.871006942270E+001  5.084644055389E+002  0.000000000000E+000  5.718931402733E-001
  4.234699472710E-001  1.553488804201E+001 -8.582267505336E+001  4.912633127548E+002  0.000000000000E+000  5.780131368564E-001
  4.293104459435E-001  1.504192344395E+001 -8.300272945775E+001  4.744905747838E+002  0.000000000000E+000  5.842597388378E-001
  4.352152386716E-001  1.455998558042E+001 -8.024952654344E+001  4.581409502073E+002  0.000000000000E+000  5.906362571163E-001
  4.411850909306E-001  1.408897612713E+001 -7.756234155936E+001  4.422090891628E+002  0.000000000000E+000  5.971461095077E-001
  4.472207808110E-001  1.362879351698E+001 -7.494043188056E+001  4.266895389460E+002  0.000000000000E+000  6.037928246314E-001
  4.533230992589E-001  1.317933305028E+001 -7.238303779887E+001  4.115767496345E+002  0.000000000000E+000  6.105800459351E-001
  4.594928503202E-001  1.274048700616E+001 -6.988938331841E+001  3.968650797281E+002  0.000000000000E+000  6.175115358623E-001
  4.657308513924E-001  1.231214475504E+001 -6.745867695545E+001  3.825488017986E+002  0.000000000000E+000  6.245911801623E-001
  4.720379334802E-001  1.189419287200E+001 -6.509011254150E+001  3.686221081449E+002  0.000000000000E+000  6.318229923470E-001
  4.784149414579E-001  1.148651525099E+001 -6.278287002905E+001  3.550791164469E+002  0.000000000000E+000  6.392111182941E-001
  4.848627343381E-001  1.108899321974E+001 -6.053611629888E+001  3.419138754123E+002  0.000000000000E+000  6.467598409982E-001
  4.913821855461E-001  1.070150565528E+001 -5.834900596836E+001  3.291203704103E+002  0.000000000000E+000  6.544735854692E-001
  4.979741832006E-001  1.032392909991E+001 -5.622068219966E+001  3.166925290875E+002  0.000000000000E+000  6.623569237779E-001
  5.046396304008E-001  9.956137877507E+000 -5.415027750716E+001  3.046242269589E+002  0.000000000000E+000  6.704145802449E-001
  5.113794455212E-001  9.598004210112E+000 -5.213691456322E+001  2.929092929691E+002  0.000000000000E+000  6.786514367719E-001
  5.181945625116E-001  9.249398334595E+000 -5.017970700134E+001  2.815415150177E+002  0.000000000000E+000  6.870725383077E-001
  5.250859312060E-001  8.910188619338E+000 -4.827776021598E+001  2.705146454429E+002  0.000000000000E+000  6.956830984449E-001
  5.320545176366E-001  8.580241680783E+000 -4.643017215818E+001  2.598224064584E+002  0.000000000000E+000  7.044885051364E-001
  5.391013043575E-001  8.259422499750E+000 -4.463603412603E+001  2.494584955373E+002  0.000000000000E+000  7.134943265226E-001
  5.462272907741E-001  7.947594537390E+000 -4.289443154934E+001  2.394165907380E+002  0.000000000000E+000  7.227063168543E-001
  5.534334934816E-001  7.644619850664E+000 -4.120444476752E+001  2.296903559659E+002  0.000000000000E+000  7.321304224951E-001
  5.607209466109E-001  7.350359207231E+000 -3.956514979985E+001  2.202734461664E+002  0.000000000000E+000  7.417727879829E-001
  5.680907021827E-001  7.064672199629E+000 -3.797561910751E+001  2.111595124433E+002  0.000000000000E+000  7.516397621259E-001
  5.755438304707E-001  6.787417358629E+000 -3.643492234632E+001  2.023422070977E+002  0.000000000000E+000  7.617379041041E-001
  5.830814203728E-001  6.518452265660E+000 -3.494212710959E+001  1.938151885819E+002  0.000000000000E+000  7.720739895418E-001
  5.907045797917E-001  6.257633664192E+000 -3.349629966016E+001  1.855721263637E+002  0.000000000000E+000  7.826550165099E-001
  5.984144360243E-001  6.004817569959E+000 -3.209650565101E+001  1.776067056961E+002  0.000000000000E+000  7.934882114112E-001
  6.062121361613E-001  5.759859379927E+000 -3.074181083359E+001  1.699126322877E+002  0.000000000000E+000  8.045810346925E-001
  6.140988474955E-001  5.522613979899E+000 -2.943128175318E+001  1.624836368690E+002  0.000000000000E+000  8.159411863188E-001
  6.220757579409E-001  5.292935850656E+000 -2.816398643054E+001  1.553134796500E+002  0.000000000000E+000  8.275766109351E-001
  6.301440764614E-001  5.070679172538E+000 -2.693899502925E+001  1.483959546654E+002  0.000000000000E+000  8.394955026286E-001
  6.383050335109E-001  4.855697928362E+000 -2.575538050798E+001  1.417248940027E+002  0.000000000000E+000  8.517063091919E-001
  6.465598814833E-001  4.647846004603E+000 -2.461221925707E+001  1.352941719094E+002  0.000000000000E+000  8.642177357726E-001
  6.549098951744E-001  4.446977290727E+000 -2.350859171888E+001  1.290977087752E+002  0.000000000000E+000  8.770387477778E-001
  6.633563722545E-001  4.252945776616E+000 -2.244358299123E+001  1.231294749861E+002  0.000000000000E+000  8.901785728835E-001
  6.719006337539E-001  4.065605647985E+000 -2.141628341339E+001  1.173834946464E+002  0.000000000000E+000  9.036467019768E-001
  6.805440245593E-001  3.884811379728E+000 -2.042578913419E+001  1.118538491658E+002  0.000000000000E+000  9.174528888366E-001
  6.892879139233E-001  3.710417827119E+000 -1.947120266156E+001  1.065346807084E+002  0.000000000000E+000  9.316071483312E-001
  6.981336959871E-001  3.542280314800E+000 -1.855163339323E+001  1.014201955005E+002  0.000000000000E+000  9.461197528803E-001
  7.070827903152E-001  3.380254723490E+000 -1.766619812806E+001  9.650466699506E+001  0.000000000000E+000  9.610012268996E-001
  7.161366424455E-001  3.224197574373E+000 -1.681402155764E+001  9.178243889019E+001  0.000000000000E+000  9.762623389058E-001
  7.252967244510E-001  3.073966111096E+000 -1.599423673770E+001  8.724792799958E+001  0.000000000000E+000  9.919140909224E-001
  7.345645355186E-001  2.929418379341E+000 -1.520598553923E+001  8.289562697291E+001  0.000000000000E+000  1.007967704782E+000
  7.439416025400E-001  2.790413303931E+000 -1.444841907875E+001  7.872010686466E+001  0.000000000000E+000  1.024434604873E+000
  7.534294807203E-001  2.656810763426E+000 -1.372069812777E+001  7.471601954995E+001  0.000000000000E+000  1.041326396825E+000
  7.630297542000E-001  2.528471662192E+000 -1.302199350094E+001  7.087809998613E+001  0.000000000000E+000  1.058654841568E+000
  7.727440366954E-001  2.405257999902E+000 -1.235148642308E+001  6.720116831942E+001  0.000000000000E+000  1.076431824159E+000
  7.825739721536E-001  2.287032938478E+000 -1.170836887457E+001  6.368013183580E+001  0.000000000000E+000  1.094669316669E+000
  7.925212354258E-001  2.173660866422E+000 -1.109184391543E+001  6.030998675603E+001  0.000000000000E+000  1.113379334390E+000
  8.025875329584E-001  2.065007460573E+000 -1.050112598774E+001  5.708581987447E+001  0.000000000000E+000  1.132573884546E+000
  8.127746035011E-001  1.960939745257E+000 -9.935441196614E+000  5.400281004220E+001  0.000000000000E+000  1.152264906605E+000
  8.230842188350E-001  1.861326148844E+000 -9.394027569679E+000  5.105622949467E+001  0.000000000000E+000  1.172464203234E+000
  8.335181845190E-001  1.766036557736E+000 -8.876135295210E+000  4.824144502491E+001  0.000000000000E+000  1.193183360885E+000
  8.440783406568E-001  1.674942367777E+000 -8.381026939070E+000  4.555391900316E+001  0.000000000000E+000  1.214433658899E+000
  8.547665626839E-001  1.587916533135E+000 -7.907977640624E+000  4.298921024439E+001  0.000000000000E+000  1.236225966033E+000
  8.655847621758E-001  1.504833612656E+000 -7.456275287892E+000  4.054297472534E+001  0.000000000000E+000  1.258570623202E+000
  8.765348876780E-001  1.425569813745E+000 -7.025220672198E+000  3.821096615300E+001  0.000000000000E+000  1.281477311292E+000
  8.876189255584E-001  1.350003033797E+000 -6.614127622663E+000  3.598903638669E+001  0.000000000000E+000  1.304954902867E+000
  8.988389008829E-001  1.278012899226E+000 -6.222323120898E+000  3.387313571636E+001  0.000000000000E+000  1.329011296672E+000
  9.101968783143E-001  1.209480802139E+000 -5.849147396311E+000  3.185931299971E+001  0.000000000000E+000  1.353653233928E+000
  9.216949630368E-001  1.144289934703E+000 -5.493954002479E+000  2.994371566144E+001  0.000000000000E+000  1.378886095610E+000
  9.333353017046E-001  1.082325321262E+000 -5.156109875082E+000  2.812258955763E+001  0.000000000000E+000  1.404713680098E+000
  9.451200834176E-001  1.023473848266E+000 -4.834995371917E+000  2.639227870919E+001  0.000000000000E+000  1.431137960980E+000
  9.570515407237E-001  9.676242920644E-001 -4.530004295574E+000  2.474922490793E+001  0.000000000000E+000  1.458158825182E+000
  9.691319506484E-001  9.146673446390E-001 -4.240543899360E+000  2.318996719958E+001  0.000000000000E+000  1.485773792226E+000
  9.813636357544E-001  8.644956373387E-001 -3.966034877113E+000  2.171114124800E+001  0.000000000000E+000  1.513977716077E+000
  9.937489652293E-001  8.170037626848E-001 -3.705911337567E+000  2.030947858514E+001  0.000000000000E+000  1.542762471978E+000
  1.006290356005E+000  7.720882943197E-001 -3.459620763964E+000  1.898180575169E+001  0.000000000000E+000  1.572116631669E+000
  1.018990273907E+000  7.296478051693E-001 -3.226623959620E+000  1.772504333323E+001  0.000000000000E+000  1.602025131659E+000
  1.031851234841E+000  6.895828838936E-001 -3.006394980196E+000  1.653620489733E+001  0.000000000000E+000  1.632468940592E+000
  1.044875806003E+000  6.517961496952E-001 -2.798421053431E+000  1.541239583678E+001  0.000000000000E+000  1.663424733331E+000
  1.058066607138E+000  6.161922655607E-001 -2.602202487099E+000  1.435081212464E+001  0.000000000000E+000  1.694864581069E+000
  1.071426311823E+000  5.826779500035E-001 -2.417252566001E+000  1.334873898683E+001  0.000000000000E+000  1.726755668547E+000
  1.084957648792E+000  5.511619873797E-001 -2.243097438766E+000  1.240354949795E+001  0.000000000000E+000  1.759060051205E+000
  1.098663403298E+000  5.215552368422E-001 -2.079275995285E+000  1.151270310655E+001  0.000000000000E+000  1.791734466779E+000
  1.112546418516E+000  4.937706399999E-001 -1.925339735565E+000  1.067374409555E+001  0.000000000000E+000  1.824730217219E+000
  1.126609596985E+000  4.677232273412E-001 -1.780852630821E+000  9.884299984359E+000  0.000000000000E+000  1.857993137843E+000
  1.140855902095E+000  4.433301234818E-001 -1.645390977597E+000  9.142079878390E+000  0.000000000000E+000  1.891463671016E+000
  1.155288359613E+000  4.205105512880E-001 -1.518543245704E+000  8.444872772580E+000  0.000000000000E+000  1.925077061275E+000
  1.169910059257E+000  3.991858349255E-001 -1.399909920747E+000  7.790545814841E+000  0.000000000000E+000  1.958763687422E+000
  1.184724156317E+000  3.792794018768E-001 -1.289103342011E+000  7.177042535743E+000  0.000000000000E+000  1.992449544566E+000
  1.199733873325E+000  3.607167839644E-001 -1.185747536413E+000  6.602381050506E+000  0.000000000000E+000  2.026056885272E+000
  1.214942501771E+000  3.434256174119E-001 -1.089478049261E+000  6.064652239378E+000  0.000000000000E+000  2.059505023780E+000
  1.230353403874E+000  3.273356419678E-001 -9.999417724746E-001  5.562017912340E+000  0.000000000000E+000  2.092711300848E+000
  1.245970014403E+000  3.123786991102E-001 -9.167967709201E-001  5.092708963965E+000  0.000000000000E+000  2.125592199265E+000
  1.261795842559E+000  2.984887293433E-001 -8.397121074717E-001  4.655023524113E+000  0.000000000000E+000  2.158064591825E+000
  1.277834473907E+000  2.856017685913E-001 -7.683676673600E-001  4.247325109953E+000  0.000000000000E+000  2.190047095122E+000
  1.294089572372E+000  2.736559436833E-001 -7.024539823344E-001  3.868040784619E+000  0.000000000000E+000  2.221461494404E+000
  1.310564882294E+000  2.625914669213E-001 -6.416720551138E-001  3.515659327544E+000  0.000000000000E+000  2.252234197706E+000
  1.327264230548E+000  2.523506297105E-001 -5.857331845534E-001  3.188729421311E+000  0.000000000000E+000  2.282297672206E+000
  1.344191528724E+000  2.428777952278E-001 -5.343587919011E-001  2.885857859539E+000  0.000000000000E+000  2.311591812882E+000
  1.361350775387E+000  2.341193900940E-001 -4.872802484654E-001  2.605707780054E+000  0.000000000000E+000  2.340065193481E+000
  1.378746058390E+000  2.260238950108E-001 -4.442387049574E-001  2.346996927262E+000  0.000000000000E+000  2.367676152970E+000
  1.396381557275E+000  2.185418343151E-001 -4.049849227179E-001  2.108495947307E+000  0.000000000000E+000  2.394393676698E+000
  1.414261545744E+000  2.116257643980E-001 -3.692791069775E-001  1.889026719249E+000  0.000000000000E+000  2.420198040460E+000
  1.432390394201E+000  2.052302609297E-001 -3.368907422448E-001  1.687460725113E+000  0.000000000000E+000  2.445081196561E+000
  1.450772572390E+000  1.993119048268E-001 -3.075984298557E-001  1.502717461298E+000  0.000000000000E+000  2.469046893278E+000
  1.469412652102E+000  1.938292668935E-001 -2.811897276658E-001  1.333762893427E+000  0.000000000000E+000  2.492110531670E+000
  1.488315309978E+000  1.887428910653E-001 -2.574609918059E-001  1.179607956332E+000  0.000000000000E+000  2.514298775610E+000
  1.507485330398E+000  1.840152761801E-001 -2.362172203738E-001  1.039307100450E+000  0.000000000000E+000  2.535648941344E+000
  1.526927608467E+000  1.796108562021E-001 -2.172718988802E-001  9.119568855317E-001  0.000000000000E+000  2.556208201072E+000
  1.546647153093E+000  1.754959788184E-001 -2.004468472213E-001  7.966946221303E-001  0.000000000000E+000  2.576032640700E+000
  1.566649090169E+000  1.716388823357E-001 -1.855720679052E-001  6.926970609599E-001  0.000000000000E+000  2.595186214688E+000
  1.586938665861E+000  1.680096707987E-001 -1.724855952199E-001  5.991791298278E-001  0.000000000000E+000  2.613739641158E+000
  1.607521250000E+000  1.645802872591E-001 -1.610333449962E-001  5.153927174625E-001  0.000000000000E+000  2.631769278182E+000
  1.628402339588E+000  1.613244851281E-001 -1.510689645866E-001  4.406255032060E-001  0.000000000000E+000  2.649356018161E+000
  1.649587562420E+000  1.582177975463E-001 -1.424536826591E-001  3.741998311993E-001  0.000000000000E+000  2.666584231778E+000
  1.671082680832E+000  1.552375047188E-001 -1.350561583855E-001  3.154716273721E-001  0.000000000000E+000  2.683540786893E+000
  1.692893595565E+000  1.523625991626E-001 -1.287523295916E-001  2.638293572608E-001  0.000000000000E+000  2.700314161300E+000
  1.715026349769E+000  1.495737488301E-001 -1.234252594321E-001  2.186930224125E-001  0.000000000000E+000  2.716993662070E+000
  1.737487133138E+000  1.468532580793E-001 -1.189649811539E-001  1.795131929083E-001  0.000000000000E+000  2.733668758514E+000
  1.760282286187E+000  1.441850264717E-001 -1.152683405218E-001  1.457700733393E-001  0.000000000000E+000  2.750428530842E+000
  1.783418304674E+000  1.415545053963E-001 -1.122388354947E-001  1.169725994121E-001  0.000000000000E+000  2.767361232531E+000
  1.806901844175E+000  1.389486525266E-001 -1.097864527648E-001  9.265756223996E-002  0.000000000000E+000  2.784553961262E+000
  1.830739724818E+000  1.363558841381E-001 -1.078275008032E-001  7.238875729415E-002  0.000000000000E+000  2.802092430990E+000
  1.854938936184E+000  1.337660253224E-001 -1.062844390899E-001  5.575615495103E-002  0.000000000000E+000  2.820060836241E+000
  1.879506642368E+000  1.311702581593E-001 -1.050857032544E-001  4.237508957154E-002  0.000000000000E+000  2.838541798934E+000
  1.904450187236E+000  1.285610679165E-001 -1.041655258976E-001  3.188546409370E-002  0.000000000000E+000  2.857616387811E+000
  1.929777099847E+000  1.259321873703E-001 -1.034637529272E-001  2.395096720259E-002  0.000000000000E+000  2.877364200753E+000
  1.955495100083E+000  1.232785393557E-001 -1.029256552949E-001  1.825830026706E-002  0.000000000000E+000  2.897863500844E+000
  1.981612104475E+000  1.205961776726E-001 -1.025017360934E-001  1.451641139543E-002  0.000000000000E+000  2.919191397808E+000
  2.008136232230E+000  1.178822264907E-001 -1.021475330367E-001  1.245573416199E-002  0.000000000000E+000  2.941424067353E+000
  2.035075811486E+000  1.151348184174E-001 -1.018234164235E-001  1.182742878983E-002  0.000000000000E+000  2.964637001974E+000
  2.062439385788E+000  1.123530314033E-001 -1.014943827528E-001  1.240262383937E-002  0.000000000000E+000  2.988905287757E+000
  2.090235720801E+000  1.095368246817E-001 -1.011298442427E-001  1.397165674366E-002  0.000000000000E+000  3.014303902728E+000
  2.118473811262E+000  1.066869739486E-001 -1.007034145716E-001  1.634331184546E-002  0.000000000000E+000  3.040908033230E+000
  2.147162888201E+000  1.038050060063E-001 -1.001926912417E-001  1.934405492441E-002  0.000000000000E+000  3.068793405707E+000
  2.176312426413E+000  1.008931331046E-001 -9.957903503429E-002  2.281726354851E-002  0.000000000000E+000  3.098036632072E+000
  2.205932152222E+000  9.795418722270E-002 -9.884734709431E-002  2.662245293988E-002  0.000000000000E+000  3.128715567575E+000
  2.236032051522E+000  9.499155454701E-002 -9.798584425113E-002  3.063449740224E-002  0.000000000000E+000  3.160909680779E+000
  2.266622378129E+000  9.200911040219E-002 -9.698583323807E-002  3.474284771430E-002  0.000000000000E+000  3.194700435833E+000
  2.297713662445E+000  8.901115490053E-002 -9.584148452976E-002  3.885074524076E-002  0.000000000000E+000  3.230171687792E+000
  2.329316720450E+000  8.600234957520E-002 -9.454960656185E-002  4.287443384802E-002  0.000000000000E+000  3.267410092249E+000
  2.361442663038E+000  8.298765526287E-002 -9.310942113687E-002  4.674237102778E-002  0.000000000000E+000  3.306505530997E+000
  2.394102905709E+000  7.997227149843E-002 -9.152234084970E-002  5.039443992460E-002  0.000000000000E+000  3.347551555890E+000
  2.427309178642E+000  7.696157767928E-002 -8.979174938694E-002  5.378116422772E-002  0.000000000000E+000  3.390645853504E+000
  2.461073537146E+000  7.396107624844E-002 -8.792278556516E-002  5.686292811886E-002  0.000000000000E+000  3.435890733625E+000
  2.495408372530E+000  7.097633813567E-002 -8.592213197385E-002  5.960920366299E-002  0.000000000000E+000  3.483393645010E+000
  2.530326423398E+000  6.801295068281E-002 -8.379780907869E-002  6.199778818397E-002  0.000000000000E+000  3.533267722345E+000
  2.565840787378E+000  6.507646826415E-002 -8.155897562075E-002  6.401405427987E-002  0.000000000000E+000  3.585632368774E+000
  2.601964933334E+000  6.217236579557E-002 -7.921573611652E-002  6.565021520145E-002  0.000000000000E+000  3.640613878906E+000
  2.638712714049E+000  5.930599530627E-002 -7.677895622271E-002  6.690460834019E-002  0.000000000000E+000  3.698346107795E+000
  2.676098379430E+000  5.648254572599E-002 -7.426008667969E-002  6.778099955017E-002  0.000000000000E+000  3.758971191990E+000
  2.714136590232E+000  5.370700601701E-002 -7.167099648747E-002  6.828791096009E-002  0.000000000000E+000  3.822640329502E+000
  2.752842432351E+000  5.098413175650E-002 -6.902381590098E-002  6.843797482068E-002  0.000000000000E+000  3.889514626331E+000
  2.792231431696E+000  4.831841524877E-002 -6.633078975575E-002  6.824731577900E-002  0.000000000000E+000  3.959766018124E+000
  2.832319569669E+000  4.571405922084E-002 -6.360414155382E-002  6.773496377930E-002  0.000000000000E+000  4.033578276586E+000
  2.873123299289E+000  4.317495412800E-002 -6.085594865298E-002  6.692229956250E-002  0.000000000000E+000  4.111148111498E+000
  2.914659561979E+000  4.070465906899E-002 -5.809802881168E-002  6.583253447737E-002  0.000000000000E+000  4.192686380568E+000
  2.956945805065E+000  3.830638628361E-002 -5.534183824846E-002  6.449022603145E-002  0.000000000000E+000  4.278419420971E+000
  3.000000000000E+000  3.598298917935E-002 -5.259838128026E-002  6.292083030318E-002  0.000000000000E+000  4.368590518291E+000
  3.043840661365E+000  3.373695380795E-002 -4.987813150904E-002  6.115029201427E-002  0.000000000000E+000  4.463461530732E+000
  3.088486866678E+000  3.157039368861E-002 -4.719096443285E-002  5.920467272919E-002  0.000000000000E+000  4.563314688994E+000
  3.133958277047E+000  2.948504785154E-002 -4.454610126717E-002  5.710981731221E-002  0.000000000000E+000  4.668454595109E+000
  3.180275158719E+000  2.748228195417E-002 -4.195206367554E-002  5.489105843741E-002  0.000000000000E+000  4.779210446960E+000
  3.227458405560E+000  2.556309230318E-002 -3.941663902728E-002  5.257295862040E-002  0.000000000000E+000  4.895938519194E+000
  3.275529562509E+000  2.372811259815E-002 -3.694685572525E-002  5.017908892538E-002  0.000000000000E+000  5.019024935921E+000
  3.324510850077E+000  2.197762319790E-002 -3.454896807854E-002  4.773184320530E-002  0.000000000000E+000  5.148888776096E+000
  3.374425189910E+000  2.031156269790E-002 -3.222845013574E-002  4.525228645899E-002  0.000000000000E+000  5.285985558989E+000
  3.425296231502E+000  1.872954159762E-002 -2.998999784331E-002  4.276003564167E-002  0.000000000000E+000  5.430811164821E+000
  3.477148380094E+000  1.723085782916E-002 -2.783753885219E-002  4.027317104863E-002  0.000000000000E+000  5.583906254769E+000
  3.530006825834E+000  1.581451391372E-002 -2.577424926364E-002  3.780817620701E-002  0.000000000000E+000  5.745861265402E+000
  3.583897574256E+000  1.447923551087E-002 -2.380257658318E-002  3.537990406143E-002  0.000000000000E+000  5.917322065579E+000
  3.638847478148E+000  1.322349112534E-002 -2.192426813891E-002  3.300156712503E-002  0.000000000000E+000  6.098996379378E+000
  3.694884270887E+000  1.204551273954E-002 -2.014040421729E-002  3.068474919031E-002  0.000000000000E+000  6.291661097340E+000
  3.752036601308E+000  1.094331714451E-002 -1.845143517566E-002  2.843943615266E-002  0.000000000000E+000  6.496170620893E+000
  3.810334070199E+000  9.914727749633E-003 -1.685722180521E-002  2.627406349274E-002  0.000000000000E+000  6.713466412213E+000
  3.869807268505E+000  8.957396660109E-003 -1.535707824081E-002  2.419557799089E-002  0.000000000000E+000  6.944587955164E+000
  3.930487817331E+000  8.068826822101E-003 -1.394981674349E-002  2.220951130415E-002  0.000000000000E+000  7.190685373738E+000
  3.992408409843E+000  7.246394047410E-003 -1.263379371739E-002  2.032006312231E-002  0.000000000000E+000  7.453034004606E+000
  4.055602855172E+000  6.487368742816E-003 -1.140695636439E-002  1.853019173000E-002  0.000000000000E+000  7.733051282342E+000
  4.120106124432E+000  5.788937183373E-003 -1.026688942471E-002  1.684170993378E-002  0.000000000000E+000  8.032316372780E+000
  4.185954398964E+000  5.148222183661E-003 -9.210861501002E-003  1.525538446248E-002  0.000000000000E+000  8.352593086019E+000
  4.253185120935E+000  4.562303036248E-003 -8.235870514293E-003  1.377103711228E-002  0.000000000000E+000  8.695856721114E+000
  4.321837046422E+000  4.028234601867E-003 -7.338687892662E-003  1.238764608031E-002  0.000000000000E+000  9.064325646804E+000
  4.391950301120E+000  3.543065451150E-003 -6.515901146148E-003  1.110344610953E-002  0.000000000000E+000  9.460498616240E+000
  4.463566438835E+000  3.103854972739E-003 -5.763954533622E-003  9.916026247570E-003  0.000000000000E+000  9.887199061510E+000
  4.536728502895E+000  2.707689377194E-003 -5.079187578160E-003  8.822424202067E-003  0.000000000000E+000  1.034762793339E+001
  4.611481090679E+000  2.351696540137E-003 -4.457871236217E-003  7.819216449428E-003  0.000000000000E+000  1.084542706698E+001
  4.687870421430E+000  2.033059641364E-003 -3.896241572043E-003  6.902603421550E-003  0.000000000000E+000  1.138475559802E+001
  4.765944407533E+000  1.749029569234E-003 -3.390530831722E-003  6.068489253097E-003  0.000000000000E+000  1.197038267377E+001
  4.845752729492E+000  1.496936071302E-003 -2.936995850730E-003  5.312555718280E-003  0.000000000000E+000  1.260780066203E+001
  4.927346914797E+000  1.274197643012E-003 -2.531943764572E-003  4.630330119640E-003  0.000000000000E+000  1.330336435476E+001
  5.010780420931E+000  1.078330156218E-003 -2.171755023912E-003  4.017247010835E-003  0.000000000000E+000  1.406446342516E+001
  5.096108722763E+000  9.069542383835E-004 -1.852903743428E-003  3.468703740404E-003  0.000000000000E+000  1.489973782567E+001
  5.183389404586E+000  7.578014215969E-004 -1.571975437710E-003  2.980109893698E-003  0.000000000000E+000  1.581934920537E+001
  5.272682257105E+000  6.287190880570E-004 -1.325682217769E-003  2.546930785918E-003  0.000000000000E+000  1.683532622456E+001
  5.364049379651E+000  5.176742454943E-004 -1.110875538577E-003  2.164725220925E-003  0.000000000000E+000  1.796200853884E+001
  5.457555287978E+000  4.227561721941E-004 -9.245566016971E-004  1.829177779078E-003  0.000000000000E+000  1.921662429214E+001
  5.553267027968E+000  3.421779769314E-004 -7.638845278211E-004  1.536125933865E-003  0.000000000000E+000  2.062005092308E+001
  5.651254295630E+000  2.742771242980E-004 -6.261824222950E-004  1.281582322710E-003  0.000000000000E+000  2.219783177406E+001
  5.751589563796E+000  2.175149806567E-004 -5.089414628322E-004  1.061752513413E-003  0.000000000000E+000  2.398155613743E+001
  5.854348215936E+000  1.704754403584E-004 -4.098231429422E-004  8.730486156477E-004  0.000000000000E+000  2.601076615076E+001
  5.959608687557E+000  1.318626959322E-004 -3.266598074895E-004  7.120990881317E-004  0.000000000000E+000  2.833564490134E+001
  6.067452615683E+000  1.004982197346E-004 -2.574536185524E-004  5.757550879495E-004  0.000000000000E+000  3.102089297658E+001
  6.177964996951E+000  7.531702802542E-005 -2.003740906388E-004  4.610937002142E-004  0.000000000000E+000  3.415146670052E+001
  6.291234354880E+000  5.536330159619E-005 -1.537543345527E-004  3.654183750784E-004  0.000000000000E+000  3.784133282257E+001
  6.407352916949E+000  3.978543988410E-005 -1.160861489677E-004  2.862568859564E-004  0.000000000000E+000  4.224730695708E+001
  6.526416802128E+000  2.783062790067E-005 -8.601409814139E-005  2.213571086072E-004  0.000000000000E+000  4.759186784806E+001
  6.648526219580E+000  1.883899721279E-005 -6.232871326908E-005  1.686809061009E-004  0.000000000000E+000  5.420272958184E+001
  6.773785679311E+000  1.223746355622E-005 -4.395895371077E-005  1.263963901517E-004  0.000000000000E+000  6.258591621944E+001
  6.902304215570E+000  7.533324339135E-006 -2.996406269546E-005  9.286881517065E-005  0.000000000000E+000  7.357182507634E+001
  7.034195623922E+000  4.307699212429E-006 -1.952495001825E-005  6.665034784860E-005  0.000000000000E+000  8.863909119286E+001
  7.169578712934E+000  2.208895948955E-006 -1.193523158755E-005  4.646894214564E-005  0.000000000000E+000  1.107427571781E+002
  7.308577571516E+000  9.457820013217E-007 -6.592052316378E-006  3.121653715693E-005  0.000000000000E+000  1.469298617405E+002
  7.451321853057E+000  2.812392265320E-007 -2.986814644553E-006  1.993678327282E-005  0.000000000000E+000  2.201312940540E+002
  7.597947077547E+000  2.577532725450E-008 -6.959297948606E-007  1.181249011643E-005  0.000000000000E+000  4.882463690506E+002
  7.748594953021E+000  3.136054124990E-008  6.282974089242E-007  6.152977660441E-006  0.000000000000E+000  4.573470706414E+002
  7.903413717736E+000  1.855520223585E-007  1.266546785454E-006  2.381499427770E-006  0.000000000000E+000  2.528629425701E+002
  8.062558504629E+000  4.059612439942E-007  1.441029395903E-006  2.289352042282E-008  0.000000000000E+000  1.947805375359E+002
  8.226191729726E+000  6.351117034367E-007  1.323617685393E-006 -1.308396800979E-006  0.000000000000E+000  1.677865121723E+002
  8.394483506327E+000  8.357253364708E-007  1.043485399783E-006 -1.919806285349E-006  0.000000000000E+000  1.531155253013E+002
  8.567612086926E+000  9.864665302022E-007  6.941956059159E-007 -2.051523980335E-006  0.000000000000E+000  1.448815110013E+002
  8.745764335025E+000  1.078162647324E-006  3.401881087619E-007 -1.886669114636E-006  0.000000000000E+000  1.406519176324E+002
  8.929136229160E+000  1.110509780267E-006  2.263116596409E-008 -1.560691044084E-006  0.000000000000E+000  1.392727942503E+002
  9.117933401693E+000  1.089262296353E-006 -2.353836305114E-007 -1.169936418148E-006  0.000000000000E+000  1.401725350829E+002
  9.312371715124E+000  1.023894891232E-006 -4.243104262829E-007 -7.793458005861E-007  0.000000000000E+000  1.430941764674E+002
  9.512677878945E+000  9.257166195688E-007 -5.442755522993E-007 -4.292610798937E-007  0.000000000000E+000  1.479838759279E+002
  9.719090110332E+000  8.064079972865E-007 -6.018417517637E-007 -1.413437108093E-007  0.000000000000E+000  1.549490113382E+002
  9.931858842267E+000  6.769450286855E-007 -6.073786182335E-007  7.637831751207E-008  0.000000000000E+000  1.642565198854E+002
  1.015124748302E+001  5.468681342102E-007 -5.729971041247E-007  2.253003539518E-007  0.000000000000E+000  1.763651933905E+002
  1.037753323129E+001  4.238496262724E-007 -5.109970999851E-007  3.128185982371E-007  0.000000000000E+000  1.920008494241E+002
  1.061100795175E+001  3.135107316820E-007 -4.327702020684E-007  3.496334686271E-007  0.000000000000E+000  2.123030732883E+002
  1.085197911611E+001  2.194382542521E-007 -3.480950712878E-007  3.477069847951E-007  0.000000000000E+000  2.391128807510E+002
  1.110077081537E+001  1.433518013731E-007 -2.647603492203E-007  3.187950649041E-007  0.000000000000E+000  2.755747148313E+002
  1.135772484956E+001  8.537497804826E-008 -1.884499511611E-007  2.734713233245E-007  0.000000000000E+000  3.275394005783E+002
  1.162320190175E+001  4.436791868761E-008 -1.228276173250E-007  2.205576276043E-007  0.000000000000E+000  4.073965993168E+002
  1.189758280382E+001  1.828374697254E-008 -6.976168644708E-008  1.668782383978E-007  0.000000000000E+000  5.474595264463E+002
  1.218126990242E+001  4.517731814619E-009 -2.963688279069E-008  1.172585942506E-007  0.000000000000E+000  8.724360499594E+002
  1.247468853413E+001  2.247005578353E-010 -1.707118102377E-009  7.469637419396E-008  0.000000000000E+000  2.372315071923E+003
  1.277828862002E+001  2.587308923555E-009  1.554851835491E-008  4.064093026285E-008  0.000000000000E+000  1.050568373970E+003
  1.309254639077E+001  9.024674890243E-009  2.409573769483E-008  1.532700367970E-008  0.000000000000E+000  6.927287777111E+002
  1.341796625462E+001  1.733730306760E-008  2.606145613842E-008 -1.880753739709E-009  0.000000000000E+000  5.572455015236E+002
  1.375508282195E+001  2.578984167763E-008  2.350881646206E-008 -1.216512917625E-008  0.000000000000E+000  4.881547574730E+002
  1.410446310162E+001  3.313777465202E-008  1.827558070053E-008 -1.697781874335E-008  0.000000000000E+000  4.490202956408E+002
  1.446670888596E+001  3.860748727420E-008  1.187437667393E-008 -1.781772630143E-008  0.000000000000E+000  4.267267871520E+002
  1.484245934302E+001  4.184117983761E-008  5.448403942644E-009 -1.607056316227E-008  0.000000000000E+000  4.154375778328E+002
  1.523239383723E+001  4.281886279100E-008 -2.271581690133E-010 -1.290758769068E-008  0.000000000000E+000  4.122513077113E+002
  1.563723500136E+001  4.176926570462E-008 -4.709645713257E-009 -9.236457459487E-009  0.000000000000E+000  4.156758607215E+002
  1.605775208607E+001  3.908012933613E-008 -7.831358213617E-009 -5.694088520824E-009  0.000000000000E+000  4.249995016382E+002
  1.649476461582E+001  3.521628411300E-008 -9.631260104894E-009 -2.670013601290E-009  0.000000000000E+000  4.400066517358E+002
  1.694914638379E+001  3.065144282756E-008 -1.028557517173E-008 -3.487753216313E-010  0.000000000000E+000  4.608470135039E+002
  1.742182982203E+001  2.581704825416E-008 -1.004466644332E-008  1.238932292815E-009  0.000000000000E+000  4.879832211087E+002
  1.791381078784E+001  2.106909068836E-008 -9.181093149703E-009  2.164714009566E-009  0.000000000000E+000  5.221859158699E+002
  1.842615381215E+001  1.667176785488E-008 -7.951288770327E-009  2.556511606465E-009  0.000000000000E+000  5.645640242572E+002
  1.895999786176E+001  1.279535146028E-008 -6.571161808425E-009  2.561829366399E-009  0.000000000000E+000  6.166276739290E+002
  1.951656267356E+001  9.524721428669E-009 -5.204259534332E-009  2.321578095140E-009  0.000000000000E+000  6.803874965851E+002
  2.009715572669E+001  6.874720770376E-009 -3.960043963243E-009  1.954228923327E-009  0.000000000000E+000  7.584996717564E+002
  2.070317992707E+001  4.808691549211E-009 -2.899313059653E-009  1.548761882070E-009  0.000000000000E+000  8.544725419459E+002
  2.133614208874E+001  3.257145212808E-009 -2.043790028158E-009  1.164237138400E-009  0.000000000000E+000  9.729593842345E+002
  2.199766230782E+001  2.134341787109E-009 -1.387278923947E-009  8.336486909415E-010  0.000000000000E+000  1.120174707505E+003
  2.268948433818E+001  1.351444283704E-009 -9.063985765565E-010  5.699285251215E-010  0.000000000000E+000  1.304490847453E+003
  2.341348709294E+001  8.257410408772E-010 -5.696113542214E-010  3.724154518122E-010  0.000000000000E+000  1.537301773178E+003
  2.417169741362E+001  4.860916906926E-010 -3.439326569834E-010  2.326496300217E-010  0.000000000000E+000  1.834288679685E+003
  2.496630426925E+001  2.752002044923E-010 -1.992519798343E-010  1.388857283096E-010  0.000000000000E+000  2.217298521869E+003
  2.579967457140E+001  1.495443542935E-010 -1.105706434460E-010  7.915491200112E-011  0.000000000000E+000  2.717171668428E+003
  2.667437081864E+001  7.782484777713E-011 -5.865908656430E-011  4.300827550510E-011  0.000000000000E+000  3.378062327075E+003
  2.759317081651E+001  3.869235552640E-011 -2.968350499216E-011  2.223785279950E-011  0.000000000000E+000  4.264145629676E+003
  2.855908975674E+001  1.832778210770E-011 -1.429149911034E-011  1.091809714627E-011  0.000000000000E+000  5.470207247203E+003
  2.957540498378E+001  8.246507844120E-012 -6.528108990334E-012  5.076895379800E-012  0.000000000000E+000  7.138665943017E+003
  3.064568382919E+001  3.512940423287E-012 -2.820108766520E-012  2.229287745548E-012  0.000000000000E+000  9.487464343742E+003
  3.177381495601E+001  1.411666909851E-012 -1.148105863966E-012  9.212979223642E-013  0.000000000000E+000  1.285670483084E+004
  3.296404372807E+001  5.329854117764E-013 -4.387714574545E-013  3.570015424423E-013  0.000000000000E+000  0.000000000000E+000
  3.422101220608E+001  1.882370653690E-013 -1.567315852392E-013  1.291677485956E-013  0.000000000000E+000  0.000000000000E+000
  3.554980447538E+001  6.188595469793E-014 -5.207849349762E-014  4.343322736460E-014  0.000000000000E+000  0.000000000000E+000
  3.695599813319E+001  1.883866941809E-014 -1.601200654271E-014  1.350258422594E-014  0.000000000000E+000  0.000000000000E+000
  3.844572291106E+001  5.278523172601E-015 -4.528723656577E-015  3.858611348560E-015  0.000000000000E+000  0.000000000000E+000
  4.002572758518E+001  1.352514789758E-015 -1.170667139217E-015  1.007117004549E-015  0.000000000000E+000  0.000000000000E+000
  4.170345654134E+001  3.146299370254E-016 -2.745988554608E-016  2.383802822714E-016  0.000000000000E+000  0.000000000000E+000
  4.348713762001E+001  6.591855781439E-017 -5.798423255563E-017  5.076492435210E-017  0.000000000000E+000  0.000000000000E+000
  4.538588318162E+001  1.225481407062E-017 -1.085148850861E-017  9.567781148048E-018  0.000000000000E+000  0.000000000000E+000
  4.740980671574E+001  2.028227417342E-018 -1.998634370303E-018  1.792928281079E-018  0.000000000000E+000  0.000000000000E+000
  4.957015778746E+001  3.167385083243E-019 -2.312124414068E-019  9.321998371697E-020  0.000000000000E+000  0.000000000000E+000
  5.187947869225E+001  1.955850819429E-020 -1.673525939429E-020  7.464656231841E-020  0.000000000000E+000  0.000000000000E+000
  5.435178690397E+001  8.925318400014E-021 -8.268462836771E-021  0.000000000000E+000  0.000000000000E+000  0.000000000000E+000
  5.700278828629E+001  0.000000000000E+000  0.000000000000E+000  0.000000000000E+000  0.000000000000E+000  0.000000000000E+000
  5.985012714155E+001  0.000000000000E+000  0.000000000000E+000  0.000000000000E+000  0.000000000000E+000  0.000000000000E+000
  6.291368055481E+001  0.000000000000E+000  0.000000000000E+000  0.000000000000E+000  0.000000000000E+000  0.000000000000E+000
  6.621590623276E+001  0.000000000000E+000  0.000000000000E+000  0.000000000000E+000  0.000000000000E+000  0.000000000000E+000
  6.978225524452E+001  0.000000000000E+000  0.000000000000E+000  0.000000000000E+000  0.000000000000E+000  0.000000000000E+000
  7.364166388185E+001  0.000000000000E+000  0.000000000000E+000  0.000000000000E+000  0.000000000000E+000  0.000000000000E+000
  7.782714245929E+001  0.000000000000E+000  0.000000000000E+000  0.000000000000E+000  0.000000000000E+000  0.000000000000E+000
  8.237648351994E+001  0.000000000000E+000  0.000000000000E+000  0.000000000000E+000  0.000000000000E+000  0.000000000000E+000
  8.733311794502E+001  0.000000000000E+000  0.000000000000E+000  0.000000000000E+000  0.000000000000E+000  0.000000000000E+000
  9.274715535088E+001  0.000000000000E+000  0.000000000000E+000  0.000000000000E+000  0.000000000000E+000  0.000000000000E+000
  9.867665554529E+001  0.000000000000E+000  0.000000000000E+000  0.000000000000E+000  0.000000000000E+000  0.000000000000E+000
  1.051891916055E+002  0.000000000000E+000  0.000000000000E+000  0.000000000000E+000  0.000000000000E+000  0.000000000000E+000
  1.123637836013E+002  0.000000000000E+000  0.000000000000E+000  0.000000000000E+000  0.000000000000E+000  0.000000000000E+000
  1.202933069206E+002  0.000000000000E+000  0.000000000000E+000  0.000000000000E+000  0.000000000000E+000  0.000000000000E+000
  1.290875131414E+002  0.000000000000E+000  0.000000000000E+000  0.000000000000E+000  0.000000000000E+000  0.000000000000E+000
  1.388768482001E+002  0.000000000000E+000  0.000000000000E+000  0.000000000000E+000  0.000000000000E+000  0.000000000000E+000
  1.498173177370E+002  0.000000000000E+000  0.000000000000E+000  0.000000000000E+000  0.000000000000E+000  0.000000000000E+000
  1.620967411853E+002  0.000000000000E+000  0.000000000000E+000  0.000000000000E+000  0.000000000000E+000  0.000000000000E+000
  1.759428668168E+002  0.000000000000E+000  0.000000000000E+000  0.000000000000E+000  0.000000000000E+000  0.000000000000E+000
  1.916340085825E+002  0.000000000000E+000  0.000000000000E+000  0.000000000000E+000  0.000000000000E+000  0.000000000000E+000
  2.095131417987E+002  0.000000000000E+000  0.000000000000E+000  0.000000000000E+000  0.000000000000E+000  0.000000000000E+000
  2.300068054477E+002  0.000000000000E+000  0.000000000000E+000  0.000000000000E+000  0.000000000000E+000  0.000000000000E+000
  2.536507797910E+002  0.000000000000E+000  0.000000000000E+000  0.000000000000E+000  0.000000000000E+000  0.000000000000E+000
  2.811254638474E+002  0.000000000000E+000  0.000000000000E+000  0.000000000000E+000  0.000000000000E+000  0.000000000000E+000
  3.133053780630E+002  0.000000000000E+000  0.000000000000E+000  0.000000000000E+000  0.000000000000E+000  0.000000000000E+000
  3.513296254502E+002  0.000000000000E+000  0.000000000000E+000  0.000000000000E+000  0.000000000000E+000  0.000000000000E+000
  3.967041014107E+002  0.000000000000E+000  0.000000000000E+000  0.000000000000E+000  0.000000000000E+000  0.000000000000E+000
  4.514529193350E+002  0.000000000000E+000  0.000000000000E+000  0.000000000000E+000  0.000000000000E+000  0.000000000000E+000
  5.183481233601E+002  0.000000000000E+000  0.000000000000E+000  0.000000000000E+000  0.000000000000E+000  0.000000000000E+000
  6.012676077950E+002  0.000000000000E+000  0.000000000000E+000  0.000000000000E+000  0.000000000000E+000  0.000000000000E+000
  7.057700503752E+002  0.000000000000E+000  0.000000000000E+000  0.000000000000E+000  0.000000000000E+000  0.000000000000E+000
  8.400513767914E+002  0.000000000000E+000  0.000000000000E+000  0.000000000000E+000  0.000000000000E+000  0.000000000000E+000
  1.016602135495E+003  0.000000000000E+000  0.000000000000E+000  0.000000000000E+000  0.000000000000E+000  0.000000000000E+000
  1.255220715579E+003  0.000000000000E+000  0.000000000000E+000  0.000000000000E+000  0.000000000000E+000  0.000000000000E+000
  1.588815776243E+003  0.000000000000E+000  0.000000000000E+000  0.000000000000E+000  0.000000000000E+000  0.000000000000E+000
  2.075392011604E+003  0.000000000000E+000  0.000000000000E+000  0.000000000000E+000  0.000000000000E+000  0.000000000000E+000
  2.825079847528E+003  0.000000000000E+000  0.000000000000E+000  0.000000000000E+000  0.000000000000E+000  0.000000000000E+000
  4.068408296183E+003  0.000000000000E+000  0.000000000000E+000  0.000000000000E+000  0.000000000000E+000  0.000000000000E+000
  6.357262947672E+003  0.000000000000E+000  0.000000000000E+000  0.000000000000E+000  0.000000000000E+000  0.000000000000E+000
  1.130231930164E+004  0.000000000000E+000  0.000000000000E+000  0.000000000000E+000  0.000000000000E+000  0.000000000000E+000
  2.543105175136E+004  0.000000000000E+000  0.000000000000E+000  0.000000000000E+000  0.000000000000E+000  0.000000000000E+000
  1.017262069952E+005  0.000000000000E+000  0.000000000000E+000  0.000000000000E+000  0.000000000000E+000  0.000000000000E+000
