# 1st line: number of mesh points
# abcissa wavefunction wavefunction_1st wavefunction_2nd
500
# Principal QN=   1 , l=   1 , Occupation=   0.0010
  9.830308526563E-006  4.457936883236E-006  4.534832351201E-001 -1.174935101714E+000
  3.932200719722E-005  1.783141686247E-005  4.534485855920E-001 -1.174846679389E+000
  8.847741541467E-005  4.011944788812E-005  4.533908391458E-001 -1.174699316950E+000
  1.573003992805E-004  7.132037641622E-005  4.533099999327E-001 -1.174493026551E+000
  2.457963722418E-004  1.114318872166E-004  4.532060737646E-001 -1.174227825208E+000
  3.539722959954E-004  1.604510031040E-004  4.530790681152E-001 -1.173903734797E+000
  4.818366816529E-004  2.183740845936E-004  4.529289921198E-001 -1.173520782052E+000
  6.293995911626E-004  2.851968294782E-004  4.527558565764E-001 -1.173078998568E+000
  7.966726389935E-004  3.609142723307E-004  4.525596739467E-001 -1.172578420796E+000
  9.836689940782E-004  4.455207839290E-004  4.523404583569E-001 -1.172019090042E+000
  1.190403382016E-003  5.390100706054E-004  4.520982255984E-001 -1.171401052468E+000
  1.416892087541E-003  6.413751735192E-004  4.518329931300E-001 -1.170724359088E+000
  1.663152957245E-003  7.526084678541E-004  4.515447800783E-001 -1.169989065765E+000
  1.929205402573E-003  8.727016619391E-004  4.512336072397E-001 -1.169195233213E+000
  2.215070403073E-003  1.001645796294E-003  4.508994970818E-001 -1.168342926989E+000
  2.520770509919E-003  1.139431242600E-003  4.505424737456E-001 -1.167432217496E+000
  2.846329849692E-003  1.286047702595E-003  4.501625630465E-001 -1.166463179976E+000
  3.191774128432E-003  1.441484206893E-003  4.497597924775E-001 -1.165435894511E+000
  3.557130635959E-003  1.605729113728E-003  4.493341912100E-001 -1.164350446016E+000
  3.942428250463E-003  1.778770107630E-003  4.488857900974E-001 -1.163206924238E+000
  4.347697443358E-003  1.960594198017E-003  4.484146216764E-001 -1.162005423753E+000
  4.772970284417E-003  2.151187717721E-003  4.479207201702E-001 -1.160746043960E+000
  5.218280447175E-003  2.350536321436E-003  4.474041214910E-001 -1.159428889081E+000
  5.683663214611E-003  2.558624984096E-003  4.468648632425E-001 -1.158054068154E+000
  6.169155485101E-003  2.775437999180E-003  4.463029847232E-001 -1.156621695029E+000
  6.674795778653E-003  3.000958976942E-003  4.457185269293E-001 -1.155131888366E+000
  7.200624243425E-003  3.235170842570E-003  4.451115325578E-001 -1.153584771628E+000
  7.746682662519E-003  3.478055834280E-003  4.444820460098E-001 -1.151980473079E+000
  8.313014461060E-003  3.729595501327E-003  4.438301133942E-001 -1.150319125777E+000
  8.899664713569E-003  3.989770701956E-003  4.431557825308E-001 -1.148600867571E+000
  9.506680151615E-003  4.258561601279E-003  4.424591029543E-001 -1.146825841092E+000
  1.013410917176E-002  4.535947669082E-003  4.417401259180E-001 -1.144994193754E+000
  1.078200184380E-002  4.821907677566E-003  4.409989043978E-001 -1.143106077744E+000
  1.145040991929E-002  5.116419699017E-003  4.402354930963E-001 -1.141161650020E+000
  1.213938684040E-002  5.419461103408E-003  4.394499484467E-001 -1.139161072299E+000
  1.284898774901E-002  5.731008555940E-003  4.386423286175E-001 -1.137104511060E+000
  1.357926949620E-002  6.051038014506E-003  4.378126935166E-001 -1.134992137531E+000
  1.433029065191E-002  6.379524727104E-003  4.369611047963E-001 -1.132824127688E+000
  1.510211151509E-002  6.716443229171E-003  4.360876258575E-001 -1.130600662243E+000
  1.589479412397E-002  7.061767340860E-003  4.351923218548E-001 -1.128321926646E+000
  1.670840226680E-002  7.415470164258E-003  4.342752597013E-001 -1.125988111069E+000
  1.754300149280E-002  7.777524080530E-003  4.333365080739E-001 -1.123599410408E+000
  1.839865912351E-002  8.147900747014E-003  4.323761374182E-001 -1.121156024272E+000
  1.927544426443E-002  8.526571094248E-003  4.313942199540E-001 -1.118658156977E+000
  2.017342781695E-002  8.913505322939E-003  4.303908296805E-001 -1.116106017539E+000
  2.109268249069E-002  9.308672900874E-003  4.293660423822E-001 -1.113499819667E+000
  2.203328281612E-002  9.712042559777E-003  4.283199356343E-001 -1.110839781759E+000
  2.299530515754E-002  1.012358229210E-002  4.272525888086E-001 -1.108126126889E+000
  2.397882772639E-002  1.054325934777E-002  4.261640830794E-001 -1.105359082806E+000
  2.498393059493E-002  1.097104023087E-002  4.250545014293E-001 -1.102538881925E+000
  2.601069571024E-002  1.140689069628E-002  4.239239286558E-001 -1.099665761315E+000
  2.705920690860E-002  1.185077574628E-002  4.227724513772E-001 -1.096739962700E+000
  2.812954993023E-002  1.230265962702E-002  4.216001580392E-001 -1.093761732444E+000
  2.922181243436E-002  1.276250582507E-002  4.204071389212E-001 -1.090731321550E+000
  3.033608401473E-002  1.323027706384E-002  4.191934861428E-001 -1.087648985647E+000
  3.147245621542E-002  1.370593529994E-002  4.179592936710E-001 -1.084514984986E+000
  3.263102254705E-002  1.418944171955E-002  4.167046573266E-001 -1.081329584433E+000
  3.381187850339E-002  1.468075673474E-002  4.154296747913E-001 -1.078093053457E+000
  3.501512157837E-002  1.517983997969E-002  4.141344456145E-001 -1.074805666128E+000
  3.624085128345E-002  1.568665030692E-002  4.128190712210E-001 -1.071467701108E+000
  3.748916916538E-002  1.620114578351E-002  4.114836549175E-001 -1.068079441640E+000
  3.876017882444E-002  1.672328368720E-002  4.101283019008E-001 -1.064641175547E+000
  4.005398593302E-002  1.725302050254E-002  4.087531192646E-001 -1.061153195216E+000
  4.137069825459E-002  1.779031191693E-002  4.073582160071E-001 -1.057615797600E+000
  4.271042566323E-002  1.833511281671E-002  4.059437030392E-001 -1.054029284205E+000
  4.407328016341E-002  1.888737728315E-002  4.045096931917E-001 -1.050393961083E+000
  4.545937591035E-002  1.944705858847E-002  4.030563012234E-001 -1.046710138826E+000
  4.686882923075E-002  2.001410919179E-002  4.015836438288E-001 -1.042978132561E+000
  4.830175864396E-002  2.058848073508E-002  4.000918396466E-001 -1.039198261937E+000
  4.975828488365E-002  2.117012403913E-002  3.985810092672E-001 -1.035370851126E+000
  5.123853091993E-002  2.175898909938E-002  3.970512752415E-001 -1.031496228809E+000
  5.274262198188E-002  2.235502508192E-002  3.955027620887E-001 -1.027574728173E+000
  5.427068558066E-002  2.295818031928E-002  3.939355963049E-001 -1.023606686906E+000
  5.582285153302E-002  2.356840230639E-002  3.923499063714E-001 -1.019592447185E+000
  5.739925198530E-002  2.418563769640E-002  3.907458227632E-001 -1.015532355677E+000
  5.900002143803E-002  2.480983229655E-002  3.891234779579E-001 -1.011426763527E+000
  6.062529677088E-002  2.544093106408E-002  3.874830064438E-001 -1.007276026355E+000
  6.227521726827E-002  2.607887810204E-002  3.858245447289E-001 -1.003080504250E+000
  6.394992464542E-002  2.672361665524E-002  3.841482313497E-001 -9.988405617643E-001
  6.564956307496E-002  2.737508910604E-002  3.824542068797E-001 -9.945565679078E-001
  6.737427921404E-002  2.803323697035E-002  3.807426139386E-001 -9.902288961442E-001
  6.912422223211E-002  2.869800089347E-002  3.790135972009E-001 -9.858579243854E-001
  7.089954383907E-002  2.936932064607E-002  3.772673034052E-001 -9.814440349871E-001
  7.270039831418E-002  3.004713512010E-002  3.755038813625E-001 -9.769876147447E-001
  7.452694253540E-002  3.073138232484E-002  3.737234819660E-001 -9.724890548897E-001
  7.637933600943E-002  3.142199938285E-002  3.719262581994E-001 -9.679487510854E-001
  7.825774090225E-002  3.211892252607E-002  3.701123651465E-001 -9.633671034243E-001
  8.016232207035E-002  3.282208709188E-002  3.682819599997E-001 -9.587445164248E-001
  8.209324709253E-002  3.353142751925E-002  3.664352020694E-001 -9.540813990285E-001
  8.405068630235E-002  3.424687734493E-002  3.645722527930E-001 -9.493781645981E-001
  8.603481282122E-002  3.496836919967E-002  3.626932757437E-001 -9.446352309158E-001
  8.804580259214E-002  3.569583480451E-002  3.607984366399E-001 -9.398530201812E-001
  9.008383441408E-002  3.642920496715E-002  3.588879033538E-001 -9.350319590105E-001
  9.214908997710E-002  3.716840957838E-002  3.569618459203E-001 -9.301724784361E-001
  9.424175389809E-002  3.791337760857E-002  3.550204365463E-001 -9.252750139059E-001
  9.636201375725E-002  3.866403710422E-002  3.530638496193E-001 -9.203400052837E-001
  9.851006013526E-002  3.942031518466E-002  3.510922617162E-001 -9.153678968500E-001
  1.006860866512E-001  4.018213803876E-002  3.491058516121E-001 -9.103591373027E-001
  1.028902900012E-001  4.094943092179E-002  3.471048002886E-001 -9.053141797592E-001
  1.051228699979E-001  4.172211815238E-002  3.450892909431E-001 -9.002334817582E-001
  1.073840296104E-001  4.250012310954E-002  3.430595089964E-001 -8.951175052623E-001
  1.096739750056E-001  4.328336822982E-002  3.410156421015E-001 -8.899667166613E-001
  1.119929155896E-001  4.407177500462E-002  3.389578801518E-001 -8.847815867757E-001
  1.143410640503E-001  4.486526397761E-002  3.368864152890E-001 -8.795625908609E-001
  1.167186364011E-001  4.566375474220E-002  3.348014419110E-001 -8.743102086122E-001
  1.191258520249E-001  4.646716593931E-002  3.327031566800E-001 -8.690249241698E-001
  1.215629337189E-001  4.727541525514E-002  3.305917585297E-001 -8.637072261249E-001
  1.240301077413E-001  4.808841941919E-002  3.284674486728E-001 -8.583576075262E-001
  1.265276038575E-001  4.890609420238E-002  3.263304306082E-001 -8.529765658866E-001
  1.290556553882E-001  4.972835441538E-002  3.241809101281E-001 -8.475646031915E-001
  1.316144992580E-001  5.055511390710E-002  3.220190953242E-001 -8.421222259066E-001
  1.342043760450E-001  5.138628556337E-002  3.198451965949E-001 -8.366499449870E-001
  1.368255300316E-001  5.222178130581E-002  3.176594266508E-001 -8.311482758865E-001
  1.394782092560E-001  5.306151209093E-002  3.154620005210E-001 -8.256177385680E-001
  1.421626655646E-001  5.390538790938E-002  3.132531355585E-001 -8.200588575141E-001
  1.448791546661E-001  5.475331778548E-002  3.110330514455E-001 -8.144721617384E-001
  1.476279361856E-001  5.560520977695E-002  3.088019701983E-001 -8.088581847977E-001
  1.504092737207E-001  5.646097097490E-002  3.065601161716E-001 -8.032174648045E-001
  1.532234348983E-001  5.732050750403E-002  3.043077160628E-001 -7.975505444402E-001
  1.560706914324E-001  5.818372452315E-002  3.020449989158E-001 -7.918579709690E-001
  1.589513191834E-001  5.905052622588E-002  2.997721961239E-001 -7.861402962524E-001
  1.618655982178E-001  5.992081584173E-002  2.974895414328E-001 -7.803980767642E-001
  1.648138128702E-001  6.079449563736E-002  2.951972709431E-001 -7.746318736064E-001
  1.677962518056E-001  6.167146691827E-002  2.928956231112E-001 -7.688422525250E-001
  1.708132080832E-001  6.255163003063E-002  2.905848387517E-001 -7.630297839271E-001
  1.738649792215E-001  6.343488436363E-002  2.882651610369E-001 -7.571950428983E-001
  1.769518672648E-001  6.432112835198E-002  2.859368354975E-001 -7.513386092203E-001
  1.800741788507E-001  6.521025947885E-002  2.836001100219E-001 -7.454610673896E-001
  1.832322252791E-001  6.610217427917E-002  2.812552348544E-001 -7.395630066363E-001
  1.864263225826E-001  6.699676834326E-002  2.789024625939E-001 -7.336450209432E-001
  1.896567915983E-001  6.789393632084E-002  2.765420481906E-001 -7.277077090659E-001
  1.929239580409E-001  6.879357192544E-002  2.741742489426E-001 -7.217516745527E-001
  1.962281525771E-001  6.969556793926E-002  2.717993244917E-001 -7.157775257652E-001
  1.995697109023E-001  7.059981621833E-002  2.694175368182E-001 -7.097858758993E-001
  2.029489738173E-001  7.150620769824E-002  2.670291502348E-001 -7.037773430061E-001
  2.063662873085E-001  7.241463240020E-002  2.646344313792E-001 -6.977525500133E-001
  2.098220026275E-001  7.332497943761E-002  2.622336492070E-001 -6.917121247467E-001
  2.133164763746E-001  7.423713702306E-002  2.598270749818E-001 -6.856566999521E-001
  2.168500705817E-001  7.515099247590E-002  2.574149822657E-001 -6.795869133167E-001
  2.204231527988E-001  7.606643223015E-002  2.549976469081E-001 -6.735034074910E-001
  2.240360961807E-001  7.698334184309E-002  2.525753470332E-001 -6.674068301104E-001
  2.276892795770E-001  7.790160600425E-002  2.501483630269E-001 -6.612978338168E-001
  2.313830876220E-001  7.882110854497E-002  2.477169775215E-001 -6.551770762799E-001
  2.351179108282E-001  7.974173244853E-002  2.452814753804E-001 -6.490452202183E-001
  2.388941456809E-001  8.066335986085E-002  2.428421436801E-001 -6.429029334198E-001
  2.427121947345E-001  8.158587210171E-002  2.403992716917E-001 -6.367508887622E-001
  2.465724667110E-001  8.250914967663E-002  2.379531508611E-001 -6.305897642322E-001
  2.504753766009E-001  8.343307228931E-002  2.355040747863E-001 -6.244202429448E-001
  2.544213457654E-001  8.435751885472E-002  2.330523391951E-001 -6.182430131615E-001
  2.584108020414E-001  8.528236751283E-002  2.305982419196E-001 -6.120587683069E-001
  2.624441798480E-001  8.620749564293E-002  2.281420828699E-001 -6.058682069856E-001
  2.665219202956E-001  8.713277987868E-002  2.256841640054E-001 -5.996720329970E-001
  2.706444712976E-001  8.805809612383E-002  2.232247893051E-001 -5.934709553489E-001
  2.748122876832E-001  8.898331956858E-002  2.207642647353E-001 -5.872656882698E-001
  2.790258313137E-001  8.990832470672E-002  2.183028982155E-001 -5.810569512201E-001
  2.832855712010E-001  9.083298535340E-002  2.158409995827E-001 -5.748454689004E-001
  2.875919836279E-001  9.175717466372E-002  2.133788805531E-001 -5.686319712589E-001
  2.919455522717E-001  9.268076515202E-002  2.109168546822E-001 -5.624171934966E-001
  2.963467683296E-001  9.360362871192E-002  2.084552373220E-001 -5.562018760695E-001
  3.007961306479E-001  9.452563663713E-002  2.059943455764E-001 -5.499867646891E-001
  3.052941458522E-001  9.544665964310E-002  2.035344982544E-001 -5.437726103200E-001
  3.098413284823E-001  9.636656788941E-002  2.010760158200E-001 -5.375601691747E-001
  3.144382011281E-001  9.728523100295E-002  1.986192203409E-001 -5.313502027049E-001
  3.190852945695E-001  9.820251810198E-002  1.961644354332E-001 -5.251434775901E-001
  3.237831479192E-001  9.911829782095E-002  1.937119862043E-001 -5.189407657223E-001
  3.285323087679E-001  1.000324383362E-001  1.912621991932E-001 -5.127428441872E-001
  3.333333333333E-001  1.009448073927E-001  1.888154023071E-001 -5.065504952407E-001
  3.381867866117E-001  1.018552723309E-001  1.863719247558E-001 -5.003645062819E-001
  3.430932425333E-001  1.027637001156E-001  1.839320969830E-001 -4.941856698215E-001
  3.480532841203E-001  1.036699573648E-001  1.814962505944E-001 -4.880147834442E-001
  3.530675036492E-001  1.045739103797E-001  1.790647182827E-001 -4.818526497678E-001
  3.581365028158E-001  1.054754251756E-001  1.766378337491E-001 -4.757000763952E-001
  3.632608929041E-001  1.063743675136E-001  1.742159316220E-001 -4.695578758616E-001
  3.684412949588E-001  1.072706029335E-001  1.717993473719E-001 -4.634268655756E-001
  3.736783399619E-001  1.081639967871E-001  1.693884172231E-001 -4.573078677531E-001
  3.789726690123E-001  1.090544142726E-001  1.669834780611E-001 -4.512017093457E-001
  3.843249335105E-001  1.099417204704E-001  1.645848673377E-001 -4.451092219611E-001
  3.897357953460E-001  1.108257803787E-001  1.621929229708E-001 -4.390312417764E-001
  3.952059270903E-001  1.117064589507E-001  1.598079832416E-001 -4.329686094436E-001
  4.007360121927E-001  1.125836211332E-001  1.574303866875E-001 -4.269221699868E-001
  4.063267451812E-001  1.134571319047E-001  1.550604719906E-001 -4.208927726912E-001
  4.119788318683E-001  1.143268563153E-001  1.526985778626E-001 -4.148812709827E-001
  4.176929895600E-001  1.151926595276E-001  1.503450429259E-001 -4.088885222983E-001
  4.234699472710E-001  1.160544068577E-001  1.480002055896E-001 -4.029153879472E-001
  4.293104459435E-001  1.169119638177E-001  1.456644039220E-001 -3.969627329611E-001
  4.352152386716E-001  1.177651961583E-001  1.433379755183E-001 -3.910314259341E-001
  4.411850909306E-001  1.186139699132E-001  1.410212573642E-001 -3.851223388520E-001
  4.472207808110E-001  1.194581514432E-001  1.387145856949E-001 -3.792363469096E-001
  4.533230992589E-001  1.202976074816E-001  1.364182958494E-001 -3.733743283162E-001
  4.594928503202E-001  1.211322051804E-001  1.341327221207E-001 -3.675371640894E-001
  4.657308513924E-001  1.219618121569E-001  1.318581976007E-001 -3.617257378352E-001
  4.720379334802E-001  1.227862965407E-001  1.295950540211E-001 -3.559409355157E-001
  4.784149414579E-001  1.236055270222E-001  1.273436215890E-001 -3.501836452023E-001
  4.848627343381E-001  1.244193729008E-001  1.251042288182E-001 -3.444547568157E-001
  4.913821855461E-001  1.252277041338E-001  1.228772023556E-001 -3.387551618507E-001
  4.979741832006E-001  1.260303913861E-001  1.206628668022E-001 -3.330857530859E-001
  5.046396304008E-001  1.268273060802E-001  1.184615445308E-001 -3.274474242785E-001
  5.113794455212E-001  1.276183204461E-001  1.162735554967E-001 -3.218410698422E-001
  5.181945625116E-001  1.284033075722E-001  1.140992170457E-001 -3.162675845102E-001
  5.250859312060E-001  1.291821414563E-001  1.119388437160E-001 -3.107278629796E-001
  5.320545176366E-001  1.299546970559E-001  1.097927470358E-001 -3.052227995402E-001
  5.391013043575E-001  1.307208503403E-001  1.076612353155E-001 -2.997532876844E-001
  5.462272907741E-001  1.314804783407E-001  1.055446134365E-001 -2.943202196996E-001
  5.534334934816E-001  1.322334592020E-001  1.034431826339E-001 -2.889244862424E-001
  5.607209466109E-001  1.329796722334E-001  1.013572402755E-001 -2.835669758933E-001
  5.680907021827E-001  1.337189979592E-001  9.928707963575E-002 -2.782485746926E-001
  5.755438304707E-001  1.344513181689E-001  9.723298966586E-002 -2.729701656568E-001
  5.830814203728E-001  1.351765159674E-001  9.519525475885E-002 -2.677326282746E-001
  5.907045797917E-001  1.358944758241E-001  9.317415451095E-002 -2.625368379835E-001
  5.984144360243E-001  1.366050836216E-001  9.116996347864E-002 -2.573836656253E-001
  6.062121361613E-001  1.373082267036E-001  8.918295093192E-002 -2.522739768813E-001
  6.140988474955E-001  1.380037939219E-001  8.721338060368E-002 -2.472086316863E-001
  6.220757579409E-001  1.386916756822E-001  8.526151043559E-002 -2.421884836216E-001
  6.301440764614E-001  1.393717639889E-001  8.332759232061E-002 -2.372143792870E-001
  6.383050335109E-001  1.400439524881E-001  8.141187184233E-002 -2.322871576510E-001
  6.465598814833E-001  1.407081365103E-001  7.951458801144E-002 -2.274076493800E-001
  6.549098951744E-001  1.413642131094E-001  7.763597299956E-002 -2.225766761459E-001
  6.633563722545E-001  1.420120811022E-001  7.577625187076E-002 -2.177950499124E-001
  6.719006337539E-001  1.426516411043E-001  7.393564231098E-002 -2.130635722000E-001
  6.805440245593E-001  1.432827955641E-001  7.211435435586E-002 -2.083830333295E-001
  6.892879139233E-001  1.439054487952E-001  7.031259011716E-002 -2.037542116454E-001
  6.981336959871E-001  1.445195070053E-001  6.853054350827E-002 -1.991778727175E-001
  7.070827903152E-001  1.451248783228E-001  6.676839996918E-002 -1.946547685235E-001
  7.161366424455E-001  1.457214728207E-001  6.502633619132E-002 -1.901856366103E-001
  7.252967244510E-001  1.463092025366E-001  6.330451984288E-002 -1.857711992367E-001
  7.345645355186E-001  1.468879814901E-001  6.160310929483E-002 -1.814121624975E-001
  7.439416025400E-001  1.474577256960E-001  5.992225334847E-002 -1.771092154280E-001
  7.534294807203E-001  1.480183531737E-001  5.826209096486E-002 -1.728630290926E-001
  7.630297542000E-001  1.485697839531E-001  5.662275099675E-002 -1.686742556558E-001
  7.727440366954E-001  1.491119400756E-001  5.500435192367E-002 -1.645435274377E-001
  7.825739721536E-001  1.496447455904E-001  5.340700159083E-002 -1.604714559543E-001
  7.925212354258E-001  1.501681265465E-001  5.183079695238E-002 -1.564586309452E-001
  8.025875329584E-001  1.506820109792E-001  5.027582381991E-002 -1.525056193877E-001
  8.127746035011E-001  1.511863288916E-001  4.874215661677E-002 -1.486129645008E-001
  8.230842188350E-001  1.516810122301E-001  4.722985813913E-002 -1.447811847387E-001
  8.335181845190E-001  1.521659948541E-001  4.573897932441E-002 -1.410107727771E-001
  8.440783406568E-001  1.526412124998E-001  4.426955902802E-002 -1.373021944923E-001
  8.547665626839E-001  1.531066027373E-001  4.282162380929E-002 -1.336558879364E-001
  8.655847621758E-001  1.535621049213E-001  4.139518772739E-002 -1.300722623094E-001
  8.765348876780E-001  1.540076601343E-001  3.999025214819E-002 -1.265516969307E-001
  8.876189255584E-001  1.544432111229E-001  3.860680556311E-002 -1.230945402124E-001
  8.988389008829E-001  1.548687022269E-001  3.724482342071E-002 -1.197011086366E-001
  9.101968783143E-001  1.552840792997E-001  3.590426797232E-002 -1.163716857385E-001
  9.216949630368E-001  1.556892896217E-001  3.458508813245E-002 -1.131065210988E-001
  9.333353017046E-001  1.560842818044E-001  3.328721935523E-002 -1.099058293479E-001
  9.451200834176E-001  1.564690056870E-001  3.201058352791E-002 -1.067697891841E-001
  9.570515407237E-001  1.568434122228E-001  3.075508888237E-002 -1.036985424097E-001
  9.691319506484E-001  1.572074533580E-001  2.952062992602E-002 -1.006921929873E-001
  9.813636357544E-001  1.575610819002E-001  2.830708739298E-002 -9.775080612040E-002
  9.937489652293E-001  1.579042513780E-001  2.711432821673E-002 -9.487440736045E-002
  1.006290356005E+000  1.582369158902E-001  2.594220552550E-002 -9.206298174530E-002
  1.018990273907E+000  1.585590299461E-001  2.479055866138E-002 -8.931647297150E-002
  1.031851234841E+000  1.588705482950E-001  2.365921322442E-002 -8.663478260469E-002
  1.044875806003E+000  1.591714257457E-001  2.254798114284E-002 -8.401776933187E-002
  1.058066607138E+000  1.594616169758E-001  2.145666077042E-002 -8.146524825936E-002
  1.071426311823E+000  1.597410763306E-001  2.038503701239E-002 -7.897699026063E-002
  1.084957648792E+000  1.600097576111E-001  1.933288148069E-002 -7.655272137794E-002
  1.098663403298E+000  1.602676138525E-001  1.829995267991E-002 -7.419212228209E-002
  1.112546418516E+000  1.605145970905E-001  1.728599622484E-002 -7.189482779454E-002
  1.126609596985E+000  1.607506581189E-001  1.629074509076E-002 -6.966042647608E-002
  1.140855902095E+000  1.609757462353E-001  1.531391989735E-002 -6.748846028647E-002
  1.155288359613E+000  1.611898089776E-001  1.435522922732E-002 -6.537842431940E-002
  1.169910059257E+000  1.613927918488E-001  1.341436998050E-002 -6.332976661710E-002
  1.184724156317E+000  1.615846380336E-001  1.249102776430E-002 -6.134188806892E-002
  1.199733873325E+000  1.617652881037E-001  1.158487732138E-002 -5.941414239829E-002
  1.214942501771E+000  1.619346797142E-001  1.069558299499E-002 -5.754583624221E-002
  1.230353403874E+000  1.620927472908E-001  9.822799232864E-003 -5.573622932748E-002
  1.245970014403E+000  1.622394217082E-001  8.966171129938E-003 -5.398453474785E-002
  1.261795842559E+000  1.623746299600E-001  8.125335010469E-003 -5.228991934596E-002
  1.277834473907E+000  1.624982948211E-001  7.299919049726E-003 -5.065150420389E-002
  1.294089572372E+000  1.626103345026E-001  6.489543935504E-003 -4.906836524606E-002
  1.310564882294E+000  1.627106623001E-001  5.693823569462E-003 -4.753953395787E-002
  1.327264230548E+000  1.627991862366E-001  4.912365808209E-003 -4.606399822323E-002
  1.344191528724E+000  1.628758086996E-001  4.144773243875E-003 -4.464070328410E-002
  1.361350775387E+000  1.629404260749E-001  3.390644023768E-003 -4.326855282458E-002
  1.378746058390E+000  1.629929283766E-001  2.649572708541E-003 -4.194641018184E-002
  1.396381557275E+000  1.630331988749E-001  1.921151168113E-003 -4.067309968609E-002
  1.414261545744E+000  1.630611137236E-001  1.204969514399E-003 -3.944740813097E-002
  1.432390394201E+000  1.630765415864E-001  5.006170697194E-004 -3.826808637557E-002
  1.450772572390E+000  1.630793432662E-001 -1.923166304654E-004 -3.713385107891E-002
  1.469412652102E+000  1.630693713364E-001 -8.742408020414E-004 -3.604338656696E-002
  1.488315309978E+000  1.630464697764E-001 -1.545562345736E-003 -3.499534683190E-002
  1.507485330398E+000  1.630104736132E-001 -2.206684751626E-003 -3.398835766291E-002
  1.526927608467E+000  1.629612085712E-001 -2.858006976892E-003 -3.302101890682E-002
  1.546647153093E+000  1.628984907300E-001 -3.499922299323E-003 -3.209190685663E-002
  1.566649090169E+000  1.628221261947E-001 -4.132817149266E-003 -3.119957676523E-002
  1.586938665861E+000  1.627319107780E-001 -4.757069923035E-003 -3.034256548075E-002
  1.607521250000E+000  1.626276296984E-001 -5.373049780974E-003 -2.951939419957E-002
  1.628402339588E+000  1.625090572953E-001 -5.981115433679E-003 -2.872857133198E-002
  1.649587562420E+000  1.623759567628E-001 -6.581613920094E-003 -2.796859547502E-002
  1.671082680832E+000  1.622280799066E-001 -7.174879381481E-003 -2.723795848594E-002
  1.692893595565E+000  1.620651669230E-001 -7.761231835479E-003 -2.653514864930E-002
  1.715026349769E+000  1.618869462058E-001 -8.340975954744E-003 -2.585865392958E-002
  1.737487133138E+000  1.616931341814E-001 -8.914399854860E-003 -2.520696530059E-002
  1.760282286187E+000  1.614834351752E-001 -9.481773896467E-003 -2.457858014213E-002
  1.783418304674E+000  1.612575413121E-001 -1.004334950676E-002 -2.397200569339E-002
  1.806901844175E+000  1.610151324536E-001 -1.059935802568E-002 -2.338576255214E-002
  1.830739724818E+000  1.607558761737E-001 -1.115000958242E-002 -2.281838820753E-002
  1.854938936184E+000  1.604794277772E-001 -1.169549200780E-002 -2.226844059397E-002
  1.879506642368E+000  1.601854303623E-001 -1.223596978853E-002 -2.173450165258E-002
  1.904450187236E+000  1.598735149299E-001 -1.277158306922E-002 -2.121518088620E-002
  1.929777099847E+000  1.595433005437E-001 -1.330244670832E-002 -2.070911889307E-002
  1.955495100083E+000  1.591943945423E-001 -1.382864939396E-002 -2.021499086407E-002
  1.981612104475E+000  1.588263928058E-001 -1.435025282609E-002 -1.973151002742E-002
  2.008136232230E+000  1.584388800813E-001 -1.486729097101E-002 -1.925743102473E-002
  2.035075811486E+000  1.580314303675E-001 -1.537976939439E-002 -1.879155320157E-002
  2.062439385788E+000  1.576036073618E-001 -1.588766467902E-002 -1.833272379570E-002
  2.090235720801E+000  1.571549649725E-001 -1.639092393320E-002 -1.787984100557E-002
  2.118473811262E+000  1.566850478978E-001 -1.688946439560E-002 -1.743185692202E-002
  2.147162888201E+000  1.561933922730E-001 -1.738317314231E-002 -1.698778030576E-002
  2.176312426413E+000  1.556795263895E-001 -1.787190690144E-002 -1.654667919347E-002
  2.205932152222E+000  1.551429714847E-001 -1.835549198042E-002 -1.610768331564E-002
  2.236032051522E+000  1.545832426070E-001 -1.883372431080E-002 -1.566998630967E-002
  2.266622378129E+000  1.539998495548E-001 -1.930636961491E-002 -1.523284771207E-002
  2.297713662445E+000  1.533922978920E-001 -1.977316369855E-002 -1.479559471447E-002
  2.329316720450E+000  1.527600900403E-001 -2.023381287294E-002 -1.435762366887E-002
  2.361442663038E+000  1.521027264479E-001 -2.068799450911E-002 -1.391840132852E-002
  2.394102905709E+000  1.514197068368E-001 -2.113535772717E-002 -1.347746581168E-002
  2.427309178642E+000  1.507105315259E-001 -2.157552422206E-002 -1.303442727726E-002
  2.461073537146E+000  1.499747028319E-001 -2.200808922707E-002 -1.258896830210E-002
  2.495408372530E+000  1.492117265458E-001 -2.243262261553E-002 -1.214084395159E-002
  2.530326423398E+000  1.484211134838E-001 -2.284867014031E-002 -1.168988153686E-002
  2.565840787378E+000  1.476023811119E-001 -2.325575481017E-002 -1.123598005343E-002
  2.601964933334E+000  1.467550552416E-001 -2.365337840089E-002 -1.077910929833E-002
  2.638712714049E+000  1.458786717948E-001 -2.404102309872E-002 -1.031930866449E-002
  2.676098379430E+000  1.449727786349E-001 -2.441815327243E-002 -9.856685613345E-003
  2.714136590232E+000  1.440369374610E-001 -2.478421736974E-002 -9.391413828934E-003
  2.752842432351E+000  1.430707257628E-001 -2.513864993277E-002 -8.923731058741E-003
  2.792231431696E+000  1.420737388299E-001 -2.548087372652E-002 -8.453936649001E-003
  2.832319569669E+000  1.410455918148E-001 -2.581030197347E-002 -7.982388784403E-003
  2.873123299289E+000  1.399859218410E-001 -2.612634068654E-002 -7.509501444429E-003
  2.914659561979E+000  1.388943901546E-001 -2.642839109203E-002 -7.035741090845E-003
  2.956945805065E+000  1.377706843114E-001 -2.671585213306E-002 -6.561623103064E-003
  3.000000000000E+000  1.366145203959E-001 -2.698812304389E-002 -6.087707980245E-003
  3.043840661365E+000  1.354256452643E-001 -2.724460598416E-002 -5.614597331026E-003
  3.088486866678E+000  1.342038388056E-001 -2.748470872222E-002 -5.142929673712E-003
  3.133958277047E+000  1.329489162154E-001 -2.770784735557E-002 -4.673376071436E-003
  3.180275158719E+000  1.316607302727E-001 -2.791344905644E-002 -4.206635628453E-003
  3.227458405560E+000  1.303391736148E-001 -2.810095482999E-002 -3.743430874995E-003
  3.275529562509E+000  1.289841810018E-001 -2.826982227238E-002 -3.284503069312E-003
  3.324510850077E+000  1.275957315620E-001 -2.841952831574E-002 -2.830607446348E-003
  3.374425189910E+000  1.261738510118E-001 -2.854957194715E-002 -2.382508443103E-003
  3.425296231502E+000  1.247186138411E-001 -2.865947688858E-002 -1.940974931061E-003
  3.477148380094E+000  1.232301454547E-001 -2.874879422501E-002 -1.506775486037E-003
  3.530006825834E+000  1.217086242640E-001 -2.881710496815E-002 -1.080673725520E-003
  3.583897574256E+000  1.201542837167E-001 -2.886402254337E-002 -6.634237429393E-004
  3.638847478148E+000  1.185674142586E-001 -2.888919518823E-002 -2.557656673863E-004
  3.694884270887E+000  1.169483652174E-001 -2.889230825095E-002  1.415786239519E-004
  3.752036601308E+000  1.152975465993E-001 -2.887308637837E-002  5.279096149048E-004
  3.810334070199E+000  1.136154307892E-001 -2.883129558319E-002  9.025540570578E-004
  3.869807268505E+000  1.119025541469E-001 -2.876674518106E-002  1.264868652276E-003
  3.930487817331E+000  1.101595184868E-001 -2.867928958906E-002  1.614243491472E-003
  3.992408409843E+000  1.083869924355E-001 -2.856882997780E-002  1.950105232588E-003
  4.055602855172E+000  1.065857126546E-001 -2.843531577004E-002  2.271920003427E-003
  4.120106124432E+000  1.047564849210E-001 -2.827874597988E-002  2.579196017756E-003
  4.185954398964E+000  1.029001850543E-001 -2.809917038720E-002  2.871485895990E-003
  4.253185120935E+000  1.010177596813E-001 -2.789669054281E-002  3.148388684634E-003
  4.321837046422E+000  9.911022682763E-002 -2.767146060068E-002  3.409551571585E-003
  4.391950301120E+000  9.717867632711E-002 -2.742368797425E-002  3.654671297182E-003
  4.463566438835E+000  9.522427003700E-002 -2.715363381439E-002  3.883495263619E-003
  4.536728502895E+000  9.324824184993E-002 -2.686161330732E-002  4.095822347864E-003
  4.611481090679E+000  9.125189749109E-002 -2.654799579112E-002  4.291503425590E-003
  4.687870421430E+000  8.923661408996E-002 -2.621320468994E-002  4.470441615695E-003
  4.765944407533E+000  8.720383951550E-002 -2.585771726532E-002  4.632592256830E-003
  4.845752729492E+000  8.515509146347E-002 -2.548206418407E-002  4.777962628839E-003
  4.927346914797E+000  8.309195628467E-002 -2.508682890251E-002  4.906611433225E-003
  5.010780420931E+000  8.101608754247E-002 -2.467264686655E-002  5.018648047557E-003
  5.096108722763E+000  7.892920428833E-002 -2.424020452740E-002  5.114231569271E-003
  5.183389404586E+000  7.683308904390E-002 -2.379023817210E-002  5.193569664416E-003
  5.272682257105E+000  7.472958547842E-002 -2.332353256834E-002  5.256917236755E-003
  5.364049379651E+000  7.262059577053E-002 -2.284091942239E-002  5.304574932131E-003
  5.457555287978E+000  7.050807764397E-002 -2.234327564902E-002  5.336887492234E-003
  5.553267027968E+000  6.839404106736E-002 -2.183152145205E-002  5.354241970922E-003
  5.651254295630E+000  6.628054460873E-002 -2.130661821377E-002  5.357065825065E-003
  5.751589563796E+000  6.416969143688E-002 -2.076956619172E-002  5.345824890522E-003
  5.854348215936E+000  6.206362496252E-002 -2.022140202118E-002  5.321021252503E-003
  5.959608687557E+000  5.996452411389E-002 -1.966319602184E-002  5.283191018097E-003
  6.067452615683E+000  5.787459824306E-002 -1.909604930769E-002  5.232901997367E-003
  6.177964996951E+000  5.579608166149E-002 -1.852109069929E-002  5.170751298131E-003
  6.291234354880E+000  5.373122780548E-002 -1.793947343899E-002  5.097362838377E-003
  6.407352916949E+000  5.168230303504E-002 -1.735237170988E-002  5.013384779363E-003
  6.526416802128E+000  4.965158007261E-002 -1.676097696125E-002  4.919486881713E-003
  6.648526219580E+000  4.764133109157E-002 -1.616649404441E-002  4.816357786484E-003
  6.773785679311E+000  4.565382046779E-002 -1.557013716458E-002  4.704702223047E-003
  6.902304215570E+000  4.369129721197E-002 -1.497312565697E-002  4.585238145923E-003
  7.034195623922E+000  4.175598710423E-002 -1.437667959700E-002  4.458693803296E-003
  7.169578712934E+000  3.985008455750E-002 -1.378201525767E-002  4.325804740894E-003
  7.308577571516E+000  3.797574424050E-002 -1.319034042963E-002  4.187310746198E-003
  7.451321853057E+000  3.613507249652E-002 -1.260284962262E-002  4.043952739529E-003
  7.597947077547E+000  3.433011859895E-002 -1.202071917001E-002  3.896469620432E-003
  7.748594953021E+000  3.256286589001E-002 -1.144510226156E-002  3.745595079852E-003
  7.903413717736E+000  3.083522285394E-002 -1.087712393277E-002  3.592054390870E-003
  8.062558504629E+000  2.914901418127E-002 -1.031787604229E-002  3.436561193144E-003
  8.226191729726E+000  2.750597188566E-002 -9.768412272409E-003  3.279814288619E-003
  8.394483506327E+000  2.590772653931E-002 -9.229743190332E-003  3.122494468495E-003
  8.567612086926E+000  2.435579869741E-002 -8.702831410865E-003  2.965261393734E-003
  8.745764335025E+000  2.285159058566E-002 -8.188586903588E-003  2.808750553525E-003
  8.929136229160E+000  2.139637812840E-002 -7.687862489533E-003  2.653570328019E-003
  9.117933401693E+000  1.999130339692E-002 -7.201449573939E-003  2.500299183182E-003
  9.312371715124E+000  1.863736755965E-002 -6.730074162497E-003  2.349483026781E-003
  9.512677878945E+000  1.733542441619E-002 -6.274393208773E-003  2.201632755185E-003
  9.719090110332E+000  1.608617459701E-002 -5.834991339864E-003  2.057222020771E-003
  9.931858842267E+000  1.489016050917E-002 -5.412378006011E-003  1.916685249297E-003
  1.015124748302E+001  1.374776210548E-002 -5.006985097566E-003  1.780415935437E-003
  1.037753323129E+001  1.265919355086E-002 -4.619165069514E-003  1.648765242879E-003
  1.061100795175E+001  1.162450085387E-002 -4.249189609548E-003  1.522040932850E-003
  1.085197911611E+001  1.064356052543E-002 -3.897248880615E-003  1.400506641694E-003
  1.110077081537E+001  9.716079318134E-003 -3.563451362750E-003  1.284381524126E-003
  1.135772484956E+001  8.841595091087E-003 -3.247824312140E-003  1.173840274191E-003
  1.162320190175E+001  8.019478834557E-003 -2.950314847698E-003  1.069013530661E-003
  1.189758280382E+001  7.248937877749E-003 -2.670791667064E-003  9.699886678241E-004
  1.218126990242E+001  6.529020290925E-003 -2.409047385238E-003  8.768109663873E-004
  1.247468853413E+001  5.858620480539E-003 -2.164801479932E-003  7.894851527429E-004
  1.277828862002E+001  5.236485963008E-003 -1.937703818664E-003  7.079772882110E-004
  1.309254639077E+001  4.661225289629E-003 -1.727338733676E-003  6.322169833591E-004
  1.341796625462E+001  4.131317082062E-003 -1.533229602356E-003  5.620999062504E-004
  1.375508282195E+001  3.645120125012E-003 -1.354843883088E-003  4.974905477536E-004
  1.410446310162E+001  3.200884450415E-003 -1.191598549771E-003  4.382252020580E-004
  1.446670888596E+001  2.796763335713E-003 -1.042865862708E-003  3.841151165197E-004
  1.484245934302E+001  2.430826127740E-003 -9.079794094490E-004  3.349497621000E-004
  1.523239383723E+001  2.101071793286E-003 -7.862403465787E-004  2.905001741178E-004
  1.563723500136E+001  1.805443087581E-003 -6.769237723705E-004  2.505223129319E-004
  1.605775208607E+001  1.541841222400E-003 -5.792851606757E-004  2.147603955461E-004
  1.649476461582E+001  1.308140906133E-003 -4.925667882115E-004  1.829501519602E-004
  1.694914638379E+001  1.102205618666E-003 -4.160040902983E-004  1.548219642567E-004
  1.742182982203E+001  9.219029739359E-004 -3.488318837374E-004  1.301038517082E-004
  1.791381078784E+001  7.651200124932E-004 -2.902903995181E-004  1.085242713325E-004
  1.842615381215E+001  6.297782550988E-004 -2.396310719373E-004  8.981470993062E-005
  1.895999786176E+001  5.138483365592E-004 -1.961220341047E-004  7.371205032048E-005
  1.951656267356E+001  4.153640270448E-004 -1.590532723079E-004  5.996070076929E-005
  2.009715572669E+001  3.324354368834E-004 -1.277413931305E-004  4.831448213239E-005
  2.070317992707E+001  2.632611914922E-004 -1.015339574983E-004  3.853827155995E-005
  2.133614208874E+001  2.061393573641E-004 -7.981333521286E-005  3.040940460562E-005
  2.199766230782E+001  1.594768998768E-004 -6.200003249403E-005  2.371883907591E-005
  2.268948433818E+001  1.217974614023E-004 -4.755544438802E-005  1.827208410345E-005
  2.341348709294E+001  9.174726604695E-005 -3.598398458631E-005  1.388989701583E-005
  2.417169741362E+001  6.809898737710E-005 -2.683454841704E-005  1.040874910088E-005
  2.496630426925E+001  4.975345907996E-005 -1.970127164892E-005  7.681059979005E-006
  2.579967457140E+001  3.573916605588E-005 -1.422355926487E-005  5.575199694744E-006
  2.667437081864E+001  2.520952394082E-005 -1.008537508938E-005  3.975258512304E-006
  2.759317081651E+001  1.743803582413E-005 -7.013805068019E-006  2.780587270753E-006
  2.855908975674E+001  1.181150147998E-005 -4.776933310131E-006  1.905116277870E-006
  2.957540498378E+001  7.821540608038E-006 -3.181099088471E-006  1.276467981209E-006
  3.064568382919E+001  5.054769959182E-006 -2.067632412959E-006  8.348875104630E-007
  3.177381495601E+001  3.182036859223E-006 -1.309192536135E-006  5.320246889492E-007
  3.296404372807E+001  1.947151067330E-006 -8.058545339586E-007  3.296100055676E-007
  3.422101220608E+001  1.155567284906E-006 -4.811009036486E-007  1.980739297069E-007
  3.554980447538E+001  6.634489031574E-007 -2.778756711084E-007  1.151625513525E-007
  3.695599813319E+001  3.674903234389E-007 -1.548468179180E-007  6.460190836512E-008
  3.844572291106E+001  1.957950021931E-007 -8.299955002178E-008  3.485817702571E-008
  4.002572758518E+001  1.000075802142E-007 -4.265035600730E-008  1.803151947506E-008
  4.170345654134E+001  4.879205813165E-008 -2.093370114074E-008  8.908879367586E-009
  4.348713762001E+001  2.264600857741E-008 -9.774200004299E-009  4.187016682975E-009
  4.538588318162E+001  9.954338517089E-009 -4.321897879466E-009  1.863443972961E-009
  4.740980671574E+001  4.123336092597E-009 -1.800768740840E-009  7.814184386159E-010
  4.957015778746E+001  1.600643302373E-009 -7.031055686552E-010  3.070363427302E-010
  5.187947869225E+001  5.787175541027E-010 -2.556669152025E-010  1.123418943121E-010
  5.435178690397E+001  1.935376339157E-010 -8.598371489093E-011  3.801291481314E-011
  5.700278828629E+001  5.940582676705E-011 -2.653872105279E-011  1.180289226598E-011
  5.985012714155E+001  1.659126860442E-011 -7.452202071016E-012  3.333717362769E-012
  6.291368055481E+001  4.175030631918E-012 -1.885253329711E-012  8.481814912448E-013
  6.621590623276E+001  9.361757110536E-013 -4.249332988865E-013  1.922434124658E-013
  6.978225524452E+001  1.847214452224E-013 -8.427138062249E-014  3.833161182922E-014
  7.364166388185E+001  3.161800809598E-014 -1.449575347417E-014  6.628221724654E-015
  7.782714245929E+001  4.618779382569E-015 -2.127744413017E-015  9.778824798869E-016
  8.237648351994E+001  5.651765143810E-016 -2.615793103294E-016  1.208126307805E-016
  8.733311794502E+001  5.669950567739E-017 -2.636122492857E-017  1.223337859644E-017
  9.274715535088E+001  4.549330322064E-018 -2.124417825467E-018  9.904268592811E-019
  9.867665554529E+001  2.836673229655E-019 -1.330290214648E-019  6.229599738228E-020
  1.051891916055E+002  1.329331571498E-020 -6.259693103101E-021  2.943931950087E-021
  1.123637836013E+002  4.502127453839E-022 -2.128422672423E-022  1.005133009091E-022
  1.202933069206E+002  1.052373283970E-023 -4.994222425920E-024  2.367853510041E-024
  1.290875131414E+002  1.607872971446E-025 -7.658529535566E-026  3.644890791974E-026
  1.388768482001E+002  1.505063437813E-027 -7.194188225438E-028  3.436407256912E-028
  1.498173177370E+002  7.988147241099E-030 -3.831284109630E-030  1.836467035881E-030
  1.620967411853E+002  2.189849413725E-032 -1.053712527267E-032  5.067688424434E-033
  1.759428668168E+002  2.768933313486E-035 -1.336499068577E-035  6.448211639759E-036
  1.916340085825E+002  1.406223565927E-038 -6.807661186531E-039  3.294474674843E-039
  2.095131417987E+002  2.418578639229E-042 -1.174169492386E-042  5.698654292163E-043
  2.300068054477E+002  1.139360988866E-046 -5.546245579958E-047  2.699171454641E-047
  2.536507797910E+002  1.125991800465E-051 -5.495166566035E-052  2.681264110892E-052
  2.811254638474E+002  1.663554818192E-057 -8.138266755140E-058  3.980672310596E-058
  3.133053780630E+002  2.376666339662E-064 -1.165343791016E-064  5.713255732685E-065
  3.513296254502E+002  1.861220265076E-072 -9.145703862226E-073  4.493575297284E-073
  3.967041014107E+002  3.771359041125E-082 -1.856922605565E-082  9.142290989633E-083
  4.514529193350E+002  7.206106973427E-094 -3.554813445139E-094  1.753502072029E-094
  5.183481233601E+002  3.257386694096E-108 -1.609717997035E-108  7.954450360752E-109
  6.012676077950E+002  5.030929479583E-126 -2.490220542634E-126  1.232572637246E-126
  7.057700503752E+002  1.656222773702E-148 -8.210369075602E-149  4.070013627137E-149
  8.400513767914E+002  1.942002356767E-177 -9.640371380944E-178  4.785531994135E-178
  1.016602135495E+003  1.585684177459E-215 -7.881465674172E-216  3.917347932928E-216
  1.255220715579E+003  4.575261385667E-267 -2.276664935064E-267  1.132867110926E-267
  1.588815776243E+003  0.000000000000E+000  0.000000000000E+000  0.000000000000E+000
  2.075392011604E+003  0.000000000000E+000  0.000000000000E+000  0.000000000000E+000
  2.825079847528E+003  0.000000000000E+000  0.000000000000E+000  0.000000000000E+000
  4.068408296183E+003  0.000000000000E+000  0.000000000000E+000  0.000000000000E+000
  6.357262947672E+003  0.000000000000E+000  0.000000000000E+000  0.000000000000E+000
  1.130231930164E+004  0.000000000000E+000  0.000000000000E+000  0.000000000000E+000
  2.543105175136E+004  0.000000000000E+000  0.000000000000E+000  0.000000000000E+000
  1.017262069952E+005  0.000000000000E+000  0.000000000000E+000  0.000000000000E+000
