# 1st line: number of mesh points
# abcissa wavefunction wavefunction_1st wavefunction_2nd
500
# Principal QN=   2 , l=   0 , Occupation=   1.0000
  9.830308526563E-006  1.657567804950E+000 -5.276422012489E+000  1.706178311141E+001
  3.932200719722E-005  1.657412201722E+000 -5.275918859101E+000  1.705991292545E+001
  8.847741541467E-005  1.657152882386E+000 -5.275080348720E+000  1.705679627502E+001
  1.573003992805E-004  1.656789876008E+000 -5.273906599236E+000  1.705243364938E+001
  2.457963722418E-004  1.656323223279E+000 -5.272397775683E+000  1.704682573338E+001
  3.539722959954E-004  1.655752976507E+000 -5.270554090217E+000  1.703997340748E+001
  4.818366816529E-004  1.655079199620E+000 -5.268375802103E+000  1.703187774762E+001
  6.293995911626E-004  1.654301968157E+000 -5.265863217687E+000  1.702254002510E+001
  7.966726389935E-004  1.653421369265E+000 -5.263016690367E+000  1.701196170655E+001
  9.836689940782E-004  1.652437501693E+000 -5.259836620564E+000  1.700014445368E+001
  1.190403382016E-003  1.651350475781E+000 -5.256323455681E+000  1.698709012323E+001
  1.416892087541E-003  1.650160413458E+000 -5.252477690061E+000  1.697280076673E+001
  1.663152957245E-003  1.648867448230E+000 -5.248299864944E+000  1.695727863034E+001
  1.929205402573E-003  1.647471725170E+000 -5.243790568411E+000  1.694052615464E+001
  2.215070403073E-003  1.645973400912E+000 -5.238950435335E+000  1.692254597438E+001
  2.520770509919E-003  1.644372643632E+000 -5.233780147314E+000  1.690334091826E+001
  2.846329849692E-003  1.642669633045E+000 -5.228280432611E+000  1.688291400866E+001
  3.191774128432E-003  1.640864560385E+000 -5.222452066083E+000  1.686126846134E+001
  3.557130635959E-003  1.638957628395E+000 -5.216295869107E+000  1.683840768515E+001
  3.942428250463E-003  1.636949051311E+000 -5.209812709504E+000  1.681433528168E+001
  4.347697443358E-003  1.634839054846E+000 -5.203003501447E+000  1.678905504498E+001
  4.772970284417E-003  1.632627876175E+000 -5.195869205384E+000  1.676257096111E+001
  5.218280447175E-003  1.630315763917E+000 -5.188410827937E+000  1.673488720781E+001
  5.683663214611E-003  1.627902978115E+000 -5.180629421804E+000  1.670600815411E+001
  6.169155485101E-003  1.625389790218E+000 -5.172526085659E+000  1.667593835983E+001
  6.674795778653E-003  1.622776483064E+000 -5.164101964043E+000  1.664468257524E+001
  7.200624243425E-003  1.620063350851E+000 -5.155358247247E+000  1.661224574048E+001
  7.746682662519E-003  1.617250699123E+000 -5.146296171199E+000  1.657863298516E+001
  8.313014461060E-003  1.614338844743E+000 -5.136917017336E+000  1.654384962780E+001
  8.899664713569E-003  1.611328115868E+000 -5.127222112475E+000  1.650790117532E+001
  9.506680151615E-003  1.608218851926E+000 -5.117212828681E+000  1.647079332246E+001
  1.013410917176E-002  1.605011403588E+000 -5.106890583124E+000  1.643253195123E+001
  1.078200184380E-002  1.601706132744E+000 -5.096256837936E+000  1.639312313030E+001
  1.145040991929E-002  1.598303412469E+000 -5.085313100059E+000  1.635257311434E+001
  1.213938684040E-002  1.594803627002E+000 -5.074060921087E+000  1.631088834344E+001
  1.284898774901E-002  1.591207171705E+000 -5.062501897106E+000  1.626807544236E+001
  1.357926949620E-002  1.587514453042E+000 -5.050637668522E+000  1.622414121990E+001
  1.433029065191E-002  1.583725888539E+000 -5.038469919892E+000  1.617909266812E+001
  1.510211151509E-002  1.579841906753E+000 -5.026000379736E+000  1.613293696164E+001
  1.589479412397E-002  1.575862947238E+000 -5.013230820360E+000  1.608568145683E+001
  1.670840226680E-002  1.571789460507E+000 -5.000163057654E+000  1.603733369103E+001
  1.754300149280E-002  1.567621907995E+000 -4.986798950902E+000  1.598790138171E+001
  1.839865912351E-002  1.563360762022E+000 -4.973140402569E+000  1.593739242564E+001
  1.927544426443E-002  1.559006505752E+000 -4.959189358094E+000  1.588581489797E+001
  2.017342781695E-002  1.554559633151E+000 -4.944947805669E+000  1.583317705135E+001
  2.109268249069E-002  1.550020648949E+000 -4.930417776019E+000  1.577948731499E+001
  2.203328281612E-002  1.545390068591E+000 -4.915601342162E+000  1.572475429368E+001
  2.299530515754E-002  1.540668418196E+000 -4.900500619178E+000  1.566898676682E+001
  2.397882772639E-002  1.535856234509E+000 -4.885117763959E+000  1.561219368733E+001
  2.498393059493E-002  1.530954064855E+000 -4.869454974961E+000  1.555438418070E+001
  2.601069571024E-002  1.525962467089E+000 -4.853514491937E+000  1.549556754379E+001
  2.705920690860E-002  1.520882009547E+000 -4.837298595677E+000  1.543575324380E+001
  2.812954993023E-002  1.515713270993E+000 -4.820809607729E+000  1.537495091705E+001
  2.922181243436E-002  1.510456840567E+000 -4.804049890119E+000  1.531317036786E+001
  3.033608401473E-002  1.505113317730E+000 -4.787021845060E+000  1.525042156729E+001
  3.147245621542E-002  1.499683312207E+000 -4.769727914656E+000  1.518671465191E+001
  3.263102254705E-002  1.494167443934E+000 -4.752170580598E+000  1.512205992251E+001
  3.381187850339E-002  1.488566342994E+000 -4.734352363845E+000  1.505646784278E+001
  3.501512157837E-002  1.482880649559E+000 -4.716275824312E+000  1.498994903797E+001
  3.624085128345E-002  1.477111013827E+000 -4.697943560530E+000  1.492251429348E+001
  3.748916916538E-002  1.471258095960E+000 -4.679358209317E+000  1.485417455347E+001
  3.876017882444E-002  1.465322566017E+000 -4.660522445428E+000  1.478494091936E+001
  4.005398593302E-002  1.459305103889E+000 -4.641438981199E+000  1.471482464835E+001
  4.137069825459E-002  1.453206399230E+000 -4.622110566187E+000  1.464383715190E+001
  4.271042566323E-002  1.447027151385E+000 -4.602539986797E+000  1.457198999410E+001
  4.407328016341E-002  1.440768069324E+000 -4.582730065896E+000  1.449929489012E+001
  4.545937591035E-002  1.434429871560E+000 -4.562683662431E+000  1.442576370453E+001
  4.686882923075E-002  1.428013286082E+000 -4.542403671024E+000  1.435140844959E+001
  4.830175864396E-002  1.421519050273E+000 -4.521893021566E+000  1.427624128354E+001
  4.975828488365E-002  1.414947910835E+000 -4.501154678799E+000  1.420027450880E+001
  5.123853091993E-002  1.408300623704E+000 -4.480191641888E+000  1.412352057019E+001
  5.274262198188E-002  1.401577953973E+000 -4.459006943983E+000  1.404599205301E+001
  5.427068558066E-002  1.394780675804E+000 -4.437603651777E+000  1.396770168119E+001
  5.582285153302E-002  1.387909572347E+000 -4.415984865044E+000  1.388866231533E+001
  5.739925198530E-002  1.380965435645E+000 -4.394153716176E+000  1.380888695070E+001
  5.900002143803E-002  1.373949066552E+000 -4.372113369708E+000  1.372838871517E+001
  6.062529677088E-002  1.366861274636E+000 -4.349867021828E+000  1.364718086722E+001
  6.227521726827E-002  1.359702878089E+000 -4.327417899880E+000  1.356527679370E+001
  6.394992464542E-002  1.352474703631E+000 -4.304769261863E+000  1.348269000775E+001
  6.564956307496E-002  1.345177586412E+000 -4.281924395906E+000  1.339943414652E+001
  6.737427921404E-002  1.337812369912E+000 -4.258886619746E+000  1.331552296892E+001
  6.912422223211E-002  1.330379905845E+000 -4.235659280183E+000  1.323097035330E+001
  7.089954383907E-002  1.322881054048E+000 -4.212245752538E+000  1.314579029511E+001
  7.270039831418E-002  1.315316682383E+000 -4.188649440086E+000  1.305999690442E+001
  7.452694253540E-002  1.307687666626E+000 -4.164873773490E+000  1.297360440354E+001
  7.637933600943E-002  1.299994890358E+000 -4.140922210215E+000  1.288662712443E+001
  7.825774090225E-002  1.292239244857E+000 -4.116798233936E+000  1.279907950619E+001
  8.016232207035E-002  1.284421628981E+000 -4.092505353934E+000  1.271097609241E+001
  8.209324709253E-002  1.276542949055E+000 -4.068047104480E+000  1.262233152850E+001
  8.405068630235E-002  1.268604118753E+000 -4.043427044208E+000  1.253316055899E+001
  8.603481282122E-002  1.260606058979E+000 -4.018648755476E+000  1.244347802477E+001
  8.804580259214E-002  1.252549697745E+000 -3.993715843716E+000  1.235329886020E+001
  9.008383441408E-002  1.244435970049E+000 -3.968631936774E+000  1.226263809032E+001
  9.214908997710E-002  1.236265817746E+000 -3.943400684236E+000  1.217151082784E+001
  9.424175389809E-002  1.228040189426E+000 -3.918025756744E+000  1.207993227020E+001
  9.636201375725E-002  1.219760040279E+000 -3.892510845299E+000  1.198791769650E+001
  9.851006013526E-002  1.211426331966E+000 -3.866859660553E+000  1.189548246443E+001
  1.006860866512E-001  1.203040032484E+000 -3.841075932092E+000  1.180264200712E+001
  1.028902900012E-001  1.194602116029E+000 -3.815163407701E+000  1.170941182990E+001
  1.051228699979E-001  1.186113562864E+000 -3.789125852626E+000  1.161580750708E+001
  1.073840296104E-001  1.177575359169E+000 -3.762967048813E+000  1.152184467861E+001
  1.096739750056E-001  1.168988496908E+000 -3.736690794147E+000  1.142753904670E+001
  1.119929155896E-001  1.160353973679E+000 -3.710300901670E+000  1.133290637244E+001
  1.143410640503E-001  1.151672792571E+000 -3.683801198796E+000  1.123796247225E+001
  1.167186364011E-001  1.142945962015E+000 -3.657195526503E+000  1.114272321438E+001
  1.191258520249E-001  1.134174495632E+000 -3.630487738525E+000  1.104720451531E+001
  1.215629337189E-001  1.125359412083E+000 -3.603681700527E+000  1.095142233609E+001
  1.240301077413E-001  1.116501734915E+000 -3.576781289263E+000  1.085539267862E+001
  1.265276038575E-001  1.107602492403E+000 -3.549790391737E+000  1.075913158192E+001
  1.290556553882E-001  1.098662717393E+000 -3.522712904336E+000  1.066265511827E+001
  1.316144992580E-001  1.089683447143E+000 -3.495552731964E+000  1.056597938935E+001
  1.342043760450E-001  1.080665723160E+000 -3.468313787159E+000  1.046912052233E+001
  1.368255300316E-001  1.071610591036E+000 -3.440999989200E+000  1.037209466584E+001
  1.394782092560E-001  1.062519100284E+000 -3.413615263202E+000  1.027491798594E+001
  1.421626655646E-001  1.053392304170E+000 -3.386163539203E+000  1.017760666204E+001
  1.448791546661E-001  1.044231259545E+000 -3.358648751239E+000  1.008017688275E+001
  1.476279361856E-001  1.035037026671E+000 -3.331074836405E+000  9.982644841644E+000
  1.504092737207E-001  1.025810669056E+000 -3.303445733912E+000  9.885026733017E+000
  1.532234348983E-001  1.016553253272E+000 -3.275765384126E+000  9.787338747580E+000
  1.560706914324E-001  1.007265848785E+000 -3.248037727606E+000  9.689597068088E+000
  1.589513191834E-001  9.979495277757E-001 -3.220266704124E+000  9.591817864921E+000
  1.618655982178E-001  9.886053649623E-001 -3.192456251682E+000  9.494017291620E+000
  1.648138128702E-001  9.792344374207E-001 -3.164610305510E+000  9.396211480372E+000
  1.677962518056E-001  9.698378244034E-001 -3.136732797071E+000  9.298416537437E+000
  1.708132080832E-001  9.604166071570E-001 -3.108827653038E+000  9.200648538538E+000
  1.738649792215E-001  9.509718687390E-001 -3.080898794279E+000  9.102923524197E+000
  1.769518672648E-001  9.415046938334E-001 -3.052950134822E+000  9.005257495027E+000
  1.800741788507E-001  9.320161685648E-001 -3.024985580820E+000  8.907666406977E+000
  1.832322252791E-001  9.225073803120E-001 -2.997009029502E+000  8.810166166535E+000
  1.864263225826E-001  9.129794175206E-001 -2.969024368123E+000  8.712772625888E+000
  1.896567915983E-001  9.034333695144E-001 -2.941035472903E+000  8.615501578041E+000
  1.929239580409E-001  8.938703263071E-001 -2.913046207960E+000  8.518368751893E+000
  1.962281525771E-001  8.842913784117E-001 -2.885060424238E+000  8.421389807281E+000
  1.995697109023E-001  8.746976166513E-001 -2.857081958428E+000  8.324580329980E+000
  2.029489738173E-001  8.650901319680E-001 -2.829114631886E+000  8.227955826677E+000
  2.063662873085E-001  8.554700152318E-001 -2.801162249546E+000  8.131531719900E+000
  2.098220026275E-001  8.458383570500E-001 -2.773228598823E+000  8.035323342928E+000
  2.133164763746E-001  8.361962475753E-001 -2.745317448523E+000  7.939345934663E+000
  2.168500705817E-001  8.265447763148E-001 -2.717432547740E+000  7.843614634478E+000
  2.204231527988E-001  8.168850319387E-001 -2.689577624756E+000  7.748144477042E+000
  2.240360961807E-001  8.072181020892E-001 -2.661756385934E+000  7.652950387117E+000
  2.276892795770E-001  7.975450731898E-001 -2.633972514619E+000  7.558047174342E+000
  2.313830876220E-001  7.878670302552E-001 -2.606229670024E+000  7.463449527988E+000
  2.351179108282E-001  7.781850567013E-001 -2.578531486129E+000  7.369172011711E+000
  2.388941456809E-001  7.685002341567E-001 -2.550881570572E+000  7.275229058281E+000
  2.427121947345E-001  7.588136422742E-001 -2.523283503545E+000  7.181634964306E+000
  2.465724667110E-001  7.491263585438E-001 -2.495740836693E+000  7.088403884952E+000
  2.504753766009E-001  7.394394581069E-001 -2.468257092007E+000  6.995549828650E+000
  2.544213457654E-001  7.297540135712E-001 -2.440835760735E+000  6.903086651811E+000
  2.584108020414E-001  7.200710948277E-001 -2.413480302280E+000  6.811028053539E+000
  2.624441798480E-001  7.103917688688E-001 -2.386194143118E+000  6.719387570346E+000
  2.665219202956E-001  7.007170996082E-001 -2.358980675710E+000  6.628178570887E+000
  2.706444712976E-001  6.910481477031E-001 -2.331843257431E+000  6.537414250693E+000
  2.748122876832E-001  6.813859703774E-001 -2.304785209493E+000  6.447107626932E+000
  2.790258313137E-001  6.717316212486E-001 -2.277809815891E+000  6.357271533184E+000
  2.832855712010E-001  6.620861501555E-001 -2.250920322347E+000  6.267918614238E+000
  2.875919836279E-001  6.524506029896E-001 -2.224119935268E+000  6.179061320926E+000
  2.919455522717E-001  6.428260215286E-001 -2.197411820717E+000  6.090711904974E+000
  2.963467683296E-001  6.332134432726E-001 -2.170799103389E+000  6.002882413905E+000
  3.007961306479E-001  6.236139012841E-001 -2.144284865611E+000  5.915584685969E+000
  3.052941458522E-001  6.140284240306E-001 -2.117872146343E+000  5.828830345126E+000
  3.098413284823E-001  6.044580352303E-001 -2.091563940203E+000  5.742630796075E+000
  3.144382011281E-001  5.949037537022E-001 -2.065363196506E+000  5.656997219337E+000
  3.190852945695E-001  5.853665932193E-001 -2.039272818315E+000  5.571940566397E+000
  3.237831479192E-001  5.758475623658E-001 -2.013295661518E+000  5.487471554910E+000
  3.285323087679E-001  5.663476643987E-001 -1.987434533917E+000  5.403600663975E+000
  3.333333333333E-001  5.568678971129E-001 -1.961692194343E+000  5.320338129482E+000
  3.381867866117E-001  5.474092527118E-001 -1.936071351786E+000  5.237693939538E+000
  3.430932425333E-001  5.379727176816E-001 -1.910574664553E+000  5.155677829978E+000
  3.480532841203E-001  5.285592726707E-001 -1.885204739445E+000  5.074299279963E+000
  3.530675036492E-001  5.191698923743E-001 -1.859964130965E+000  4.993567507675E+000
  3.581365028158E-001  5.098055454234E-001 -1.834855340544E+000  4.913491466110E+000
  3.632608929041E-001  5.004671942803E-001 -1.809880815797E+000  4.834079838980E+000
  3.684412949588E-001  4.911557951380E-001 -1.785042949814E+000  4.755341036722E+000
  3.736783399619E-001  4.818722978267E-001 -1.760344080466E+000  4.677283192630E+000
  3.789726690123E-001  4.726176457251E-001 -1.735786489757E+000  4.599914159101E+000
  3.843249335105E-001  4.633927756777E-001 -1.711372403195E+000  4.523241504024E+000
  3.897357953460E-001  4.541986179190E-001 -1.687103989205E+000  4.447272507287E+000
  3.952059270903E-001  4.450360960028E-001 -1.662983358570E+000  4.372014157439E+000
  4.007360121927E-001  4.359061267387E-001 -1.639012563910E+000  4.297473148492E+000
  4.063267451812E-001  4.268096201346E-001 -1.615193599200E+000  4.223655876876E+000
  4.119788318683E-001  4.177474793460E-001 -1.591528399317E+000  4.150568438553E+000
  4.176929895600E-001  4.087206006324E-001 -1.568018839634E+000  4.078216626302E+000
  4.234699472710E-001  3.997298733194E-001 -1.544666735654E+000  4.006605927164E+000
  4.293104459435E-001  3.907761797695E-001 -1.521473842675E+000  3.935741520077E+000
  4.352152386716E-001  3.818603953580E-001 -1.498441855509E+000  3.865628273680E+000
  4.411850909306E-001  3.729833884578E-001 -1.475572408238E+000  3.796270744324E+000
  4.472207808110E-001  3.641460204299E-001 -1.452867074014E+000  3.727673174261E+000
  4.533230992589E-001  3.553491456222E-001 -1.430327364907E+000  3.659839490045E+000
  4.594928503202E-001  3.465936113751E-001 -1.407954731795E+000  3.592773301141E+000
  4.657308513924E-001  3.378802580343E-001 -1.385750564305E+000  3.526477898738E+000
  4.720379334802E-001  3.292099189716E-001 -1.363716190802E+000  3.460956254793E+000
  4.784149414579E-001  3.205834206122E-001 -1.341852878422E+000  3.396211021290E+000
  4.848627343381E-001  3.120015824698E-001 -1.320161833161E+000  3.332244529733E+000
  4.913821855461E-001  3.034652171891E-001 -1.298644200010E+000  3.269058790880E+000
  4.979741832006E-001  2.949751305954E-001 -1.277301063143E+000  3.206655494709E+000
  5.046396304008E-001  2.865321217513E-001 -1.256133446161E+000  3.145036010634E+000
  5.113794455212E-001  2.781369830206E-001 -1.235142312377E+000  3.084201387978E+000
  5.181945625116E-001  2.697905001393E-001 -1.214328565169E+000  3.024152356692E+000
  5.250859312060E-001  2.614934522934E-001 -1.193693048372E+000  2.964889328342E+000
  5.320545176366E-001  2.532466122038E-001 -1.173236546738E+000  2.906412397359E+000
  5.391013043575E-001  2.450507462170E-001 -1.152959786440E+000  2.848721342560E+000
  5.462272907741E-001  2.369066144030E-001 -1.132863435633E+000  2.791815628939E+000
  5.534334934816E-001  2.288149706590E-001 -1.112948105074E+000  2.735694409735E+000
  5.607209466109E-001  2.207765628193E-001 -1.093214348790E+000  2.680356528786E+000
  5.680907021827E-001  2.127921327704E-001 -1.073662664808E+000  2.625800523156E+000
  5.755438304707E-001  2.048624165722E-001 -1.054293495936E+000  2.572024626061E+000
  5.830814203728E-001  1.969881445840E-001 -1.035107230597E+000  2.519026770068E+000
  5.907045797917E-001  1.891700415950E-001 -1.016104203717E+000  2.466804590597E+000
  5.984144360243E-001  1.814088269594E-001 -9.972846976772E-001  2.415355429706E+000
  6.062121361613E-001  1.737052147359E-001 -9.786489433010E-001  2.364676340176E+000
  6.140988474955E-001  1.660599138301E-001 -9.601971209101E-001  2.314764089881E+000
  6.220757579409E-001  1.584736281405E-001 -9.419293614241E-001  2.265615166458E+000
  6.301440764614E-001  1.509470567069E-001 -9.238457475125E-001  2.217225782267E+000
  6.383050335109E-001  1.434808938610E-001 -9.059463147972E-001  2.169591879645E+000
  6.465598814833E-001  1.360758293789E-001 -8.882310531037E-001  2.122709136452E+000
  6.549098951744E-001  1.287325486341E-001 -8.706999077584E-001  2.076572971902E+000
  6.633563722545E-001  1.214517327511E-001 -8.533527809335E-001  2.031178552683E+000
  6.719006337539E-001  1.142340587588E-001 -8.361895330346E-001  1.986520799366E+000
  6.805440245593E-001  1.070801997435E-001 -8.192099841319E-001  1.942594393083E+000
  6.892879139233E-001  9.999082499924E-002 -8.024139154314E-001  1.899393782492E+000
  6.981336959871E-001  9.296660017683E-002 -7.858010707848E-001  1.856913191006E+000
  7.070827903152E-001  8.600818742932E-002 -7.693711582360E-001  1.815146624288E+000
  7.161366424455E-001  7.911624555374E-002 -7.531238516007E-001  1.774087878010E+000
  7.252967244510E-001  7.229143012816E-002 -7.370587920786E-001  1.733730545854E+000
  7.345645355186E-001  6.553439364329E-002 -7.211755898933E-001  1.694068027769E+000
  7.439416025400E-001  5.884578562761E-002 -7.054738259583E-001  1.655093538457E+000
  7.534294807203E-001  5.222625276533E-002 -6.899530535664E-001  1.616800116085E+000
  7.630297542000E-001  4.567643900609E-002 -6.746128000981E-001  1.579180631219E+000
  7.727440366954E-001  3.919698566559E-002 -6.594525687463E-001  1.542227795956E+000
  7.825739721536E-001  3.278853151607E-002 -6.444718402544E-001  1.505934173261E+000
  7.925212354258E-001  2.645171286572E-002 -6.296700746634E-001  1.470292186477E+000
  8.025875329584E-001  2.018716362606E-002 -6.150467130638E-001  1.435294129012E+000
  8.127746035011E-001  1.399551536618E-002 -6.006011793496E-001  1.400932174173E+000
  8.230842188350E-001  7.877397352872E-003 -5.863328819700E-001  1.367198385149E+000
  8.335181845190E-001  1.833436575587E-003 -5.722412156726E-001  1.334084725117E+000
  8.440783406568E-001 -4.135742244801E-003 -5.583255632377E-001  1.301583067456E+000
  8.547665626839E-001 -1.002951666450E-002 -5.445852971947E-001  1.269685206054E+000
  8.655847621758E-001 -1.584726654363E-002 -5.310197815197E-001  1.238382865693E+000
  8.765348876780E-001 -2.158837409239E-002 -5.176283733074E-001  1.207667712486E+000
  8.876189255584E-001 -2.725222393768E-002 -5.044104244132E-001  1.177531364357E+000
  8.988389008829E-001 -3.283820321113E-002 -4.913652830608E-001  1.147965401537E+000
  9.101968783143E-001 -3.834570165960E-002 -4.784922954101E-001  1.118961377051E+000
  9.216949630368E-001 -4.377411177913E-002 -4.657908070797E-001  1.090510827195E+000
  9.333353017046E-001 -4.912282897341E-002 -4.532601646208E-001  1.062605281956E+000
  9.451200834176E-001 -5.439125173751E-002 -4.408997169352E-001  1.035236275368E+000
  9.570515407237E-001 -5.957878186802E-002 -4.287088166331E-001  1.008395355782E+000
  9.691319506484E-001 -6.468482470036E-002 -4.166868213268E-001  9.820740960194E-001
  9.813636357544E-001 -6.970878937406E-002 -4.048330948524E-001  9.562641033872E-001
  9.937489652293E-001 -7.465008912685E-002 -3.931470084178E-001  9.309570295363E-001
  1.006290356005E+000 -7.950814161831E-002 -3.816279416686E-001  9.061445801330E-001
  1.018990273907E+000 -8.428236928368E-002 -3.702752836696E-001  8.818185243210E-001
  1.031851234841E+000 -8.897219971840E-002 -3.590884337958E-001  8.579707039506E-001
  1.044875806003E+000 -9.357706609403E-002 -3.480668025276E-001  8.345930425482E-001
  1.058066607138E+000 -9.809640760587E-002 -3.372098121476E-001  8.116775540037E-001
  1.071426311823E+000 -1.025296699526E-001 -3.265168973318E-001  7.892163509491E-001
  1.084957648792E+000 -1.068763058484E-001 -3.159875056342E-001  7.672016528051E-001
  1.098663403298E+000 -1.111357755675E-001 -3.056210978573E-001  7.456257934718E-001
  1.112546418516E+000 -1.153075475209E-001 -2.954171483080E-001  7.244812286386E-001
  1.126609596985E+000 -1.193910988665E-001 -2.853751449329E-001  7.037605426907E-001
  1.140855902095E+000 -1.233859161503E-001 -2.754945893316E-001  6.834564551898E-001
  1.155288359613E+000 -1.272914959805E-001 -2.657749966439E-001  6.635618269057E-001
  1.169910059257E+000 -1.311073457325E-001 -2.562158953093E-001  6.440696653792E-001
  1.184724156317E+000 -1.348329842853E-001 -2.468168266967E-001  6.249731299945E-001
  1.199733873325E+000 -1.384679427878E-001 -2.375773446017E-001  6.062655365428E-001
  1.214942501771E+000 -1.420117654538E-001 -2.284970146113E-001  5.879403612587E-001
  1.230353403874E+000 -1.454640103867E-001 -2.195754133353E-001  5.699912443123E-001
  1.245970014403E+000 -1.488242504296E-001 -2.108121275039E-001  5.524119927416E-001
  1.261795842559E+000 -1.520920740421E-001 -2.022067529309E-001  5.351965828123E-001
  1.277834473907E+000 -1.552670862010E-001 -1.937588933460E-001  5.183391617910E-001
  1.294089572372E+000 -1.583489093227E-001 -1.854681590947E-001  5.018340491231E-001
  1.310564882294E+000 -1.613371842072E-001 -1.773341657101E-001  4.856757370059E-001
  1.327264230548E+000 -1.642315710001E-001 -1.693565323582E-001  4.698588903507E-001
  1.344191528724E+000 -1.670317501703E-001 -1.615348801607E-001  4.543783461293E-001
  1.361350775387E+000 -1.697374235023E-001 -1.538688303994E-001  4.392291121039E-001
  1.378746058390E+000 -1.723483150993E-001 -1.463580026064E-001  4.244063649388E-001
  1.396381557275E+000 -1.748641723950E-001 -1.390020125460E-001  4.099054476989E-001
  1.414261545744E+000 -1.772847671711E-001 -1.318004700953E-001  3.957218667384E-001
  1.432390394201E+000 -1.796098965766E-001 -1.247529770284E-001  3.818512879894E-001
  1.450772572390E+000 -1.818393841476E-001 -1.178591247143E-001  3.682895326595E-001
  1.469412652102E+000 -1.839730808221E-001 -1.111184917347E-001  3.550325723537E-001
  1.488315309978E+000 -1.860108659475E-001 -1.045306414326E-001  3.420765236359E-001
  1.507485330398E+000 -1.879526482769E-001 -9.809511940004E-002  3.294176420491E-001
  1.526927608467E+000 -1.897983669510E-001 -9.181145091630E-002  3.170523156181E-001
  1.546647153093E+000 -1.915479924603E-001 -8.567913834763E-002  3.049770578580E-001
  1.566649090169E+000 -1.932015275856E-001 -7.969765851992E-002  2.931885003179E-001
  1.586938665861E+000 -1.947590083110E-001 -7.386646007712E-002  2.816833846907E-001
  1.607521250000E+000 -1.962205047072E-001 -6.818496083806E-002  2.704585545224E-001
  1.628402339588E+000 -1.975861217795E-001 -6.265254516543E-002  2.595109465582E-001
  1.649587562420E+000 -1.988560002771E-001 -5.726856136065E-002  2.488375817645E-001
  1.671082680832E+000 -2.000303174601E-001 -5.203231909920E-002  2.384355560694E-001
  1.692893595565E+000 -2.011092878194E-001 -4.694308692101E-002  2.283020308657E-001
  1.715026349769E+000 -2.020931637465E-001 -4.200008979100E-002  2.184342233237E-001
  1.737487133138E+000 -2.029822361481E-001 -3.720250674503E-002  2.088293965635E-001
  1.760282286187E+000 -2.037768350044E-001 -3.254946863651E-002  1.994848497361E-001
  1.783418304674E+000 -2.044773298638E-001 -2.804005599918E-002  1.903979080689E-001
  1.806901844175E+000 -2.050841302749E-001 -2.367329704128E-002  1.815659129274E-001
  1.830739724818E+000 -2.055976861498E-001 -1.944816578636E-002  1.729862119504E-001
  1.854938936184E+000 -2.060184880571E-001 -1.536358037560E-002  1.646561493148E-001
  1.879506642368E+000 -2.063470674420E-001 -1.141840154617E-002  1.565730561870E-001
  1.904450187236E+000 -2.065839967715E-001 -7.611431299671E-003  1.487342414180E-001
  1.929777099847E+000 -2.067298896032E-001 -3.941411774067E-003  1.411369825419E-001
  1.955495100083E+000 -2.067854005753E-001 -4.070243318102E-004  1.337785171308E-001
  1.981612104475E+000 -2.067512253185E-001  2.993111123995E-003  1.266560345664E-001
  2.008136232230E+000 -2.066281002877E-001  6.260436594558E-003  1.197666682806E-001
  2.035075811486E+000 -2.064168025157E-001  9.396456181729E-003  1.131074885186E-001
  2.062439385788E+000 -2.061181492871E-001  1.240273602718E-002  1.066754956764E-001
  2.090235720801E+000 -2.057329977356E-001  1.528090398724E-002  1.004676142613E-001
  2.118473811262E+000 -2.052622443654E-001  1.803264903779E-002  9.448068751908E-002
  2.147162888201E+000 -2.047068244996E-001  2.065972040487E-002  8.871147277276E-002
  2.176312426413E+000 -2.040677116580E-001  2.316392641889E-002  8.315663750851E-002
  2.205932152222E+000 -2.033459168693E-001  2.554713309156E-002  7.781275624445E-002
  2.236032051522E+000 -2.025424879199E-001  2.781126241681E-002  7.267630821054E-002
  2.266622378129E+000 -2.016585085461E-001  2.995829039906E-002  6.774367586408E-002
  2.297713662445E+000 -2.006950975742E-001  3.199024481388E-002  6.301114425913E-002
  2.329316720450E+000 -1.996534080154E-001  3.390920270846E-002  5.847490128284E-002
  2.361442663038E+000 -1.985346261218E-001  3.571728765124E-002  5.413103876531E-002
  2.394102905709E+000 -1.973399704104E-001  3.741666674231E-002  4.997555446306E-002
  2.427309178642E+000 -1.960706906648E-001  3.900954739826E-002  4.600435491009E-002
  2.461073537146E+000 -1.947280669210E-001  4.049817392727E-002  4.221325912307E-002
  2.495408372530E+000 -1.933134084476E-001  4.188482391237E-002  3.859800314103E-002
  2.530326423398E+000 -1.918280527290E-001  4.317180442277E-002  3.515424537227E-002
  2.565840787378E+000 -1.902733644622E-001  4.436144807508E-002  3.187757271494E-002
  2.601964933334E+000 -1.886507345754E-001  4.545610896826E-002  2.876350741037E-002
  2.638712714049E+000 -1.869615792811E-001  4.645815851738E-002  2.580751458197E-002
  2.676098379430E+000 -1.852073391715E-001  4.736998121348E-002  2.300501040571E-002
  2.714136590232E+000 -1.833894783680E-001  4.819397033750E-002  2.035137085223E-002
  2.752842432351E+000 -1.815094837345E-001  4.893252365792E-002  1.784194093487E-002
  2.792231431696E+000 -1.795688641645E-001  4.958803914241E-002  1.547204439250E-002
  2.832319569669E+000 -1.775691499513E-001  5.016291071456E-002  1.323699373114E-002
  2.873123299289E+000 -1.755118922517E-001  5.065952408715E-002  1.113210054453E-002
  2.914659561979E+000 -1.733986626498E-001  5.108025270365E-002  9.152686029945E-003
  2.956945805065E+000 -1.712310528314E-001  5.142745381919E-002  7.294091612831E-003
  3.000000000000E+000 -1.690106743733E-001  5.170346475220E-002  5.551689592159E-003
  3.043840661365E+000 -1.667391586559E-001  5.191059933662E-002  3.920893716875E-003
  3.088486866678E+000 -1.644181569030E-001  5.205114460378E-002  2.397169603902E-003
  3.133958277047E+000 -1.620493403528E-001  5.212735772136E-002  9.760449086910E-004
  3.180275158719E+000 -1.596344005622E-001  5.214146321519E-002 -3.468808389202E-004
  3.227458405560E+000 -1.571750498456E-001  5.209565049730E-002 -1.575926818229E-003
  3.275529562509E+000 -1.546730218482E-001  5.199207172136E-002 -2.715322001616E-003
  3.324510850077E+000 -1.521300722491E-001  5.183283998370E-002 -3.769196815443E-003
  3.374425189910E+000 -1.495479795932E-001  5.162002788515E-002 -4.741575448959E-003
  3.425296231502E+000 -1.469285462423E-001  5.135566646557E-002 -5.636368875921E-003
  3.477148380094E+000 -1.442735994403E-001  5.104174451941E-002 -6.457368646466E-003
  3.530006825834E+000 -1.415849924802E-001  5.068020829682E-002 -7.208241498850E-003
  3.583897574256E+000 -1.388646059619E-001  5.027296159094E-002 -7.892524832095E-003
  3.638847478148E+000 -1.361143491251E-001  4.982186620803E-002 -8.513623071388E-003
  3.694884270887E+000 -1.333361612432E-001  4.932874281283E-002 -9.074804948514E-003
  3.752036601308E+000 -1.305320130569E-001  4.879537213754E-002 -9.579201709603E-003
  3.810334070199E+000 -1.277039082288E-001  4.822349653850E-002 -1.002980625232E-002
  3.869807268505E+000 -1.248538847958E-001  4.761482188086E-002 -1.042947318445E-002
  3.930487817331E+000 -1.219840165955E-001  4.697101972731E-002 -1.078091978553E-002
  3.992408409843E+000 -1.190964146386E-001  4.629372980332E-002 -1.108672784342E-002
  4.055602855172E+000 -1.161932284022E-001  4.558456270788E-002 -1.134934632802E-002
  4.120106124432E+000 -1.132766470119E-001  4.484510283521E-002 -1.157109485521E-002
  4.185954398964E+000 -1.103489002839E-001  4.407691147033E-002 -1.175416788578E-002
  4.253185120935E+000 -1.074122595944E-001  4.328153001844E-002 -1.190063959634E-002
  4.321837046422E+000 -1.044690385435E-001  4.246048332612E-002 -1.201246935254E-002
  4.391950301120E+000 -1.015215933801E-001  4.161528305046E-002 -1.209150770891E-002
  4.463566438835E+000 -9.857232315534E-002  4.074743103108E-002 -1.213950285505E-002
  4.536728502895E+000 -9.562366956787E-002  3.985842261896E-002 -1.215810742445E-002
  4.611481090679E+000 -9.267811646941E-002  3.894974991583E-002 -1.214888557928E-002
  4.687870421430E+000 -8.973818899585E-002  3.802290487800E-002 -1.211332028392E-002
  4.765944407533E+000 -8.680645229146E-002  3.707938223902E-002 -1.205282067948E-002
  4.845752729492E+000 -8.388550979426E-002  3.612068220672E-002 -1.196872947305E-002
  4.927346914797E+000 -8.097800105228E-002  3.514831289192E-002 -1.186233025743E-002
  5.010780420931E+000 -7.808659904185E-002  3.416379242784E-002 -1.173485468081E-002
  5.096108722763E+000 -7.521400696138E-002  3.316865074170E-002 -1.158748938992E-002
  5.183389404586E+000 -7.236295447616E-002  3.216443094312E-002 -1.142138267556E-002
  5.272682257105E+000 -6.953619339287E-002  3.115269029655E-002 -1.123765075539E-002
  5.364049379651E+000 -6.673649274521E-002  3.013500074883E-002 -1.103738363551E-002
  5.457555287978E+000 -6.396663327596E-002  2.911294898649E-002 -1.082165049944E-002
  5.553267027968E+000 -6.122940130438E-002  2.808813600142E-002 -1.059150458048E-002
  5.651254295630E+000 -5.852758197239E-002  2.706217614753E-002 -1.034798748149E-002
  5.751589563796E+000 -5.586395186753E-002  2.603669567571E-002 -1.009213291324E-002
  5.854348215936E+000 -5.324127102603E-002  2.501333073827E-002 -9.824969830770E-003
  5.959608687557E+000 -5.066227432481E-002  2.399372485916E-002 -9.547524954366E-003
  6.067452615683E+000 -4.812966227718E-002  2.297952587057E-002 -9.260824669013E-003
  6.177964996951E+000 -4.564609125383E-002  2.197238232138E-002 -8.965896303123E-003
  6.291234354880E+000 -4.321416315729E-002  2.097393936778E-002 -8.663768793690E-003
  6.407352916949E+000 -4.083641458577E-002  1.998583416121E-002 -8.355472750984E-003
  6.526416802128E+000 -3.851530553004E-002  1.900969075379E-002 -8.042039941337E-003
  6.648526219580E+000 -3.625320765544E-002  1.804711454662E-002 -7.724502211500E-003
  6.773785679311E+000 -3.405239222993E-002  1.709968631127E-002 -7.403889882539E-003
  6.902304215570E+000 -3.191501776812E-002  1.616895582037E-002 -7.081229645179E-003
  7.034195623922E+000 -2.984311747105E-002  1.525643512849E-002 -6.757541992154E-003
  7.169578712934E+000 -2.783858655109E-002  1.436359154999E-002 -6.433838226328E-003
  7.308577571516E+000 -2.590316954134E-002  1.349184038646E-002 -6.111117086328E-003
  7.451321853057E+000 -2.403844769939E-002  1.264253746184E-002 -5.790361034151E-003
  7.597947077547E+000 -2.224582662491E-002  1.181697152944E-002 -5.472532251792E-003
  7.748594953021E+000 -2.052652422077E-002  1.101635662073E-002 -5.158568396402E-003
  7.903413717736E+000 -1.888155913677E-002  1.024182441187E-002 -4.849378165892E-003
  8.062558504629E+000 -1.731173984385E-002  9.494416689475E-003 -4.545836729256E-003
  8.226191729726E+000 -1.581765449485E-002  8.775078002819E-003 -4.248781078248E-003
  8.394483506327E+000 -1.439966173451E-002  8.084648594642E-003 -3.959005359299E-003
  8.567612086926E+000 -1.305788262683E-002  7.423857707606E-003 -3.677256246833E-003
  8.745764335025E+000 -1.179219387157E-002  6.793317367277E-003 -3.404228421170E-003
  8.929136229160E+000 -1.060222248277E-002  6.193516745640E-003 -3.140560216101E-003
  9.117933401693E+000 -9.487342100932E-003  5.624817211167E-003 -2.886829502716E-003
  9.312371715124E+000 -8.446671106514E-003  5.087448172099E-003 -2.643549877190E-003
  9.512677878945E+000 -7.479072694241E-003  4.581503818625E-003 -2.411167220656E-003
  9.719090110332E+000 -6.583157056635E-003  4.106940866916E-003 -2.190056699074E-003
  9.931858842267E+000 -5.757285809307E-003  3.663577403008E-003 -1.980520269743E-003
  1.015124748302E+001 -4.999578770461E-003  3.251092917329E-003 -1.782784758854E-003
  1.037753323129E+001 -4.307923182095E-003  2.869029610842E-003 -1.597000570891E-003
  1.061100795175E+001 -3.679985430544E-003  2.516795041195E-003 -1.423241085689E-003
  1.085197911611E+001 -3.113225289094E-003  2.193666161790E-003 -1.261502792436E-003
  1.110077081537E+001 -2.604912665567E-003  1.898794788235E-003 -1.111706201635E-003
  1.135772484956E+001 -2.152146793266E-003  1.631214505195E-003 -9.736975661079E-004
  1.162320190175E+001 -1.751877754844E-003  1.389849002316E-003 -8.472514303221E-004
  1.189758280382E+001 -1.400930176255E-003  1.173521800936E-003 -7.320740138432E-004
  1.218126990242E+001 -1.096028872807E-003  9.809673039010E-004 -6.278074195603E-004
  1.247468853413E+001 -8.338261726547E-004  8.108430696937E-004 -5.340346407024E-004
  1.277828862002E+001 -6.109305862415E-004  6.617431796127E-004 -4.502853228443E-004
  1.309254639077E+001 -4.239364350064E-004  5.322125340005E-004 -3.760422184273E-004
  1.341796625462E+001 -2.694540009640E-004  4.207618812322E-004 -3.107482522543E-004
  1.375508282195E+001 -1.441397128545E-004  3.258833526120E-004 -2.538140975157E-004
  1.410446310162E+001 -4.472584671854E-005  2.460662486629E-004 -2.046261437981E-004
  1.446670888596E+001  3.195080850739E-005  1.798127989062E-004 -1.625547219527E-004
  1.484245934302E+001  8.892188400481E-005  1.256535995250E-004 -1.269624364247E-004
  1.523239383723E+001  1.290625251711E-004  8.216242270190E-005 -9.721244450101E-005
  1.563723500136E+001  1.550691906582E-004  4.797008926426E-005 -7.267651472458E-005
  1.605775208607E+001  1.694406624912E-004  2.177710373543E-005 -5.274269422601E-005
  1.649476461582E+001  1.744627155532E-004  2.364768925414E-006 -3.682241761577E-005
  1.694914638379E+001  1.721968165205E-004 -1.139547364153E-005 -2.435689888024E-005
  1.742182982203E+001  1.644731245174E-004 -2.053469075086E-005 -1.482266274878E-005
  1.791381078784E+001  1.528879502317E-004 -2.598125405328E-005 -7.736093283908E-006
  1.842615381215E+001  1.388057000917E-004 -2.855788731799E-005 -2.656904706961E-006
  1.895999786176E+001  1.233651917635E-004 -2.898099671813E-005  8.095279462085E-007
  1.951656267356E+001  1.074900823117E-004 -2.786224222378E-005  3.011003886861E-006
  2.009715572669E+001  9.190300757754E-005 -2.571223164918E-005  4.248483199855E-006
  2.070317992707E+001  7.714289820209E-005 -2.294614381852E-005  4.777170133251E-006
  2.133614208874E+001  6.358482215224E-005 -1.989101778535E-005  4.808598427964E-006
  2.199766230782E+001  5.146161340820E-005 -1.679438531188E-005  4.513587625786E-006
  2.268948433818E+001  4.088648866942E-005 -1.383387797402E-005  4.025908422523E-006
  2.341348709294E+001  3.187583414771E-005 -1.112741187423E-005  3.446471963433E-006
  2.417169741362E+001  2.437136621953E-005 -8.743544698651E-006  2.847844298129E-006
  2.496630426925E+001  1.826093365686E-005 -6.711613180536E-006  2.278884260600E-006
  2.579967457140E+001  1.339733292161E-005 -5.031293827046E-006  1.769311328315E-006
  2.667437081864E+001  9.614645806166E-006 -3.681284207116E-006  1.334029192916E-006
  2.759317081651E+001  6.741771532914E-006 -2.626872624452E-006  9.770595741434E-007
  2.855908975674E+001  4.613001618317E-006 -1.826245481450E-006  6.949770743105E-007
  2.957540498378E+001  3.075661952465E-006 -1.235467763421E-006  4.797767096698E-007
  3.064568382919E+001  1.995008769880E-006 -8.121559153728E-007  3.211477882159E-007
  3.177381495601E+001  1.256700650201E-006 -5.179371390465E-007  2.081675093624E-007
  3.296404372807E+001  7.672671075132E-007 -3.198489009981E-007  1.304617731977E-007
  3.422101220608E+001  4.530493205133E-007 -1.908729473652E-007  7.890659131402E-008
  3.554980447538E+001  2.580985350729E-007 -1.098173050402E-007  4.595955902125E-008
  3.695599813319E+001  1.414861085516E-007 -6.075802972836E-008  2.571664526594E-008
  3.844572291106E+001  7.441410562627E-008 -3.223265004718E-008  1.378587526181E-008
  4.002572758518E+001  3.742819497221E-008 -1.634409325373E-008  7.058185251846E-009
  4.170345654134E+001  1.793830544633E-008 -7.893249178459E-009  3.439419917677E-009
  4.348713762001E+001  8.159598753306E-009 -3.616305658127E-009  1.589009225476E-009
  4.538588318162E+001  3.506990851404E-009 -1.564870260386E-009  6.929998016824E-010
  4.740980671574E+001  1.417213236487E-009 -6.364521676216E-010  2.839217655839E-010
  4.957015778746E+001  5.355260224534E-010 -2.419635263658E-010  1.086839863897E-010
  5.187947869225E+001  1.880619673855E-010 -8.546178087033E-011  3.863600724237E-011
  5.435178690397E+001  6.095473819029E-011 -2.785176531036E-011  1.266819377279E-011
  5.700278828629E+001  1.809447964070E-011 -8.310880293498E-012  3.801902251576E-012
  5.985012714155E+001  4.876900913495E-012 -2.251073721554E-012  1.035374675133E-012
  6.291368055481E+001  1.181804315270E-012 -5.480654288675E-013  2.533765388225E-013
  6.621590623276E+001  2.546466941561E-013 -1.186228707226E-013  5.510741266287E-014
  6.978225524452E+001  4.817942747812E-014 -2.253947331540E-014  1.051919580210E-014
  7.364166388185E+001  7.890483265562E-015 -3.706387397335E-015  1.737335285265E-015
  7.782714245929E+001  1.100451402009E-015 -5.189208931788E-016  2.442482380174E-016
  8.237648351994E+001  1.282734730931E-016 -6.071170986717E-017  2.868860722524E-017
  8.733311794502E+001  1.223083992728E-017 -5.809293404601E-018  2.755380497053E-018
  9.274715535088E+001  9.305507072533E-019 -4.434739396898E-019  2.110896624077E-019
  9.867665554529E+001  5.488832774336E-020 -2.624230114321E-020  1.253328787159E-020
  1.051891916055E+002  2.427228133534E-021 -1.164024517983E-021  5.577210454547E-022
  1.123637836013E+002  7.737312818189E-023 -3.721429123299E-023  1.788494425595E-023
  1.202933069206E+002  1.697771687799E-024 -8.188566234572E-025  3.946780854016E-025
  1.290875131414E+002  2.428211660094E-026 -1.174268158467E-026  5.675407782108E-027
  1.388768482001E+002  2.121491033630E-028 -1.028535709078E-028  4.984066589477E-029
  1.498173177370E+002  1.047705080164E-030 -5.091688562757E-031  2.473451933563E-031
  1.620967411853E+002  2.663710366941E-033 -1.297487951041E-033  6.317815335654E-034
  1.759428668168E+002  3.112749531149E-036 -1.519513719158E-036  7.415441507783E-037
  1.916340085825E+002  1.455512929512E-039 -7.119880361635E-040  3.481950742171E-040
  2.095131417987E+002  2.295611990421E-043 -1.125135258051E-043  5.513440481437E-044
  2.300068054477E+002  9.873675944929E-048 -4.848299661120E-048  2.380277182468E-048
  2.536507797910E+002  8.866818298398E-053 -4.361527503537E-053  2.145114019215E-053
  2.811254638474E+002  1.184202901922E-058 -5.834640677324E-059  2.874448179856E-059
  3.133053780630E+002  1.520642724685E-065 -7.503956916548E-066  3.702673844770E-066
  3.513296254502E+002  1.063583420869E-073 -5.256161826800E-074  2.597382473746E-074
  3.967041014107E+002  1.911225669111E-083 -9.458077790923E-084  4.680265034544E-084
  4.514529193350E+002  3.212903144933E-095 -1.591998955385E-095  7.888056658208E-096
  5.183481233601E+002  1.266273868396E-109 -6.281859499340E-110  3.116271595924E-110
  6.012676077950E+002  1.687631445128E-127 -8.381378519496E-128  4.162395404306E-128
  7.057700503752E+002  4.737197712624E-150 -2.355044181230E-150  1.170764142972E-150
  8.400513767914E+002  4.670187853839E-179 -2.323884635156E-179  1.156351122740E-179
  1.016602135495E+003  3.153116775105E-217 -1.570313563493E-217  7.820405533800E-218
  1.255220715579E+003  7.372538242639E-269 -3.674458539216E-269  1.831333438304E-269
  1.588815776243E+003  0.000000000000E+000  0.000000000000E+000  0.000000000000E+000
  2.075392011604E+003  0.000000000000E+000  0.000000000000E+000  0.000000000000E+000
  2.825079847528E+003  0.000000000000E+000  0.000000000000E+000  0.000000000000E+000
  4.068408296183E+003  0.000000000000E+000  0.000000000000E+000  0.000000000000E+000
  6.357262947672E+003  0.000000000000E+000  0.000000000000E+000  0.000000000000E+000
  1.130231930164E+004  0.000000000000E+000  0.000000000000E+000  0.000000000000E+000
  2.543105175136E+004  0.000000000000E+000  0.000000000000E+000  0.000000000000E+000
  1.017262069952E+005  0.000000000000E+000  0.000000000000E+000  0.000000000000E+000
