# 1st line: number of mesh points
# rho and r_seitz are calculated from total density
# zeta and r_seitz only correct of rho > 1d-12

# abcissa rho drho ddrho zeta r_seitz
500
  9.830308526563E-006  1.757407365728E+002 -1.065833634150E+003  6.714975211383E+003  4.424728130953E-006  2.574836187127E-001
  3.932200719722E-005  1.757093062485E+002 -1.065635617154E+003  6.713684801992E+003  4.424753397624E-006  2.574989704155E-001
  8.847741541467E-005  1.756569326048E+002 -1.065305656087E+003  6.711534573933E+003  4.424795462600E-006  2.575245597257E-001
  1.573003992805E-004  1.755836309834E+002 -1.064843851816E+003  6.708525208409E+003  4.424854257152E-006  2.575603913527E-001
  2.457963722418E-004  1.754894228547E+002 -1.064250345499E+003  6.704657658731E+003  4.424929684611E-006  2.576064718922E-001
  3.539722959954E-004  1.753743358103E+002 -1.063525318533E+003  6.699933149941E+003  4.425021620763E-006  2.576628098288E-001
  4.818366816529E-004  1.752384035532E+002 -1.062668992488E+003  6.694353178331E+003  4.425129913600E-006  2.577294155391E-001
  6.293995911626E-004  1.750816658856E+002 -1.061681629019E+003  6.687919510858E+003  4.425254382974E-006  2.578063012955E-001
  7.966726389935E-004  1.749041686946E+002 -1.060563529772E+003  6.680634184446E+003  4.425394821152E-006  2.578934812713E-001
  9.836689940782E-004  1.747059639358E+002 -1.059315036267E+003  6.672499505191E+003  4.425550991495E-006  2.579909715457E-001
  1.190403382016E-003  1.744871096145E+002 -1.057936529768E+003  6.663518047445E+003  4.425722629818E-006  2.580987901101E-001
  1.416892087541E-003  1.742476697650E+002 -1.056428431143E+003  6.653692652814E+003  4.425909442492E-006  2.582169568750E-001
  1.663152957245E-003  1.739877144275E+002 -1.054791200702E+003  6.643026429032E+003  4.426111107800E-006  2.583454936774E-001
  1.929205402573E-003  1.737073196232E+002 -1.053025338022E+003  6.631522748742E+003  4.426327274359E-006  2.584844242895E-001
  2.215070403073E-003  1.734065673263E+002 -1.051131381761E+003  6.619185248169E+003  4.426557562636E-006  2.586337744273E-001
  2.520770509919E-003  1.730855454353E+002 -1.049109909452E+003  6.606017825683E+003  4.426801562214E-006  2.587935717611E-001
  2.846329849692E-003  1.727443477407E+002 -1.046961537285E+003  6.592024640267E+003  4.427058833471E-006  2.589638459254E-001
  3.191774128432E-003  1.723830738917E+002 -1.044686919872E+003  6.577210109877E+003  4.427328906385E-006  2.591446285310E-001
  3.557130635959E-003  1.720018293599E+002 -1.042286750003E+003  6.561578909697E+003  4.427611280745E-006  2.593359531763E-001
  3.942428250463E-003  1.716007254016E+002 -1.039761758377E+003  6.545135970295E+003  4.427905425105E-006  2.595378554610E-001
  4.347697443358E-003  1.711798790172E+002 -1.037112713332E+003  6.527886475675E+003  4.428210776820E-006  2.597503729996E-001
  4.772970284417E-003  1.707394129096E+002 -1.034340420545E+003  6.509835861230E+003  4.428526740745E-006  2.599735454357E-001
  5.218280447175E-003  1.702794554392E+002 -1.031445722733E+003  6.490989811592E+003  4.428852691337E-006  2.602074144575E-001
  5.683663214611E-003  1.698001405779E+002 -1.028429499330E+003  6.471354258379E+003  4.429187968607E-006  2.604520238139E-001
  6.169155485101E-003  1.693016078604E+002 -1.025292666149E+003  6.450935377853E+003  4.429531879710E-006  2.607074193316E-001
  6.674795778653E-003  1.687840023339E+002 -1.022036175038E+003  6.429739588467E+003  4.429883699474E-006  2.609736489328E-001
  7.200624243425E-003  1.682474745051E+002 -1.018661013516E+003  6.407773548320E+003  4.430242666972E-006  2.612507626540E-001
  7.746682662519E-003  1.676921802862E+002 -1.015168204394E+003  6.385044152518E+003  4.430607987041E-006  2.615388126651E-001
  8.313014461060E-003  1.671182809376E+002 -1.011558805386E+003  6.361558530430E+003  4.430978829533E-006  2.618378532905E-001
  8.899664713569E-003  1.665259430098E+002 -1.007833908706E+003  6.337324042856E+003  4.431354327539E-006  2.621479410298E-001
  9.506680151615E-003  1.659153382827E+002 -1.003994640648E+003  6.312348279099E+003  4.431733577292E-006  2.624691345804E-001
  1.013410917176E-002  1.652866437026E+002 -1.000042161156E+003  6.286639053942E+003  4.432115638938E-006  2.628014948604E-001
  1.078200184380E-002  1.646400413185E+002 -9.959776633789E+002  6.260204404528E+003  4.432499533280E-006  2.631450850325E-001
  1.145040991929E-002  1.639757182150E+002 -9.918023732140E+002  6.233052587160E+003  4.432884242784E-006  2.634999705295E-001
  1.213938684040E-002  1.632938664442E+002 -9.875175488346E+002  6.205192073997E+003  4.433268709841E-006  2.638662190797E-001
  1.284898774901E-002  1.625946829555E+002 -9.831244802076E+002  6.176631549672E+003  4.433651837263E-006  2.642439007343E-001
  1.357926949620E-002  1.618783695233E+002 -9.786244885966E+002  6.147379907811E+003  4.434032485654E-006  2.646330878949E-001
  1.433029065191E-002  1.611451326732E+002 -9.740189260529E+002  6.117446247471E+003  4.434409473625E-006  2.650338553430E-001
  1.510211151509E-002  1.603951836065E+002 -9.693091748942E+002  6.086839869495E+003  4.434781577067E-006  2.654462802695E-001
  1.589479412397E-002  1.596287381218E+002 -9.644966471712E+002  6.055570272770E+003  4.435147527433E-006  2.658704423059E-001
  1.670840226680E-002  1.588460165364E+002 -9.595827841212E+002  6.023647150414E+003  4.435506011153E-006  2.663064235567E-001
  1.754300149280E-002  1.580472436048E+002 -9.545690556110E+002  5.991080385873E+003  4.435855668604E-006  2.667543086323E-001
  1.839865912351E-002  1.572326484359E+002 -9.494569595671E+002  5.957880048942E+003  4.436195092973E-006  2.672141846835E-001
  1.927544426443E-002  1.564024644085E+002 -9.442480213945E+002  5.924056391699E+003  4.436522829297E-006  2.676861414370E-001
  2.017342781695E-002  1.555569290846E+002 -9.389437933849E+002  5.889619844368E+003  4.436837372297E-006  2.681702712320E-001
  2.109268249069E-002  1.546962841220E+002 -9.335458541123E+002  5.854581011100E+003  4.437137167761E-006  2.686666690582E-001
  2.203328281612E-002  1.538207751844E+002 -9.280558078191E+002  5.818950665684E+003  4.437420607796E-006  2.691754325949E-001
  2.299530515754E-002  1.529306518503E+002 -9.224752837902E+002  5.782739747176E+003  4.437686032556E-006  2.696966622509E-001
  2.397882772639E-002  1.520261675203E+002 -9.168059357175E+002  5.745959355465E+003  4.437931726630E-006  2.702304612069E-001
  2.498393059493E-002  1.511075793224E+002 -9.110494410532E+002  5.708620746757E+003  4.438155919945E-006  2.707769354578E-001
  2.601069571024E-002  1.501751480168E+002 -9.052075003535E+002  5.670735329003E+003  4.438356783430E-006  2.713361938571E-001
  2.705920690860E-002  1.492291378982E+002 -8.992818366124E+002  5.632314657248E+003  4.438532430753E-006  2.719083481627E-001
  2.812954993023E-002  1.482698166967E+002 -8.932741945852E+002  5.593370428922E+003  4.438680913636E-006  2.724935130835E-001
  2.922181243436E-002  1.472974554784E+002 -8.871863401036E+002  5.553914479060E+003  4.438800223201E-006  2.730918063285E-001
  3.033608401473E-002  1.463123285429E+002 -8.810200593806E+002  5.513958775465E+003  4.438888286271E-006  2.737033486560E-001
  3.147245621542E-002  1.453147133209E+002 -8.747771583068E+002  5.473515413811E+003  4.438942963807E-006  2.743282639257E-001
  3.263102254705E-002  1.443048902699E+002 -8.684594617383E+002  5.432596612681E+003  4.438962050314E-006  2.749666791510E-001
  3.381187850339E-002  1.432831427683E+002 -8.620688127757E+002  5.391214708556E+003  4.438943270395E-006  2.756187245539E-001
  3.501512157837E-002  1.422497570086E+002 -8.556070720353E+002  5.349382150746E+003  4.438884278104E-006  2.762845336213E-001
  3.624085128345E-002  1.412050218897E+002 -8.490761169118E+002  5.307111496263E+003  4.438782655119E-006  2.769642431624E-001
  3.748916916538E-002  1.401492289073E+002 -8.424778408342E+002  5.264415404653E+003  4.438635906858E-006  2.776579933685E-001
  3.876017882444E-002  1.390826720435E+002 -8.358141525138E+002  5.221306632774E+003  4.438441462883E-006  2.783659278740E-001
  4.005398593302E-002  1.380056476557E+002 -8.290869751848E+002  5.177798029525E+003  4.438196671294E-006  2.790881938198E-001
  4.137069825459E-002  1.369184543635E+002 -8.222982458393E+002  5.133902530534E+003  4.437898801141E-006  2.798249419177E-001
  4.271042566323E-002  1.358213929356E+002 -8.154499144542E+002  5.089633152806E+003  4.437545035591E-006  2.805763265175E-001
  4.407328016341E-002  1.347147661749E+002 -8.085439432135E+002  5.045002989321E+003  4.437132471389E-006  2.813425056757E-001
  4.545937591035E-002  1.335988788032E+002 -8.015823057236E+002  5.000025203609E+003  4.436658117398E-006  2.821236412258E-001
  4.686882923075E-002  1.324740373448E+002 -7.945669862235E+002  4.954713024275E+003  4.436118889189E-006  2.829198988516E-001
  4.830175864396E-002  1.313405500091E+002 -7.874999787898E+002  4.909079739498E+003  4.435511608407E-006  2.837314481613E-001
  4.975828488365E-002  1.301987265726E+002 -7.803832865365E+002  4.863138691501E+003  4.434832999253E-006  2.845584627651E-001
  5.123853091993E-002  1.290488782602E+002 -7.732189208106E+002  4.816903270987E+003  4.434079686299E-006  2.854011203540E-001
  5.274262198188E-002  1.278913176255E+002 -7.660089003829E+002  4.770386911551E+003  4.433248190230E-006  2.862596027812E-001
  5.427068558066E-002  1.267263584308E+002 -7.587552506357E+002  4.723603084069E+003  4.432334924916E-006  2.871340961462E-001
  5.582285153302E-002  1.255543155260E+002 -7.514600027458E+002  4.676565291068E+003  4.431336194882E-006  2.880247908807E-001
  5.739925198530E-002  1.243755047273E+002 -7.441251928656E+002  4.629287061072E+003  4.430248191144E-006  2.889318818373E-001
  5.900002143803E-002  1.231902426953E+002 -7.367528613001E+002  4.581781942939E+003  4.429066988029E-006  2.898555683808E-001
  6.062529677088E-002  1.219988468126E+002 -7.293450516823E+002  4.534063500175E+003  4.427788539518E-006  2.907960544818E-001
  6.227521726827E-002  1.208016350610E+002 -7.219038101459E+002  4.486145305249E+003  4.426408674930E-006  2.917535488134E-001
  6.394992464542E-002  1.195989258981E+002 -7.144311844964E+002  4.438040933890E+003  4.424923096071E-006  2.927282648503E-001
  6.564956307496E-002  1.183910381341E+002 -7.069292233813E+002  4.389763959386E+003  4.423327371848E-006  2.937204209709E-001
  6.737427921404E-002  1.171782908077E+002 -6.993999754580E+002  4.341327946872E+003  4.421616934939E-006  2.947302405627E-001
  6.912422223211E-002  1.159610030622E+002 -6.918454885628E+002  4.292746447631E+003  4.419787077186E-006  2.957579521296E-001
  7.089954383907E-002  1.147394940213E+002 -6.842678088779E+002  4.244032993383E+003  4.417832944309E-006  2.968037894039E-001
  7.270039831418E-002  1.135140826651E+002 -6.766689801003E+002  4.195201090590E+003  4.415749532331E-006  2.978679914599E-001
  7.452694253540E-002  1.122850877051E+002 -6.690510426094E+002  4.146264214769E+003  4.413531681545E-006  2.989508028323E-001
  7.637933600943E-002  1.110528274608E+002 -6.614160326373E+002  4.097235804810E+003  4.411174072963E-006  3.000524736365E-001
  7.825774090225E-002  1.098176197346E+002 -6.537659814391E+002  4.048129257317E+003  4.408671220330E-006  3.011732596937E-001
  8.016232207035E-002  1.085797816883E+002 -6.461029144660E+002  3.998957920958E+003  4.406017467365E-006  3.023134226588E-001
  8.209324709253E-002  1.073396297187E+002 -6.384288505394E+002  3.949735090846E+003  4.403206980601E-006  3.034732301523E-001
  8.405068630235E-002  1.060974793340E+002 -6.307458010292E+002  3.900474002929E+003  4.400233743767E-006  3.046529558960E-001
  8.603481282122E-002  1.048536450307E+002 -6.230557690334E+002  3.851187828422E+003  4.397091550858E-006  3.058528798527E-001
  8.804580259214E-002  1.036084401699E+002 -6.153607485624E+002  3.801889668255E+003  4.393774001170E-006  3.070732883698E-001
  9.008383441408E-002  1.023621768554E+002 -6.076627237264E+002  3.752592547562E+003  4.390274491523E-006  3.083144743272E-001
  9.214908997710E-002  1.011151658108E+002 -5.999636679277E+002  3.703309410204E+003  4.386586209399E-006  3.095767372897E-001
  9.424175389809E-002  9.986771625853E+001 -5.922655430572E+002  3.654053113327E+003  4.382702125718E-006  3.108603836635E-001
  9.636201375725E-002  9.862013579824E+001 -5.845702986963E+002  3.604836421963E+003  4.378614987888E-006  3.121657268577E-001
  9.851006013526E-002  9.737273028684E+001 -5.768798713244E+002  3.555672003680E+003  4.374317311259E-006  3.134930874502E-001
  1.006860866512E-001  9.612580371870E+001 -5.691961835323E+002  3.506572423274E+003  4.369801371005E-006  3.148427933587E-001
  1.028902900012E-001  9.487965810678E+001 -5.615211432424E+002  3.457550137518E+003  4.365059195298E-006  3.162151800168E-001
  1.051228699979E-001  9.363459336467E+001 -5.538566429353E+002  3.408617489954E+003  4.360082553089E-006  3.176105905553E-001
  1.073840296104E-001  9.239090718950E+001 -5.462045588842E+002  3.359786705759E+003  4.354862948837E-006  3.190293759884E-001
  1.096739750056E-001  9.114889494580E+001 -5.385667503969E+002  3.311069886657E+003  4.349391609290E-006  3.204718954068E-001
  1.119929155896E-001  8.990884955045E+001 -5.309450590659E+002  3.262479005899E+003  4.343659477112E-006  3.219385161749E-001
  1.143410640503E-001  8.867106135872E+001 -5.233413080278E+002  3.214025903314E+003  4.337657197722E-006  3.234296141348E-001
  1.167186364011E-001  8.743581805147E+001 -5.157573012307E+002  3.165722280424E+003  4.331375109253E-006  3.249455738171E-001
  1.191258520249E-001  8.620340452361E+001 -5.081948227126E+002  3.117579695630E+003  4.324803232981E-006  3.264867886561E-001
  1.215629337189E-001  8.497410277384E+001 -5.006556358885E+002  3.069609559485E+003  4.317931258887E-006  3.280536612140E-001
  1.240301077413E-001  8.374819179575E+001 -4.931414828491E+002  3.021823130033E+003  4.310748534755E-006  3.296466034097E-001
  1.265276038575E-001  8.252594747034E+001 -4.856540836691E+002  2.974231508239E+003  4.303244054655E-006  3.312660367561E-001
  1.290556553882E-001  8.130764246011E+001 -4.781951357284E+002  2.926845633500E+003  4.295406444067E-006  3.329123926037E-001
  1.316144992580E-001  8.009354610456E+001 -4.707663130437E+002  2.879676279242E+003  4.287223945106E-006  3.345861123923E-001
  1.342043760450E-001  7.888392431749E+001 -4.633692656133E+002  2.832734048617E+003  4.278684406071E-006  3.362876479103E-001
  1.368255300316E-001  7.767903948582E+001 -4.560056187737E+002  2.786029370287E+003  4.269775261424E-006  3.380174615616E-001
  1.394782092560E-001  7.647915037028E+001 -4.486769725702E+002  2.739572494302E+003  4.260483519794E-006  3.397760266412E-001
  1.421626655646E-001  7.528451200783E+001 -4.413849011403E+002  2.693373488091E+003  4.250795745430E-006  3.415638276195E-001
  1.448791546661E-001  7.409537561601E+001 -4.341309521113E+002  2.647442232541E+003  4.240698042786E-006  3.433813604346E-001
  1.476279361856E-001  7.291198849922E+001 -4.269166460122E+002  2.601788418192E+003  4.230176036821E-006  3.452291327954E-001
  1.504092737207E-001  7.173459395696E+001 -4.197434757004E+002  2.556421541538E+003  4.219214855912E-006  3.471076644919E-001
  1.532234348983E-001  7.056343119416E+001 -4.126129058040E+002  2.511350901440E+003  4.207799110778E-006  3.490174877178E-001
  1.560706914324E-001  6.939873523365E+001 -4.055263721784E+002  2.466585595647E+003  4.195912876057E-006  3.509591474014E-001
  1.589513191834E-001  6.824073683078E+001 -3.984852813807E+002  2.422134517447E+003  4.183539667733E-006  3.529332015477E-001
  1.618655982178E-001  6.708966239033E+001 -3.914910101588E+002  2.378006352423E+003  4.170662419991E-006  3.549402215919E-001
  1.648138128702E-001  6.594573388561E+001 -3.845449049584E+002  2.334209575344E+003  4.157263465049E-006  3.569807927632E-001
  1.677962518056E-001  6.480916878007E+001 -3.776482814466E+002  2.290752447171E+003  4.143324504344E-006  3.590555144611E-001
  1.708132080832E-001  6.368017995124E+001 -3.708024240530E+002  2.247643012195E+003  4.128826587582E-006  3.611650006436E-001
  1.738649792215E-001  6.255897561713E+001 -3.640085855290E+002  2.204889095305E+003  4.113750082442E-006  3.633098802276E-001
  1.769518672648E-001  6.144575926519E+001 -3.572679865252E+002  2.162498299382E+003  4.098074648733E-006  3.654907975031E-001
  1.800741788507E-001  6.034072958386E+001 -3.505818151869E+002  2.120478002839E+003  4.081779208783E-006  3.677084125600E-001
  1.832322252791E-001  5.924408039674E+001 -3.439512267695E+002  2.078835357283E+003  4.064841916905E-006  3.699634017298E-001
  1.864263225826E-001  5.815600059941E+001 -3.373773432720E+002  2.037577285326E+003  4.047240126130E-006  3.722564580409E-001
  1.896567915983E-001  5.707667409908E+001 -3.308612530909E+002  1.996710478534E+003  4.028950356964E-006  3.745882916896E-001
  1.929239580409E-001  5.600627975692E+001 -3.244040106937E+002  1.956241395513E+003  4.009948260031E-006  3.769596305267E-001
  1.962281525771E-001  5.494499133330E+001 -3.180066363122E+002  1.916176260146E+003  3.990208579787E-006  3.793712205597E-001
  1.995697109023E-001  5.389297743587E+001 -3.116701156569E+002  1.876521059977E+003  3.969705117162E-006  3.818238264726E-001
  2.029489738173E-001  5.285040147057E+001 -3.053953996514E+002  1.837281544732E+003  3.948410686608E-006  3.843182321624E-001
  2.063662873085E-001  5.181742159565E+001 -2.991834041882E+002  1.798463225003E+003  3.926297076243E-006  3.868552412942E-001
  2.098220026275E-001  5.079419067860E+001 -2.930350099056E+002  1.760071371072E+003  3.903335000655E-006  3.894356778751E-001
  2.133164763746E-001  4.978085625624E+001 -2.869510619861E+002  1.722111011895E+003  3.879494056042E-006  3.920603868468E-001
  2.168500705817E-001  4.877756049785E+001 -2.809323699759E+002  1.684586934232E+003  3.854742669913E-006  3.947302346997E-001
  2.204231527988E-001  4.778444017136E+001 -2.749797076271E+002  1.647503681934E+003  3.829048049375E-006  3.974461101070E-001
  2.240360961807E-001  4.680162661281E+001 -2.690938127614E+002  1.610865555393E+003  3.802376128074E-006  4.002089245811E-001
  2.276892795770E-001  4.582924569890E+001 -2.632753871558E+002  1.574676611134E+003  3.774691507339E-006  4.030196131526E-001
  2.313830876220E-001  4.486741782284E+001 -2.575250964511E+002  1.538940661576E+003  3.745957397307E-006  4.058791350726E-001
  2.351179108282E-001  4.391625787334E+001 -2.518435700828E+002  1.503661274944E+003  3.716135554417E-006  4.087884745402E-001
  2.388941456809E-001  4.297587521697E+001 -2.462314012343E+002  1.468841775344E+003  3.685186213761E-006  4.117486414545E-001
  2.427121947345E-001  4.204637368375E+001 -2.406891468128E+002  1.434485242993E+003  3.653068020599E-006  4.147606721941E-001
  2.465724667110E-001  4.112785155608E+001 -2.352173274485E+002  1.400594514607E+003  3.619737955388E-006  4.178256304229E-001
  2.504753766009E-001  4.022040156097E+001 -2.298164275160E+002  1.367172183956E+003  3.585151258966E-006  4.209446079256E-001
  2.544213457654E-001  3.932411086568E+001 -2.244868951791E+002  1.334220602564E+003  3.549261349164E-006  4.241187254723E-001
  2.584108020414E-001  3.843906107661E+001 -2.192291424580E+002  1.301741880582E+003  3.512019734820E-006  4.273491337141E-001
  2.624441798480E-001  3.756532824169E+001 -2.140435453197E+002  1.269737887811E+003  3.473375928792E-006  4.306370141116E-001
  2.665219202956E-001  3.670298285603E+001 -2.089304437917E+002  1.238210254885E+003  3.433277348778E-006  4.339835798952E-001
  2.706444712976E-001  3.585208987101E+001 -2.038901420975E+002  1.207160374612E+003  3.391669219353E-006  4.373900770626E-001
  2.748122876832E-001  3.501270870676E+001 -1.989229088162E+002  1.176589403469E+003  3.348494465550E-006  4.408577854100E-001
  2.790258313137E-001  3.418489326799E+001 -1.940289770636E+002  1.146498263260E+003  3.303693602096E-006  4.443880196035E-001
  2.832855712010E-001  3.336869196322E+001 -1.892085446972E+002  1.116887642917E+003  3.257204614253E-006  4.479821302875E-001
  2.875919836279E-001  3.256414772736E+001 -1.844617745426E+002  1.087758000466E+003  3.208962834836E-006  4.516415052362E-001
  2.919455522717E-001  3.177129804768E+001 -1.797887946429E+002  1.059109565137E+003  3.158900813145E-006  4.553675705457E-001
  2.963467683296E-001  3.099017499312E+001 -1.751896985301E+002  1.030942339628E+003  3.106948174778E-006  4.591617918720E-001
  3.007961306479E-001  3.022080524692E+001 -1.706645455189E+002  1.003256102520E+003  3.053031477042E-006  4.630256757144E-001
  3.052941458522E-001  2.946321014257E+001 -1.662133610218E+002  9.760504108278E+002  2.997074053175E-006  4.669607707472E-001
  3.098413284823E-001  2.871740570308E+001 -1.618361368860E+002  9.493246027141E+002  2.938995849222E-006  4.709686692018E-001
  3.144382011281E-001  2.798340268344E+001 -1.575328317522E+002  9.230778003291E+002  2.878713250699E-006  4.750510083009E-001
  3.190852945695E-001  2.726120661644E+001 -1.533033714332E+002  8.973089127995E+002  2.816138899695E-006  4.792094717472E-001
  3.237831479192E-001  2.655081786161E+001 -1.491476493150E+002  8.720166393536E+002  2.751181500442E-006  4.834457912689E-001
  3.285323087679E-001  2.585223165731E+001 -1.450655267765E+002  8.471994725806E+002  2.683745615156E-006  4.877617482245E-001
  3.333333333333E-001  2.516543817605E+001 -1.410568336312E+002  8.228557018229E+002  2.613731445571E-006  4.921591752692E-001
  3.381867866117E-001  2.449042258284E+001 -1.371213685872E+002  7.989834166979E+002  2.541034603978E-006  4.966399580857E-001
  3.430932425333E-001  2.382716509658E+001 -1.332588997270E+002  7.755805107461E+002  2.465545868254E-006  5.012060371824E-001
  3.480532841203E-001  2.317564105450E+001 -1.294691650070E+002  7.526446852012E+002  2.387150922732E-006  5.058594097612E-001
  3.530675036492E-001  2.253582097950E+001 -1.257518727742E+002  7.301734528810E+002  2.305730084794E-006  5.106021316584E-001
  3.581365028158E-001  2.190767065042E+001 -1.221067023022E+002  7.081641421936E+002  2.221158013038E-006  5.154363193621E-001
  3.632608929041E-001  2.129115117511E+001 -1.185333043442E+002  6.866139012552E+002  2.133303397657E-006  5.203641521087E-001
  3.684412949588E-001  2.068621906638E+001 -1.150313017031E+002  6.655197021172E+002  2.042028633144E-006  5.253878740623E-001
  3.736783399619E-001  2.009282632047E+001 -1.116002898183E+002  6.448783450971E+002  1.947189468758E-006  5.305097965811E-001
  3.789726690123E-001  1.951092049841E+001 -1.082398373689E+002  6.246864632089E+002  1.848634638489E-006  5.357323005732E-001
  3.843249335105E-001  1.894044480974E+001 -1.049494868918E+002  6.049405266899E+002  1.746205465461E-006  5.410578389473E-001
  3.897357953460E-001  1.838133819888E+001 -1.017287554150E+002  5.856368476187E+002  1.639735446091E-006  5.464889391613E-001
  3.952059270903E-001  1.783353543386E+001 -9.857713510534E+001  5.667715846196E+002  1.529049800540E-006  5.520282058734E-001
  4.007360121927E-001  1.729696719741E+001 -9.549409392979E+001  5.483407476493E+002  1.413965000903E-006  5.576783237006E-001
  4.063267451812E-001  1.677156018033E+001 -9.247907632982E+001  5.303402028605E+002  1.294288264893E-006  5.634420600881E-001
  4.119788318683E-001  1.625723717704E+001 -8.953150390828E+001  5.127656775384E+002  1.169817017751E-006  5.693222682961E-001
  4.176929895600E-001  1.575391718323E+001 -8.665077612791E+001  4.956127651032E+002  1.040338318006E-006  5.753218905071E-001
  4.234699472710E-001  1.526151549546E+001 -8.383627102100E+001  4.788769301761E+002  9.056282473301E-007  5.814439610612E-001
  4.293104459435E-001  1.477994381279E+001 -8.108734590939E+001  4.625535137014E+002  7.654512576537E-007  5.876916098227E-001
  4.352152386716E-001  1.430911034011E+001 -7.840333813407E+001  4.466377381199E+002  6.195594750110E-007  5.940680656853E-001
  4.411850909306E-001  1.384891989325E+001 -7.578356579372E+001  4.311247125890E+002  4.676919576842E-007  6.005766602209E-001
  4.472207808110E-001  1.339927400569E+001 -7.322732849147E+001  4.160094382431E+002  3.095739027484E-007  6.072208314788E-001
  4.533230992589E-001  1.296007103682E+001 -7.073390808894E+001  4.012868134890E+002  1.449157986055E-007  6.140041279416E-001
  4.594928503202E-001  1.253120628156E+001 -6.830256946706E+001  3.869516393312E+002 -2.658748022861E-008  6.209302126433E-001
  4.657308513924E-001  1.211257208136E+001 -6.593256129266E+001  3.729986247199E+002 -2.052576420330E-007  6.280028674590E-001
  4.720379334802E-001  1.170405793631E+001 -6.362311679014E+001  3.594223919189E+002 -3.914340108651E-007  6.352259975702E-001
  4.784149414579E-001  1.130555061842E+001 -6.137345451749E+001  3.462174818836E+002 -5.854746391475E-007  6.426036361159E-001
  4.848627343381E-001  1.091693428586E+001 -5.918277914570E+001  3.333783596473E+002 -7.877574892355E-007  6.501399490349E-001
  4.913821855461E-001  1.053809059804E+001 -5.705028224088E+001  3.208994197075E+002 -9.986817084823E-007  6.578392401088E-001
  4.979741832006E-001  1.016889883146E+001 -5.497514304819E+001  3.087749914066E+002 -1.218668986424E-006  6.657059562122E-001
  5.046396304008E-001  9.809235996224E+000 -5.295652927689E+001  2.969993443030E+002 -1.448165018203E-006  6.737446927798E-001
  5.113794455212E-001  9.458976953018E+000 -5.099359788546E+001  2.855666935241E+002 -1.687641066484E-006  6.819601994981E-001
  5.181945625116E-001  9.117994530565E+000 -4.908549586623E+001  2.744712050975E+002 -1.937595641271E-006  6.903573862293E-001
  5.250859312060E-001  8.786159643318E+000 -4.723136102854E+001  2.637070012540E+002 -2.198556304179E-006  6.989413291786E-001
  5.320545176366E-001  8.463341409342E+000 -4.543032277958E+001  2.532681656960E+002 -2.471081599865E-006  7.077172773113E-001
  5.391013043575E-001  8.149407268254E+000 -4.368150290226E+001  2.431487488267E+002 -2.755763136788E-006  7.166906590299E-001
  5.462272907741E-001  7.844223099089E+000 -4.198401632913E+001  2.333427729336E+002 -3.053227821584E-006  7.258670891194E-001
  5.534334934816E-001  7.547653337988E+000 -4.033697191157E+001  2.238442373215E+002 -3.364140258314E-006  7.352523759704E-001
  5.607209466109E-001  7.259561095587E+000 -3.873947318355E+001  2.146471233884E+002 -3.689205334146E-006  7.448525290883E-001
  5.680907021827E-001  6.979808273987E+000 -3.719061911907E+001  2.057453996404E+002 -4.029170996422E-006  7.546737668966E-001
  5.755438304707E-001  6.708255683184E+000 -3.568950488247E+001  1.971330266387E+002 -4.384831245334E-006  7.647225248435E-001
  5.830814203728E-001  6.444763156858E+000 -3.423522257092E+001  1.888039618747E+002 -4.757029355709E-006  7.750054638190E-001
  5.907045797917E-001  6.189189667388E+000 -3.282686194834E+001  1.807521645675E+002 -5.146661345464E-006  7.855294788898E-001
  5.984144360243E-001  5.941393439994E+000 -3.146351116980E+001  1.729716003790E+002 -5.554679718230E-006  7.963017083581E-001
  6.062121361613E-001  5.701232065881E+000 -3.014425749599E+001  1.654562460415E+002 -5.982097492745E-006  8.073295431511E-001
  6.140988474955E-001  5.468562614283E+000 -2.886818799674E+001  1.582000938937E+002 -6.429992550700E-006  8.186206365439E-001
  6.220757579409E-001  5.243241743298E+000 -2.763439024305E+001  1.511971563201E+002 -6.899512329729E-006  8.301829142200E-001
  6.301440764614E-001  5.025125809398E+000 -2.644195298693E+001  1.444414700890E+002 -7.391878880853E-006  8.420245846707E-001
  6.383050335109E-001  4.814070975515E+000 -2.528996682833E+001  1.379271005861E+002 -7.908394336614E-006  8.541541499319E-001
  6.465598814833E-001  4.609933317608E+000 -2.417752486858E+001  1.316481459384E+002 -8.450446808366E-006  8.665804166559E-001
  6.549098951744E-001  4.412568929589E+000 -2.310372334970E+001  1.255987410255E+002 -9.019516760533E-006  8.793125075117E-001
  6.633563722545E-001  4.221834026537E+000 -2.206766227895E+001  1.197730613738E+002 -9.617183894118E-006  8.923598729045E-001
  6.719006337539E-001  4.037585046077E+000 -2.106844603806E+001  1.141653269305E+002 -1.024513458712E-005  9.057323030008E-001
  6.805440245593E-001  3.859678747862E+000 -2.010518397672E+001  1.087698057151E+002 -1.090516993499E-005  9.194399400409E-001
  6.892879139233E-001  3.687972311041E+000 -1.917699098955E+001  1.035808173430E+002 -1.159921444474E-005  9.334932909146E-001
  6.981336959871E-001  3.522323429645E+000 -1.828298807634E+001  9.859273642150E+001 -1.232932542992E-005  9.479032399703E-001
  7.070827903152E-001  3.362590405810E+000 -1.742230288490E+001  9.379999581235E+001 -1.309770317625E-005  9.626810620193E-001
  7.161366424455E-001  3.208632240738E+000 -1.659407023616E+001  8.919708976142E+001 -1.390670192455E-005  9.778384354889E-001
  7.252967244510E-001  3.060308723353E+000 -1.579743263119E+001  8.477857689132E+001 -1.475884175531E-005  9.933874556673E-001
  7.345645355186E-001  2.917480516552E+000 -1.503154073959E+001  8.053908305601E+001 -1.565682143477E-005  1.009340647972E+000
  7.439416025400E-001  2.780009240997E+000 -1.429555386907E+001  7.647330405566E+001 -1.660353230342E-005  1.025710981161E+000
  7.534294807203E-001  2.647757556394E+000 -1.358864041592E+001  7.257600821018E+001 -1.760207329146E-005  1.042511880386E+000
  7.630297542000E-001  2.520589240181E+000 -1.290997829593E+001  6.884203879049E+001 -1.865576714257E-005  1.059757239974E+000
  7.727440366954E-001  2.398369263582E+000 -1.225875535572E+001  6.526631630652E+001 -1.976817794455E-005  1.077461435809E+000
  7.825739721536E-001  2.280963864979E+000 -1.163416976414E+001  6.184384065134E+001 -2.094313006024E-005  1.095639337134E+000
  7.925212354258E-001  2.168240620555E+000 -1.103543038364E+001  5.856969310107E+001 -2.218472855800E-005  1.114306317614E+000
  8.025875329584E-001  2.060068512158E+000 -1.046175712146E+001  5.543903817040E+001 -2.349738125075E-005  1.133478265419E+000
  8.127746035011E-001  1.956317992363E+000 -9.912381260500E+000  5.244712532396E+001 -2.488582245343E-005  1.153171592090E+000
  8.230842188350E-001  1.856861046697E+000 -9.386545769886E+000  4.958929054375E+001 -2.635513855999E-005  1.173403239892E+000
  8.335181845190E-001  1.761571252989E+000 -8.883505595102E+000  4.686095775344E+001 -2.791079556172E-005  1.194190687313E+000
  8.440783406568E-001  1.670323837841E+000 -8.402527927772E+000  4.425764010030E+001 -2.955866860674E-005  1.215551952326E+000
  8.547665626839E-001  1.582995730186E+000 -7.942892455096E+000  4.177494109600E+001 -3.130507371200E-005  1.237505592970E+000
  8.655847621758E-001  1.499465611931E+000 -7.503891589017E+000  3.940855561752E+001 -3.315680171844E-005  1.260070704724E+000
  8.765348876780E-001  1.419613965674E+000 -7.084830675222E+000  3.715427076989E+001 -3.512115457994E-005  1.283266914116E+000
  8.876189255584E-001  1.343323119483E+000 -6.685028182127E+000  3.500796661254E+001 -3.720598405240E-005  1.307114367871E+000
  8.988389008829E-001  1.270477288755E+000 -6.303815870011E+000  3.296561675128E+001 -3.941973282059E-005  1.331633716861E+000
  9.101968783143E-001  1.200962615146E+000 -5.940538940507E+000  3.102328879835E+001 -4.177147808656E-005  1.356846093990E+000
  9.216949630368E-001  1.134667202588E+000 -5.594556166685E+000  2.917714470283E+001 -4.427097758150E-005  1.382773085034E+000
  9.333353017046E-001  1.071481150409E+000 -5.265240003998E+000  2.742344095421E+001 -4.692871791417E-005  1.409436691359E+000
  9.451200834176E-001  1.011296583569E+000 -4.951976682378E+000  2.575852866204E+001 -4.975596511732E-005  1.436859283259E+000
  9.570515407237E-001  9.540076800421E-001 -4.654166279823E+000  2.417885351466E+001 -5.276481713337E-005  1.465063542564E+000
  9.691319506484E-001  8.995106953728E-001 -4.371222777811E+000  2.268095562030E+001 -5.596825791685E-005  1.494072392949E+000
  9.813636357544E-001  8.477039844259E-001 -4.102574098933E+000  2.126146923399E+001 -5.938021265507E-005  1.523908916277E+000
  9.937489652293E-001  7.984880203803E-001 -3.847662127146E+000  1.991712237381E+001 -6.301560348790E-005  1.554596253066E+000
  1.006290356005E+000  7.517654109971E-001 -3.605942711065E+000  1.864473633029E+001 -6.689040488747E-005  1.586157485032E+000
  1.018990273907E+000  7.074409122063E-001 -3.376885650768E+000  1.744122507266E+001 -7.102169764192E-005  1.618615497467E+000
  1.031851234841E+000  6.654214390596E-001 -3.159974668561E+000  1.630359455616E+001 -7.542772011165E-005  1.651992819037E+000
  1.044875806003E+000  6.256160740966E-001 -2.954707364207E+000  1.522894193430E+001 -8.012791509763E-005  1.686311436401E+000
  1.058066607138E+000  5.879360731790E-001 -2.760595155136E+000  1.421445468039E+001 -8.514297029515E-005  1.721592580947E+000
  1.071426311823E+000  5.522948688465E-001 -2.577163202148E+000  1.325740962254E+001 -9.049484988244E-005  1.757856484799E+000
  1.084957648792E+000  5.186080712541E-001 -2.403950321159E+000  1.235517189660E+001 -9.620681428355E-005  1.795122103225E+000
  1.098663403298E+000  4.867934667499E-001 -2.240508881550E+000  1.150519382134E+001 -1.023034246279E-004  1.833406800582E+000
  1.112546418516E+000  4.567710141583E-001 -2.086404691667E+000  1.070501370037E+001 -1.088105278056E-004  1.872725997057E+000
  1.126609596985E+000  4.284628388323E-001 -1.941216872079E+000  9.952254555441E+000 -1.157552173897E-004  1.913092773723E+000
  1.140855902095E+000  4.017932245431E-001 -1.804537717149E+000  9.244622795413E+000 -1.231657650128E-004  1.954517433839E+000
  1.155288359613E+000  3.766886032758E-001 -1.675972545529E+000  8.579906825673E+000 -1.310715161104E-004  1.997007018949E+000
  1.169910059257E+000  3.530775430019E-001 -1.555139540164E+000  7.955975602391E+000 -1.395027432959E-004  2.040564779210E+000
  1.184724156317E+000  3.308907334995E-001 -1.441669578424E+000  7.370777136214E+000 -1.484904500641E-004  2.085189598568E+000
  1.199733873325E+000  3.100609702965E-001 -1.335206052933E+000  6.822336949880E+000 -1.580661170971E-004  2.130875376928E+000
  1.214942501771E+000  2.905231368077E-001 -1.235404683737E+000  6.308756494217E+000 -1.682613832545E-004  2.177610373391E+000
  1.230353403874E+000  2.722141847443E-001 -1.141933322371E+000  5.828211526952E+000 -1.791076534743E-004  2.225376517027E+000
  1.245970014403E+000  2.550731128676E-001 -1.054471748453E+000  5.378950458671E+000 -1.906356264107E-004  2.274148694501E+000
  1.261795842559E+000  2.390409441650E-001 -9.727114593793E-001  4.959292670231E+000 -2.028747358251E-004  2.323894027183E+000
  1.277834473907E+000  2.240607015237E-001 -8.963554537111E-001  4.567626805807E+000 -2.158525016973E-004  2.374571154177E+000
  1.294089572372E+000  2.100773819772E-001 -8.251180088319E-001  4.202409045690E+000 -2.295937898665E-004  2.426129541860E+000
  1.310564882294E+000  1.970379296019E-001 -7.587244534402E-001  3.862161362844E+000 -2.441199828821E-004  2.478508844922E+000
  1.327264230548E+000  1.848912071378E-001 -6.969109354400E-001  3.545469767113E+000 -2.594480697487E-004  2.531638348394E+000
  1.344191528724E+000  1.735879664097E-001 -6.394241857711E-001  3.250982540847E+000 -2.755896684095E-004  2.585436524325E+000
  1.361350775387E+000  1.630808176223E-001 -5.860212787170E-001  2.977408469605E+000 -2.925500020382E-004  2.639810740441E+000
  1.378746058390E+000  1.533241976041E-001 -5.364693892067E-001  2.723515071442E+000 -3.103268582950E-004  2.694657160648E+000
  1.396381557275E+000  1.442743370720E-001 -4.905455476166E-001  2.488126828145E+000 -3.289095692656E-004  2.749860878196E+000
  1.414261545744E+000  1.358892269887E-001 -4.480363925633E-001  2.270123421650E+000 -3.482780582101E-004  2.805296321188E+000
  1.432390394201E+000  1.281285840851E-001 -4.087379221561E-001  2.068437978716E+000 -3.684020067605E-004  2.860827966183E+000
  1.450772572390E+000  1.209538156160E-001 -3.724552441693E-001  1.882055326754E+000 -3.892402017946E-004  2.916311388660E+000
  1.469412652102E+000  1.143279834180E-001 -3.390023255686E-001  1.710010263589E+000 -4.107401238378E-004  2.971594668581E+000
  1.488315309978E+000  1.082157673386E-001 -3.082017418129E-001  1.551385843730E+000 -4.328378373826E-004  3.026520155335E+000
  1.507485330398E+000  1.025834281002E-001 -2.798844263327E-001  1.405311683592E+000 -4.554582370580E-004  3.080926579214E+000
  1.526927608467E+000  9.739876966522E-002 -2.538894205659E-001  1.270962287915E+000 -4.785156915178E-004  3.134651476972E+000
  1.546647153093E+000  9.263110116573E-002 -2.300636249165E-001  1.147555399502E+000 -5.019151091800E-004  3.187533878220E+000
  1.566649090169E+000  8.825119845912E-002 -2.082615509782E-001  1.034350374177E+000 -5.255534271403E-004  3.239417178849E+000
  1.586938665861E+000  8.423126537055E-002 -1.883450753495E-001  9.306465827568E-001 -5.493214980719E-004  3.290152109321E+000
  1.607521250000E+000  8.054489468156E-002 -1.701831953468E-001  8.357818416228E-001 -5.731063218002E-004  3.339599691377E+000
  1.628402339588E+000  7.716702892264E-002 -1.536517869026E-001  7.491308733409E-001 -5.967935411544E-004  3.387634068299E+000
  1.649587562420E+000  7.407392102630E-002 -1.386333649183E-001  6.701037986162E-001 -6.202700985448E-004  3.434145092809E+000
  1.671082680832E+000  7.124309489572E-002 -1.250168463246E-001  5.981446607147E-001 -6.434269332743E-004  3.479040563559E+000
  1.692893595565E+000  6.865330594301E-002 -1.126973160819E-001  5.327299833337E-001 -6.661615919974E-004  3.522248016096E+000
  1.715026349769E+000  6.628450164958E-002 -1.015757963395E-001  4.733673627638E-001 -6.883806272932E-004  3.563715996038E+000
  1.737487133138E+000  6.411778219997E-002 -9.155901895395E-002  4.195940950410E-001 -7.100016719697E-004  3.603414769383E+000
  1.760282286187E+000  6.213536123940E-002 -8.255920155271E-002  3.709758386610E-001 -7.309550983340E-004  3.641336454924E+000
  1.783418304674E+000  6.032052680389E-002 -7.449382731278E-002  3.271053132983E-001 -7.511851999349E-004  3.677494594106E+000
  1.806901844175E+000  5.865760247092E-002 -6.728542861176E-002  2.876010348540E-001 -7.706508652033E-004  3.711923201719E+000
  1.830739724818E+000  5.713190877720E-002 -6.086137469373E-002  2.521060870475E-001 -7.893257447151E-004  3.744675364323E+000
  1.854938936184E+000  5.572972494932E-002 -5.515366348030E-002  2.202869296583E-001 -8.071979434145E-004  3.775821470719E+000
  1.879506642368E+000  5.443825099176E-002 -5.009871764533E-002  1.918322434307E-001 -8.242692935489E-004  3.805447169208E+000
  1.904450187236E+000  5.324557017567E-002 -4.563718506047E-002  1.664518115628E-001 -8.405542817013E-004  3.833651149783E+000
  1.929777099847E+000  5.214061197095E-002 -4.171374370822E-002  1.438754376199E-001 -8.560787134713E-004  3.860542846436E+000
  1.955495100083E+000  5.111311546274E-002 -3.827691114965E-002  1.238518996380E-001 -8.708782022971E-004  3.886240146457E+000
  1.981612104475E+000  5.015359329272E-002 -3.527885862470E-002  1.061479401171E-001 -8.849965655533E-004  3.910867181550E+000
  2.008136232230E+000  4.925329616411E-002 -3.267522985455E-002  9.054729154174E-002 -8.984842027928E-004  3.934552261134E+000
  2.035075811486E+000  4.840417794826E-002 -3.042496460779E-002  7.684973701857E-002 -9.113965194551E-004  3.957425992921E+000
  2.062439385788E+000  4.759886142945E-002 -2.849012708457E-002  6.487020556854E-002 -9.237924460422E-004  3.979619620868E+000
  2.090235720801E+000  4.683060472320E-002 -2.683573916623E-002  5.443790157778E-002 -9.357330891210E-004  4.001263596903E+000
  2.118473811262E+000  4.609326840182E-002 -2.542961857108E-002  4.539546787385E-002 -9.472805375694E-004  4.022486390979E+000
  2.147162888201E+000  4.538128335983E-002 -2.424222195094E-002  3.759818186785E-002 -9.584968360150E-004  4.043413534372E+000
  2.176312426413E+000  4.468961944971E-002 -2.324649295700E-002  3.091318417924E-002 -9.694431278726E-004  4.064166883793E+000
  2.205932152222E+000  4.401375491729E-002 -2.241771529756E-002  2.521873914213E-002 -9.801789628971E-004  4.084864088718E+000
  2.236032051522E+000  4.334964666389E-002 -2.173337080446E-002  2.040352657715E-002 -9.907617587320E-004  4.105618241104E+000
  2.266622378129E+000  4.269370136043E-002 -2.117300251924E-002  1.636596420191E-002 -1.001246402315E-003  4.126537685114E+000
  2.297713662445E+000  4.204274743671E-002 -2.071808280419E-002  1.301356004512E-002 -1.011684974982E-003  4.147725964182E+000
  2.329316720450E+000  4.139400796678E-002 -2.035188647722E-002  1.026229422316E-002 -1.022126584344E-003  4.169281883541E+000
  2.361442663038E+000  4.074507446896E-002 -2.005936896361E-002  8.036029434363E-003 -1.032617286215E-003  4.191299667726E+000
  2.394102905709E+000  4.009388163650E-002 -1.982704945108E-002  6.265949522779E-003 -1.043200080752E-003  4.213869194520E+000
  2.427309178642E+000  3.943868301240E-002 -1.964289902791E-002  4.890025461767E-003 -1.053914968343E-003  4.237076288890E+000
  2.461073537146E+000  3.877802761895E-002 -1.949623377695E-002  3.852508105670E-003 -1.064799052323E-003  4.261003062745E+000
  2.495408372530E+000  3.811073755000E-002 -1.937761279106E-002  3.103447056294E-003 -1.075886677356E-003  4.285728288513E+000
  2.530326423398E+000  3.743588653062E-002 -1.927874106789E-002  2.598234988759E-003 -1.087209593972E-003  4.311327796599E+000
  2.565840787378E+000  3.675277944614E-002 -1.919237723403E-002  2.297176778572E-003 -1.098797141394E-003  4.337874888751E+000
  2.601964933334E+000  3.606093283935E-002 -1.911224604051E-002  2.165082768154E-003 -1.110676442251E-003  4.365440761024E+000
  2.638712714049E+000  3.536005637134E-002 -1.903295556306E-002  2.170885506475E-003 -1.122872604106E-003  4.394094931613E+000
  2.676098379430E+000  3.465003523855E-002 -1.894991903219E-002  2.287279289766E-003 -1.135408923896E-003  4.423905670073E+000
  2.714136590232E+000  3.393091353545E-002 -1.885928120943E-002  2.490381824546E-003 -1.148307092352E-003  4.454940425653E+000
  2.752842432351E+000  3.320287854885E-002 -1.875784921705E-002  2.759417326437E-003 -1.161587396331E-003  4.487266253356E+000
  2.792231431696E+000  3.246624596723E-002 -1.864302772041E-002  3.076420359572E-003 -1.175268917653E-003  4.520950237182E+000
  2.832319569669E+000  3.172144598515E-002 -1.851275835294E-002  3.425959712070E-003 -1.189369727633E-003  4.556059910663E+000
  2.873123299289E+000  3.096901028021E-002 -1.836546326577E-002  3.794881593194E-003 -1.203907076934E-003  4.592663675369E+000
  2.914659561979E+000  3.020955983712E-002 -1.819999267572E-002  4.172071427799E-003 -1.218897580733E-003  4.630831218512E+000
  2.956945805065E+000  2.944379359105E-002 -1.801557627778E-002  4.548233513756E-003 -1.234357399484E-003  4.670633931166E+000
  3.000000000000E+000  2.867247786007E-002 -1.781177838088E-002  4.915687798606E-003 -1.250302415779E-003  4.712145328979E+000
  3.043840661365E+000  2.789643653434E-002 -1.758845661940E-002  5.268183023033E-003 -1.266748407967E-003  4.755441477501E+000
  3.088486866678E+000  2.711654198774E-002 -1.734572408655E-002  5.600725471316E-003 -1.283711221362E-003  4.800601424544E+000
  3.133958277047E+000  2.633370667636E-002 -1.708391473087E-002  5.909422562929E-003 -1.301206937915E-003  4.847707642205E+000
  3.180275158719E+000  2.554887538647E-002 -1.680355185273E-002  6.191340515387E-003 -1.319252045373E-003  4.896846481446E+000
  3.227458405560E+000  2.476301809407E-002 -1.650531953397E-002  6.444375306494E-003 -1.337863606963E-003  4.948108642329E+000
  3.275529562509E+000  2.397712339687E-002 -1.619003683157E-002  6.667136164637E-003 -1.357059432745E-003  5.001589663271E+000
  3.324510850077E+000  2.319219247975E-002 -1.585863456459E-002  6.858840818917E-003 -1.376858253803E-003  5.057390432950E+000
  3.374425189910E+000  2.240923357398E-002 -1.551213452311E-002  7.019221746893E-003 -1.397279900553E-003  5.115617728774E+000
  3.425296231502E+000  2.162925687153E-002 -1.515163092812E-002  7.148442666635E-003 -1.418345486466E-003  5.176384786165E+000
  3.477148380094E+000  2.085326985553E-002 -1.477827397324E-002  7.247024531755E-003 -1.440077598660E-003  5.239811903269E+000
  3.530006825834E+000  2.008227300953E-002 -1.439325528112E-002  7.315780303009E-003 -1.462500496839E-003  5.306027086139E+000
  3.583897574256E+000  1.931725586892E-002 -1.399779511110E-002  7.355757788049E-003 -1.485640322261E-003  5.375166739893E+000
  3.638847478148E+000  1.855919337971E-002 -1.359313115896E-002  7.368189861644E-003 -1.509525318483E-003  5.447376411920E+000
  3.694884270887E+000  1.780904253125E-002 -1.318050879473E-002  7.354451402185E-003 -1.534186065891E-003  5.522811593826E+000
  3.752036601308E+000  1.706773923190E-002 -1.276117259051E-002  7.316022306262E-003 -1.559655732140E-003  5.601638589506E+000
  3.810334070199E+000  1.633619539866E-002 -1.233635899721E-002  7.254455971241E-003 -1.585970340947E-003  5.684035457593E+000
  3.869807268505E+000  1.561529623431E-002 -1.190729003613E-002  7.171352665945E-003 -1.613169061927E-003  5.770193037421E+000
  3.930487817331E+000  1.490589766827E-002 -1.147516787943E-002  7.068337241263E-003 -1.641294524506E-003  5.860316068765E+000
  3.992408409843E+000  1.420882394041E-002 -1.104117020202E-002  6.947040665619E-003 -1.670393159341E-003  5.954624416812E+000
  4.055602855172E+000  1.352486530962E-002 -1.060644619605E-002  6.809084904233E-003 -1.700515571143E-003  6.053354415264E+000
  4.120106124432E+000  1.285477587254E-002 -1.017211314825E-002  6.656070695818E-003 -1.731716947314E-003  6.156760342083E+000
  4.185954398964E+000  1.219927148043E-002 -9.739253489812E-003  6.489567815317E-003 -1.764057507467E-003  6.265116044264E+000
  4.253185120935E+000  1.155902774593E-002 -9.308912237804E-003  6.311107446270E-003 -1.797602999609E-003  6.378716730182E+000
  4.321837046422E+000  1.093467813416E-002 -8.882094756566E-003  6.122176321040E-003 -1.832425249623E-003  6.497880950530E+000
  4.391950301120E+000  1.032681213609E-002 -8.459764776911E-003  5.924212321252E-003 -1.868602771703E-003  6.622952791746E+000
  4.463566438835E+000  9.735973525022E-003 -8.042842620213E-003  5.718601263960E-003 -1.906221448571E-003  6.754304309148E+000
  4.536728502895E+000  9.162658700179E-003 -7.632203583515E-003  5.506674631324E-003 -1.945375291674E-003  6.892338230834E+000
  4.611481090679E+000  8.607315124094E-003 -7.228676450502E-003  5.289708032424E-003 -1.986167293218E-003  7.037490967891E+000
  4.687870421430E+000  8.070339863246E-003 -6.833042101608E-003  5.068920215388E-003 -2.028710383795E-003  7.190235971647E+000
  4.765944407533E+000  7.552078243842E-003 -6.446032204501E-003  4.845472475914E-003 -2.073128511682E-003  7.351087484788E+000
  4.845752729492E+000  7.052822636818E-003 -6.068327973678E-003  4.620468334521E-003 -2.119557862562E-003  7.520604740232E+000
  4.927346914797E+000  6.572811388065E-003 -5.700558994884E-003  4.394953379371E-003 -2.168148241689E-003  7.699396670005E+000
  5.010780420931E+000  6.112227911436E-003 -5.343302116413E-003  4.169915194086E-003 -2.219064644374E-003  7.888127196092E+000
  5.096108722763E+000  5.671199963347E-003 -4.997080415100E-003  3.946283310771E-003 -2.272489045297E-003  8.087521186780E+000
  5.183389404586E+000  5.249799118552E-003 -4.662362249844E-003  3.724929147220E-003 -2.328622442758E-003  8.298371175572E+000
  5.272682257105E+000  4.848040467109E-003 -4.339560419826E-003  3.506665904147E-003 -2.387687200692E-003  8.521544955839E+000
  5.364049379651E+000  4.465882552460E-003 -4.029031448122E-003  3.292248413142E-003 -2.449929739489E-003  8.757994183496E+000
  5.457555287978E+000  4.103227570025E-003 -3.731075014177E-003  3.082372939004E-003 -2.515623636558E-003  9.008764142723E+000
  5.553267027968E+000  3.759921844647E-003 -3.445933560537E-003  2.877676951019E-003 -2.585073209762E-003  9.275004856954E+000
  5.651254295630E+000  3.435756603720E-003 -3.173792100336E-003  2.678738886838E-003 -2.658617671744E-003  9.557983759923E+000
  5.751589563796E+000  3.130469060711E-003 -2.914778252275E-003  2.486077939749E-003 -2.736635961514E-003  9.859100180750E+000
  5.854348215936E+000  2.843743821273E-003 -2.668962529237E-003  2.300153905434E-003 -2.819552382422E-003  1.017990194436E+001
  5.959608687557E+000  2.575214621013E-003 -2.436358905256E-003  2.121367127864E-003 -2.907843203819E-003  1.052210444580E+001
  6.067452615683E+000  2.324466400460E-003 -2.216925683274E-003  1.950058585775E-003 -3.002044419068E-003  1.088761262667E+001
  6.177964996951E+000  2.091037718736E-003 -2.010566683084E-003  1.786510161361E-003 -3.102760896783E-003  1.127854636692E+001
  6.291234354880E+000  1.874423503009E-003 -1.817132765066E-003  1.630945131486E-003 -3.210677218082E-003  1.169726990968E+001
  6.407352916949E+000  1.674078126032E-003 -1.636423700831E-003  1.483528918927E-003 -3.326570563572E-003  1.214642606476E+001
  6.526416802128E+000  1.489418798967E-003 -1.468190396761E-003  1.344370137090E-003 -3.451326104253E-003  1.262897609587E+001
  6.648526219580E+000  1.319829261417E-003 -1.312137470811E-003  1.213521956401E-003 -3.585955466746E-003  1.314824639330E+001
  6.773785679311E+000  1.164663745118E-003 -1.167926176824E-003  1.090983814300E-003 -3.731618993374E-003  1.370798328108E+001
  6.902304215570E+000  1.023251182337E-003 -1.035177664179E-003  9.767034836475E-004 -3.889652712953E-003  1.431241761675E+001
  7.034195623922E+000  8.948996245764E-004 -9.134765539804E-004  8.705795065372E-004 -4.061601193932E-003  1.496634123360E+001
  7.169578712934E+000  7.789008320832E-004 -8.023748062545E-004  7.724639921935E-004 -4.249257789162E-003  1.567519777204E+001
  7.308577571516E+000  6.745349897723E-004 -7.013958460012E-004  6.821657689977E-004 -4.454714230566E-003  1.644519108259E+001
  7.451321853057E+000  5.810755008413E-004 -6.100389095390E-004  5.994538719542E-004 -4.680422134207E-003  1.728341520115E+001
  7.597947077547E+000  4.977938055955E-004 -5.277835665725E-004  5.240613382641E-004 -4.929269790882E-003  1.819801095844E+001
  7.748594953021E+000  4.239641700073E-004 -4.540943679677E-004  4.556892753403E-004 -5.204678729967E-003  1.919835567086E+001
  7.903413717736E+000  3.588683864313E-004 -3.884255645172E-004  3.940111577993E-004 -5.510726078510E-003  2.029529418561E+001
  8.062558504629E+000  3.018003278036E-004 -3.302258381705E-004  3.386773028967E-004 -5.852300876119E-003  2.150142197630E+001
  8.226191729726E+000  2.520702966978E-004 -2.789429844729E-004  2.893194677585E-004 -6.235305520557E-003  2.283143423513E+001
  8.394483506327E+000  2.090091118775E-004 -2.340284834212E-004  2.455555067919E-004 -6.666917819332E-003  2.430255930610E+001
  8.567612086926E+000  1.719718775408E-004 -1.949418957553E-004  2.069940240205E-004 -7.155935337484E-003  2.593510082205E+001
  8.745764335025E+000  1.403413843523E-004 -1.611550229457E-004  1.732389529392E-004 -7.713232838818E-003  2.775312123657E+001
  8.929136229160E+000  1.135310965831E-004 -1.321557718824E-004  1.438939959636E-004 -8.352377164279E-003  2.978531110881E+001
  9.117933401693E+000  9.098768620705E-005 -1.074516695461E-004  1.185668567437E-004 -9.090464368940E-003  3.206610506311E+001
  9.312371715124E+000  7.219308254106E-005 -8.657297873068E-005  9.687320158290E-005 -9.949275441641E-003  3.463712920105E+001
  9.512677878945E+000  5.666601483807E-005 -6.907537311924E-005  7.844029095352E-005 -1.095689632479E-002  3.754909964370E+001
  9.719090110332E+000  4.396303496052E-005 -5.454213856930E-005  6.291022857041E-005 -1.215002702062E-002  4.086434381468E+001
  9.931858842267E+000  3.367901765333E-005 -4.258587716029E-005  4.994278356959E-005 -1.357733404822E-002  4.466019480005E+001
  1.015124748302E+001  2.544714672132E-005 -3.284970116170E-005  3.921775085169E-005 -1.530441789317E-002  4.903363090469E+001
  1.037753323129E+001  1.893840628517E-005 -2.500791530593E-005  3.043682535474E-005 -1.742134220408E-002  5.410772513538E+001
  1.061100795175E+001  1.386060689852E-005 -1.876619726223E-005  2.332497761012E-005 -2.005433877139E-002  6.004078144093E+001
  1.085197911611E+001  9.956986296022E-006 -1.386129763659E-005  1.763133005205E-005 -2.338453006639E-002  6.703955380608E+001
  1.110077081537E+001  7.004433542895E-006 -1.006029177103E-005  1.312954579028E-005 -2.767885653761E-002  7.537883341004E+001
  1.135772484956E+001  4.811393018734E-006 -7.159425682118E-006  9.617753484752E-006 -3.334306813091E-002  8.543125907856E+001
  1.162320190175E+001  3.215510671740E-006 -4.982607268657E-006  6.918043130484E-006 -4.101639162763E-002  9.771406929368E+001
  1.189758280382E+001  2.081089052646E-006 -3.379601070922E-006  4.875577533223E-006 -5.174891753096E-002  1.129649020320E+002
  1.218126990242E+001  1.296419579063E-006 -2.223990067057E-006  3.357372620052E-006 -6.735254742965E-002  1.322691485238E+002
  1.247468853413E+001  7.710601733834E-007 -1.410971009483E-006  2.250806130707E-006 -9.113872422604E-002  1.572815067500E+002
  1.277828862002E+001  4.331238428728E-007 -8.550504882328E-007  1.461918396738E-006 -1.295704041352E-001  1.906205511927E+002
  1.309254639077E+001  2.266390184738E-007 -4.877072194558E-007  9.135706585503E-007 -1.961487789595E-001  2.365532166794E+002
  1.341796625462E+001  1.090357391028E-007 -2.550820720992E-007  5.435256316255E-007 -3.202275024352E-001  3.018914367593E+002
  1.375508282195E+001  4.880336673728E-008 -1.157512595504E-007  3.025118757638E-007 -5.569373605776E-001  3.946606472947E+002
  1.410446310162E+001  2.335584476468E-008 -3.863024577252E-008  1.523281372251E-007 -8.974568022058E-001  5.045550510702E+002
  1.446670888596E+001  1.713004275267E-008 -1.046658160617E-009  6.403653868701E-008 -9.343640012032E-001  5.594839116685E+002
  1.484245934302E+001  1.993198781437E-008  1.298964786393E-008  1.628470947356E-008 -6.068391532361E-001  5.319329347270E+002
  1.523239383723E+001  2.553530433982E-008  1.430172469658E-008 -6.212814336257E-009 -3.540554456611E-001  4.897713823928E+002
  1.563723500136E+001  3.052648787264E-008  9.838513673675E-009 -1.401377539054E-008 -2.188250569951E-001  4.614749569544E+002
  1.605775208607E+001  3.338318618499E-008  3.747873883535E-009 -1.409785805820E-008 -1.460479013149E-001  4.479172863442E+002
  1.649476461582E+001  3.376482114212E-008 -1.759784666246E-009 -1.082606634040E-008 -1.040368172635E-001  4.462233240406E+002
  1.694914638379E+001  3.198991010022E-008 -5.739926827822E-009 -6.717235206423E-009 -7.803925177536E-002  4.543279045092E+002
  1.742182982203E+001  2.867144954221E-008 -8.012080671342E-009 -3.055741646768E-009 -6.098705575808E-002  4.712201662897E+002
  1.791381078784E+001  2.448067673335E-008 -8.802457047456E-009 -3.493586309367E-010 -4.926327221276E-002  4.967058540871E+002
  1.842615381215E+001  2.001026023579E-008 -8.504516993844E-009  1.340790124248E-009 -4.089138033340E-002  5.312384562578E+002
  1.895999786176E+001  1.571020213810E-008 -7.531556860901E-009  2.175008191038E-009 -3.472686102645E-002  5.758550245517E+002
  1.951656267356E+001  1.187309193600E-008 -6.237348585803E-009  2.391779068579E-009 -3.007329854830E-002  6.321970641402E+002
  2.009715572669E+001  8.649414606161E-009 -4.883884422614E-009  2.225463632440E-009 -2.648870409737E-002  7.026054482284E+002
  2.070317992707E+001  6.077959308310E-009 -3.638923611954E-009  1.866594897821E-009 -2.368231830108E-002  7.902924303911E+002
  2.133614208874E+001  4.120612871756E-009 -2.589919997559E-009  1.449664978011E-009 -2.145691337051E-002  8.996076639590E+002
  2.199766230782E+001  2.694637894549E-009 -1.764666330775E-009  1.056722981273E-009 -1.967514695017E-002  1.036430728391E+003
  2.268948433818E+001  1.698708476686E-009 -1.152340959660E-009  7.283817557292E-010 -1.823920495993E-002  1.208743449632E+003
  2.341348709294E+001  1.031392515367E-009 -7.213991107481E-010  4.767193034896E-010 -1.707807983249E-002  1.427465956999E+003
  2.417169741362E+001  6.024148520977E-010 -4.328278448102E-010  2.969044917680E-010 -1.613939072621E-002  1.707688005646E+003
  2.496630426925E+001  3.379820093648E-010 -2.486868284019E-010  1.761173742704E-010 -1.538399047559E-002  2.070503125287E+003
  2.579967457140E+001  1.818277209819E-010 -1.366647065083E-010  9.949443423610E-011 -1.478233049506E-002  2.545777163869E+003
  2.667437081864E+001  9.360958298405E-011 -7.171788823629E-011  5.349080008352E-011 -1.431196287470E-002  3.176388741781E+003
  2.759317081651E+001  4.601288995110E-011 -3.586835199474E-011  2.733156192466E-011 -1.395579522665E-002  4.024827279518E+003
  2.855908975674E+001  2.153864401595E-011 -1.705694936073E-011  1.324823334928E-011 -1.370085457623E-002  5.183633629703E+003
  2.957540498378E+001  9.573836338912E-012 -7.691976699349E-012  6.078031495349E-012 -1.353740255891E-002  6.792220118988E+003
  3.064568382919E+001  4.028015418047E-012 -3.279480847820E-012  2.632033085359E-012 -1.345829793780E-002  9.064490055103E+003
  3.177381495601E+001  1.598420183258E-012 -1.317414228703E-012  1.072420371684E-012 -1.345853680744E-002  1.233512154850E+004
  3.296404372807E+001  5.959064004792E-013 -4.967460471845E-013  4.096486816908E-013  0.000000000000E+000  0.000000000000E+000
  3.422101220608E+001  2.078092011547E-013 -1.750643131005E-013  1.461015747896E-013  0.000000000000E+000  0.000000000000E+000
  3.554980447538E+001  6.746292639085E-014 -5.739358072181E-014  4.842865234138E-014  0.000000000000E+000  0.000000000000E+000
  3.695599813319E+001  2.028028292376E-014 -1.741237973683E-014  1.484319221538E-014  0.000000000000E+000  0.000000000000E+000
  3.844572291106E+001  5.612320556519E-015 -4.860272680613E-015  4.182611290047E-015  0.000000000000E+000  0.000000000000E+000
  4.002572758518E+001  1.420529377735E-015 -1.240149869060E-015  1.076711971949E-015  0.000000000000E+000  0.000000000000E+000
  4.170345654134E+001  3.264924487543E-016 -2.872071001367E-016  2.514248553848E-016  0.000000000000E+000  0.000000000000E+000
  4.348713762001E+001  6.759990677890E-017 -5.989305111709E-017  5.283851993507E-017  0.000000000000E+000  0.000000000000E+000
  4.538588318162E+001  1.249645345615E-017 -1.114672699603E-017  9.905413132741E-018  0.000000000000E+000  0.000000000000E+000
  4.740980671574E+001  2.042607198856E-018 -1.821432800607E-018  1.628676858904E-018  0.000000000000E+000  0.000000000000E+000
  4.957015778746E+001  2.904547448342E-019 -2.675487241683E-019  2.041034639226E-019  0.000000000000E+000  0.000000000000E+000
  5.187947869225E+001  3.211822302344E-020 -2.896282655272E-020  5.598301627380E-020  0.000000000000E+000  0.000000000000E+000
  5.435178690397E+001  6.707023926643E-021 -6.202728128903E-021  4.699105276255E-023  0.000000000000E+000  0.000000000000E+000
  5.700278828629E+001  5.929250012983E-024 -8.550777614121E-024  7.633092951695E-024  0.000000000000E+000  0.000000000000E+000
  5.985012714155E+001  7.425712059625E-025  0.000000000000E+000  0.000000000000E+000  0.000000000000E+000  0.000000000000E+000
  6.291368055481E+001  0.000000000000E+000  0.000000000000E+000  0.000000000000E+000  0.000000000000E+000  0.000000000000E+000
  6.621590623276E+001  0.000000000000E+000  0.000000000000E+000  0.000000000000E+000  0.000000000000E+000  0.000000000000E+000
  6.978225524452E+001  0.000000000000E+000  0.000000000000E+000  0.000000000000E+000  0.000000000000E+000  0.000000000000E+000
  7.364166388185E+001  0.000000000000E+000  0.000000000000E+000  0.000000000000E+000  0.000000000000E+000  0.000000000000E+000
  7.782714245929E+001  0.000000000000E+000  0.000000000000E+000  0.000000000000E+000  0.000000000000E+000  0.000000000000E+000
  8.237648351994E+001  0.000000000000E+000  0.000000000000E+000  0.000000000000E+000  0.000000000000E+000  0.000000000000E+000
  8.733311794502E+001  0.000000000000E+000  0.000000000000E+000  0.000000000000E+000  0.000000000000E+000  0.000000000000E+000
  9.274715535088E+001  0.000000000000E+000  0.000000000000E+000  0.000000000000E+000  0.000000000000E+000  0.000000000000E+000
  9.867665554529E+001  0.000000000000E+000  0.000000000000E+000  0.000000000000E+000  0.000000000000E+000  0.000000000000E+000
  1.051891916055E+002  0.000000000000E+000  0.000000000000E+000  0.000000000000E+000  0.000000000000E+000  0.000000000000E+000
  1.123637836013E+002  0.000000000000E+000  0.000000000000E+000  0.000000000000E+000  0.000000000000E+000  0.000000000000E+000
  1.202933069206E+002  0.000000000000E+000  0.000000000000E+000  0.000000000000E+000  0.000000000000E+000  0.000000000000E+000
  1.290875131414E+002  0.000000000000E+000  0.000000000000E+000  0.000000000000E+000  0.000000000000E+000  0.000000000000E+000
  1.388768482001E+002  0.000000000000E+000  0.000000000000E+000  0.000000000000E+000  0.000000000000E+000  0.000000000000E+000
  1.498173177370E+002  0.000000000000E+000  0.000000000000E+000  0.000000000000E+000  0.000000000000E+000  0.000000000000E+000
  1.620967411853E+002  0.000000000000E+000  0.000000000000E+000  0.000000000000E+000  0.000000000000E+000  0.000000000000E+000
  1.759428668168E+002  0.000000000000E+000  0.000000000000E+000  0.000000000000E+000  0.000000000000E+000  0.000000000000E+000
  1.916340085825E+002  0.000000000000E+000  0.000000000000E+000  0.000000000000E+000  0.000000000000E+000  0.000000000000E+000
  2.095131417987E+002  0.000000000000E+000  0.000000000000E+000  0.000000000000E+000  0.000000000000E+000  0.000000000000E+000
  2.300068054477E+002  0.000000000000E+000  0.000000000000E+000  0.000000000000E+000  0.000000000000E+000  0.000000000000E+000
  2.536507797910E+002  0.000000000000E+000  0.000000000000E+000  0.000000000000E+000  0.000000000000E+000  0.000000000000E+000
  2.811254638474E+002  0.000000000000E+000  0.000000000000E+000  0.000000000000E+000  0.000000000000E+000  0.000000000000E+000
  3.133053780630E+002  0.000000000000E+000  0.000000000000E+000  0.000000000000E+000  0.000000000000E+000  0.000000000000E+000
  3.513296254502E+002  0.000000000000E+000  0.000000000000E+000  0.000000000000E+000  0.000000000000E+000  0.000000000000E+000
  3.967041014107E+002  0.000000000000E+000  0.000000000000E+000  0.000000000000E+000  0.000000000000E+000  0.000000000000E+000
  4.514529193350E+002  0.000000000000E+000  0.000000000000E+000  0.000000000000E+000  0.000000000000E+000  0.000000000000E+000
  5.183481233601E+002  0.000000000000E+000  0.000000000000E+000  0.000000000000E+000  0.000000000000E+000  0.000000000000E+000
  6.012676077950E+002  0.000000000000E+000  0.000000000000E+000  0.000000000000E+000  0.000000000000E+000  0.000000000000E+000
  7.057700503752E+002  0.000000000000E+000  0.000000000000E+000  0.000000000000E+000  0.000000000000E+000  0.000000000000E+000
  8.400513767914E+002  0.000000000000E+000  0.000000000000E+000  0.000000000000E+000  0.000000000000E+000  0.000000000000E+000
  1.016602135495E+003  0.000000000000E+000  0.000000000000E+000  0.000000000000E+000  0.000000000000E+000  0.000000000000E+000
  1.255220715579E+003  0.000000000000E+000  0.000000000000E+000  0.000000000000E+000  0.000000000000E+000  0.000000000000E+000
  1.588815776243E+003  0.000000000000E+000  0.000000000000E+000  0.000000000000E+000  0.000000000000E+000  0.000000000000E+000
  2.075392011604E+003  0.000000000000E+000  0.000000000000E+000  0.000000000000E+000  0.000000000000E+000  0.000000000000E+000
  2.825079847528E+003  0.000000000000E+000  0.000000000000E+000  0.000000000000E+000  0.000000000000E+000  0.000000000000E+000
  4.068408296183E+003  0.000000000000E+000  0.000000000000E+000  0.000000000000E+000  0.000000000000E+000  0.000000000000E+000
  6.357262947672E+003  0.000000000000E+000  0.000000000000E+000  0.000000000000E+000  0.000000000000E+000  0.000000000000E+000
  1.130231930164E+004  0.000000000000E+000  0.000000000000E+000  0.000000000000E+000  0.000000000000E+000  0.000000000000E+000
  2.543105175136E+004  0.000000000000E+000  0.000000000000E+000  0.000000000000E+000  0.000000000000E+000  0.000000000000E+000
  1.017262069952E+005  0.000000000000E+000  0.000000000000E+000  0.000000000000E+000  0.000000000000E+000  0.000000000000E+000
