# 1st line: number of mesh points
# abcissa wavefunction wavefunction_1st wavefunction_2nd
500
# Principal QN=   1 , l=   1 , Occupation=   0.0020
  9.830308526563E-006  4.450170186759E-006  4.526931957563E-001 -1.167364913630E+000
  3.932200719722E-005  1.780035385499E-005  4.526587694587E-001 -1.167278336652E+000
  8.847741541467E-005  4.004957028848E-005  4.526013949619E-001 -1.167134049131E+000
  1.573003992805E-004  7.119618482568E-005  4.525210762649E-001 -1.166932062232E+000
  2.457963722418E-004  1.112379086582E-004  4.524178189671E-001 -1.166672391586E+000
  3.539722959954E-004  1.601717985486E-004  4.522916302682E-001 -1.166355057289E+000
  4.818366816529E-004  2.179942564677E-004  4.521425189695E-001 -1.165980083900E+000
  6.293995911626E-004  2.847010291512E-004  4.519704954746E-001 -1.165547500447E+000
  7.966726389935E-004  3.602872075766E-004  4.517755717901E-001 -1.165057340416E+000
  9.836689940782E-004  4.447472263590E-004  4.515577615271E-001 -1.164509641761E+000
  1.190403382016E-003  5.380748630674E-004  4.513170799020E-001 -1.163904446897E+000
  1.416892087541E-003  6.402632374607E-004  4.510535437387E-001 -1.163241802701E+000
  1.663152957245E-003  7.513048106440E-004  4.507671714694E-001 -1.162521760511E+000
  1.929205402573E-003  8.711913841455E-004  4.504579831369E-001 -1.161744376123E+000
  2.215070403073E-003  9.999140989132E-004  4.501260003962E-001 -1.160909709796E+000
  2.520770509919E-003  1.137463434233E-003  4.497712465167E-001 -1.160017826244E+000
  2.846329849692E-003  1.283829206569E-003  4.493937463842E-001 -1.159068794638E+000
  3.191774128432E-003  1.439000568319E-003  4.489935265037E-001 -1.158062688606E+000
  3.557130635959E-003  1.602966006505E-003  4.485706150012E-001 -1.156999586228E+000
  3.942428250463E-003  1.775713341366E-003  4.481250416270E-001 -1.155879570038E+000
  4.347697443358E-003  1.957229724893E-003  4.476568377581E-001 -1.154702727021E+000
  4.772970284417E-003  2.147501639271E-003  4.471660364016E-001 -1.153469148613E+000
  5.218280447175E-003  2.346514895251E-003  4.466526721971E-001 -1.152178930698E+000
  5.683663214611E-003  2.554254630448E-003  4.461167814206E-001 -1.150832173603E+000
  6.169155485101E-003  2.770705307552E-003  4.455584019876E-001 -1.149428982106E+000
  6.674795778653E-003  2.995850712477E-003  4.449775734569E-001 -1.147969465423E+000
  7.200624243425E-003  3.229673952420E-003  4.443743370338E-001 -1.146453737214E+000
  7.746682662519E-003  3.472157453858E-003  4.437487355746E-001 -1.144881915578E+000
  8.313014461060E-003  3.723282960458E-003  4.431008135901E-001 -1.143254123051E+000
  8.899664713569E-003  3.983031530925E-003  4.424306172501E-001 -1.141570486605E+000
  9.506680151615E-003  4.251383536768E-003  4.417381943874E-001 -1.139831137646E+000
  1.013410917176E-002  4.528318659996E-003  4.410235945027E-001 -1.138036212012E+000
  1.078200184380E-002  4.813815890741E-003  4.402868687686E-001 -1.136185849969E+000
  1.145040991929E-002  5.107853524810E-003  4.395280700349E-001 -1.134280196211E+000
  1.213938684040E-002  5.410409161163E-003  4.387472528331E-001 -1.132319399859E+000
  1.284898774901E-002  5.721459699328E-003  4.379444733818E-001 -1.130303614455E+000
  1.357926949620E-002  6.040981336736E-003  4.371197895917E-001 -1.128232997963E+000
  1.433029065191E-002  6.368949565994E-003  4.362732610708E-001 -1.126107712766E+000
  1.510211151509E-002  6.705339172089E-003  4.354049491303E-001 -1.123927925664E+000
  1.589479412397E-002  7.050124229523E-003  4.345149167898E-001 -1.121693807871E+000
  1.670840226680E-002  7.403278099381E-003  4.336032287835E-001 -1.119405535012E+000
  1.754300149280E-002  7.764773426334E-003  4.326699515656E-001 -1.117063287125E+000
  1.839865912351E-002  8.134582135581E-003  4.317151533170E-001 -1.114667248654E+000
  1.927544426443E-002  8.512675429718E-003  4.307389039511E-001 -1.112217608448E+000
  2.017342781695E-002  8.899023785556E-003  4.297412751200E-001 -1.109714559762E+000
  2.109268249069E-002  9.293596950866E-003  4.287223402218E-001 -1.107158300251E+000
  2.203328281612E-002  9.696363941071E-003  4.276821744062E-001 -1.104549031969E+000
  2.299530515754E-002  1.010729303588E-002  4.266208545821E-001 -1.101886961369E+000
  2.397882772639E-002  1.052635177584E-002  4.255384594242E-001 -1.099172299298E+000
  2.498393059493E-002  1.095350695889E-002  4.244350693799E-001 -1.096405260995E+000
  2.601069571024E-002  1.138872463677E-002  4.233107666769E-001 -1.093586066095E+000
  2.705920690860E-002  1.183197011146E-002  4.221656353303E-001 -1.090714938618E+000
  2.812954993023E-002  1.228320793151E-002  4.209997611501E-001 -1.087792106975E+000
  2.922181243436E-002  1.274240188837E-002  4.198132317488E-001 -1.084817803961E+000
  3.033608401473E-002  1.320951501260E-002  4.186061365494E-001 -1.081792266757E+000
  3.147245621542E-002  1.368450957006E-002  4.173785667927E-001 -1.078715736926E+000
  3.263102254705E-002  1.416734705814E-002  4.161306155460E-001 -1.075588460413E+000
  3.381187850339E-002  1.465798820176E-002  4.148623777107E-001 -1.072410687546E+000
  3.501512157837E-002  1.515639294951E-002  4.135739500311E-001 -1.069182673027E+000
  3.624085128345E-002  1.566252046964E-002  4.122654311021E-001 -1.065904675940E+000
  3.748916916538E-002  1.617632914603E-002  4.109369213785E-001 -1.062576959746E+000
  3.876017882444E-002  1.669777657416E-002  4.095885231829E-001 -1.059199792280E+000
  4.005398593302E-002  1.722681955699E-002  4.082203407151E-001 -1.055773445755E+000
  4.137069825459E-002  1.776341410082E-002  4.068324800606E-001 -1.052298196758E+000
  4.271042566323E-002  1.830751541116E-002  4.054250491997E-001 -1.048774326252E+000
  4.407328016341E-002  1.885907788850E-002  4.039981580166E-001 -1.045202119574E+000
  4.545937591035E-002  1.941805512412E-002  4.025519183089E-001 -1.041581866436E+000
  4.686882923075E-002  1.998439989583E-002  4.010864437965E-001 -1.037913860926E+000
  4.830175864396E-002  2.055806416368E-002  3.996018501311E-001 -1.034198401506E+000
  4.975828488365E-002  2.113899906569E-002  3.980982549061E-001 -1.030435791016E+000
  5.123853091993E-002  2.172715491353E-002  3.965757776662E-001 -1.026626336672E+000
  5.274262198188E-002  2.232248118820E-002  3.950345399166E-001 -1.022770350068E+000
  5.427068558066E-002  2.292492653567E-002  3.934746651334E-001 -1.018868147181E+000
  5.582285153302E-002  2.353443876257E-002  3.918962787736E-001 -1.014920048364E+000
  5.739925198530E-002  2.415096483178E-002  3.902995082845E-001 -1.010926378359E+000
  5.900002143803E-002  2.477445085811E-002  3.886844831145E-001 -1.006887466290E+000
  6.062529677088E-002  2.540484210393E-002  3.870513347228E-001 -1.002803645670E+000
  6.227521726827E-002  2.604208297477E-002  3.854001965899E-001 -9.986752544040E-001
  6.394992464542E-002  2.668611701501E-002  3.837312042278E-001 -9.945026347892E-001
  6.564956307496E-002  2.733688690354E-002  3.820444951905E-001 -9.902861335218E-001
  6.737427921404E-002  2.799433444936E-002  3.803402090844E-001 -9.860261016992E-001
  6.912422223211E-002  2.865840058733E-002  3.786184875790E-001 -9.817228948241E-001
  7.089954383907E-002  2.932902537383E-002  3.768794744168E-001 -9.773768728095E-001
  7.270039831418E-002  3.000614798251E-002  3.751233154250E-001 -9.729883999833E-001
  7.452694253540E-002  3.068970670001E-002  3.733501585251E-001 -9.685578450939E-001
  7.637933600943E-002  3.137963892178E-002  3.715601537441E-001 -9.640855813156E-001
  7.825774090225E-002  3.207588114785E-002  3.697534532252E-001 -9.595719862549E-001
  8.016232207035E-002  3.277836897875E-002  3.679302112384E-001 -9.550174419571E-001
  8.209324709253E-002  3.348703711137E-002  3.660905841912E-001 -9.504223349132E-001
  8.405068630235E-002  3.420181933493E-002  3.642347306395E-001 -9.457870560671E-001
  8.603481282122E-002  3.492264852697E-002  3.623628112982E-001 -9.411120008242E-001
  8.804580259214E-002  3.564945664944E-002  3.604749890519E-001 -9.363975690587E-001
  9.008383441408E-002  3.638217474483E-002  3.585714289657E-001 -9.316441651236E-001
  9.214908997710E-002  3.712073293234E-002  3.566522982959E-001 -9.268521978591E-001
  9.424175389809E-002  3.786506040419E-002  3.547177665005E-001 -9.220220806031E-001
  9.636201375725E-002  3.861508542195E-002  3.527680052498E-001 -9.171542312012E-001
  9.851006013526E-002  3.937073531301E-002  3.508031884370E-001 -9.122490720176E-001
  1.006860866512E-001  4.013193646708E-002  3.488234921888E-001 -9.073070299468E-001
  1.028902900012E-001  4.089861433283E-002  3.468290948754E-001 -9.023285364253E-001
  1.051228699979E-001  4.167069341465E-002  3.448201771211E-001 -8.973140274445E-001
  1.073840296104E-001  4.244809726946E-002  3.427969218143E-001 -8.922639435631E-001
  1.096739750056E-001  4.323074850370E-002  3.407595141179E-001 -8.871787299215E-001
  1.119929155896E-001  4.401856877038E-002  3.387081414786E-001 -8.820588362557E-001
  1.143410640503E-001  4.481147876634E-002  3.366429936374E-001 -8.769047169123E-001
  1.167186364011E-001  4.560939822958E-002  3.345642626387E-001 -8.717168308636E-001
  1.191258520249E-001  4.641224593676E-002  3.324721428401E-001 -8.664956417239E-001
  1.215629337189E-001  4.721993970083E-002  3.303668309216E-001 -8.612416177663E-001
  1.240301077413E-001  4.803239636888E-002  3.282485258945E-001 -8.559552319395E-001
  1.265276038575E-001  4.884953182009E-002  3.261174291105E-001 -8.506369618859E-001
  1.290556553882E-001  4.967126096390E-002  3.239737442701E-001 -8.452872899601E-001
  1.316144992580E-001  5.049749773832E-002  3.218176774312E-001 -8.399067032478E-001
  1.342043760450E-001  5.132815510849E-002  3.196494370168E-001 -8.344956935859E-001
  1.368255300316E-001  5.216314506536E-002  3.174692338235E-001 -8.290547575823E-001
  1.394782092560E-001  5.300237862471E-002  3.152772810281E-001 -8.235843966370E-001
  1.421626655646E-001  5.384576582622E-002  3.130737941954E-001 -8.180851169638E-001
  1.448791546661E-001  5.469321573291E-002  3.108589912849E-001 -8.125574296122E-001
  1.476279361856E-001  5.554463643074E-002  3.086330926568E-001 -8.070018504903E-001
  1.504092737207E-001  5.639993502849E-002  3.063963210787E-001 -8.014189003880E-001
  1.532234348983E-001  5.725901765786E-002  3.041489017305E-001 -7.958091050009E-001
  1.560706914324E-001  5.812178947391E-002  3.018910622101E-001 -7.901729949547E-001
  1.589513191834E-001  5.898815465566E-002  2.996230325377E-001 -7.845111058305E-001
  1.618655982178E-001  5.985801640711E-002  2.973450451601E-001 -7.788239781898E-001
  1.648138128702E-001  6.073127695846E-002  2.950573349545E-001 -7.731121576011E-001
  1.677962518056E-001  6.160783756766E-002  2.927601392312E-001 -7.673761946662E-001
  1.708132080832E-001  6.248759852234E-002  2.904536977365E-001 -7.616166450470E-001
  1.738649792215E-001  6.337045914197E-002  2.881382526541E-001 -7.558340694934E-001
  1.769518672648E-001  6.425631778045E-002  2.858140486071E-001 -7.500290338712E-001
  1.800741788507E-001  6.514507182901E-002  2.834813326575E-001 -7.442021091897E-001
  1.832322252791E-001  6.603661771948E-002  2.811403543069E-001 -7.383538716313E-001
  1.864263225826E-001  6.693085092794E-002  2.787913654950E-001 -7.324849025797E-001
  1.896567915983E-001  6.782766597881E-002  2.764346205984E-001 -7.265957886498E-001
  1.929239580409E-001  6.872695644924E-002  2.740703764274E-001 -7.206871217165E-001
  1.962281525771E-001  6.962861497401E-002  2.716988922233E-001 -7.147594989448E-001
  1.995697109023E-001  7.053253325082E-002  2.693204296534E-001 -7.088135228198E-001
  2.029489738173E-001  7.143860204600E-002  2.669352528065E-001 -7.028498011761E-001
  2.063662873085E-001  7.234671120076E-002  2.645436281857E-001 -6.968689472282E-001
  2.098220026275E-001  7.325674963777E-002  2.621458247021E-001 -6.908715796000E-001
  2.133164763746E-001  7.416860536838E-002  2.597421136659E-001 -6.848583223552E-001
  2.168500705817E-001  7.508216550019E-002  2.573327687770E-001 -6.788298050264E-001
  2.204231527988E-001  7.599731624525E-002  2.549180661143E-001 -6.727866626448E-001
  2.240360961807E-001  7.691394292870E-002  2.524982841243E-001 -6.667295357693E-001
  2.276892795770E-001  7.783192999796E-002  2.500737036072E-001 -6.606590705152E-001
  2.313830876220E-001  7.875116103254E-002  2.476446077033E-001 -6.545759185823E-001
  2.351179108282E-001  7.967151875434E-002  2.452112818765E-001 -6.484807372827E-001
  2.388941456809E-001  8.059288503852E-002  2.427740138977E-001 -6.423741895676E-001
  2.427121947345E-001  8.151514092505E-002  2.403330938254E-001 -6.362569440537E-001
  2.465724667110E-001  8.243816663081E-002  2.378888139861E-001 -6.301296750479E-001
  2.504753766009E-001  8.336184156229E-002  2.354414689520E-001 -6.239930625722E-001
  2.544213457654E-001  8.428604432897E-002  2.329913555179E-001 -6.178477923866E-001
  2.584108020414E-001  8.521065275738E-002  2.305387726755E-001 -6.116945560105E-001
  2.624441798480E-001  8.613554390571E-002  2.280840215870E-001 -6.055340507436E-001
  2.665219202956E-001  8.706059407925E-002  2.256274055558E-001 -5.993669796846E-001
  2.706444712976E-001  8.798567884642E-002  2.231692299960E-001 -5.931940517484E-001
  2.748122876832E-001  8.891067305554E-002  2.207098023996E-001 -5.870159816814E-001
  2.790258313137E-001  8.983545085231E-002  2.182494323019E-001 -5.808334900745E-001
  2.832855712010E-001  9.075988569807E-002  2.157884312444E-001 -5.746473033747E-001
  2.875919836279E-001  9.168385038877E-002  2.133271127360E-001 -5.684581538935E-001
  2.919455522717E-001  9.260721707467E-002  2.108657922117E-001 -5.622667798130E-001
  2.963467683296E-001  9.352985728093E-002  2.084047869887E-001 -5.560739251895E-001
  3.007961306479E-001  9.445164192885E-002  2.059444162209E-001 -5.498803399539E-001
  3.052941458522E-001  9.537244135801E-002  2.034850008499E-001 -5.436867799088E-001
  3.098413284823E-001  9.629212534918E-002  2.010268635543E-001 -5.374940067227E-001
  3.144382011281E-001  9.721056314804E-002  1.985703286959E-001 -5.313027879200E-001
  3.190852945695E-001  9.812762348981E-002  1.961157222633E-001 -5.251138968674E-001
  3.237831479192E-001  9.904317462461E-002  1.936633718131E-001 -5.189281127565E-001
  3.285323087679E-001  9.995708434377E-002  1.912136064071E-001 -5.127462205816E-001
  3.333333333333E-001  1.008692200070E-001  1.887667565482E-001 -5.065690111129E-001
  3.381867866117E-001  1.017794485702E-001  1.863231541121E-001 -5.003972808653E-001
  3.430932425333E-001  1.026876366146E-001  1.838831322757E-001 -4.942318320613E-001
  3.480532841203E-001  1.035936503767E-001  1.814470254438E-001 -4.880734725892E-001
  3.530675036492E-001  1.044973557781E-001  1.790151691704E-001 -4.819230159550E-001
  3.581365028158E-001  1.053986184581E-001  1.765879000787E-001 -4.757812812283E-001
  3.632608929041E-001  1.062973038055E-001  1.741655557762E-001 -4.696490929820E-001
  3.684412949588E-001  1.071932769921E-001  1.717484747671E-001 -4.635272812255E-001
  3.736783399619E-001  1.080864030071E-001  1.693369963604E-001 -4.574166813300E-001
  3.789726690123E-001  1.089765466922E-001  1.669314605753E-001 -4.513181339474E-001
  3.843249335105E-001  1.098635727774E-001  1.645322080417E-001 -4.452324849207E-001
  3.897357953460E-001  1.107473459183E-001  1.621395798975E-001 -4.391605851870E-001
  3.952059270903E-001  1.116277307340E-001  1.597539176821E-001 -4.331032906712E-001
  4.007360121927E-001  1.125045918455E-001  1.573755632254E-001 -4.270614621716E-001
  4.063267451812E-001  1.133777939154E-001  1.550048585331E-001 -4.210359652356E-001
  4.119788318683E-001  1.142472016887E-001  1.526421456675E-001 -4.150276700266E-001
  4.176929895600E-001  1.151126800338E-001  1.502877666244E-001 -4.090374511798E-001
  4.234699472710E-001  1.159740939847E-001  1.479420632056E-001 -4.030661876483E-001
  4.293104459435E-001  1.168313087842E-001  1.456053768870E-001 -3.971147625383E-001
  4.352152386716E-001  1.176841899276E-001  1.432780486818E-001 -3.911840629328E-001
  4.411850909306E-001  1.185326032073E-001  1.409604190004E-001 -3.852749797034E-001
  4.472207808110E-001  1.193764147581E-001  1.386528275042E-001 -3.793884073106E-001
  4.533230992589E-001  1.202154911034E-001  1.363556129560E-001 -3.735252435908E-001
  4.594928503202E-001  1.210496992019E-001  1.340691130652E-001 -3.676863895311E-001
  4.657308513924E-001  1.218789064952E-001  1.317936643284E-001 -3.618727490294E-001
  4.720379334802E-001  1.227029809557E-001  1.295296018650E-001 -3.560852286425E-001
  4.784149414579E-001  1.235217911353E-001  1.272772592486E-001 -3.503247373178E-001
  4.848627343381E-001  1.243352062150E-001  1.250369683330E-001 -3.445921861116E-001
  4.913821855461E-001  1.251430960544E-001  1.228090590735E-001 -3.388884878919E-001
  4.979741832006E-001  1.259453312416E-001  1.205938593434E-001 -3.332145570252E-001
  5.046396304008E-001  1.267417831447E-001  1.183916947461E-001 -3.275713090474E-001
  5.113794455212E-001  1.275323239617E-001  1.162028884214E-001 -3.219596603185E-001
  5.181945625116E-001  1.283168267726E-001  1.140277608475E-001 -3.163805276598E-001
  5.250859312060E-001  1.290951655905E-001  1.118666296384E-001 -3.108348279743E-001
  5.320545176366E-001  1.298672154134E-001  1.097198093360E-001 -3.053234778485E-001
  5.391013043575E-001  1.306328522756E-001  1.075876111976E-001 -2.998473931372E-001
  5.462272907741E-001  1.313919532997E-001  1.054703429787E-001 -2.944074885290E-001
  5.534334934816E-001  1.321443967481E-001  1.033683087113E-001 -2.890046770926E-001
  5.607209466109E-001  1.328900620743E-001  1.012818084774E-001 -2.836398698050E-001
  5.680907021827E-001  1.336288299742E-001  9.921113817802E-002 -2.783139750586E-001
  5.755438304707E-001  1.343605824368E-001  9.715658929788E-002 -2.730278981499E-001
  5.830814203728E-001  1.350852027946E-001  9.511844866585E-002 -2.677825407467E-001
  5.907045797917E-001  1.358025757728E-001  9.309699821111E-002 -2.625788003360E-001
  5.984144360243E-001  1.365125875389E-001  9.109251471546E-002 -2.574175696499E-001
  6.062121361613E-001  1.372151257506E-001  8.910526956162E-002 -2.522997360721E-001
  6.140988474955E-001  1.379100796024E-001  8.713552847803E-002 -2.472261810222E-001
  6.220757579409E-001  1.385973398727E-001  8.518355128008E-002 -2.421977793191E-001
  6.301440764614E-001  1.392767989675E-001  8.324959160812E-002 -2.372153985236E-001
  6.383050335109E-001  1.399483509645E-001  8.133389666249E-002 -2.322798982588E-001
  6.465598814833E-001  1.406118916549E-001  7.943670693574E-002 -2.273921295099E-001
  6.549098951744E-001  1.412673185830E-001  7.755825594248E-002 -2.225529339021E-001
  6.633563722545E-001  1.419145310850E-001  7.569876994697E-002 -2.177631429580E-001
  6.719006337539E-001  1.425534303248E-001  7.385846768893E-002 -2.130235773330E-001
  6.805440245593E-001  1.431839193283E-001  7.203756010780E-002 -2.083350460306E-001
  6.892879139233E-001  1.438059030145E-001  7.023625006599E-002 -2.036983455967E-001
  6.981336959871E-001  1.444192882246E-001  6.845473207127E-002 -1.991142592939E-001
  7.070827903152E-001  1.450239837480E-001  6.669319199900E-002 -1.945835562554E-001
  7.161366424455E-001  1.456199003452E-001  6.495180681445E-002 -1.901069906202E-001
  7.252967244510E-001  1.462069507678E-001  6.323074429579E-002 -1.856853006491E-001
  7.345645355186E-001  1.467850497745E-001  6.153016275821E-002 -1.813192078221E-001
  7.439416025400E-001  1.473541141439E-001  5.985021077975E-002 -1.770094159194E-001
  7.534294807203E-001  1.479140626829E-001  5.819102692934E-002 -1.727566100841E-001
  7.630297542000E-001  1.484648162315E-001  5.655273949777E-002 -1.685614558708E-001
  7.727440366954E-001  1.490062976625E-001  5.493546623202E-002 -1.644245982782E-001
  7.825739721536E-001  1.495384318772E-001  5.333931407384E-002 -1.603466607682E-001
  7.925212354258E-001  1.500611457954E-001  5.176437890303E-002 -1.563282442729E-001
  8.025875329584E-001  1.505743683415E-001  5.021074528635E-002 -1.523699261898E-001
  8.127746035011E-001  1.510780304234E-001  4.867848623263E-002 -1.484722593674E-001
  8.230842188350E-001  1.515720649074E-001  4.716766295500E-002 -1.446357710828E-001
  8.335181845190E-001  1.520564065858E-001  4.567832464094E-002 -1.408609620120E-001
  8.440783406568E-001  1.525309921393E-001  4.421050823106E-002 -1.371483051955E-001
  8.547665626839E-001  1.529957600921E-001  4.276423820747E-002 -1.334982450011E-001
  8.655847621758E-001  1.534506507606E-001  4.133952639258E-002 -1.299111960853E-001
  8.765348876780E-001  1.538956061949E-001  3.993637175935E-002 -1.263875423560E-001
  8.876189255584E-001  1.543305701132E-001  3.855476025385E-002 -1.229276359380E-001
  8.988389008829E-001  1.547554878281E-001  3.719466463120E-002 -1.195317961449E-001
  9.101968783143E-001  1.551703061659E-001  3.585604430581E-002 -1.162003084589E-001
  9.216949630368E-001  1.555749733765E-001  3.453884521704E-002 -1.129334235210E-001
  9.333353017046E-001  1.559694390364E-001  3.324299971126E-002 -1.097313561354E-001
  9.451200834176E-001  1.563536539415E-001  3.196842644140E-002 -1.065942842898E-001
  9.570515407237E-001  1.567275699927E-001  3.071503028513E-002 -1.035223481961E-001
  9.691319506484E-001  1.570911400707E-001  2.948270228272E-002 -1.005156493528E-001
  9.813636357544E-001  1.574443179031E-001  2.827131959567E-002 -9.757424963355E-002
  9.937489652293E-001  1.577870579204E-001  2.708074548743E-002 -9.469817040589E-002
  1.006290356005E+000  1.581193151034E-001  2.591082932700E-002 -9.188739168160E-002
  1.018990273907E+000  1.584410448205E-001  2.476140661698E-002 -8.914185130442E-002
  1.031851234841E+000  1.587522026543E-001  2.363229904685E-002 -8.646144417764E-002
  1.044875806003E+000  1.590527442190E-001  2.252331457276E-002 -8.384602153583E-002
  1.058066607138E+000  1.593426249662E-001  2.143424752506E-002 -8.129539026464E-002
  1.071426311823E+000  1.596217999820E-001  2.036487874447E-002 -7.880931227248E-002
  1.084957648792E+000  1.598902237717E-001  1.931497574814E-002 -7.638750391841E-002
  1.098663403298E+000  1.601478500357E-001  1.828429292667E-002 -7.402963550034E-002
  1.112546418516E+000  1.603946314335E-001  1.727257177302E-002 -7.173533080761E-002
  1.126609596985E+000  1.606305193384E-001  1.627954114443E-002 -6.950416674242E-002
  1.140855902095E+000  1.608554635812E-001  1.530491755832E-002 -6.733567301422E-002
  1.155288359613E+000  1.610694121832E-001  1.434840552291E-002 -6.522933191153E-002
  1.169910059257E+000  1.612723110801E-001  1.340969790370E-002 -6.318457815522E-002
  1.184724156317E+000  1.614641038350E-001  1.248847632639E-002 -6.120079883784E-002
  1.199733873325E+000  1.616447313422E-001  1.158441161701E-002 -5.927733345300E-002
  1.214942501771E+000  1.618141315216E-001  1.069716427996E-002 -5.741347401897E-002
  1.230353403874E+000  1.619722390038E-001  9.826385014551E-003 -5.560846530075E-002
  1.245970014403E+000  1.621189848066E-001  8.971715270309E-003 -5.386150513443E-002
  1.261795842559E+000  1.622542960037E-001  8.132787841684E-003 -5.217174485770E-002
  1.277834473907E+000  1.623780953852E-001  7.309227502179E-003 -5.053828985029E-002
  1.294089572372E+000  1.624903011115E-001  6.500651678150E-003 -4.896020018774E-002
  1.310564882294E+000  1.625908263607E-001  5.706671162212E-003 -4.743649141187E-002
  1.327264230548E+000  1.626795789702E-001  4.926890866119E-003 -4.596613542094E-002
  1.344191528724E+000  1.627564610739E-001  4.160910612810E-003 -4.454806148230E-002
  1.361350775387E+000  1.628213687349E-001  3.408325967165E-003 -4.318115737012E-002
  1.378746058390E+000  1.628741915758E-001  2.668729104827E-003 -4.186427063012E-002
  1.396381557275E+000  1.629148124067E-001  1.941709718293E-003 -4.059620997333E-002
  1.414261545744E+000  1.629431068526E-001  1.226855959265E-003 -3.937574680007E-002
  1.432390394201E+000  1.629589429814E-001  5.237554160713E-004 -3.820161685526E-002
  1.450772572390E+000  1.629621809334E-001 -1.680038752486E-004 -3.707252201546E-002
  1.469412652102E+000  1.629526725538E-001 -8.488323878008E-004 -3.598713220763E-002
  1.488315309978E+000  1.629302610306E-001 -1.519138030476E-003 -3.494408745913E-002
  1.507485330398E+000  1.628947805379E-001 -2.179325046427E-003 -3.394200007784E-002
  1.526927608467E+000  1.628460558876E-001 -2.829792885690E-003 -3.297945696070E-002
  1.546647153093E+000  1.627839021902E-001 -3.470935054461E-003 -3.205502202831E-002
  1.566649090169E+000  1.627081245277E-001 -4.103137943830E-003 -3.116723878273E-002
  1.586938665861E+000  1.626185176399E-001 -4.726779640973E-003 -3.031463298473E-002
  1.607521250000E+000  1.625148656251E-001 -5.342228726088E-003 -2.949571544619E-002
  1.628402339588E+000  1.623969416599E-001 -5.949843058580E-003 -2.870898493249E-002
  1.649587562420E+000  1.622645077373E-001 -6.549968556280E-003 -2.795293116919E-002
  1.671082680832E+000  1.621173144278E-001 -7.142937971691E-003 -2.722603794627E-002
  1.692893595565E+000  1.619551006641E-001 -7.729069669536E-003 -2.652678631263E-002
  1.715026349769E+000  1.617775935525E-001 -8.308666410098E-003 -2.585365785265E-002
  1.737487133138E+000  1.615845082144E-001 -8.882014143060E-003 -2.520513803590E-002
  1.760282286187E+000  1.613755476579E-001 -9.449380816812E-003 -2.457971963022E-002
  1.783418304674E+000  1.611504026849E-001 -1.001101520835E-002 -2.397590616766E-002
  1.806901844175E+000  1.609087518344E-001 -1.056714577916E-002 -2.339221545196E-002
  1.830739724818E+000  1.606502613651E-001 -1.111797956252E-002 -2.282718309557E-002
  1.854938936184E+000  1.603745852808E-001 -1.166370108804E-002 -2.227936607335E-002
  1.879506642368E+000  1.600813653996E-001 -1.220447134912E-002 -2.174734627956E-002
  1.904450187236E+000  1.597702314708E-001 -1.274042681942E-002 -2.122973407387E-002
  1.929777099847E+000  1.594408013422E-001 -1.327167852421E-002 -2.072517180176E-002
  1.955495100083E+000  1.590926811792E-001 -1.379831117284E-002 -2.023233727392E-002
  1.981612104475E+000  1.587254657400E-001 -1.432038235836E-002 -1.974994718884E-002
  2.008136232230E+000  1.583387387073E-001 -1.483792183052E-002 -1.927676048231E-002
  2.035075811486E+000  1.579320730811E-001 -1.535093084805E-002 -1.881158158733E-002
  2.062439385788E+000  1.575050316329E-001 -1.585938161651E-002 -1.835326358739E-002
  2.090235720801E+000  1.570571674258E-001 -1.636321681734E-002 -1.790071124632E-002
  2.118473811262E+000  1.565880243997E-001 -1.686234923403E-002 -1.745288389727E-002
  2.147162888201E+000  1.560971380263E-001 -1.735666148089E-002 -1.700879817410E-002
  2.176312426413E+000  1.555840360343E-001 -1.784600583973E-002 -1.656753056797E-002
  2.205932152222E+000  1.550482392061E-001 -1.833020420948E-002 -1.612821979264E-002
  2.236032051522E+000  1.544892622484E-001 -1.880904817336E-002 -1.569006894220E-002
  2.266622378129E+000  1.539066147373E-001 -1.928229918799E-002 -1.525234742549E-002
  2.297713662445E+000  1.532998021391E-001 -1.974968889817E-002 -1.481439266224E-002
  2.329316720450E+000  1.526683269067E-001 -2.021091958081E-002 -1.437561152669E-002
  2.361442663038E+000  1.520116896533E-001 -2.066566472082E-002 -1.393548152538E-002
  2.394102905709E+000  1.513293904027E-001 -2.111356972113E-002 -1.349355169712E-002
  2.427309178642E+000  1.506209299159E-001 -2.155425274874E-002 -1.304944322403E-002
  2.461073537146E+000  1.498858110939E-001 -2.198730571741E-002 -1.260284974429E-002
  2.495408372530E+000  1.491235404559E-001 -2.241229540773E-002 -1.215353735854E-002
  2.530326423398E+000  1.483336296912E-001 -2.282876472374E-002 -1.170134432359E-002
  2.565840787378E+000  1.475155972837E-001 -2.323623408517E-002 -1.124618042888E-002
  2.601964933334E+000  1.466689702070E-001 -2.363420295308E-002 -1.078802605300E-002
  2.638712714049E+000  1.457932856870E-001 -2.402215148634E-002 -1.032693089967E-002
  2.676098379430E+000  1.448880930314E-001 -2.439954232505E-002 -9.863012414417E-003
  2.714136590232E+000  1.439529555200E-001 -2.476582249670E-002 -9.396453885642E-003
  2.752842432351E+000  1.429874523550E-001 -2.512042543948E-002 -8.927502235825E-003
  2.792231431696E+000  1.419911806658E-001 -2.546277313685E-002 -8.456465510815E-003
  2.832319569669E+000  1.409637575651E-001 -2.579227835622E-002 -7.983710077538E-003
  2.873123299289E+000  1.399048222501E-001 -2.610834698410E-002 -7.509657542667E-003
  2.914659561979E+000  1.388140381462E-001 -2.641038044914E-002 -7.034781406990E-003
  2.956945805065E+000  1.376910950852E-001 -2.669777822377E-002 -6.559603472461E-003
  3.000000000000E+000  1.365357115140E-001 -2.696994039455E-002 -6.084690020949E-003
  3.043840661365E+000  1.353476367273E-001 -2.722627029060E-002 -5.610647785734E-003
  3.088486866678E+000  1.341266531173E-001 -2.746617715906E-002 -5.138119738629E-003
  3.133958277047E+000  1.328725784345E-001 -2.768907887573E-002 -4.667780717328E-003
  3.180275158719E+000  1.315852680521E-001 -2.789440467911E-002 -4.200332919062E-003
  3.227458405560E+000  1.302646172268E-001 -2.808159791515E-002 -3.736501287982E-003
  3.275529562509E+000  1.289105633484E-001 -2.825011878030E-002 -3.277028824743E-003
  3.324510850077E+000  1.275230881707E-001 -2.839944704986E-002 -2.822671847569E-003
  3.374425189910E+000  1.261022200154E-001 -2.852908477887E-002 -2.374195234660E-003
  3.425296231502E+000  1.246480359414E-001 -2.863855896275E-002 -1.932367678026E-003
  3.477148380094E+000  1.231606638698E-001 -2.872742414486E-002 -1.497956978823E-003
  3.530006825834E+000  1.216402846579E-001 -2.879526495870E-002 -1.071725413904E-003
  3.583897574256E+000  1.200871341129E-001 -2.884169859248E-002 -6.544252026544E-004
  3.638847478148E+000  1.185015049352E-001 -2.886637716456E-002 -2.467941022152E-004
  3.694884270887E+000  1.168837485851E-001 -2.886898999838E-002  1.504488420622E-004
  3.752036601308E+000  1.152342770613E-001 -2.884926578648E-002  5.366073656471E-004
  3.810334070199E+000  1.135535645843E-001 -2.880697463360E-002  9.110118498838E-004
  3.869807268505E+000  1.118421491737E-001 -2.874192996964E-002  1.273022961691E-003
  3.930487817331E+000  1.101006341120E-001 -2.865399032415E-002  1.622035048831E-003
  3.992408409843E+000  1.083296892834E-001 -2.854306095458E-002  1.957479274165E-003
  4.055602855172E+000  1.065300523811E-001 -2.840909532168E-002  2.278826474980E-003
  4.120106124432E+000  1.047025299700E-001 -2.825209640580E-002  2.585589736213E-003
  4.185954398964E+000  1.028479983985E-001 -2.807211785918E-002  2.877326669275E-003
  4.253185120935E+000  1.009674045474E-001 -2.786926498968E-002  3.153641391007E-003
  4.321837046422E+000  9.906176640638E-002 -2.764369557244E-002  3.414186200190E-003
  4.391950301120E+000  9.713217346900E-002 -2.739562048647E-002  3.658662951756E-003
  4.463566438835E+000  9.517978693447E-002 -2.712530417386E-002  3.886824131564E-003
  4.536728502895E+000  9.320583970663E-002 -2.683306491997E-002  4.098473637050E-003
  4.611481090679E+000  9.121163617934E-002 -2.651927495323E-002  4.293467271395E-003
  4.687870421430E+000  8.919855179717E-002 -2.618436036368E-002  4.471712960873E-003
  4.765944407533E+000  8.716803238078E-002 -2.582880083958E-002  4.633170706831E-003
  4.845752729492E+000  8.512159320548E-002 -2.545312922181E-002  4.777852285197E-003
  4.927346914797E+000  8.306081782201E-002 -2.505793087544E-002  4.905820707571E-003
  5.010780420931E+000  8.098735660798E-002 -2.464384287832E-002  5.017189458741E-003
  5.096108722763E+000  7.890292503879E-002 -2.421155302624E-002  5.112121525920E-003
  5.183389404586E+000  7.680930166675E-002 -2.376179865388E-002  5.190828235136E-003
  5.272682257105E+000  7.470832579721E-002 -2.329536527103E-002  5.253567909983E-003
  5.364049379651E+000  7.260189485107E-002 -2.281308501290E-002  5.300644367464E-003
  5.457555287978E+000  7.049196140325E-002 -2.231583490343E-002  5.332405264859E-003
  5.553267027968E+000  6.838052988741E-002 -2.180453493012E-002  5.349240310565E-003
  5.651254295630E+000  6.626965295789E-002 -2.128014592880E-002  5.351579350676E-003
  5.751589563796E+000  6.416142750111E-002 -2.074366727686E-002  5.339890341748E-003
  5.854348215936E+000  6.205799028954E-002 -2.019613439325E-002  5.314677218793E-003
  5.959608687557E+000  5.996151327312E-002 -1.963861604393E-002  5.276477666170E-003
  6.067452615683E+000  5.787419850470E-002 -1.907221145171E-002  5.225860797634E-003
  6.177964996951E+000  5.579827269804E-002 -1.849804721013E-002  5.163424750572E-003
  6.291234354880E+000  5.373598141944E-002 -1.791727400156E-002  5.089794198334E-003
  6.407352916949E+000  5.168958291653E-002 -1.733106312102E-002  5.005617783650E-003
  6.526416802128E+000  4.966134159105E-002 -1.674060280817E-002  4.911565475501E-003
  6.648526219580E+000  4.765352112539E-002 -1.614709439178E-002  4.808325851427E-003
  6.773785679311E+000  4.566837727670E-002 -1.555174825260E-002  4.696603307211E-003
  6.902304215570E+000  4.370815035599E-002 -1.495577961267E-002  4.577115196184E-003
  7.034195623922E+000  4.177505741415E-002 -1.436040416150E-002  4.450588901015E-003
  7.169578712934E+000  3.987128416100E-002 -1.376683353217E-002  4.317758841816E-003
  7.308577571516E+000  3.799897664856E-002 -1.317627064302E-002  4.179363425712E-003
  7.451321853057E+000  3.616023275428E-002 -1.258990492385E-002  4.036141944602E-003
  7.597947077547E+000  3.435709350518E-002 -1.200890744841E-002  3.888831429722E-003
  7.748594953021E+000  3.259153428896E-002 -1.143442599841E-002  3.738163473692E-003
  7.903413717736E+000  3.086545600296E-002 -1.086758008742E-002  3.584861032989E-003
  8.062558504629E+000  2.918067619720E-002 -1.030945597618E-002  3.429635226162E-003
  8.226191729726E+000  2.753892027220E-002 -9.761101714174E-003  3.273182145487E-003
  8.394483506327E+000  2.594181279699E-002 -9.223522245169E-003  3.116179702166E-003
  8.567612086926E+000  2.439086901681E-002 -8.697674616979E-003  2.959284527423E-003
  8.745764335025E+000  2.288748662368E-002 -8.184463338364E-003  2.803128953946E-003
  8.929136229160E+000  2.143293786597E-002 -7.684735927630E-003  2.648318103972E-003
  9.117933401693E+000  2.002836207567E-002 -7.199278699041E-003  2.495427111789E-003
  9.312371715124E+000  1.867475869316E-002 -6.728812833914E-003  2.344998509534E-003
  9.512677878945E+000  1.737298087039E-002 -6.273990783378E-003  2.197539805764E-003
  9.719090110332E+000  1.612372973241E-002 -5.835393049113E-003  2.053521286346E-003
  9.931858842267E+000  1.492754937584E-002 -5.413525386928E-003  1.913374066655E-003
  1.015124748302E+001  1.378482268022E-002 -5.008816475612E-003  1.777488422896E-003
  1.037753323129E+001  1.269576800372E-002 -4.621616090245E-003  1.646212428447E-003
  1.061100795175E+001  1.166043682994E-002 -4.252193814872E-003  1.519850918558E-003
  1.085197911611E+001  1.067871242559E-002 -3.900738324297E-003  1.398664803397E-003
  1.110077081537E+001  9.750309561109E-003 -3.567357258663E-003  1.282870745412E-003
  1.135772484956E+001  8.874775337599E-003 -3.252077707585E-003  1.172641212327E-003
  1.162320190175E+001  8.051491153154E-003 -2.954847312966E-003  1.068104911737E-003
  1.189758280382E+001  7.279675830969E-003 -2.675535991377E-003  9.693476075158E-004
  1.218126990242E+001  6.558389919962E-003 -2.413938268220E-003  8.764133119917E-004
  1.247468853413E+001  5.886541166461E-003 -2.169776206980E-003  7.893058414102E-004
  1.277828862002E+001  5.262891143100E-003 -1.942702907985E-003  7.079907156199E-004
  1.309254639077E+001  4.686063008480E-003 -1.732306542419E-003  6.323973764902E-004
  1.341796625462E+001  4.154550358767E-003 -1.538114879196E-003  5.624216934271E-004
  1.375508282195E+001  3.666727120326E-003 -1.359600254960E-003  4.979287187805E-004
  1.410446310162E+001  3.220858420870E-003 -1.196184931073E-003  4.387556511187E-004
  1.446670888596E+001  2.815112365660E-003 -1.047246776421E-003  3.847149605286E-004
  1.484245934302E+001  2.447572634893E-003 -9.121252111166E-004  3.355976274598E-004
  1.523239383723E+001  2.116251808653E-003 -7.901273440439E-004  2.911764453351E-004
  1.563723500136E+001  1.819105316458E-003 -6.805342365070E-004  2.512093372941E-004
  1.605775208607E+001  1.554045899328E-003 -5.826072251011E-004  2.154426390712E-004
  1.649476461582E+001  1.318958463117E-003 -4.955942389976E-004  1.836143030744E-004
  1.694914638379E+001  1.111715192291E-003 -4.187360499577E-004  1.554569831180E-004
  1.742182982203E+001  9.301907830987E-004 -3.512723971365E-004  1.307009647305E-004
  1.791381078784E+001  7.722776438678E-004 -2.924479327051E-004  1.090769122185E-004
  1.842615381215E+001  6.359008979633E-004 -2.415179380303E-004  9.031841033112E-005
  1.895999786176E+001  5.190330118566E-004 -1.977537631815E-004  7.416428500695E-005
  1.951656267356E+001  4.197078572494E-004 -1.604479445157E-004  6.036069386185E-005
  2.009715572669E+001  3.360340031455E-004 -1.289189558091E-004  4.866298235656E-005
  2.070317992707E+001  2.662070224634E-004 -1.025155478532E-004  3.883730562956E-005
  2.133614208874E+001  2.085205899780E-004 -8.062062986168E-005  3.066201855695E-005
  2.199766230782E+001  1.613761462152E-004 -6.265464399064E-005  2.392883764437E-005
  2.268948433818E+001  1.232909077930E-004 -4.807838258517E-005  1.844377799467E-005
  2.341348709294E+001  9.290402104184E-005 -3.639519751644E-005  1.402786716782E-005
  2.417169741362E+001  6.898068470774E-005 -2.715255338010E-005  1.051763578777E-005
  2.496630426925E+001  5.041411067823E-005 -1.994288262172E-005  7.765382934911E-006
  2.579967457140E+001  3.622524943587E-005 -1.440371186485E-005  5.639213441262E-006
  2.667437081864E+001  2.556027838603E-005 -1.021704546361E-005  4.022844891002E-006
  2.759317081651E+001  1.768593360998E-005 -7.108014579745E-006  2.815184971175E-006
  2.855908975674E+001  1.198285439137E-005 -4.842827093876E-006  1.929685079795E-006
  2.957540498378E+001  7.937198730403E-006 -3.226083723298E-006  1.293483657367E-006
  3.064568382919E+001  5.130869352014E-006 -2.097556326442E-006  8.463619973037E-007
  3.177381495601E+001  3.230755223700E-006 -1.328552391238E-006  5.395453213965E-007
  3.296404372807E+001  1.977435580458E-006 -8.180117356884E-007  3.343913655092E-007
  3.422101220608E+001  1.173805827330E-006 -4.884943332105E-007  2.010161556195E-007
  3.554980447538E+001  6.740641999777E-007 -2.822195437029E-007  1.169107178714E-007
  3.695599813319E+001  3.734451901172E-007 -1.573058212363E-007  6.560218219940E-008
  3.844572291106E+001  1.990050921844E-007 -8.433677854679E-008  3.540773251695E-008
  4.002572758518E+001  1.016650385680E-007 -4.334665761925E-008  1.832049020733E-008
  4.170345654134E+001  4.960878048995E-008 -2.127961340721E-008  9.053786117836E-009
  4.348713762001E+001  2.302854350990E-008 -9.937495719017E-009  4.256039002691E-009
  4.538588318162E+001  1.012388999406E-008 -4.394826427825E-009  1.894535333564E-009
  4.740980671574E+001  4.194101389116E-009 -1.831430224581E-009  7.945981710390E-010
  4.957015778746E+001  1.628302415212E-009 -7.151747161215E-010  3.122652752642E-010
  5.187947869225E+001  5.887796606911E-010 -2.600875568288E-010  1.142716563891E-010
  5.435178690397E+001  1.969213143173E-010 -8.748008817569E-011  3.867088480532E-011
  5.700278828629E+001  6.044957077042E-011 -2.700323461151E-011  1.200856846808E-011
  5.985012714155E+001  1.688404829780E-011 -7.583301840203E-012  3.392153916824E-012
  6.291368055481E+001  4.248989184325E-012 -1.918566176485E-012  8.631257445024E-013
  6.621590623276E+001  9.528151869212E-013 -4.324709145541E-013  1.956456444179E-013
  6.978225524452E+001  1.880141593608E-013 -8.577117141097E-014  3.901256971319E-014
  7.364166388185E+001  3.218299818073E-014 -1.475446370642E-014  6.746351453106E-015
  7.782714245929E+001  4.701484445819E-015 -2.165808655901E-015  9.953575578949E-016
  8.237648351994E+001  5.753139887242E-016 -2.662679365565E-016  1.229763843883E-016
  8.733311794502E+001  5.771791107373E-017 -2.683447187592E-017  1.245287004662E-017
  9.274715535088E+001  4.631130049089E-018 -2.162602825653E-018  1.008221968956E-018
  9.867665554529E+001  2.887718506582E-019 -1.354223081626E-019  6.341645162649E-020
  1.051891916055E+002  1.353265364376E-020 -6.372380433523E-021  2.996920521847E-021
  1.123637836013E+002  4.583210244131E-022 -2.166753173783E-022  1.023232990075E-022
  1.202933069206E+002  1.071328305266E-023 -5.084176694116E-024  2.410501941799E-024
  1.290875131414E+002  1.636831084333E-025 -7.796466403648E-026  3.710540492857E-026
  1.388768482001E+002  1.532163295591E-027 -7.323733641509E-028  3.498290215785E-028
  1.498173177370E+002  8.131924504947E-030 -3.900248331795E-030  1.869526589950E-030
  1.620967411853E+002  2.229244021262E-032 -1.072670151062E-032  5.158870718978E-033
  1.759428668168E+002  2.818714761520E-035 -1.360529647105E-035  6.564162872405E-036
  1.916340085825E+002  1.431487634064E-038 -6.929978168920E-039  3.353673774096E-039
  2.095131417987E+002  2.461996778802E-042 -1.195249933613E-042  5.800974027450E-043
  2.300068054477E+002  1.159797607058E-046 -5.645736111366E-047  2.747594088822E-047
  2.536507797910E+002  1.146170826608E-051 -5.593653200928E-052  2.729322343922E-052
  2.811254638474E+002  1.693340365846E-057 -8.283989743994E-058  4.051954416692E-058
  3.133053780630E+002  2.419180306516E-064 -1.186190682884E-064  5.815466104962E-065
  3.513296254502E+002  1.894482577932E-072 -9.309156490292E-073  4.573888524648E-073
  3.967041014107E+002  3.838694628397E-082 -1.890078227420E-082  9.305534210781E-083
  4.514529193350E+002  7.334648843626E-094 -3.618225837999E-094  1.784782820122E-094
  5.183481233601E+002  3.315438973227E-108 -1.638406662969E-108  8.096219400921E-109
  6.012676077950E+002  5.120510645099E-126 -2.534562458361E-126  1.254520759677E-126
  7.057700503752E+002  1.685688794832E-148 -8.356442610077E-149  4.142425681173E-149
  8.400513767914E+002  1.976525114945E-177 -9.811748933283E-178  4.870605602276E-178
  1.016602135495E+003  1.613851582994E-215 -8.021469610899E-216  3.986934998467E-216
  1.255220715579E+003  4.656477901496E-267 -2.317078730962E-267  1.152977088275E-267
  1.588815776243E+003  0.000000000000E+000  0.000000000000E+000  0.000000000000E+000
  2.075392011604E+003  0.000000000000E+000  0.000000000000E+000  0.000000000000E+000
  2.825079847528E+003  0.000000000000E+000  0.000000000000E+000  0.000000000000E+000
  4.068408296183E+003  0.000000000000E+000  0.000000000000E+000  0.000000000000E+000
  6.357262947672E+003  0.000000000000E+000  0.000000000000E+000  0.000000000000E+000
  1.130231930164E+004  0.000000000000E+000  0.000000000000E+000  0.000000000000E+000
  2.543105175136E+004  0.000000000000E+000  0.000000000000E+000  0.000000000000E+000
  1.017262069952E+005  0.000000000000E+000  0.000000000000E+000  0.000000000000E+000
