# 1st line: number of mesh points
# abcissa wavefunction wavefunction_1st wavefunction_2nd
500
# Principal QN=   1 , l=   1 , Occupation=   0.0020
  9.830308526563E-006  4.441909418325E-006  4.518529094611E-001 -1.157122503043E+000
  3.932200719722E-005  1.776731607018E-005  4.518187851908E-001 -1.157038558299E+000
  8.847741541467E-005  3.997525510327E-005  4.517619139266E-001 -1.156898656880E+000
  1.573003992805E-004  7.106411828637E-005  4.516822994487E-001 -1.156702808518E+000
  2.457963722418E-004  1.110316537936E-004  4.515799470495E-001 -1.156451026837E+000
  3.539722959954E-004  1.598749659018E-004  4.514548635348E-001 -1.156143329355E+000
  4.818366816529E-004  2.175905146029E-004  4.513070572248E-001 -1.155779737484E+000
  6.293995911626E-004  2.841741151283E-004  4.511365379543E-001 -1.155360276529E+000
  7.966726389935E-004  3.596209373888E-004  4.509433170748E-001 -1.154884975690E+000
  9.836689940782E-004  4.439255053280E-004  4.507274074553E-001 -1.154353868061E+000
  1.190403382016E-003  5.370816961894E-004  4.504888234840E-001 -1.153766990632E+000
  1.416892087541E-003  6.390827396986E-004  4.502275810703E-001 -1.153124384288E+000
  1.663152957245E-003  7.499212171594E-004  4.499436976462E-001 -1.152426093813E+000
  1.929205402573E-003  8.695890604650E-004  4.496371921690E-001 -1.151672167886E+000
  2.215070403073E-003  9.980775510238E-004  4.493080851231E-001 -1.150862659087E+000
  2.520770509919E-003  1.135377318600E-003  4.489563985228E-001 -1.149997623894E+000
  2.846329849692E-003  1.281478340072E-003  4.485821559149E-001 -1.149077122686E+000
  3.191774128432E-003  1.436369938099E-003  4.481853823814E-001 -1.148101219744E+000
  3.557130635959E-003  1.600040779716E-003  4.477661045428E-001 -1.147069983251E+000
  3.942428250463E-003  1.772478874833E-003  4.473243505608E-001 -1.145983485294E+000
  4.347697443358E-003  1.953671574657E-003  4.468601501424E-001 -1.144841801867E+000
  4.772970284417E-003  2.143605570027E-003  4.463735345429E-001 -1.143645012870E+000
  5.218280447175E-003  2.342266889674E-003  4.458645365699E-001 -1.142393202113E+000
  5.683663214611E-003  2.549640898388E-003  4.453331905874E-001 -1.141086457313E+000
  6.169155485101E-003  2.765712295110E-003  4.447795325194E-001 -1.139724870104E+000
  6.674795778653E-003  2.990465110942E-003  4.442035998549E-001 -1.138308536029E+000
  7.200624243425E-003  3.223882707073E-003  4.436054316518E-001 -1.136837554550E+000
  7.746682662519E-003  3.465947772625E-003  4.429850685419E-001 -1.135312029046E+000
  8.313014461060E-003  3.716642322425E-003  4.423425527357E-001 -1.133732066817E+000
  8.899664713569E-003  3.975947694686E-003  4.416779280274E-001 -1.132097779084E+000
  9.506680151615E-003  4.243844548618E-003  4.409912398000E-001 -1.130409280994E+000
  1.013410917176E-002  4.520312861962E-003  4.402825350310E-001 -1.128666691623E+000
  1.078200184380E-002  4.805331928435E-003  4.395518622977E-001 -1.126870133974E+000
  1.145040991929E-002  5.098880355112E-003  4.387992717830E-001 -1.125019734985E+000
  1.213938684040E-002  5.400936059720E-003  4.380248152818E-001 -1.123115625530E+000
  1.284898774901E-002  5.711476267864E-003  4.372285462061E-001 -1.121157940421E+000
  1.357926949620E-002  6.030477510174E-003  4.364105195925E-001 -1.119146818413E+000
  1.433029065191E-002  6.357915619380E-003  4.355707921078E-001 -1.117082402208E+000
  1.510211151509E-002  6.693765727310E-003  4.347094220561E-001 -1.114964838454E+000
  1.589479412397E-002  7.038002261822E-003  4.338264693854E-001 -1.112794277755E+000
  1.670840226680E-002  7.390598943657E-003  4.329219956949E-001 -1.110570874671E+000
  1.754300149280E-002  7.751528783227E-003  4.319960642419E-001 -1.108294787722E+000
  1.839865912351E-002  8.120764077331E-003  4.310487399494E-001 -1.105966179394E+000
  1.927544426443E-002  8.498276405800E-003  4.300800894133E-001 -1.103585216142E+000
  2.017342781695E-002  8.884036628080E-003  4.290901809107E-001 -1.101152068394E+000
  2.109268249069E-002  9.278014879742E-003  4.280790844072E-001 -1.098666910559E+000
  2.203328281612E-002  9.680180568933E-003  4.270468715654E-001 -1.096129921028E+000
  2.299530515754E-002  1.009050237275E-002  4.259936157528E-001 -1.093541282182E+000
  2.397882772639E-002  1.050894823359E-002  4.249193920504E-001 -1.090901180397E+000
  2.498393059493E-002  1.093548535535E-002  4.238242772615E-001 -1.088209806047E+000
  2.601069571024E-002  1.137008019970E-002  4.227083499199E-001 -1.085467353514E+000
  2.705920690860E-002  1.181269848215E-002  4.215716902994E-001 -1.082674021189E+000
  2.812954993023E-002  1.226330516819E-002  4.204143804226E-001 -1.079830011485E+000
  2.922181243436E-002  1.272186446926E-002  4.192365040699E-001 -1.076935530838E+000
  3.033608401473E-002  1.318833983879E-002  4.180381467897E-001 -1.073990789715E+000
  3.147245621542E-002  1.366269396804E-002  4.168193959070E-001 -1.070996002622E+000
  3.263102254705E-002  1.414488878203E-002  4.155803405341E-001 -1.067951388113E+000
  3.381187850339E-002  1.463488543531E-002  4.143210715796E-001 -1.064857168793E+000
  3.501512157837E-002  1.513264430777E-002  4.130416817594E-001 -1.061713571332E+000
  3.624085128345E-002  1.563812500031E-002  4.117422656059E-001 -1.058520826466E+000
  3.748916916538E-002  1.615128633058E-002  4.104229194792E-001 -1.055279169012E+000
  3.876017882444E-002  1.667208632856E-002  4.090837415775E-001 -1.051988837875E+000
  4.005398593302E-002  1.720048223220E-002  4.077248319472E-001 -1.048650076054E+000
  4.137069825459E-002  1.773643048296E-002  4.063462924944E-001 -1.045263130657E+000
  4.271042566323E-002  1.827988672132E-002  4.049482269956E-001 -1.041828252905E+000
  4.407328016341E-002  1.883080578228E-002  4.035307411086E-001 -1.038345698148E+000
  4.545937591035E-002  1.938914169082E-002  4.020939423841E-001 -1.034815725870E+000
  4.686882923075E-002  1.995484765734E-002  4.006379402769E-001 -1.031238599703E+000
  4.830175864396E-002  2.052787607304E-002  3.991628461576E-001 -1.027614587440E+000
  4.975828488365E-002  2.110817850531E-002  3.976687733240E-001 -1.023943961042E+000
  5.123853091993E-002  2.169570569309E-002  3.961558370128E-001 -1.020226996655E+000
  5.274262198188E-002  2.229040754221E-002  3.946241544120E-001 -1.016463974619E+000
  5.427068558066E-002  2.289223312070E-002  3.930738446725E-001 -1.012655179481E+000
  5.582285153302E-002  2.350113065415E-002  3.915050289202E-001 -1.008800900011E+000
  5.739925198530E-002  2.411704752095E-002  3.899178302686E-001 -1.004901429214E+000
  5.900002143803E-002  2.473993024763E-002  3.883123738308E-001 -1.000957064345E+000
  6.062529677088E-002  2.536972450415E-002  3.866887867320E-001 -9.969681069209E-001
  6.227521726827E-002  2.600637509919E-002  3.850471981224E-001 -9.929348627408E-001
  6.394992464542E-002  2.664982597545E-002  3.833877391893E-001 -9.888576418970E-001
  6.564956307496E-002  2.730002020496E-002  3.817105431702E-001 -9.847367587934E-001
  6.737427921404E-002  2.795689998441E-002  3.800157453657E-001 -9.805725321615E-001
  6.912422223211E-002  2.862040663046E-002  3.783034831519E-001 -9.763652850778E-001
  7.089954383907E-002  2.929048057512E-002  3.765738959938E-001 -9.721153449810E-001
  7.270039831418E-002  2.996706136114E-002  3.748271254582E-001 -9.678230436908E-001
  7.452694253540E-002  3.065008763738E-002  3.730633152266E-001 -9.634887174258E-001
  7.637933600943E-002  3.133949715425E-002  3.712826111085E-001 -9.591127068238E-001
  7.825774090225E-002  3.203522675924E-002  3.694851610546E-001 -9.546953569605E-001
  8.016232207035E-002  3.273721239237E-002  3.676711151698E-001 -9.502370173706E-001
  8.209324709253E-002  3.344538908179E-002  3.658406257264E-001 -9.457380420686E-001
  8.405068630235E-002  3.415969093939E-002  3.639938471776E-001 -9.411987895701E-001
  8.603481282122E-002  3.488005115646E-002  3.621309361706E-001 -9.366196229144E-001
  8.804580259214E-002  3.560640199943E-002  3.602520515596E-001 -9.320009096864E-001
  9.008383441408E-002  3.633867480566E-002  3.583573544195E-001 -9.273430220408E-001
  9.214908997710E-002  3.707679997931E-002  3.564470080586E-001 -9.226463367255E-001
  9.424175389809E-002  3.782070698730E-002  3.545211780321E-001 -9.179112351062E-001
  9.636201375725E-002  3.857032435532E-002  3.525800321552E-001 -9.131381031918E-001
  9.851006013526E-002  3.932557966398E-002  3.506237405160E-001 -9.083273316601E-001
  1.006860866512E-001  4.008639954500E-002  3.486524754885E-001 -9.034793158838E-001
  1.028902900012E-001  4.085270967752E-002  3.466664117459E-001 -8.985944559585E-001
  1.051228699979E-001  4.162443478457E-002  3.446657262729E-001 -8.936731567295E-001
  1.073840296104E-001  4.240149862957E-002  3.426505983788E-001 -8.887158278208E-001
  1.096739750056E-001  4.318382401301E-002  3.406212097099E-001 -8.837228836636E-001
  1.119929155896E-001  4.397133276926E-002  3.385777442621E-001 -8.786947435266E-001
  1.143410640503E-001  4.476394576346E-002  3.365203883932E-001 -8.736318315458E-001
  1.167186364011E-001  4.556158288864E-002  3.344493308349E-001 -8.685345767555E-001
  1.191258520249E-001  4.636416306290E-002  3.323647627051E-001 -8.634034131202E-001
  1.215629337189E-001  4.717160422683E-002  3.302668775192E-001 -8.582387795670E-001
  1.240301077413E-001  4.798382334104E-002  3.281558712021E-001 -8.530411200178E-001
  1.265276038575E-001  4.880073638391E-002  3.260319420992E-001 -8.478108834237E-001
  1.290556553882E-001  4.962225834946E-002  3.238952909877E-001 -8.425485237987E-001
  1.316144992580E-001  5.044830324551E-002  3.217461210873E-001 -8.372545002547E-001
  1.342043760450E-001  5.127878409192E-002  3.195846380704E-001 -8.319292770368E-001
  1.368255300316E-001  5.211361291916E-002  3.174110500730E-001 -8.265733235597E-001
  1.394782092560E-001  5.295270076701E-002  3.152255677036E-001 -8.211871144439E-001
  1.421626655646E-001  5.379595768353E-002  3.130284040536E-001 -8.157711295533E-001
  1.448791546661E-001  5.464329272428E-002  3.108197747056E-001 -8.103258540328E-001
  1.476279361856E-001  5.549461395174E-002  3.085998977425E-001 -8.048517783470E-001
  1.504092737207E-001  5.634982843504E-002  3.063689937558E-001 -7.993493983187E-001
  1.532234348983E-001  5.720884224993E-002  3.041272858530E-001 -7.938192151685E-001
  1.560706914324E-001  5.807156047903E-002  3.018749996654E-001 -7.882617355547E-001
  1.589513191834E-001  5.893788721238E-002  2.996123633544E-001 -7.826774716139E-001
  1.618655982178E-001  5.980772554830E-002  2.973396076179E-001 -7.770669410016E-001
  1.648138128702E-001  6.068097759452E-002  2.950569656960E-001 -7.714306669332E-001
  1.677962518056E-001  6.155754446969E-002  2.927646733760E-001 -7.657691782263E-001
  1.708132080832E-001  6.243732630518E-002  2.904629689969E-001 -7.600830093420E-001
  1.738649792215E-001  6.332022224725E-002  2.881520934527E-001 -7.543727004277E-001
  1.769518672648E-001  6.420613045959E-002  2.858322901959E-001 -7.486387973590E-001
  1.800741788507E-001  6.509494812616E-002  2.835038052395E-001 -7.428818517833E-001
  1.832322252791E-001  6.598657145452E-002  2.811668871586E-001 -7.371024211620E-001
  1.864263225826E-001  6.688089567950E-002  2.788217870910E-001 -7.313010688139E-001
  1.896567915983E-001  6.777781506723E-002  2.764687587368E-001 -7.254783639582E-001
  1.929239580409E-001  6.867722291971E-002  2.741080583578E-001 -7.196348817580E-001
  1.962281525771E-001  6.957901157967E-002  2.717399447750E-001 -7.137712033629E-001
  1.995697109023E-001  7.048307243606E-002  2.693646793657E-001 -7.078879159523E-001
  2.029489738173E-001  7.138929592977E-002  2.669825260596E-001 -7.019856127782E-001
  2.063662873085E-001  7.229757156006E-002  2.645937513333E-001 -6.960648932075E-001
  2.098220026275E-001  7.320778789132E-002  2.621986242047E-001 -6.901263627648E-001
  2.133164763746E-001  7.411983256037E-002  2.597974162250E-001 -6.841706331735E-001
  2.168500705817E-001  7.503359228435E-002  2.573904014703E-001 -6.781983223977E-001
  2.204231527988E-001  7.594895286901E-002  2.549778565316E-001 -6.722100546825E-001
  2.240360961807E-001  7.686579921766E-002  2.525600605039E-001 -6.662064605946E-001
  2.276892795770E-001  7.778401534063E-002  2.501372949732E-001 -6.601881770608E-001
  2.313830876220E-001  7.870348436534E-002  2.477098440029E-001 -6.541558474071E-001
  2.351179108282E-001  7.962408854685E-002  2.452779941180E-001 -6.481101213955E-001
  2.388941456809E-001  8.054570927920E-002  2.428420342881E-001 -6.420516552607E-001
  2.427121947345E-001  8.146822710717E-002  2.404022559090E-001 -6.359811117447E-001
  2.465724667110E-001  8.239152173885E-002  2.379589527824E-001 -6.298991601305E-001
  2.504753766009E-001  8.331547205870E-002  2.355124210934E-001 -6.238064762744E-001
  2.544213457654E-001  8.423995614138E-002  2.330629593875E-001 -6.177037426363E-001
  2.584108020414E-001  8.516485126626E-002  2.306108685443E-001 -6.115916483082E-001
  2.624441798480E-001  8.609003393252E-002  2.281564517506E-001 -6.054708890411E-001
  2.665219202956E-001  8.701537987506E-002  2.257000144701E-001 -5.993421672694E-001
  2.706444712976E-001  8.794076408109E-002  2.232418644125E-001 -5.932061921335E-001
  2.748122876832E-001  8.886606080744E-002  2.207823114996E-001 -5.870636794990E-001
  2.790258313137E-001  8.979114359865E-002  2.183216678295E-001 -5.809153519743E-001
  2.832855712010E-001  9.071588530583E-002  2.158602476382E-001 -5.747619389250E-001
  2.875919836279E-001  9.164015810622E-002  2.133983672596E-001 -5.686041764847E-001
  2.919455522717E-001  9.256383352363E-002  2.109363450822E-001 -5.624428075635E-001
  2.963467683296E-001  9.348678244964E-002  2.084745015042E-001 -5.562785818523E-001
  3.007961306479E-001  9.440887516560E-002  2.060131588852E-001 -5.501122558239E-001
  3.052941458522E-001  9.532998136553E-002  2.035526414960E-001 -5.439445927297E-001
  3.098413284823E-001  9.624997017971E-002  2.010932754651E-001 -5.377763625929E-001
  3.144382011281E-001  9.716871019930E-002  1.986353887229E-001 -5.316083421964E-001
  3.190852945695E-001  9.808606950169E-002  1.961793109425E-001 -5.254413150672E-001
  3.237831479192E-001  9.900191567678E-002  1.937253734782E-001 -5.192760714551E-001
  3.285323087679E-001  9.991611585409E-002  1.912739093004E-001 -5.131134083059E-001
  3.333333333333E-001  1.008285367308E-001  1.888252529273E-001 -5.069541292305E-001
  3.381867866117E-001  1.017390446008E-001  1.863797403544E-001 -5.007990444665E-001
  3.430932425333E-001  1.026475053841E-001  1.839377089793E-001 -4.946489708354E-001
  3.480532841203E-001  1.035537846583E-001  1.814994975241E-001 -4.885047316919E-001
  3.530675036492E-001  1.044577476894E-001  1.790654459544E-001 -4.823671568680E-001
  3.581365028158E-001  1.053592594650E-001  1.766358953936E-001 -4.762370826090E-001
  3.632608929041E-001  1.062581847273E-001  1.742111880354E-001 -4.701153515027E-001
  3.684412949588E-001  1.071543880081E-001  1.717916670509E-001 -4.640028124006E-001
  3.736783399619E-001  1.080477336635E-001  1.693776764932E-001 -4.579003203318E-001
  3.789726690123E-001  1.089380859104E-001  1.669695611969E-001 -4.518087364076E-001
  3.843249335105E-001  1.098253088638E-001  1.645676666752E-001 -4.457289277177E-001
  3.897357953460E-001  1.107092665748E-001  1.621723390113E-001 -4.396617672179E-001
  3.952059270903E-001  1.115898230692E-001  1.597839247469E-001 -4.336081336074E-001
  4.007360121927E-001  1.124668423881E-001  1.574027707662E-001 -4.275689111967E-001
  4.063267451812E-001  1.133401886281E-001  1.550292241753E-001 -4.215449897653E-001
  4.119788318683E-001  1.142097259831E-001  1.526636321779E-001 -4.155372644086E-001
  4.176929895600E-001  1.150753187869E-001  1.503063419458E-001 -4.095466353736E-001
  4.234699472710E-001  1.159368315563E-001  1.479577004857E-001 -4.035740078836E-001
  4.293104459435E-001  1.167941290359E-001  1.456180545011E-001 -3.976202919503E-001
  4.352152386716E-001  1.176470762422E-001  1.432877502497E-001 -3.916864021744E-001
  4.411850909306E-001  1.184955385103E-001  1.409671333961E-001 -3.857732575327E-001
  4.472207808110E-001  1.193393815397E-001  1.386565488594E-001 -3.798817811526E-001
  4.533230992589E-001  1.201784714421E-001  1.363563406573E-001 -3.740129000728E-001
  4.594928503202E-001  1.210126747889E-001  1.340668517438E-001 -3.681675449899E-001
  4.657308513924E-001  1.218418586605E-001  1.317884238433E-001 -3.623466499909E-001
  4.720379334802E-001  1.226658906950E-001  1.295213972789E-001 -3.565511522701E-001
  4.784149414579E-001  1.234846391380E-001  1.272661107969E-001 -3.507819918318E-001
  4.848627343381E-001  1.242979728935E-001  1.250229013851E-001 -3.450401111761E-001
  4.913821855461E-001  1.251057615746E-001  1.227921040873E-001 -3.393264549695E-001
  4.979741832006E-001  1.259078755544E-001  1.205740518121E-001 -3.336419696982E-001
  5.046396304008E-001  1.267041860184E-001  1.183690751370E-001 -3.279876033047E-001
  5.113794455212E-001  1.274945650157E-001  1.161775021081E-001 -3.223643048075E-001
  5.181945625116E-001  1.282788855123E-001  1.139996580335E-001 -3.167730239020E-001
  5.250859312060E-001  1.290570214426E-001  1.118358652737E-001 -3.112147105440E-001
  5.320545176366E-001  1.298288477626E-001  1.096864430257E-001 -3.056903145145E-001
  5.391013043575E-001  1.305942405023E-001  1.075517071027E-001 -3.002007849654E-001
  5.462272907741E-001  1.313530768182E-001  1.054319697093E-001 -2.947470699460E-001
  5.534334934816E-001  1.321052350460E-001  1.033275392123E-001 -2.893301159104E-001
  5.607209466109E-001  1.328505947524E-001  1.012387199060E-001 -2.839508672037E-001
  5.680907021827E-001  1.335890367873E-001  9.916581177367E-002 -2.786102655301E-001
  5.755438304707E-001  1.343204433353E-001  9.710911024509E-002 -2.733092493981E-001
  5.830814203728E-001  1.350446979662E-001  9.506890594890E-002 -2.680487535476E-001
  5.907045797917E-001  1.357616856856E-001  9.304548446153E-002 -2.628297083537E-001
  5.984144360243E-001  1.364712929840E-001  9.103912605210E-002 -2.576530392113E-001
  6.062121361613E-001  1.371734078857E-001  8.905010542350E-002 -2.525196658973E-001
  6.140988474955E-001  1.378679199963E-001  8.707869144999E-002 -2.474305019124E-001
  6.220757579409E-001  1.385547205484E-001  8.512514691155E-002 -2.423864538006E-001
  6.301440764614E-001  1.392337024473E-001  8.318972822502E-002 -2.373884204482E-001
  6.383050335109E-001  1.399047603142E-001  8.127268517256E-002 -2.324372923605E-001
  6.465598814833E-001  1.405677905280E-001  7.937426062748E-002 -2.275339509183E-001
  6.549098951744E-001  1.412226912653E-001  7.749469027783E-002 -2.226792676119E-001
  6.633563722545E-001  1.418693625385E-001  7.563420234817E-002 -2.178741032553E-001
  6.719006337539E-001  1.425077062319E-001  7.379301731963E-002 -2.131193071787E-001
  6.805440245593E-001  1.431376261350E-001  7.197134764884E-002 -2.084157164009E-001
  6.892879139233E-001  1.437590279736E-001  7.016939748611E-002 -2.037641547816E-001
  6.981336959871E-001  1.443718194378E-001  6.838736239306E-002 -1.991654321538E-001
  7.070827903152E-001  1.449759102079E-001  6.662542906049E-002 -1.946203434369E-001
  7.161366424455E-001  1.455712119760E-001  6.488377502669E-002 -1.901296677313E-001
  7.252967244510E-001  1.461576384653E-001  6.316256839674E-002 -1.856941673952E-001
  7.345645355186E-001  1.467351054447E-001  6.146196756352E-002 -1.813145871035E-001
  7.439416025400E-001  1.473035307408E-001  5.978212093068E-002 -1.769916528907E-001
  7.534294807203E-001  1.478628342448E-001  5.812316663841E-002 -1.727260711780E-001
  7.630297542000E-001  1.484129379157E-001  5.648523229251E-002 -1.685185277864E-001
  7.727440366954E-001  1.489537657788E-001  5.486843469746E-002 -1.643696869353E-001
  7.825739721536E-001  1.494852439192E-001  5.327287959404E-002 -1.602801902296E-001
  7.925212354258E-001  1.500073004706E-001  5.169866140241E-002 -1.562506556356E-001
  8.025875329584E-001  1.505198655983E-001  5.014586297120E-002 -1.522816764475E-001
  8.127746035011E-001  1.510228714775E-001  4.861455533348E-002 -1.483738202452E-001
  8.230842188350E-001  1.515162522645E-001  4.710479747040E-002 -1.445276278467E-001
  8.335181845190E-001  1.519999440631E-001  4.561663608319E-002 -1.407436122546E-001
  8.440783406568E-001  1.524738848836E-001  4.415010537465E-002 -1.370222576008E-001
  8.547665626839E-001  1.529380145957E-001  4.270522684072E-002 -1.333640180895E-001
  8.655847621758E-001  1.533922748742E-001  4.128200907319E-002 -1.297693169422E-001
  8.765348876780E-001  1.538366091381E-001  3.988044757456E-002 -1.262385453453E-001
  8.876189255584E-001  1.542709624810E-001  3.850052458576E-002 -1.227720614041E-001
  8.988389008829E-001  1.546952815954E-001  3.714220892806E-002 -1.193701891053E-001
  9.101968783143E-001  1.551095146876E-001  3.580545585986E-002 -1.160332172892E-001
  9.216949630368E-001  1.555136113854E-001  3.449020694967E-002 -1.127613986367E-001
  9.333353017046E-001  1.559075226361E-001  3.319638996606E-002 -1.095549486722E-001
  9.451200834176E-001  1.562912005976E-001  3.192391878597E-002 -1.064140447859E-001
  9.570515407237E-001  1.566645985184E-001  3.067269332217E-002 -1.033388252789E-001
  9.691319506484E-001  1.570276706100E-001  2.944259947120E-002 -1.003293884332E-001
  9.813636357544E-001  1.573803719094E-001  2.823350908274E-002 -9.738579161210E-002
  9.937489652293E-001  1.577226581314E-001  2.704527995168E-002 -9.450805039175E-002
  1.006290356005E+000  1.580544855122E-001  2.587775583386E-002 -9.169613772972E-002
  1.018990273907E+000  1.583758106422E-001  2.473076648679E-002 -8.894998317282E-002
  1.031851234841E+000  1.586865902888E-001  2.360412773632E-002 -8.626947210858E-002
  1.044875806003E+000  1.589867812094E-001  2.249764157039E-002 -8.365444506405E-002
  1.058066607138E+000  1.592763399539E-001  2.141109626116E-002 -8.110469705588E-002
  1.071426311823E+000  1.595552226562E-001  2.034426651629E-002 -7.861997699580E-002
  1.084957648792E+000  1.598233848161E-001  1.929691366074E-002 -7.619998715534E-002
  1.098663403298E+000  1.600807810701E-001  1.826878584994E-002 -7.384438269425E-002
  1.112546418516E+000  1.603273649522E-001  1.725961831542E-002 -7.155277125645E-002
  1.126609596985E+000  1.605630886437E-001  1.626913364385E-002 -6.932471263806E-002
  1.140855902095E+000  1.607879027133E-001  1.529704209040E-002 -6.715971853142E-002
  1.155288359613E+000  1.610017558465E-001  1.434304192738E-002 -6.505725234956E-002
  1.169910059257E+000  1.612045945651E-001  1.340681982874E-002 -6.301672913516E-002
  1.184724156317E+000  1.613963629372E-001  1.248805129155E-002 -6.103751555827E-002
  1.199733873325E+000  1.615770022770E-001  1.158640109472E-002 -5.911893000681E-002
  1.214942501771E+000  1.617464508358E-001  1.070152379588E-002 -5.726024277401E-002
  1.230353403874E+000  1.619046434844E-001  9.833064266708E-003 -5.546067634653E-002
  1.245970014403E+000  1.620515113862E-001  8.980658267247E-003 -5.371940579727E-002
  1.261795842559E+000  1.621869816630E-001  8.143933059377E-003 -5.203555928648E-002
  1.277834473907E+000  1.623109770536E-001  7.322508059724E-003 -5.040821867453E-002
  1.294089572372E+000  1.624234155647E-001  6.515995531997E-003 -4.883642024984E-002
  1.310564882294E+000  1.625242101169E-001  5.724001318686E-003 -4.731915557496E-002
  1.327264230548E+000  1.626132681842E-001  4.946125611896E-003 -4.585537245355E-002
  1.344191528724E+000  1.626904914300E-001  4.181963762928E-003 -4.444397602091E-002
  1.361350775387E+000  1.627557753387E-001  3.431107130071E-003 -4.308382996025E-002
  1.378746058390E+000  1.628090088456E-001  2.693143963886E-003 -4.177375784646E-002
  1.396381557275E+000  1.628500739640E-001  1.967660329102E-003 -4.051254461909E-002
  1.414261545744E+000  1.628788454136E-001  1.254241062011E-003 -3.929893818548E-002
  1.432390394201E+000  1.628951902481E-001  5.524707621280E-004 -3.813165115471E-002
  1.450772572390E+000  1.628989674862E-001 -1.380651834167E-004 -3.700936270258E-002
  1.469412652102E+000  1.628900277455E-001 -8.177795444096E-004 -3.593072056730E-002
  1.488315309978E+000  1.628682128821E-001 -1.487082162950E-003 -3.489434317498E-002
  1.507485330398E+000  1.628333556360E-001 -2.146378841845E-003 -3.389882189355E-002
  1.526927608467E+000  1.627852792861E-001 -2.796070208369E-003 -3.294272341301E-002
  1.546647153093E+000  1.627237973142E-001 -3.436550556014E-003 -3.202459224943E-002
  1.566649090169E+000  1.626487130816E-001 -4.068206667060E-003 -3.114295336931E-002
  1.586938665861E+000  1.625598195192E-001 -4.691416619068E-003 -3.029631493041E-002
  1.607521250000E+000  1.624568988342E-001 -5.306548578632E-003 -2.948317113427E-002
  1.628402339588E+000  1.623397222344E-001 -5.913959585955E-003 -2.870200518505E-002
  1.649587562420E+000  1.622080496722E-001 -6.513994334097E-003 -2.795129234856E-002
  1.671082680832E+000  1.620616296123E-001 -7.106983946921E-003 -2.722950310452E-002
  1.692893595565E+000  1.619001988231E-001 -7.693244760073E-003 -2.653510638444E-002
  1.715026349769E+000  1.617234821958E-001 -8.273077109496E-003 -2.586657288658E-002
  1.737487133138E+000  1.615311925927E-001 -8.846764132234E-003 -2.522237845895E-002
  1.760282286187E+000  1.613230307285E-001 -9.414570584501E-003 -2.460100754012E-002
  1.783418304674E+000  1.610986850848E-001 -9.976741682146E-003 -2.400095664730E-002
  1.806901844175E+000  1.608578318636E-001 -1.053350196889E-002 -2.342073790015E-002
  1.830739724818E+000  1.606001349785E-001 -1.108505421783E-002 -2.285888256793E-002
  1.854938936184E+000  1.603252460906E-001 -1.163157837186E-002 -2.231394462733E-002
  1.879506642368E+000  1.600328046875E-001 -1.217323052889E-002 -2.178450431717E-002
  1.904450187236E+000  1.597224382109E-001 -1.271014197756E-002 -2.126917167587E-002
  1.929777099847E+000  1.593937622346E-001 -1.324241828971E-002 -2.076659004676E-002
  1.955495100083E+000  1.590463806946E-001 -1.377013847536E-002 -2.027543953613E-002
  1.981612104475E+000  1.586798861748E-001 -1.429335420647E-002 -1.979444040794E-002
  2.008136232230E+000  1.582938602510E-001 -1.481208911528E-002 -1.932235639928E-002
  2.035075811486E+000  1.578878738937E-001 -1.532633817353E-002 -1.885799793987E-002
  2.062439385788E+000  1.574614879347E-001 -1.583606715809E-002 -1.840022525913E-002
  2.090235720801E+000  1.570142535975E-001 -1.634121220916E-002 -1.794795136368E-002
  2.118473811262E+000  1.565457130939E-001 -1.684167948625E-002 -1.750014486866E-002
  2.147162888201E+000  1.560554002900E-001 -1.733734492775E-002 -1.705583266594E-002
  2.176312426413E+000  1.555428414417E-001 -1.782805411884E-002 -1.661410241264E-002
  2.205932152222E+000  1.550075560020E-001 -1.831362227293E-002 -1.617410482373E-002
  2.236032051522E+000  1.544490575013E-001 -1.879383433084E-002 -1.573505575279E-002
  2.266622378129E+000  1.538668545022E-001 -1.926844518204E-002 -1.529623804579E-002
  2.297713662445E+000  1.532604516289E-001 -1.973718001147E-002 -1.485700315317E-002
  2.329316720450E+000  1.526293506724E-001 -2.019973477525E-002 -1.441677248671E-002
  2.361442663038E+000  1.519730517715E-001 -2.065577680776E-002 -1.397503850840E-002
  2.394102905709E+000  1.512910546703E-001 -2.110494556231E-002 -1.353136553961E-002
  2.427309178642E+000  1.505828600509E-001 -2.154685348683E-002 -1.308539028051E-002
  2.461073537146E+000  1.498479709419E-001 -2.198108703524E-002 -1.263682203058E-002
  2.495408372530E+000  1.490858942003E-001 -2.240720781483E-002 -1.218544260301E-002
  2.530326423398E+000  1.482961420679E-001 -2.282475386874E-002 -1.173110592717E-002
  2.565840787378E+000  1.474782337973E-001 -2.323324109247E-002 -1.127373733527E-002
  2.601964933334E+000  1.466316973490E-001 -2.363216478190E-002 -1.081333253124E-002
  2.638712714049E+000  1.457560711546E-001 -2.402100131020E-002 -1.034995624152E-002
  2.676098379430E+000  1.448509059449E-001 -2.439920992953E-002 -9.883740550177E-003
  2.714136590232E+000  1.439157666385E-001 -2.476623469315E-002 -9.414882922020E-003
  2.752842432351E+000  1.429502342892E-001 -2.512150649234E-002 -8.943643920441E-003
  2.792231431696E+000  1.419539080862E-001 -2.546444520200E-002 -8.470344628278E-003
  2.832319569669E+000  1.409264074047E-001 -2.579446192781E-002 -7.995363782558E-003
  2.873123299289E+000  1.398673739009E-001 -2.611096134714E-002 -7.519134636099E-003
  2.914659561979E+000  1.387764736470E-001 -2.641334413512E-002 -7.042141561115E-003
  2.956945805065E+000  1.376533993008E-001 -2.670100946657E-002 -6.564916412111E-003
  3.000000000000E+000  1.364978723041E-001 -2.697335758392E-002 -6.088034667393E-003
  3.043840661365E+000  1.353096451039E-001 -2.722979242039E-002 -5.612111370421E-003
  3.088486866678E+000  1.340885033898E-001 -2.746972426757E-002 -5.137796894052E-003
  3.133958277047E+000  1.328342683412E-001 -2.769257247551E-002 -4.665772552312E-003
  3.180275158719E+000  1.315467988770E-001 -2.789776817366E-002 -4.196746085816E-003
  3.227458405560E+000  1.302259939012E-001 -2.808475700014E-002 -3.731447048149E-003
  3.275529562509E+000  1.288717945362E-001 -2.825300182692E-002 -3.270622121546E-003
  3.324510850077E+000  1.274841863365E-001 -2.840198546824E-002 -2.815030390944E-003
  3.374425189910E+000  1.260632014747E-001 -2.853121335952E-002 -2.365438605964E-003
  3.425296231502E+000  1.246089208921E-001 -2.864021619423E-002 -1.922616460559E-003
  3.477148380094E+000  1.231214764052E-001 -2.872855250615E-002 -1.487331919994E-003
  3.530006825834E+000  1.216010527599E-001 -2.879581118478E-002 -1.060346624384E-003
  3.583897574256E+000  1.200478896247E-001 -2.884161391205E-002 -6.424113973591E-004
  3.638847478148E+000  1.184622835147E-001 -2.886561750891E-002 -2.342618873696E-004
  3.694884270887E+000  1.168445896371E-001 -2.886751618077E-002  1.633856321087E-004
  3.752036601308E+000  1.151952236494E-001 -2.884704365144E-002  5.498382788239E-004
  3.810334070199E+000  1.135146633222E-001 -2.880397517603E-002  9.244303716337E-004
  3.869807268505E+000  1.118034500954E-001 -2.873812942362E-002  1.286527013304E-003
  3.930487817331E+000  1.100621905221E-001 -2.864937022165E-002  1.635527427803E-003
  3.992408409843E+000  1.082915575867E-001 -2.853760815455E-002  1.970868036142E-003
  4.055602855172E+000  1.064922918922E-001 -2.840280200991E-002  2.292025257485E-003
  4.120106124432E+000  1.046652027031E-001 -2.824496006651E-002  2.598518024937E-003
  4.185954398964E+000  1.028111688382E-001 -2.806414121912E-002  2.889910008265E-003
  4.253185120935E+000  1.009311393999E-001 -2.786045593580E-002  3.165811538611E-003
  4.321837046422E+000  9.902613433333E-002 -2.763406704427E-002  3.425881233056E-003
  4.391950301120E+000  9.709724480274E-002 -2.738519034444E-002  3.669827319592E-003
  4.463566438835E+000  9.514563337660E-002 -2.711409504487E-002  3.897408665693E-003
  4.536728502895E+000  9.317253401008E-002 -2.682110402151E-002  4.108435516062E-003
  4.611481090679E+000  9.117925181474E-002 -2.650659389742E-002  4.302769947394E-003
  4.687870421430E+000  8.916716260443E-002 -2.617099494258E-002  4.480326049946E-003
  4.765944407533E+000  8.713771220669E-002 -2.581479079315E-002  4.641069847413E-003
  4.845752729492E+000  8.509241552833E-002 -2.543851798973E-002  4.785018968012E-003
  4.927346914797E+000  8.303285536419E-002 -2.504276533414E-002  4.912242080744E-003
  5.010780420931E+000  8.096068093775E-002 -2.462817306439E-002  5.022858111552E-003
  5.096108722763E+000  7.887760616237E-002 -2.419543184728E-002  5.117035254487E-003
  5.183389404586E+000  7.678540761200E-002 -2.374528158802E-002  5.194989793090E-003
  5.272682257105E+000  7.468592219039E-002 -2.327851005597E-002  5.256984746948E-003
  5.364049379651E+000  7.258104448820E-002 -2.279595132554E-002  5.303328357840E-003
  5.457555287978E+000  7.047272381774E-002 -2.229848403089E-002  5.334372429143E-003
  5.553267027968E+000  6.836296091585E-002 -2.178702943308E-002  5.350510531101E-003
  5.651254295630E+000  6.625380430601E-002 -2.126254929803E-002  5.352176083440E-003
  5.751589563796E+000  6.414734631214E-002 -2.072604358370E-002  5.339840325447E-003
  5.854348215936E+000  6.204571871736E-002 -2.017854793496E-002  5.314010182324E-003
  5.959608687557E+000  5.995108806293E-002 -1.962113098484E-002  5.275226035183E-003
  6.067452615683E+000  5.786565058396E-002 -1.905489146113E-002  5.224059400766E-003
  6.177964996951E+000  5.579162678091E-002 -1.848095509806E-002  5.161110525728E-003
  6.291234354880E+000  5.373125562799E-002 -1.790047135350E-002  5.087005899239E-003
  6.407352916949E+000  5.168678842240E-002 -1.731460993315E-002  5.002395686838E-003
  6.526416802128E+000  4.966048228126E-002 -1.672455712441E-002  4.907951087842E-003
  6.648526219580E+000  4.765459329657E-002 -1.613151194454E-002  4.804361618303E-003
  6.773785679311E+000  4.567136936184E-002 -1.553668210902E-002  4.692332321519E-003
  6.902304215570E+000  4.371304268835E-002 -1.494127982853E-002  4.572580908408E-003
  7.034195623922E+000  4.178182203277E-002 -1.434651744521E-002  4.445834830769E-003
  7.169578712934E+000  3.987988466282E-002 -1.375360292134E-002  4.312828291416E-003
  7.308577571516E+000  3.800936809178E-002 -1.316373519649E-002  4.174299196523E-003
  7.451321853057E+000  3.617236161787E-002 -1.257809943219E-002  4.030986057138E-003
  7.597947077547E+000  3.437089770939E-002 -1.199786216610E-002  3.883624848691E-003
  7.748594953021E+000  3.260694328135E-002 -1.142416640109E-002  3.732945839423E-003
  7.903413717736E+000  3.088239091450E-002 -1.085812665771E-002  3.579670400913E-003
  8.062558504629E+000  2.919905007244E-002 -1.030082402169E-002  3.424507816243E-003
  8.226191729726E+000  2.755863837717E-002 -9.753301221345E-003  3.268152103714E-003
  8.394483506327E+000  2.596277300793E-002 -9.216557772466E-003  3.111278876385E-003
  8.567612086926E+000  2.441296229209E-002 -8.691545231023E-003  2.954542259954E-003
  8.745764335025E+000  2.291059756040E-002 -8.179162596265E-003  2.798571893536E-003
  8.929136229160E+000  2.145694534194E-002 -7.680251908577E-003  2.643970039686E-003
  9.117933401693E+000  2.005313997602E-002 -7.195594087840E-003  2.491308831460E-003
  9.312371715124E+000  1.870017671992E-002 -6.725905058687E-003  2.341127685337E-003
  9.512677878945E+000  1.739890543168E-002 -6.271832209079E-003  2.193930909347E-003
  9.719090110332E+000  1.615002490651E-002 -5.833951227859E-003  2.050185535772E-003
  9.931858842267E+000  1.495407794373E-002 -5.412763365335E-003  1.910319407146E-003
  1.015124748302E+001  1.381144721829E-002 -5.008693158485E-003  1.774719542997E-003
  1.037753323129E+001  1.272235202677E-002 -4.622086658965E-003  1.643730812858E-003
  1.061100795175E+001  1.168684597251E-002 -4.253210197781E-003  1.517654938327E-003
  1.085197911611E+001  1.070481564787E-002 -3.902249715230E-003  1.396749843636E-003
  1.110077081537E+001  9.775980364004E-003 -3.569310678619E-003  1.281229370044E-003
  1.135772484956E+001  8.899892969593E-003 -3.254418603283E-003  1.171263364663E-003
  1.162320190175E+001  8.075941790332E-003 -2.957520184840E-003  1.066978148955E-003
  1.189758280382E+001  7.303353710153E-003 -2.678485042380E-003  9.684573663073E-004
  1.218126990242E+001  6.581198403998E-003 -2.417108063694E-003  8.757432018747E-004
  1.247468853413E+001  5.908393720154E-003 -2.173112334877E-003  7.888379613869E-004
  1.277828862002E+001  5.283712198186E-003 -1.946152627884E-003  7.077059891265E-004
  1.309254639077E+001  4.705788696526E-003 -1.735819411196E-003  6.322758988710E-004
  1.341796625462E+001  4.173129091960E-003 -1.541643340843E-003  5.624430855659E-004
  1.375508282195E+001  3.684120001889E-003 -1.363100182018E-003  4.980724800311E-004
  1.410446310162E+001  3.237039469344E-003 -1.199616105488E-003  4.390015043439E-004
  1.446670888596E+001  2.830068540499E-003 -1.050573298319E-003  3.850431819083E-004
  1.484245934302E+001  2.461303654797E-003 -9.153158251588E-004  3.359893537900E-004
  1.523239383723E+001  2.128769758703E-003 -7.931556745737E-004  2.916139518353E-004
  1.563723500136E+001  1.830434045381E-003 -6.833789247198E-004  2.516762794898E-004
  1.605775208607E+001  1.564220213961E-003 -5.852519638505E-004  2.159242531214E-004
  1.649476461582E+001  1.328023133216E-003 -4.980277036223E-004  1.840975599719E-004
  1.694914638379E+001  1.119723785021E-003 -4.209517265478E-004  1.559306934818E-004
  1.742182982203E+001  9.372043525743E-004 -3.532683128789E-004  1.311558324061E-004
  1.791381078784E+001  7.783633067661E-004 -2.942262962260E-004  1.095055365532E-004
  1.842615381215E+001  6.411303311307E-004 -2.430847008433E-004  9.071523873292E-005
  1.895999786176E+001  5.234809117063E-004 -1.991181162927E-004  7.452551916215E-005
  1.951656267356E+001  4.234504032790E-004 -1.616217667570E-004  6.068415467479E-005
  2.009715572669E+001  3.391473688350E-004 -1.299162324061E-004  4.894794020904E-005
  2.070317992707E+001  2.687659759247E-004 -1.033517789282E-004  3.908428383093E-005
  2.133614208874E+001  2.105972239047E-004 -8.131224889628E-005  3.087257878753E-005
  2.199766230782E+001  1.630387719056E-004 -6.321846564876E-005  2.410535670650E-005
  2.268948433818E+001  1.246031414060E-004 -4.853109769294E-005  1.858922522623E-005
  2.341348709294E+001  9.392408204844E-005 -3.675293044691E-005  1.414559141595E-005
  2.417169741362E+001  6.976091711515E-005 -2.743049371215E-005  1.061116989699E-005
  2.496630426925E+001  5.100072754678E-005 -2.015499891111E-005  7.838272320945E-006
  2.579967457140E+001  3.665829110739E-005 -1.456255093141E-005  5.694873585548E-006
  2.667437081864E+001  2.587376536502E-005 -1.033361605839E-005  4.064450621614E-006
  2.759317081651E+001  1.790818686248E-005 -7.191749975850E-006  2.845592338400E-006
  2.855908975674E+001  1.213694955455E-005 -4.901617365798E-006  1.951384648782E-006
  2.957540498378E+001  8.041516828355E-006 -3.266365529452E-006  1.308582282115E-006
  3.064568382919E+001  5.199705362655E-006 -2.124446105145E-006  8.565887470709E-007
  3.177381495601E+001  3.274947270418E-006 -1.346008141046E-006  5.462763035590E-007
  3.296404372807E+001  2.004981404589E-006 -8.290089801842E-007  3.386877800166E-007
  3.422101220608E+001  1.190439063921E-006 -4.952033505578E-007  2.036700210307E-007
  3.554980447538E+001  6.837701659183E-007 -2.861732464367E-007  1.184932666569E-007
  3.695599813319E+001  3.789036225855E-007 -1.595504960650E-007  6.651082483479E-008
  3.844572291106E+001  2.019547552791E-007 -8.556089515251E-008  3.590859527731E-008
  4.002572758518E+001  1.031916477423E-007 -4.398579572100E-008  1.858468928174E-008
  4.170345654134E+001  5.036276272996E-008 -2.159796165682E-008  9.186671526145E-009
  4.348713762001E+001  2.338248479527E-008 -1.008816028912E-008  4.319518556592E-009
  4.538588318162E+001  1.028110998875E-008 -4.462278594554E-009  1.923209258541E-009
  4.740980671574E+001  4.259858966463E-009 -1.859856307582E-009  8.067854673807E-010
  4.957015778746E+001  1.654057129453E-009 -7.263894968734E-010  3.171127994620E-010
  5.187947869225E+001  5.981676952674E-010 -2.642043199219E-010  1.160650351433E-010
  5.435178690397E+001  2.000844450163E-010 -8.887656600594E-011  3.928378945483E-011
  5.700278828629E+001  6.142712094556E-011 -2.743762903686E-011  1.220058944609E-011
  5.985012714155E+001  1.715876113794E-011 -7.706144363318E-012  3.446828825477E-012
  6.291368055481E+001  4.318506894953E-012 -1.949840622962E-012  8.771370697038E-013
  6.621590623276E+001  9.684824188551E-013 -4.395603876410E-013  1.988418496928E-013
  6.978225524452E+001  1.911196422498E-013 -8.718430933258E-014  3.965351711359E-014
  7.364166388185E+001  3.271672091734E-014 -1.499864588198E-014  6.857744912719E-015
  7.782714245929E+001  4.779734452289E-015 -2.201794967630E-015  1.011865241328E-015
  8.237648351994E+001  5.849198749580E-016 -2.707076968907E-016  1.250238218268E-016
  8.733311794502E+001  5.868432249668E-017 -2.728328973556E-017  1.266090036118E-017
  9.274715535088E+001  4.708863066130E-018 -2.198870417964E-018  1.025114207434E-018
  9.867665554529E+001  2.936292124448E-019 -1.376986635473E-019  6.448164982787E-020
  1.051891916055E+002  1.376070193699E-020 -6.479709206410E-021  3.047368221978E-021
  1.123637836013E+002  4.660566217476E-022 -2.203309129080E-022  1.040488747446E-022
  1.202933069206E+002  1.089434160153E-023 -5.170075134851E-024  2.451214683685E-024
  1.290875131414E+002  1.664524375132E-025 -7.928344140480E-026  3.773289482469E-026
  1.388768482001E+002  1.558108737117E-027 -7.447732865392E-028  3.557510123139E-028
  1.498173177370E+002  8.269726158298E-030 -3.966333670709E-030  1.901199858458E-030
  1.620967411853E+002  2.267040537932E-032 -1.090855786800E-032  5.246325344094E-033
  1.759428668168E+002  2.866524254066E-035 -1.383605163005E-035  6.675490171679E-036
  1.916340085825E+002  1.455773999055E-038 -7.047548079251E-039  3.410568707959E-039
  2.095131417987E+002  2.503772529517E-042 -1.215531024130E-042  5.899404306862E-043
  2.300068054477E+002  1.179478158688E-046 -5.741538375033E-047  2.794217879539E-047
  2.536507797910E+002  1.165619283449E-051 -5.688568068033E-052  2.775634636107E-052
  2.811254638474E+002  1.722069922212E-057 -8.424539051477E-058  4.120702110147E-058
  3.133053780630E+002  2.460217265047E-064 -1.206312475070E-064  5.914117193543E-065
  3.513296254502E+002  1.926611646850E-072 -9.467035064797E-073  4.651460310250E-073
  3.967041014107E+002  3.903778681261E-082 -1.922124377158E-082  9.463310762686E-083
  4.514529193350E+002  7.458968840570E-094 -3.679554269364E-094  1.815034960374E-094
  5.183481233601E+002  3.371616730763E-108 -1.666168546610E-108  8.233406532302E-109
  6.012676077950E+002  5.207245367323E-126 -2.577494929223E-126  1.275771003668E-126
  7.057700503752E+002  1.714232572060E-148 -8.497943109860E-149  4.212570204966E-149
  8.400513767914E+002  2.009982476501E-177 -9.977836708325E-178  4.953052838115E-178
  1.016602135495E+003  1.641160971615E-215 -8.157208313806E-216  4.054401824510E-216
  1.255220715579E+003  4.735249771809E-267 -2.356275957999E-267  1.172481649116E-267
  1.588815776243E+003  0.000000000000E+000  0.000000000000E+000  0.000000000000E+000
  2.075392011604E+003  0.000000000000E+000  0.000000000000E+000  0.000000000000E+000
  2.825079847528E+003  0.000000000000E+000  0.000000000000E+000  0.000000000000E+000
  4.068408296183E+003  0.000000000000E+000  0.000000000000E+000  0.000000000000E+000
  6.357262947672E+003  0.000000000000E+000  0.000000000000E+000  0.000000000000E+000
  1.130231930164E+004  0.000000000000E+000  0.000000000000E+000  0.000000000000E+000
  2.543105175136E+004  0.000000000000E+000  0.000000000000E+000  0.000000000000E+000
  1.017262069952E+005  0.000000000000E+000  0.000000000000E+000  0.000000000000E+000
