# 1st line: number of mesh points
# abcissa wavefunction wavefunction_1st wavefunction_2nd
500
# Principal QN=   1 , l=   1 , Occupation=   4.0010
  9.830308526563E-006  1.481739168502E-004  1.507259597057E+001 -1.168944163091E+002
  3.932200719722E-005  5.926395435591E-004  1.506914888329E+001 -1.168721989037E+002
  8.847741541467E-005  1.333228526849E-003  1.506340489265E+001 -1.168351750337E+002
  1.573003992805E-004  2.369660338728E-003  1.505536573067E+001 -1.167833524105E+002
  2.457963722418E-004  3.701542367719E-003  1.504503382187E+001 -1.167167418369E+002
  3.539722959954E-004  5.328370046617E-003  1.503241228282E+001 -1.166353572136E+002
  4.818366816529E-004  7.249527016837E-003  1.501750492171E+001 -1.165392155471E+002
  6.293995911626E-004  9.464285329357E-003  1.500031623776E+001 -1.164283369604E+002
  7.966726389935E-004  1.197180568238E-002  1.498085142051E+001 -1.163027447048E+002
  9.836689940782E-004  1.477113769574E-002  1.495911634904E+001 -1.161624651735E+002
  1.190403382016E-003  1.786122022216E-002  1.493511759103E+001 -1.160075279169E+002
  1.416892087541E-003  2.124088169545E-002  1.490886240172E+001 -1.158379656601E+002
  1.663152957245E-003  2.490884051576E-002  1.488035872275E+001 -1.156538143208E+002
  1.929205402573E-003  2.886370547199E-002  1.484961518088E+001 -1.154551130300E+002
  2.215070403073E-003  3.310397620143E-002  1.481664108656E+001 -1.152419041530E+002
  2.520770509919E-003  3.762804368688E-002  1.478144643238E+001 -1.150142333129E+002
  2.846329849692E-003  4.243419079127E-002  1.474404189141E+001 -1.147721494146E+002
  3.191774128432E-003  4.752059282997E-002  1.470443881533E+001 -1.145157046701E+002
  3.557130635959E-003  5.288531818091E-002  1.466264923249E+001 -1.142449546251E+002
  3.942428250463E-003  5.852632893273E-002  1.461868584573E+001 -1.139599581867E+002
  4.347697443358E-003  6.444148157099E-002  1.457256203016E+001 -1.136607776520E+002
  4.772970284417E-003  7.062852770276E-002  1.452429183064E+001 -1.133474787372E+002
  5.218280447175E-003  7.708511481958E-002  1.447388995921E+001 -1.130201306078E+002
  5.683663214611E-003  8.380878709904E-002  1.442137179224E+001 -1.126788059092E+002
  6.169155485101E-003  9.079698624521E-002  1.436675336750E+001 -1.123235807978E+002
  6.674795778653E-003  9.804705236790E-002  1.431005138096E+001 -1.119545349727E+002
  7.200624243425E-003  1.055562249010E-001  1.425128318342E+001 -1.115717517074E+002
  7.746682662519E-003  1.133216435601E-001  1.419046677698E+001 -1.111753178814E+002
  8.313014461060E-003  1.213403493394E-001  1.412762081119E+001 -1.107653240123E+002
  8.899664713569E-003  1.296092855485E-001  1.406276457914E+001 -1.103418642875E+002
  9.506680151615E-003  1.381252988878E-001  1.399591801316E+001 -1.099050365955E+002
  1.013410917176E-002  1.468851405651E-001  1.392710168045E+001 -1.094549425568E+002
  1.078200184380E-002  1.558854674509E-001  1.385633677833E+001 -1.089916875546E+002
  1.145040991929E-002  1.651228432744E-001  1.378364512933E+001 -1.085153807641E+002
  1.213938684040E-002  1.745937398588E-001  1.370904917601E+001 -1.080261351814E+002
  1.284898774901E-002  1.842945383976E-001  1.363257197550E+001 -1.075240676517E+002
  1.357926949620E-002  1.942215307702E-001  1.355423719382E+001 -1.070092988953E+002
  1.433029065191E-002  2.043709208984E-001  1.347406909984E+001 -1.064819535333E+002
  1.510211151509E-002  2.147388261428E-001  1.339209255906E+001 -1.059421601115E+002
  1.589479412397E-002  2.253212787390E-001  1.330833302700E+001 -1.053900511224E+002
  1.670840226680E-002  2.361142272752E-001  1.322281654243E+001 -1.048257630258E+002
  1.754300149280E-002  2.471135382082E-001  1.313556972011E+001 -1.042494362674E+002
  1.839865912351E-002  2.583149974210E-001  1.304661974341E+001 -1.036612152949E+002
  1.927544426443E-002  2.697143118195E-001  1.295599435649E+001 -1.030612485730E+002
  2.017342781695E-002  2.813071109688E-001  1.286372185621E+001 -1.024496885943E+002
  2.109268249069E-002  2.930889487702E-001  1.276983108369E+001 -1.018266918894E+002
  2.203328281612E-002  3.050553051765E-001  1.267435141557E+001 -1.011924190330E+002
  2.299530515754E-002  3.172015879469E-001  1.257731275490E+001 -1.005470346483E+002
  2.397882772639E-002  3.295231344413E-001  1.247874552167E+001 -9.989070740724E+001
  2.498393059493E-002  3.420152134525E-001  1.237868064305E+001 -9.922361002866E+001
  2.601069571024E-002  3.546730270768E-001  1.227714954324E+001 -9.854591927267E+001
  2.705920690860E-002  3.674917126237E-001  1.217418413297E+001 -9.785781593178E+001
  2.812954993023E-002  3.804663445610E-001  1.206981679861E+001 -9.715948481851E+001
  2.922181243436E-002  3.935919364992E-001  1.196408039095E+001 -9.645111474930E+001
  3.033608401473E-002  4.068634432105E-001  1.185700821365E+001 -9.573289852473E+001
  3.147245621542E-002  4.202757626855E-001  1.174863401120E+001 -9.500503290579E+001
  3.263102254705E-002  4.338237382238E-001  1.163899195667E+001 -9.426771858617E+001
  3.381187850339E-002  4.475021605606E-001  1.152811663892E+001 -9.352116016040E+001
  3.501512157837E-002  4.613057700268E-001  1.141604304957E+001 -9.276556608778E+001
  3.624085128345E-002  4.752292587425E-001  1.130280656955E+001 -9.200114865202E+001
  3.748916916538E-002  4.892672728434E-001  1.118844295522E+001 -9.122812391637E+001
  3.876017882444E-002  5.034144147385E-001  1.107298832424E+001 -9.044671167435E+001
  4.005398593302E-002  5.176652453990E-001  1.095647914094E+001 -8.965713539580E+001
  4.137069825459E-002  5.320142866775E-001  1.083895220138E+001 -8.885962216830E+001
  4.271042566323E-002  5.464560236553E-001  1.072044461811E+001 -8.805440263388E+001
  4.407328016341E-002  5.609849070183E-001  1.060099380441E+001 -8.724171092085E+001
  4.545937591035E-002  5.755953554599E-001  1.048063745831E+001 -8.642178457088E+001
  4.686882923075E-002  5.902817581090E-001  1.035941354619E+001 -8.559486446115E+001
  4.830175864396E-002  6.050384769829E-001  1.023736028606E+001 -8.476119472150E+001
  4.975828488365E-002  6.198598494636E-001  1.011451613047E+001 -8.392102264674E+001
  5.123853091993E-002  6.347401907959E-001  9.990919749094E+000 -8.307459860385E+001
  5.274262198188E-002  6.496737966060E-001  9.866610010982E+000 -8.222217593429E+001
  5.427068558066E-002  6.646549454399E-001  9.741625966518E+000 -8.136401085126E+001
  5.582285153302E-002  6.796779013185E-001  9.616006829031E+000 -8.050036233195E+001
  5.739925198530E-002  6.947369163104E-001  9.489791956117E+000 -7.963149200487E+001
  5.900002143803E-002  7.098262331181E-001  9.363020830677E+000 -7.875766403215E+001
  6.062529677088E-002  7.249400876781E-001  9.235733041664E+000 -7.787914498702E+001
  6.227521726827E-002  7.400727117719E-001  9.107968264569E+000 -7.699620372631E+001
  6.394992464542E-002  7.552183356473E-001  8.979766241650E+000 -7.610911125823E+001
  6.564956307496E-002  7.703711906470E-001  8.851166761917E+000 -7.521814060530E+001
  6.737427921404E-002  7.855255118440E-001  8.722209640893E+000 -7.432356666270E+001
  6.912422223211E-002  8.006755406807E-001  8.592934700162E+000 -7.342566605193E+001
  7.089954383907E-002  8.158155276109E-001  8.463381746714E+000 -7.252471697005E+001
  7.270039831418E-002  8.309397347420E-001  8.333590552123E+000 -7.162099903445E+001
  7.452694253540E-002  8.460424384758E-001  8.203600831548E+000 -7.071479312342E+001
  7.637933600943E-002  8.611179321457E-001  8.073452222603E+000 -6.980638121250E+001
  7.825774090225E-002  8.761605286484E-001  7.943184264085E+000 -6.889604620688E+001
  8.016232207035E-002  8.911645630683E-001  7.812836374614E+000 -6.798407176987E+001
  8.209324709253E-002  9.061243952912E-001  7.682447831170E+000 -6.707074214768E+001
  8.405068630235E-002  9.210344126073E-001  7.552057747572E+000 -6.615634199071E+001
  8.603481282122E-002  9.358890322990E-001  7.421705052916E+000 -6.524115617141E+001
  8.804580259214E-002  9.506827042135E-001  7.291428469980E+000 -6.432546959899E+001
  9.008383441408E-002  9.654099133161E-001  7.161266493641E+000 -6.340956703116E+001
  9.214908997710E-002  9.800651822233E-001  7.031257369307E+000 -6.249373288313E+001
  9.424175389809E-002  9.946430737128E-001  6.901439071397E+000 -6.157825103396E+001
  9.636201375725E-002  1.009138193208E+000  6.771849281897E+000 -6.066340463074E+001
  9.851006013526E-002  1.023545191237E+000  6.642525369008E+000 -5.974947589053E+001
  1.006860866512E-001  1.037858765857E+000  6.513504365916E+000 -5.883674590057E+001
  1.028902900012E-001  1.052073665053E+000  6.384822949705E+000 -5.792549441686E+001
  1.051228699979E-001  1.066184689100E+000  6.256517420449E+000 -5.701599966141E+001
  1.073840296104E-001  1.080186692885E+000  6.128623680500E+000 -5.610853811846E+001
  1.096739750056E-001  1.094074588197E+000  6.001177213994E+000 -5.520338432990E+001
  1.119929155896E-001  1.107843345970E+000  5.874213066622E+000 -5.430081069021E+001
  1.143410640503E-001  1.121487998487E+000  5.747765825667E+000 -5.340108724120E+001
  1.167186364011E-001  1.135003641537E+000  5.621869600352E+000 -5.250448146689E+001
  1.191258520249E-001  1.148385436528E+000  5.496558002525E+000 -5.161125808870E+001
  1.215629337189E-001  1.161628612543E+000  5.371864127694E+000 -5.072167886148E+001
  1.240301077413E-001  1.174728468354E+000  5.247820536457E+000 -4.983600237045E+001
  1.265276038575E-001  1.187680374376E+000  5.124459236342E+000 -4.895448382959E+001
  1.290556553882E-001  1.200479774566E+000  5.001811664093E+000 -4.807737488165E+001
  1.316144992580E-001  1.213122188271E+000  4.879908668414E+000 -4.720492340016E+001
  1.342043760450E-001  1.225603212010E+000  4.758780493218E+000 -4.633737329380E+001
  1.368255300316E-001  1.237918521198E+000  4.638456761392E+000 -4.547496431342E+001
  1.394782092560E-001  1.250063871806E+000  4.518966459104E+000 -4.461793186206E+001
  1.421626655646E-001  1.262035101961E+000  4.400337920690E+000 -4.376650680827E+001
  1.448791546661E-001  1.273828133478E+000  4.282598814131E+000 -4.292091530315E+001
  1.476279361856E-001  1.285438973321E+000  4.165776127153E+000 -4.208137860135E+001
  1.504092737207E-001  1.296863715002E+000  4.049896153972E+000 -4.124811288639E+001
  1.532234348983E-001  1.308098539910E+000  3.934984482709E+000 -4.042132910070E+001
  1.560706914324E-001  1.319139718563E+000  3.821065983487E+000 -3.960123278056E+001
  1.589513191834E-001  1.329983611797E+000  3.708164797247E+000 -3.878802389645E+001
  1.618655982178E-001  1.340626671873E+000  3.596304325294E+000 -3.798189669894E+001
  1.648138128702E-001  1.351065443521E+000  3.485507219589E+000 -3.718303957059E+001
  1.677962518056E-001  1.361296564901E+000  3.375795373820E+000 -3.639163488406E+001
  1.708132080832E-001  1.371316768495E+000  3.267189915252E+000 -3.560785886684E+001
  1.738649792215E-001  1.381122881918E+000  3.159711197383E+000 -3.483188147274E+001
  1.769518672648E-001  1.390711828665E+000  3.053378793422E+000 -3.406386626056E+001
  1.800741788507E-001  1.400080628767E+000  2.948211490591E+000 -3.330397028022E+001
  1.832322252791E-001  1.409226399386E+000  2.844227285281E+000 -3.255234396644E+001
  1.864263225826E-001  1.418146355324E+000  2.741443379057E+000 -3.180913104050E+001
  1.896567915983E-001  1.426837809464E+000  2.639876175529E+000 -3.107446842005E+001
  1.929239580409E-001  1.435298173134E+000  2.539541278098E+000 -3.034848613740E+001
  1.962281525771E-001  1.443524956394E+000  2.440453488580E+000 -2.963130726638E+001
  1.995697109023E-001  1.451515768254E+000  2.342626806712E+000 -2.892304785810E+001
  2.029489738173E-001  1.459268316819E+000  2.246074430550E+000 -2.822381688564E+001
  2.063662873085E-001  1.466780409360E+000  2.150808757747E+000 -2.753371619795E+001
  2.098220026275E-001  1.474049952316E+000  2.056841387728E+000 -2.685284048312E+001
  2.133164763746E-001  1.481074951230E+000  1.964183124746E+000 -2.618127724113E+001
  2.168500705817E-001  1.487853510611E+000  1.872843981816E+000 -2.551910676611E+001
  2.204231527988E-001  1.494383833738E+000  1.782833185529E+000 -2.486640213844E+001
  2.240360961807E-001  1.500664222397E+000  1.694159181734E+000 -2.422322922652E+001
  2.276892795770E-001  1.506693076550E+000  1.606829642073E+000 -2.358964669845E+001
  2.313830876220E-001  1.512468893956E+000  1.520851471362E+000 -2.296570604356E+001
  2.351179108282E-001  1.517990269724E+000  1.436230815807E+000 -2.235145160388E+001
  2.388941456809E-001  1.523255895818E+000  1.352973072034E+000 -2.174692061549E+001
  2.427121947345E-001  1.528264560501E+000  1.271082896916E+000 -2.115214325978E+001
  2.465724667110E-001  1.533015147739E+000  1.190564218178E+000 -2.056714272455E+001
  2.504753766009E-001  1.537506636550E+000  1.111420245760E+000 -1.999193527486E+001
  2.544213457654E-001  1.541738100312E+000  1.033653483912E+000 -1.942653033360E+001
  2.584108020414E-001  1.545708706027E+000  9.572657439962E-001 -1.887093057160E+001
  2.624441798480E-001  1.549417713551E+000  8.822581579675E-001 -1.832513200718E+001
  2.665219202956E-001  1.552864474783E+000  8.086311925060E-001 -1.778912411501E+001
  2.706444712976E-001  1.556048432830E+000  7.363846637665E-001 -1.726288994400E+001
  2.748122876832E-001  1.558969121133E+000  6.655177527153E-001 -1.674640624408E+001
  2.790258313137E-001  1.561626162578E+000  5.960290210168E-001 -1.623964360171E+001
  2.832855712010E-001  1.564019268581E+000  5.279164274357E-001 -1.574256658367E+001
  2.875919836279E-001  1.566148238155E+000  4.611773447148E-001 -1.525513388904E+001
  2.919455522717E-001  1.568012956962E+000  3.958085768910E-001 -1.477729850899E+001
  2.963467683296E-001  1.569613396358E+000  3.318063770067E-001 -1.430900789403E+001
  3.007961306479E-001  1.570949612426E+000  2.691664651745E-001 -1.385020412848E+001
  3.052941458522E-001  1.572021745008E+000  2.078840469539E-001 -1.340082411162E+001
  3.098413284823E-001  1.572830016739E+000  1.479538319916E-001 -1.296079974535E+001
  3.144382011281E-001  1.573374732082E+000  8.937005288306E-002 -1.253005812776E+001
  3.190852945695E-001  1.573656276370E+000  3.212648420687E-002 -1.210852175231E+001
  3.237831479192E-001  1.573675114863E+000 -2.378353831475E-002 -1.169610871210E+001
  3.285323087679E-001  1.573431791812E+000 -7.836709857766E-002 -1.129273290885E+001
  3.333333333333E-001  1.572926929552E+000 -1.316316808279E-001 -1.089830426599E+001
  3.381867866117E-001  1.572161227601E+000 -1.835851504131E-001 -1.051272894550E+001
  3.430932425333E-001  1.571135461799E+000 -2.342357346028E-001 -1.013590956790E+001
  3.480532841203E-001  1.569850483458E+000 -2.835920035254E-001 -9.767745434942E+000
  3.530675036492E-001  1.568307218560E+000 -3.316628512728E-001 -9.408132754357E+000
  3.581365028158E-001  1.566506666969E+000 -3.784574772190E-001 -9.056964866291E+000
  3.632608929041E-001  1.564449901692E+000 -4.239853676032E-001 -8.714132470709E+000
  3.684412949588E-001  1.562138068171E+000 -4.682562774233E-001 -8.379523855320E+000
  3.736783399619E-001  1.559572383618E+000 -5.112802126872E-001 -8.053025123423E+000
  3.789726690123E-001  1.556754136386E+000 -5.530674130683E-001 -7.734520421110E+000
  3.843249335105E-001  1.553684685392E+000 -5.936283350085E-001 -7.423892163270E+000
  3.897357953460E-001  1.550365459576E+000 -6.329736353136E-001 -7.121021257827E+000
  3.952059270903E-001  1.546797957410E+000 -6.711141552809E-001 -6.825787327635E+000
  4.007360121927E-001  1.542983746453E+000 -7.080609054013E-001 -6.538068929495E+000
  4.063267451812E-001  1.538924462956E+000 -7.438250506721E-001 -6.257743769717E+000
  4.119788318683E-001  1.534621811507E+000 -7.784178965570E-001 -5.984688915696E+000
  4.176929895600E-001  1.530077564731E+000 -8.118508756287E-001 -5.718781002963E+000
  4.234699472710E-001  1.525293563034E+000 -8.441355349227E-001 -5.459896437186E+000
  4.293104459435E-001  1.520271714391E+000 -8.752835240329E-001 -5.207911590610E+000
  4.352152386716E-001  1.515013994184E+000 -9.053065839755E-001 -4.962702992448E+000
  4.411850909306E-001  1.509522445082E+000 -9.342165368420E-001 -4.724147512747E+000
  4.472207808110E-001  1.503799176960E+000 -9.620252762638E-001 -4.492122539265E+000
  4.533230992589E-001  1.497846366863E+000 -9.887447587039E-001 -4.266506146934E+000
  4.594928503202E-001  1.491666259004E+000 -1.014386995589E+000 -4.047177259501E+000
  4.657308513924E-001  1.485261164801E+000 -1.038964046293E+000 -3.834015802952E+000
  4.720379334802E-001  1.478633462936E+000 -1.062488011976E+000 -3.626902850376E+000
  4.784149414579E-001  1.471785599458E+000 -1.084971030291E+000 -3.425720757932E+000
  4.848627343381E-001  1.464720087893E+000 -1.106425270935E+000 -3.230353291629E+000
  4.913821855461E-001  1.457439509386E+000 -1.126862932071E+000 -3.040685744647E+000
  4.979741832006E-001  1.449946512855E+000 -1.146296237584E+000 -2.856605044986E+000
  5.046396304008E-001  1.442243815155E+000 -1.164737435179E+000 -2.677999853229E+000
  5.113794455212E-001  1.434334201245E+000 -1.182198795288E+000 -2.504760650272E+000
  5.181945625116E-001  1.426220524362E+000 -1.198692610780E+000 -2.336779814907E+000
  5.250859312060E-001  1.417905706180E+000 -1.214231197439E+000 -2.173951691156E+000
  5.320545176366E-001  1.409392736969E+000 -1.228826895191E+000 -2.016172645342E+000
  5.391013043575E-001  1.400684675724E+000 -1.242492070038E+000 -1.863341112872E+000
  5.462272907741E-001  1.391784650277E+000 -1.255239116672E+000 -1.715357634784E+000
  5.534334934816E-001  1.382695857378E+000 -1.267080461727E+000 -1.572124884136E+000
  5.607209466109E-001  1.373421562734E+000 -1.278028567624E+000 -1.433547682355E+000
  5.680907021827E-001  1.363965101007E+000 -1.288095936960E+000 -1.299533005710E+000
  5.755438304707E-001  1.354329875759E+000 -1.297295117408E+000 -1.169989982120E+000
  5.830814203728E-001  1.344519359341E+000 -1.305638707048E+000 -1.044829878525E+000
  5.907045797917E-001  1.334537092709E+000 -1.313139360099E+000 -9.239660791221E-001
  5.984144360243E-001  1.324386685176E+000 -1.319809792982E+000 -8.073140547720E-001
  6.062121361613E-001  1.314071814079E+000 -1.325662790651E+000 -6.947913239528E-001
  6.140988474955E-001  1.303596224359E+000 -1.330711213139E+000 -5.863174056448E-001
  6.220757579409E-001  1.292963728052E+000 -1.334968002249E+000 -4.818137645872E-001
  6.301440764614E-001  1.282178203668E+000 -1.338446188315E+000 -3.812037493688E-001
  6.383050335109E-001  1.271243595483E+000 -1.341158896991E+000 -2.844125238515E-001
  6.465598814833E-001  1.260163912694E+000 -1.343119355970E+000 -1.913669924531E-001
  6.549098951744E-001  1.248943228475E+000 -1.344340901586E+000 -1.019957198433E-001
  6.633563722545E-001  1.237585678898E+000 -1.344836985216E+000 -1.622884563198E-002
  6.719006337539E-001  1.226095461726E+000 -1.344621179430E+000  6.600200534965E-002
  6.805440245593E-001  1.214476835073E+000 -1.343707183797E+000  1.447638165547E-001
  6.892879139233E-001  1.202734115923E+000 -1.342108830305E+000  2.201222763774E-001
  6.981336959871E-001  1.190871678509E+000 -1.339840088308E+000  2.921418773122E-001
  7.070827903152E-001  1.178893952544E+000 -1.336915068953E+000  3.608860169550E-001
  7.161366424455E-001  1.166805421302E+000 -1.333348029010E+000  4.264171001833E-001
  7.252967244510E-001  1.154610619554E+000 -1.329153374058E+000  4.887966418453E-001
  7.345645355186E-001  1.142314131343E+000 -1.324345660964E+000  5.480853692921E-001
  7.439416025400E-001  1.129920587615E+000 -1.318939599595E+000  6.043433240904E-001
  7.534294807203E-001  1.117434663692E+000 -1.312950053735E+000  6.576299622595E-001
  7.630297542000E-001  1.104861076594E+000 -1.306392041137E+000  7.080042523923E-001
  7.727440366954E-001  1.092204582210E+000 -1.299280732683E+000  7.555247710308E-001
  7.825739721536E-001  1.079469972323E+000 -1.291631450613E+000  8.002497946897E-001
  7.925212354258E-001  1.066662071487E+000 -1.283459665789E+000  8.422373879436E-001
  8.025875329584E-001  1.053785733764E+000 -1.274780993974E+000  8.815454870176E-001
  8.127746035011E-001  1.040845839324E+000 -1.265611191102E+000  9.182319783544E-001
  8.230842188350E-001  1.027847290912E+000 -1.255966147518E+000  9.523547716630E-001
  8.335181845190E-001  1.014795010196E+000 -1.245861881199E+000  9.839718669889E-001
  8.440783406568E-001  1.001693933991E+000 -1.235314529932E+000  1.013141415389E+000
  8.547665626839E-001  9.885490103773E-001 -1.224340342470E+000  1.039921772831E+000
  8.655847621758E-001  9.753651947135E-001 -1.212955668666E+000  1.064371546993E+000
  8.765348876780E-001  9.621474455630E-001 -1.201176948613E+000  1.086549636667E+000
  8.876189255584E-001  9.489007205358E-001 -1.189020700805E+000  1.106515263542E+000
  8.988389008829E-001  9.356299720598E-001 -1.176503509356E+000  1.124327996180E+000
  9.101968783143E-001  9.223401430933E-001 -1.163642010311E+000  1.140047766051E+000
  9.216949630368E-001  9.090361627899E-001 -1.150452877095E+000  1.153734875546E+000
  9.333353017046E-001  8.957229421287E-001 -1.136952805152E+000  1.165449997958E+000
  9.451200834176E-001  8.824053695221E-001 -1.123158495821E+000  1.175254169446E+000
  9.570515407237E-001  8.690883064157E-001 -1.109086639525E+000  1.183208773080E+000
  9.691319506484E-001  8.557765828929E-001 -1.094753898329E+000  1.189375515107E+000
  9.813636357544E-001  8.424749932985E-001 -1.080176887940E+000  1.193816393621E+000
  9.937489652293E-001  8.291882918962E-001 -1.065372159241E+000  1.196593659900E+000
  1.006290356005E+000  8.159211885724E-001 -1.050356179416E+000  1.197769772704E+000
  1.018990273907E+000  8.026783446023E-001 -1.035145312771E+000  1.197407345870E+000
  1.031851234841E+000  7.894643684920E-001 -1.019755801336E+000  1.195569089618E+000
  1.044875806003E+000  7.762838119092E-001 -1.004203745334E+000  1.192317745984E+000
  1.058066607138E+000  7.631411657185E-001 -9.885050836085E-001  1.187716018886E+000
  1.071426311823E+000  7.500408561324E-001 -9.726755741199E-001  1.181826499313E+000
  1.084957648792E+000  7.369872409923E-001 -9.567307745877E-001  1.174711586209E+000
  1.098663403298E+000  7.239846061915E-001 -9.406860233879E-001  1.166433403620E+000
  1.112546418516E+000  7.110371622514E-001 -9.245564207960E-001  1.157053714721E+000
  1.126609596985E+000  6.981490410623E-001 -9.083568106720E-001  1.146633833345E+000
  1.140855902095E+000  6.853242927993E-001 -8.921017626789E-001  1.135234533655E+000
  1.155288359613E+000  6.725668830216E-001 -8.758055551273E-001  1.122915958626E+000
  1.169910059257E+000  6.598806899645E-001 -8.594821585310E-001  1.109737527989E+000
  1.184724156317E+000  6.472695020309E-001 -8.431452199589E-001  1.095757846303E+000
  1.199733873325E+000  6.347370154880E-001 -8.268080482606E-001  1.081034611818E+000
  1.214942501771E+000  6.222868323751E-001 -8.104836002405E-001  1.065624526777E+000
  1.230353403874E+000  6.099224586261E-001 -7.941844678477E-001  1.049583209796E+000
  1.245970014403E+000  5.976473024081E-001 -7.779228664433E-001  1.032965110928E+000
  1.261795842559E+000  5.854646726793E-001 -7.617106242001E-001  1.015823430025E+000
  1.277834473907E+000  5.733777779638E-001 -7.455591726831E-001  9.982100389383E-001
  1.294089572372E+000  5.613897253443E-001 -7.294795386482E-001  9.801754081045E-001
  1.310564882294E+000  5.495035196679E-001 -7.134823370933E-001  9.617685380025E-001
  1.327264230548E+000  5.377220629625E-001 -6.975777655839E-001  9.430368959333E-001
  1.344191528724E+000  5.260481540573E-001 -6.817755998679E-001  9.240263585287E-001
  1.361350775387E+000  5.144844884015E-001 -6.660851907857E-001  9.047811603468E-001
  1.378746058390E+000  5.030336580739E-001 -6.505154624730E-001  8.853438488598E-001
  1.396381557275E+000  4.916981519725E-001 -6.350749118434E-001  8.657552460868E-001
  1.414261545744E+000  4.804803561770E-001 -6.197716093322E-001  8.460544170692E-001
  1.432390394201E+000  4.693825544699E-001 -6.046132008700E-001  8.262786453297E-001
  1.450772572390E+000  4.584069290071E-001 -5.896069110502E-001  8.064634153979E-001
  1.469412652102E+000  4.475555611241E-001 -5.747595474436E-001  7.866424024279E-001
  1.488315309978E+000  4.368304322631E-001 -5.600775060076E-001  7.668474688776E-001
  1.507485330398E+000  4.262334250099E-001 -5.455667775289E-001  7.471086681597E-001
  1.526927608467E+000  4.157663242233E-001 -5.312329550316E-001  7.274542551230E-001
  1.546647153093E+000  4.054308182440E-001 -5.170812420794E-001  7.079107031656E-001
  1.566649090169E+000  3.952285001673E-001 -5.031164618908E-001  6.885027277336E-001
  1.586938665861E+000  3.851608691651E-001 -4.893430671845E-001  6.692533159095E-001
  1.607521250000E+000  3.752293318425E-001 -4.757651506683E-001  6.501837617493E-001
  1.628402339588E+000  3.654352036135E-001 -4.623864560797E-001  6.313137069883E-001
  1.649587562420E+000  3.557797100836E-001 -4.492103896860E-001  6.126611866969E-001
  1.671082680832E+000  3.462639884238E-001 -4.362400321492E-001  5.942426794359E-001
  1.692893595565E+000  3.368890887254E-001 -4.234781506615E-001  5.760731614342E-001
  1.715026349769E+000  3.276559753219E-001 -4.109272112571E-001  5.581661642881E-001
  1.737487133138E+000  3.185655280683E-001 -3.985893912069E-001  5.405338356647E-001
  1.760282286187E+000  3.096185435687E-001 -3.864665914057E-001  5.231870024803E-001
  1.783418304674E+000  3.008157363421E-001 -3.745604486653E-001  5.061352360168E-001
  1.806901844175E+000  2.921577399216E-001 -3.628723478286E-001  4.893869184409E-001
  1.830739724818E+000  2.836451078797E-001 -3.514034336278E-001  4.729493101915E-001
  1.854938936184E+000  2.752783147770E-001 -3.401546222124E-001  4.568286177130E-001
  1.879506642368E+000  2.670577570319E-001 -3.291266122811E-001  4.410300610272E-001
  1.904450187236E+000  2.589837537096E-001 -3.183198957584E-001  4.255579406536E-001
  1.929777099847E+000  2.510565472330E-001 -3.077347679627E-001  4.104157034154E-001
  1.955495100083E+000  2.432763040173E-001 -2.973713372235E-001  3.956060066952E-001
  1.981612104475E+000  2.356431150324E-001 -2.872295339109E-001  3.811307807369E-001
  2.008136232230E+000  2.281569963002E-001 -2.773091188510E-001  3.669912886290E-001
  2.035075811486E+000  2.208178893341E-001 -2.676096911102E-001  3.531881836396E-001
  2.062439385788E+000  2.136256615279E-001 -2.581306951391E-001  3.397215636202E-001
  2.090235720801E+000  2.065801065085E-001 -2.488714272754E-001  3.265910222346E-001
  2.118473811262E+000  1.996809444593E-001 -2.398310416176E-001  3.137956968185E-001
  2.147162888201E+000  1.929278224314E-001 -2.310085552845E-001  3.013343127192E-001
  2.176312426413E+000  1.863203146530E-001 -2.224028530897E-001  2.892052240143E-001
  2.205932152222E+000  1.798579228539E-001 -2.140126916626E-001  2.774064505525E-001
  2.236032051522E+000  1.735400766180E-001 -2.058367030600E-001  2.659357113079E-001
  2.266622378129E+000  1.673661337804E-001 -1.978733979148E-001  2.547904540828E-001
  2.297713662445E+000  1.613353808845E-001 -1.901211681769E-001  2.439678816378E-001
  2.329316720450E+000  1.554470337131E-001 -1.825782895057E-001  2.334649743689E-001
  2.361442663038E+000  1.497002379090E-001 -1.752429233767E-001  2.232785096881E-001
  2.394102905709E+000  1.440940696999E-001 -1.681131189706E-001  2.134050783021E-001
  2.427309178642E+000  1.386275367388E-001 -1.611868149118E-001  2.038410976099E-001
  2.461073537146E+000  1.332995790738E-001 -1.544618409287E-001  1.945828224732E-001
  2.495408372530E+000  1.281090702571E-001 -1.479359195028E-001  1.856263536311E-001
  2.530326423398E+000  1.230548186012E-001 -1.416066675780E-001  1.769676440534E-001
  2.565840787378E+000  1.181355685912E-001 -1.354715983951E-001  1.686025035371E-001
  2.601964933334E+000  1.133500024563E-001 -1.295281235156E-001  1.605266018621E-001
  2.638712714049E+000  1.086967419045E-001 -1.237735550917E-001  1.527354708239E-001
  2.676098379430E+000  1.041743500203E-001 -1.182051084384E-001  1.452245054614E-001
  2.714136590232E+000  9.978133332328E-002 -1.128199049517E-001  1.379889647910E-001
  2.752842432351E+000  9.551614398350E-002 -1.076149754141E-001  1.310239723478E-001
  2.792231431696E+000  9.137718218537E-002 -1.025872637178E-001  1.243245168188E-001
  2.832319569669E+000  8.736279863135E-002 -9.773363102894E-002  1.178854530349E-001
  2.873123299289E+000  8.347129717249E-002 -9.305086040522E-002  1.117015035614E-001
  2.914659561979E+000  7.970093755126E-002 -8.853566187175E-002  1.057672611043E-001
  2.956945805065E+000  7.604993823975E-002 -8.418467794813E-002  1.000771919143E-001
  3.000000000000E+000  7.251647935412E-002 -7.999448961107E-002  9.462564034137E-002
  3.043840661365E+000  6.909870562446E-002 -7.596162266682E-002  8.940683465596E-002
  3.088486866678E+000  6.579472939780E-002 -7.208255449794E-002  8.441489421589E-002
  3.133958277047E+000  6.260263365052E-002 -6.835372114029E-002  7.964383802249E-002
  3.180275158719E+000  5.952047498604E-002 -6.477152463757E-002  7.508759467058E-002
  3.227458405560E+000  5.654628659279E-002 -6.133234061333E-002  7.074001366076E-002
  3.275529562509E+000  5.367808113794E-002 -5.803252599388E-002  6.659487800646E-002
  3.324510850077E+000  5.091385357253E-002 -5.486842681012E-002  6.264591803451E-002
  3.374425189910E+000  4.825158382488E-002 -5.183638600231E-002  5.888682624668E-002
  3.425296231502E+000  4.568923936041E-002 -4.893275114911E-002  5.531127308116E-002
  3.477148380094E+000  4.322477758806E-002 -4.615388204107E-002  5.191292338891E-002
  3.530006825834E+000  4.085614809581E-002 -4.349615801914E-002  4.868545341884E-002
  3.583897574256E+000  3.858129470088E-002 -4.095598500083E-002  4.562256809060E-002
  3.638847478148E+000  3.639815730285E-002 -3.852980212005E-002  4.271801832250E-002
  3.694884270887E+000  3.430467353240E-002 -3.621408791229E-002  3.996561817684E-002
  3.752036601308E+000  3.229878019125E-002 -3.400536598274E-002  3.735926158424E-002
  3.810334070199E+000  3.037841448399E-002 -3.190021010393E-002  3.489293841399E-002
  3.869807268505E+000  2.854151504585E-002 -2.989524869802E-002  3.256074966748E-002
  3.930487817331E+000  2.678602277551E-002 -2.798716866986E-002  3.035692158722E-002
  3.992408409843E+000  2.510988148583E-002 -2.617271856790E-002  2.827581849401E-002
  4.055602855172E+000  2.351103838998E-002 -2.444871106244E-002  2.631195418917E-002
  4.120106124432E+000  2.198744444391E-002 -2.281202474258E-002  2.446000178654E-002
  4.185954398964E+000  2.053705457027E-002 -2.125960524616E-002  2.271480187038E-002
  4.253185120935E+000  1.915782779163E-002 -1.978846574922E-002  2.107136890811E-002
  4.321837046422E+000  1.784772730375E-002 -1.839568685326E-002  1.952489588226E-002
  4.391950301120E+000  1.660472052176E-002 -1.707841591987E-002  1.807075714081E-002
  4.463566438835E+000  1.542677913329E-002 -1.583386591228E-002  1.670450950071E-002
  4.536728502895E+000  1.431187919350E-002 -1.465931381234E-002  1.542189167319E-002
  4.611481090679E+000  1.325800129651E-002 -1.355209868844E-002  1.421882211145E-002
  4.687870421430E+000  1.226313085715E-002 -1.250961949556E-002  1.309139541037E-002
  4.765944407533E+000  1.132525853461E-002 -1.152933269222E-002  1.203587741368E-002
  4.845752729492E+000  1.044238082753E-002 -1.060874976046E-002  1.104869920486E-002
  4.927346914797E+000  9.612500866090E-003 -9.745434714773E-003  1.012645017494E-002
  5.010780420931E+000  8.833629422866E-003 -8.937001682874E-003  9.265870371398E-003
  5.096108722763E+000  8.103786159195E-003 -8.181112636812E-003  8.463842338378E-003
  5.183389404586E+000  7.421001118417E-003 -7.475475346116E-003  7.717382658699E-003
  5.272682257105E+000  6.783316471502E-003 -6.817841616291E-003  7.023633403129E-003
  5.364049379651E+000  6.188788514374E-003 -6.206005866014E-003  6.379853682085E-003
  5.457555287978E+000  5.635489909873E-003 -5.637804085108E-003  5.783411479863E-003
  5.553267027968E+000  5.121512160887E-003 -5.111113203136E-003  5.231775932225E-003
  5.651254295630E+000  4.644968294928E-003 -4.623850885573E-003  4.722510185264E-003
  5.751589563796E+000  4.203995734472E-003 -4.173975761360E-003  4.253264947820E-003
  5.854348215936E+000  3.796759321832E-003 -3.759488072593E-003  3.821772822115E-003
  5.959608687557E+000  3.421454462462E-003 -3.378430724485E-003  3.425843468622E-003
  6.067452615683E+000  3.076310346370E-003 -3.028890701978E-003  3.063359632395E-003
  6.177964996951E+000  2.759593204034E-003 -2.709000808726E-003  2.732274030103E-003
  6.291234354880E+000  2.469609550798E-003 -2.416941675007E-003  2.430607070565E-003
  6.407352916949E+000  2.204709372443E-003 -2.150943973560E-003  2.156445357583E-003
  6.526416802128E+000  1.963289204265E-003 -1.909290776743E-003  1.907940902833E-003
  6.648526219580E+000  1.743795056885E-003 -1.690319984719E-003  1.683310959120E-003
  6.773785679311E+000  1.544725143811E-003 -1.492426752808E-003  1.480838370772E-003
  6.902304215570E+000  1.364632368734E-003 -1.314065846593E-003  1.298872328587E-003
  7.034195623922E+000  1.202126534360E-003 -1.153753855845E-003  1.135829411605E-003
  7.169578712934E+000  1.055876239304E-003 -1.010071202608E-003  9.901947970086E-004
  7.308577571516E+000  9.246104350231E-004 -8.816638848134E-004  8.605235223932E-004
  7.451321853057E+000  8.071196208050E-004 -7.672449042011E-004  7.454416912019E-004
  7.597947077547E+000  7.022566613083E-004 -6.655953359532E-004  6.436475217448E-004
  7.748594953021E+000  6.089372179233E-004 -5.755650069233E-004  5.539121524752E-004
  7.903413717736E+000  5.261397920668E-004 -4.960727594174E-004  4.750801304014E-004
  8.062558504629E+000  4.529053853295E-004 -4.261062877891E-004  4.060695250888E-004
  8.226191729726E+000  3.883367879515E-004 -3.647215453684E-004  3.458716269982E-004
  8.394483506327E+000  3.315975132697E-004 -3.110417291424E-004  2.935502053226E-004
  8.567612086926E+000  2.819104014190E-004 -2.642558588930E-004  2.482403164421E-004
  8.745764335025E+000  2.385559205428E-004 -2.236169759157E-004  2.091466691239E-004
  8.929136229160E+000  2.008701979835E-004 -1.884399938224E-004  1.755415662212E-004
  9.117933401693E+000  1.682428172858E-004 -1.580992400942E-004  1.467624545218E-004
  9.312371715124E+000  1.401144193108E-004 -1.320257319102E-004  1.222091243291E-004
  9.512677878945E+000  1.159741472838E-004 -1.097042332567E-004  1.013406081552E-004
  9.719090110332E+000  9.535697618427E-005 -9.067014241828E-005  8.367183350224E-005
  9.931858842267E+000  7.784096654565E-005 -7.450625968497E-005  6.877008813376E-005
  1.015124748302E+001  6.304448151464E-005 -6.083948454552E-005  5.625135756164E-005
  1.037753323129E+001  5.062340397993E-005 -4.933748988603E-005  4.577659387503E-005
  1.061100795175E+001  4.026838780884E-005 -3.970541789113E-005  3.704797270779E-005
  1.085197911611E+001  3.170217382397E-005 -3.168263861591E-005  2.980519133561E-005
  1.110077081537E+001  2.467699722376E-005 -2.503960772194E-005  2.382185588261E-005
  1.135772484956E+001  1.897210882619E-005 -1.957485483063E-005  1.890199968779E-005
  1.162320190175E+001  1.439142792274E-005 -1.511212852191E-005  1.487676832022E-005
  1.189758280382E+001  1.076133980560E-005 -1.149771837419E-005  1.160129981586E-005
  1.218126990242E+001  7.928646309432E-006 -8.597968774003E-006  8.951821697155E-006
  1.247468853413E+001  5.758673122645E-006 -6.296993678929E-006  6.822979459677E-006
  1.277828862002E+001  4.133533299677E-006 -4.494596239201E-006  5.125404668667E-006
  1.309254639077E+001  2.950542464383E-006 -3.104392297268E-006  3.783524766042E-006
  1.341796625462E+001  2.120777744846E-006 -2.052132397099E-006  2.733611272572E-006
  1.375508282195E+001  1.567769617266E-006 -1.274213132682E-006  1.922058372368E-006
  1.410446310162E+001  1.226313640949E-006 -7.163655142675E-007  1.303879944476E-006
  1.446670888596E+001  1.041387598559E-006 -3.325055781122E-007  8.414099865237E-007
  1.484245934302E+001  9.671588537970E-007 -8.373073733192E-008  5.031890586204E-007
  1.523239383723E+001  9.660668148941E-007  6.255562454561E-008  2.630178410037E-007
  1.563723500136E+001  1.007966229411E-006  1.334090925301E-007  9.915810720736E-008
  1.605775208607E+001  1.069318583952E-006  1.510160573828E-007 -6.338687498792E-009
  1.649476461582E+001  1.132421056534E-006  1.332887756843E-007 -6.819448040099E-008
  1.694914638379E+001  1.184665148647E-006  9.439838085745E-008 -9.837754574476E-008
  1.742182982203E+001  1.217820153015E-006  4.525852010430E-008 -1.065019833294E-007
  1.791381078784E+001  1.227339805285E-006 -6.030097651556E-009 -1.001685246033E-007
  1.842615381215E+001  1.211693613676E-006 -5.376654563495E-008 -8.525926546465E-008
  1.895999786176E+001  1.171727237532E-006 -9.426285092527E-008 -6.619661932095E-008
  1.951656267356E+001  1.110058672799E-006 -1.254809487190E-007 -4.617443365433E-008
  2.009715572669E+001  1.030518697467E-006 -1.466931205280E-007 -2.736694615298E-008
  2.070317992707E+001  9.376448681351E-007 -1.581674482374E-007 -1.111918535027E-008
  2.133614208874E+001  8.362382314617E-007 -1.608811119395E-007  1.879353357432E-009
  2.199766230782E+001  7.309907858626E-007 -1.562650401131E-007  1.143732111261E-008
  2.268948433818E+001  6.261896493104E-007 -1.459834531598E-007  1.772094619186E-008
  2.341348709294E+001  5.255009993877E-007 -1.317512476794E-007  2.113131862624E-008
  2.417169741362E+001  4.318333802678E-007 -1.151910285815E-007  2.220063622769E-008
  2.496630426925E+001  3.472762204104E-007 -9.773004235598E-008  2.150820369300E-008
  2.579967457140E+001  2.731057262879E-007 -8.053547448370E-008  1.961635988079E-008
  2.667437081864E+001  2.098470788713E-007 -6.448475154768E-008  1.702570178623E-008
  2.759317081651E+001  1.573794033224E-007 -5.016584488749E-008  1.414810233621E-008
  2.855908975674E+001  1.150685826719E-007 -3.790130041652E-008  1.129520870422E-008
  2.957540498378E+001  8.191280981656E-008 -2.778896894907E-008  8.679470247841E-009
  3.064568382919E+001  5.668684823482E-008 -1.975227026652E-008  6.424364659133E-009
  3.177381495601E+001  3.807317907474E-008 -1.359330232273E-008  4.580413514319E-009
  3.296404372807E+001  2.477128660505E-008 -9.043133884490E-009  3.143806176045E-009
  3.422101220608E+001  1.557989931046E-008 -5.805051746501E-009  2.074942571534E-009
  3.554980447538E+001  9.450623498521E-009 -3.588177980340E-009  1.314883214511E-009
  3.695599813319E+001  5.514648316264E-009 -2.130512454138E-009  7.984585648877E-010
  3.844572291106E+001  3.086706712725E-009 -1.211888488059E-009  4.635334743452E-010
  4.002572758518E+001  1.652018010663E-009 -6.583990442095E-010  2.565527535229E-010
  4.170345654134E+001  8.424513542981E-010 -3.404725704056E-010  1.349456676350E-010
  4.348713762001E+001  4.077396645919E-010 -1.669482437603E-010  6.721281820041E-011
  4.538588318162E+001  1.864807024656E-010 -7.729126726887E-011  3.156953469430E-011
  4.740980671574E+001  8.020194935010E-011 -3.362387253080E-011  1.391829194487E-011
  4.957015778746E+001  3.226094876664E-011 -1.367109949000E-011  5.729609420131E-012
  5.187947869225E+001  1.206346195204E-011 -5.163975557810E-012  2.189347396652E-012
  5.435178690397E+001  4.164972072586E-012 -1.799927025690E-012  7.713590168454E-013
  5.700278828629E+001  1.317576304544E-012 -5.745311723441E-013  2.487026201628E-013
  5.985012714155E+001  3.786370112441E-013 -1.665090818916E-013  7.275976538440E-014
  6.291368055481E+001  9.788869401913E-014 -4.339324978196E-014  1.912968049003E-014
  6.621590623276E+001  2.251782335538E-014 -1.005779184500E-014  4.470818769545E-015
  6.978225524452E+001  4.551783767383E-015 -2.047712170684E-015  9.173552373816E-016
  7.364166388185E+001  7.971201709762E-016 -3.610422198978E-016  1.629343460432E-016
  7.782714245929E+001  1.189871952933E-016 -5.424097092855E-017  2.464816338993E-017
  8.237648351994E+001  1.486028110612E-017 -6.815578514821E-018  3.117394558140E-018
  8.733311794502E+001  1.519862444035E-018 -7.011199627177E-019  3.226669288064E-019
  9.274715535088E+001  1.241913490094E-019 -5.760541175182E-020  2.666552072500E-020
  9.867665554529E+001  7.878291696898E-021 -3.673384682529E-021  1.709774500577E-021
  1.051891916055E+002  3.752467261024E-022 -1.758322626581E-022  8.226707887884E-023
  1.123637836013E+002  1.290520574284E-023 -6.075535762292E-024  2.856566067134E-024
  1.202933069206E+002  3.060573345532E-025 -1.447292956318E-025  6.836476627578E-026
  1.290875131414E+002  4.740359381904E-027 -2.251126040936E-027  1.068026877444E-027
  1.388768482001E+002  4.494682361474E-029 -2.143027662557E-029  1.020969169091E-029
  1.498173177370E+002  2.414623399248E-031 -1.155654033229E-031  5.527342231809E-032
  1.620967411853E+002  6.695247108365E-034 -3.215939752856E-034  1.543853190039E-034
  1.759428668168E+002  8.556934570925E-037 -4.124193339755E-037  1.986812665903E-037
  1.916340085825E+002  4.389664862406E-040 -2.122518640364E-040  1.025896133825E-040
  2.095131417987E+002  7.621476993288E-044 -3.696420673813E-044  1.792193993801E-044
  2.300068054477E+002  3.622303223288E-048 -1.761872980977E-048  8.567439237160E-049
  2.536507797910E+002  3.609582400866E-053 -1.760444028993E-053  8.584115383635E-054
  2.811254638474E+002  5.374292453135E-059 -2.627799497131E-059  1.284663163711E-059
  3.133053780630E+002  7.733725100690E-066 -3.790509788265E-066  1.857580941812E-066
  3.513296254502E+002  6.097299918905E-074 -2.995150364222E-074  1.471138278176E-074
  3.967041014107E+002  1.243220803970E-083 -6.119803885964E-084  3.012249103703E-084
  4.514529193350E+002  2.389245692967E-095 -1.178408357142E-095  5.811702854102E-096
  5.183481233601E+002  1.085789020948E-109 -5.364945268348E-110  2.650724186248E-110
  6.012676077950E+002  1.685207177586E-127 -8.340621826056E-128  4.127892477022E-128
  7.057700503752E+002  5.572778190353E-150 -2.762382592195E-150  1.369256985407E-150
  8.400513767914E+002  6.561078412183E-179 -3.256844433761E-179  1.616631876766E-179
  1.016602135495E+003  5.377051631884E-217 -2.672510912905E-217  1.328279803262E-217
  1.255220715579E+003  1.556609125717E-268 -7.745563632237E-269  3.854100986391E-269
  1.588815776243E+003  0.000000000000E+000  0.000000000000E+000  0.000000000000E+000
  2.075392011604E+003  0.000000000000E+000  0.000000000000E+000  0.000000000000E+000
  2.825079847528E+003  0.000000000000E+000  0.000000000000E+000  0.000000000000E+000
  4.068408296183E+003  0.000000000000E+000  0.000000000000E+000  0.000000000000E+000
  6.357262947672E+003  0.000000000000E+000  0.000000000000E+000  0.000000000000E+000
  1.130231930164E+004  0.000000000000E+000  0.000000000000E+000  0.000000000000E+000
  2.543105175136E+004  0.000000000000E+000  0.000000000000E+000  0.000000000000E+000
  1.017262069952E+005  0.000000000000E+000  0.000000000000E+000  0.000000000000E+000
