# 1st line: number of mesh points
# abcissa wavefunction wavefunction_1st wavefunction_2nd
500
# Principal QN=   2 , l=   0 , Occupation=   1.9990
  9.830308526563E-006  1.015969568328E+001 -8.254957609515E+001  5.818773291105E+002
  3.932200719722E-005  1.015726140909E+001 -8.253241743360E+001  5.817492094038E+002
  8.847741541467E-005  1.015320519716E+001 -8.250382656083E+001  5.815357337369E+002
  1.573003992805E-004  1.014752841465E+001 -8.246381381766E+001  5.812369878409E+002
  2.457963722418E-004  1.014023297470E+001 -8.241239367357E+001  5.808530916689E+002
  3.539722959954E-004  1.013132133555E+001 -8.234958471897E+001  5.803841993254E+002
  4.818366816529E-004  1.012079649942E+001 -8.227540965530E+001  5.798304989763E+002
  6.293995911626E-004  1.010866201112E+001 -8.218989528296E+001  5.791922127377E+002
  7.966726389935E-004  1.009492195644E+001 -8.209307248708E+001  5.784695965462E+002
  9.836689940782E-004  1.007958096027E+001 -8.198497622105E+001  5.776629400082E+002
  1.190403382016E-003  1.006264418444E+001 -8.186564548796E+001  5.767725662302E+002
  1.416892087541E-003  1.004411732543E+001 -8.173512331987E+001  5.757988316293E+002
  1.663152957245E-003  1.002400661168E+001 -8.159345675493E+001  5.747421257239E+002
  1.929205402573E-003  1.000231880079E+001 -8.144069681238E+001  5.736028709052E+002
  2.215070403073E-003  9.979061176376E+000 -8.127689846548E+001  5.723815221900E+002
  2.520770509919E-003  9.954241544782E+000 -8.110212061230E+001  5.710785669532E+002
  2.846329849692E-003  9.927868231467E+000 -8.091642604443E+001  5.696945246430E+002
  3.191774128432E-003  9.899950077207E+000 -8.071988141374E+001  5.682299464758E+002
  3.557130635959E-003  9.870496434052E+000 -8.051255719697E+001  5.666854151139E+002
  3.942428250463E-003  9.839517161047E+000 -8.029452765837E+001  5.650615443241E+002
  4.347697443358E-003  9.807022619720E+000 -8.006587081040E+001  5.633589786184E+002
  4.772970284417E-003  9.773023669354E+000 -7.982666837238E+001  5.615783928772E+002
  5.218280447175E-003  9.737531662027E+000 -7.957700572725E+001  5.597204919542E+002
  5.683663214611E-003  9.700558437429E+000 -7.931697187638E+001  5.577860102648E+002
  6.169155485101E-003  9.662116317461E+000 -7.904665939257E+001  5.557757113568E+002
  6.674795778653E-003  9.622218100624E+000 -7.876616437111E+001  5.536903874643E+002
  7.200624243425E-003  9.580877056185E+000 -7.847558637907E+001  5.515308590456E+002
  7.746682662519E-003  9.538106918139E+000 -7.817502840275E+001  5.492979743045E+002
  8.313014461060E-003  9.493921878966E+000 -7.786459679343E+001  5.469926086956E+002
  8.899664713569E-003  9.448336583175E+000 -7.754440121131E+001  5.446156644144E+002
  9.506680151615E-003  9.401366120663E+000 -7.721455456784E+001  5.421680698720E+002
  1.013410917176E-002  9.353026019864E+000 -7.687517296634E+001  5.396507791549E+002
  1.078200184380E-002  9.303332240713E+000 -7.652637564101E+001  5.370647714701E+002
  1.145040991929E-002  9.252301167419E+000 -7.616828489436E+001  5.344110505767E+002
  1.213938684040E-002  9.199949601059E+000 -7.580102603312E+001  5.316906442024E+002
  1.284898774901E-002  9.146294751978E+000 -7.542472730257E+001  5.289046034485E+002
  1.357926949620E-002  9.091354232027E+000 -7.503951981952E+001  5.260540021799E+002
  1.433029065191E-002  9.035146046624E+000 -7.464553750377E+001  5.231399364041E+002
  1.510211151509E-002  8.977688586640E+000 -7.424291700823E+001  5.201635236371E+002
  1.589479412397E-002  8.919000620135E+000 -7.383179764773E+001  5.171259022576E+002
  1.670840226680E-002  8.859101283922E+000 -7.341232132652E+001  5.140282308507E+002
  1.754300149280E-002  8.798010074986E+000 -7.298463246448E+001  5.108716875396E+002
  1.839865912351E-002  8.735746841750E+000 -7.254887792222E+001  5.076574693076E+002
  1.927544426443E-002  8.672331775195E+000 -7.210520692499E+001  5.043867913098E+002
  2.017342781695E-002  8.607785399843E+000 -7.165377098546E+001  5.010608861758E+002
  2.109268249069E-002  8.542128564605E+000 -7.119472382549E+001  4.976810033026E+002
  2.203328281612E-002  8.475382433497E+000 -7.072822129688E+001  4.942484081393E+002
  2.299530515754E-002  8.407568476233E+000 -7.025442130119E+001  4.907643814643E+002
  2.397882772639E-002  8.338708458697E+000 -6.977348370860E+001  4.872302186540E+002
  2.498393059493E-002  8.268824433306E+000 -6.928557027599E+001  4.836472289450E+002
  2.601069571024E-002  8.197938729256E+000 -6.879084456421E+001  4.800167346897E+002
  2.705920690860E-002  8.126073942672E+000 -6.828947185456E+001  4.763400706057E+002
  2.812954993023E-002  8.053252926655E+000 -6.778161906461E+001  4.726185830197E+002
  2.922181243436E-002  7.979498781240E+000 -6.726745466344E+001  4.688536291067E+002
  3.033608401473E-002  7.904834843265E+000 -6.674714858618E+001  4.650465761243E+002
  3.147245621542E-002  7.829284676159E+000 -6.622087214815E+001  4.611988006433E+002
  3.263102254705E-002  7.752872059656E+000 -6.568879795844E+001  4.573116877752E+002
  3.381187850339E-002  7.675620979436E+000 -6.515109983310E+001  4.533866303959E+002
  3.501512157837E-002  7.597555616708E+000 -6.460795270803E+001  4.494250283682E+002
  3.624085128345E-002  7.518700337723E+000 -6.405953255146E+001  4.454282877621E+002
  3.748916916538E-002  7.439079683251E+000 -6.350601627630E+001  4.413978200736E+002
  3.876017882444E-002  7.358718357995E+000 -6.294758165223E+001  4.373350414430E+002
  4.005398593302E-002  7.277641219974E+000 -6.238440721766E+001  4.332413718736E+002
  4.137069825459E-002  7.195873269868E+000 -6.181667219170E+001  4.291182344504E+002
  4.271042566323E-002  7.113439640336E+000 -6.124455638599E+001  4.249670545593E+002
  4.407328016341E-002  7.030365585306E+000 -6.066824011670E+001  4.207892591093E+002
  4.545937591035E-002  6.946676469254E+000 -6.008790411651E+001  4.165862757551E+002
  4.686882923075E-002  6.862397756467E+000 -5.950372944690E+001  4.123595321240E+002
  4.830175864396E-002  6.777555000300E+000 -5.891589741047E+001  4.081104550447E+002
  4.975828488365E-002  6.692173832442E+000 -5.832458946373E+001  4.038404697812E+002
  5.123853091993E-002  6.606279952174E+000 -5.772998713004E+001  3.995509992694E+002
  5.274262198188E-002  6.519899115656E+000 -5.713227191311E+001  3.952434633604E+002
  5.427068558066E-002  6.433057125215E+000 -5.653162521079E+001  3.909192780681E+002
  5.582285153302E-002  6.345779818672E+000 -5.592822822950E+001  3.865798548231E+002
  5.739925198530E-002  6.258093058693E+000 -5.532226189910E+001  3.822265997331E+002
  5.900002143803E-002  6.170022722167E+000 -5.471390678847E+001  3.778609128506E+002
  6.062529677088E-002  6.081594689646E+000 -5.410334302171E+001  3.734841874482E+002
  6.227521726827E-002  5.992834834808E+000 -5.349075019510E+001  3.690978093016E+002
  6.394992464542E-002  5.903769013993E+000 -5.287630729477E+001  3.647031559818E+002
  6.564956307496E-002  5.814423055784E+000 -5.226019261530E+001  3.603015961563E+002
  6.737427921404E-002  5.724822750660E+000 -5.164258367915E+001  3.558944889001E+002
  6.912422223211E-002  5.634993840714E+000 -5.102365715705E+001  3.514831830166E+002
  7.089954383907E-002  5.544962009447E+000 -5.040358878936E+001  3.470690163695E+002
  7.270039831418E-002  5.454752871644E+000 -4.978255330850E+001  3.426533152260E+002
  7.452694253540E-002  5.364391963333E+000 -4.916072436245E+001  3.382373936116E+002
  7.637933600943E-002  5.273904731838E+000 -4.853827443945E+001  3.338225526765E+002
  7.825774090225E-002  5.183316525924E+000 -4.791537479377E+001  3.294100800755E+002
  8.016232207035E-002  5.092652586046E+000 -4.729219537289E+001  3.250012493607E+002
  8.209324709253E-002  5.001938034702E+000 -4.666890474579E+001  3.205973193870E+002
  8.405068630235E-002  4.911197866901E+000 -4.604567003273E+001  3.161995337327E+002
  8.603481282122E-002  4.820456940739E+000 -4.542265683626E+001  3.118091201338E+002
  8.804580259214E-002  4.729739968103E+000 -4.480002917376E+001  3.074272899330E+002
  9.008383441408E-002  4.639071505496E+000 -4.417794941140E+001  3.030552375440E+002
  9.214908997710E-002  4.548475944988E+000 -4.355657819956E+001  2.986941399319E+002
  9.424175389809E-002  4.457977505312E+000 -4.293607440989E+001  2.943451561083E+002
  9.636201375725E-002  4.367600223082E+000 -4.231659507381E+001  2.900094266442E+002
  9.851006013526E-002  4.277367944164E+000 -4.169829532277E+001  2.856880731981E+002
  1.006860866512E-001  4.187304315190E+000 -4.108132833005E+001  2.813821980620E+002
  1.028902900012E-001  4.097432775223E+000 -4.046584525431E+001  2.770928837244E+002
  1.051228699979E-001  4.007776547566E+000 -3.985199518480E+001  2.728211924507E+002
  1.073840296104E-001  3.918358631745E+000 -3.923992508834E+001  2.685681658815E+002
  1.096739750056E-001  3.829201795633E+000 -3.862977975810E+001  2.643348246493E+002
  1.119929155896E-001  3.740328567753E+000 -3.802170176416E+001  2.601221680130E+002
  1.143410640503E-001  3.651761229736E+000 -3.741583140586E+001  2.559311735113E+002
  1.167186364011E-001  3.563521808959E+000 -3.681230666606E+001  2.517627966352E+002
  1.191258520249E-001  3.475632071342E+000 -3.621126316724E+001  2.476179705187E+002
  1.215629337189E-001  3.388113514336E+000 -3.561283412947E+001  2.434976056494E+002
  1.240301077413E-001  3.300987360071E+000 -3.501715033036E+001  2.394025895980E+002
  1.265276038575E-001  3.214274548697E+000 -3.442434006687E+001  2.353337867672E+002
  1.290556553882E-001  3.127995731902E+000 -3.383452911909E+001  2.312920381605E+002
  1.316144992580E-001  3.042171266609E+000 -3.324784071595E+001  2.272781611703E+002
  1.342043760450E-001  2.956821208867E+000 -3.266439550292E+001  2.232929493862E+002
  1.368255300316E-001  2.871965307921E+000 -3.208431151169E+001  2.193371724223E+002
  1.394782092560E-001  2.787623000478E+000 -3.150770413181E+001  2.154115757654E+002
  1.421626655646E-001  2.703813405153E+000 -3.093468608430E+001  2.115168806418E+002
  1.448791546661E-001  2.620555317118E+000 -3.036536739725E+001  2.076537839052E+002
  1.476279361856E-001  2.537867202932E+000 -2.979985538349E+001  2.038229579435E+002
  1.504092737207E-001  2.455767195569E+000 -2.923825462012E+001  2.000250506057E+002
  1.532234348983E-001  2.374273089637E+000 -2.868066693007E+001  1.962606851484E+002
  1.560706914324E-001  2.293402336792E+000 -2.812719136570E+001  1.925304602024E+002
  1.589513191834E-001  2.213172041346E+000 -2.757792419430E+001  1.888349497579E+002
  1.618655982178E-001  2.133598956066E+000 -2.703295888555E+001  1.851747031695E+002
  1.648138128702E-001  2.054699478168E+000 -2.649238610095E+001  1.815502451811E+002
  1.677962518056E-001  1.976489645506E+000 -2.595629368521E+001  1.779620759684E+002
  1.708132080832E-001  1.898985132952E+000 -2.542476665952E+001  1.744106712015E+002
  1.738649792215E-001  1.822201248969E+000 -2.489788721671E+001  1.708964821256E+002
  1.769518672648E-001  1.746152932375E+000 -2.437573471837E+001  1.674199356600E+002
  1.800741788507E-001  1.670854749297E+000 -2.385838569373E+001  1.639814345154E+002
  1.832322252791E-001  1.596320890316E+000 -2.334591384044E+001  1.605813573290E+002
  1.864263225826E-001  1.522565167800E+000 -2.283839002720E+001  1.572200588173E+002
  1.896567915983E-001  1.449601013422E+000 -2.233588229803E+001  1.538978699457E+002
  1.929239580409E-001  1.377441475865E+000 -2.183845587849E+001  1.506150981155E+002
  1.962281525771E-001  1.306099218710E+000 -2.134617318347E+001  1.473720273672E+002
  1.995697109023E-001  1.235586518504E+000 -2.085909382674E+001  1.441689185997E+002
  2.029489738173E-001  1.165915263011E+000 -2.037727463216E+001  1.410060098059E+002
  2.063662873085E-001  1.097096949638E+000 -1.990076964652E+001  1.378835163227E+002
  2.098220026275E-001  1.029142684038E+000 -1.942963015391E+001  1.348016310970E+002
  2.133164763746E-001  9.620631788828E-001 -1.896390469171E+001  1.317605249655E+002
  2.168500705817E-001  8.958687528124E-001 -1.850363906804E+001  1.287603469483E+002
  2.204231527988E-001  8.305693295459E-001 -1.804887638069E+001  1.258012245566E+002
  2.240360961807E-001  7.661744371622E-001 -1.759965703748E+001  1.228832641132E+002
  2.276892795770E-001  7.026932075414E-001 -1.715601877794E+001  1.200065510855E+002
  2.313830876220E-001  6.401343759667E-001 -1.671799669644E+001  1.171711504301E+002
  2.351179108282E-001  5.785062808828E-001 -1.628562326647E+001  1.143771069496E+002
  2.388941456809E-001  5.178168638092E-001 -1.585892836625E+001  1.116244456600E+002
  2.427121947345E-001  4.580736694027E-001 -1.543793930546E+001  1.089131721679E+002
  2.465724667110E-001  3.992838456698E-001 -1.502268085318E+001  1.062432730582E+002
  2.504753766009E-001  3.414541443220E-001 -1.461317526686E+001  1.036147162908E+002
  2.544213457654E-001  2.845909212740E-001 -1.420944232234E+001  1.010274516058E+002
  2.584108020414E-001  2.287001372798E-001 -1.381149934487E+001  9.848141093650E+001
  2.624441798480E-001  1.737873587033E-001 -1.341936124104E+001  9.597650883037E+001
  2.665219202956E-001  1.198577584223E-001 -1.303304053158E+001  9.351264287622E+001
  2.706444712976E-001  6.691611685991E-002 -1.265254738505E+001  9.108969413791E+001
  2.748122876832E-001  1.496682314211E-002 -1.227788965221E+001  8.870752759352E+001
  2.790258313137E-001 -3.598612362229E-002 -1.190907290117E+001  8.636599257940E+001
  2.832855712010E-001 -8.593911294274E-002 -1.154610045320E+001  8.406492323861E+001
  2.875919836279E-001 -1.348889214319E-001 -1.118897341910E+001  8.180413897304E+001
  2.919455522717E-001 -1.828327111774E-001 -1.083769073622E+001  7.958344489859E+001
  2.963467683296E-001 -2.297680280041E-001 -1.049224920591E+001  7.740263230276E+001
  3.007961306479E-001 -2.756927996287E-001 -1.015264353141E+001  7.526147910416E+001
  3.052941458522E-001 -3.206053337111E-001 -9.818866356245E+000  7.315975031314E+001
  3.098413284823E-001 -3.645043158032E-001 -9.490908302846E+000  7.109719849312E+001
  3.144382011281E-001 -4.073888072007E-001 -9.168758011552E+000  6.907356422186E+001
  3.190852945695E-001 -4.492582426974E-001 -8.852402179822E+000  6.708857655215E+001
  3.237831479192E-001 -4.901124282470E-001 -8.541825601666E+000  6.514195347138E+001
  3.285323087679E-001 -5.299515385335E-001 -8.237011207214E+000  6.323340235926E+001
  3.333333333333E-001 -5.687761144529E-001 -7.937940102402E+000  6.136262044334E+001
  3.381867866117E-001 -6.065870605082E-001 -7.644591608711E+000  5.952929525156E+001
  3.430932425333E-001 -6.433856421198E-001 -7.356943302922E+000  5.773310506140E+001
  3.480532841203E-001 -6.791734828529E-001 -7.074971056851E+000  5.597371934517E+001
  3.530675036492E-001 -7.139525615646E-001 -6.798649077007E+000  5.425079921075E+001
  3.581365028158E-001 -7.477252094703E-001 -6.527949944145E+000  5.256399783742E+001
  3.632608929041E-001 -7.804941071333E-001 -6.262844652679E+000  5.091296090630E+001
  3.684412949588E-001 -8.122622813768E-001 -6.003302649903E+000  4.929732702482E+001
  3.736783399619E-001 -8.430331021200E-001 -5.749291875005E+000  4.771672814496E+001
  3.789726690123E-001 -8.728102791403E-001 -5.500778797830E+000  4.617078997467E+001
  3.843249335105E-001 -9.015978587603E-001 -5.257728457360E+000  4.465913238215E+001
  3.897357953460E-001 -9.294002204616E-001 -5.020104499892E+000  4.318136979265E+001
  3.952059270903E-001 -9.562220734259E-001 -4.787869216880E+000  4.173711157732E+001
  4.007360121927E-001 -9.820684530021E-001 -4.560983582421E+000  4.032596243390E+001
  4.063267451812E-001 -1.006944717102E+000 -4.339407290359E+000  3.894752275882E+001
  4.119788318683E-001 -1.030856542519E+000 -4.123098790990E+000  3.760138901055E+001
  4.176929895600E-001 -1.053809921181E+000 -3.912015327356E+000  3.628715406386E+001
  4.234699472710E-001 -1.075811156319E+000 -3.706112971097E+000  3.500440755471E+001
  4.293104459435E-001 -1.096866858571E+000 -3.505346657870E+000  3.375273621572E+001
  4.352152386716E-001 -1.116983942002E+000 -3.309670222300E+000  3.253172420184E+001
  4.411850909306E-001 -1.136169620055E+000 -3.119036432478E+000  3.134095340625E+001
  4.472207808110E-001 -1.154431401415E+000 -2.933397023982E+000  3.018000376620E+001
  4.533230992589E-001 -1.171777085807E+000 -2.752702733431E+000  2.904845355877E+001
  4.594928503202E-001 -1.188214759699E+000 -2.576903331559E+000  2.794587968647E+001
  4.657308513924E-001 -1.203752791933E+000 -2.405947655815E+000  2.687185795259E+001
  4.720379334802E-001 -1.218399829271E+000 -2.239783642493E+000  2.582596332635E+001
  4.784149414579E-001 -1.232164791847E+000 -2.078358358400E+000  2.480777019768E+001
  4.848627343381E-001 -1.245056868546E+000 -1.921618032054E+000  2.381685262192E+001
  4.913821855461E-001 -1.257085512278E+000 -1.769508084444E+000  2.285278455426E+001
  4.979741832006E-001 -1.268260435170E+000 -1.621973159342E+000  2.191514007403E+001
  5.046396304008E-001 -1.278591603664E+000 -1.478957153193E+000  2.100349359914E+001
  5.113794455212E-001 -1.288089233511E+000 -1.340403244596E+000  2.011742009050E+001
  5.181945625116E-001 -1.296763784675E+000 -1.206253923380E+000  1.925649524679E+001
  5.250859312060E-001 -1.304625956133E+000 -1.076451019318E+000  1.842029568965E+001
  5.320545176366E-001 -1.311686680570E+000 -9.509357304689E-001  1.760839913951E+001
  5.391013043575E-001 -1.317957118971E+000 -8.296486511896E-001  1.682038458222E+001
  5.462272907741E-001 -1.323448655106E+000 -7.125297998334E-001  1.605583242684E+001
  5.534334934816E-001 -1.328172889900E+000 -5.995186461520E-001  1.531432465465E+001
  5.607209466109E-001 -1.332141635701E+000 -4.905541384321E-001  1.459544495986E+001
  5.680907021827E-001 -1.335366910421E+000 -3.855747303888E-001  1.389877888206E+001
  5.755438304707E-001 -1.337860931570E+000 -2.845184078407E-001  1.322391393094E+001
  5.830814203728E-001 -1.339636110171E+000 -1.873227151946E-001  1.257043970346E+001
  5.907045797917E-001 -1.340705044549E+000 -9.392478176389E-002  1.193794799377E+001
  5.984144360243E-001 -1.341080514008E+000 -4.261347949811E-003  1.132603289633E+001
  6.062121361613E-001 -1.340775472376E+000  8.173120868984E-002  1.073429090246E+001
  6.140988474955E-001 -1.339803041434E+000  1.641168474566E-001  1.016232099069E+001
  6.220757579409E-001 -1.338176504211E+000  2.429598385863E-001  9.609724711344E+000
  6.301440764614E-001 -1.335909298166E+000  3.183247373561E-001  9.076106265634E+000
  6.383050335109E-001 -1.333015008229E+000  3.902763581997E-001  8.561072579613E+000
  6.465598814833E-001 -1.329507359729E+000  4.588797488050E-001  8.064233373445E+000
  6.549098951744E-001 -1.325400211184E+000  5.242001641705E-001  7.585201226275E+000
  6.633563722545E-001 -1.320707546975E+000  5.863030405986E-001  7.123591637094E+000
  6.719006337539E-001 -1.315443469888E+000  6.452539696034E-001  6.679023081951E+000
  6.805440245593E-001 -1.309622193535E+000  7.011186717141E-001  6.251117067867E+000
  6.892879139233E-001 -1.303258034651E+000  7.539629701536E-001  5.839498183808E+000
  6.981336959871E-001 -1.296365405270E+000  8.038527643774E-001  5.443794149042E+000
  7.070827903152E-001 -1.288958804783E+000  8.508540034561E-001  5.063635859232E+000
  7.161366424455E-001 -1.281052811879E+000  8.950326592894E-001  4.698657430565E+000
  7.252967244510E-001 -1.272662076373E+000  9.364546996394E-001  4.348496242250E+000
  7.345645355186E-001 -1.263801310925E+000  9.751860609745E-001  4.012792977659E+000
  7.439416025400E-001 -1.254485282651E+000  1.011292621118E+000  3.691191664417E+000
  7.534294807203E-001 -1.244728804635E+000  1.044840171693E+000  3.383339713686E+000
  7.630297542000E-001 -1.234546727344E+000  1.075894390372E+000  3.088887958914E+000
  7.727440366954E-001 -1.223953929945E+000  1.104520812912E+000  2.807490694271E+000
  7.825739721536E-001 -1.212965311550E+000  1.130784805004E+000  2.538805712994E+000
  7.925212354258E-001 -1.201595782365E+000  1.154751533917E+000  2.282494345835E+000
  8.025875329584E-001 -1.189860254777E+000  1.176485939963E+000  2.038221499793E+000
  8.127746035011E-001 -1.177773634370E+000  1.196052707786E+000  1.805655697288E+000
  8.230842188350E-001 -1.165350810887E+000  1.213516237489E+000  1.584469115908E+000
  8.335181845190E-001 -1.152606649131E+000  1.228940615615E+000  1.374337628859E+000
  8.440783406568E-001 -1.139555979839E+000  1.242389586007E+000  1.174940846199E+000
  8.547665626839E-001 -1.126213590510E+000  1.253926520557E+000  9.859621569365E-001
  8.655847621758E-001 -1.112594216214E+000  1.263614389877E+000  8.070887720545E-001
  8.765348876780E-001 -1.098712530385E+000  1.271515733923E+000  6.380117684762E-001
  8.876189255584E-001 -1.084583135616E+000  1.277692632583E+000  4.784261339971E-001
  8.988389008829E-001 -1.070220554448E+000  1.282206676284E+000  3.280308131686E-001
  9.101968783143E-001 -1.055639220189E+000  1.285118936634E+000  1.865287541034E-001
  9.216949630368E-001 -1.040853467753E+000  1.286489937145E+000  5.362695615536E-002
  9.333353017046E-001 -1.025877524542E+000  1.286379624071E+000 -7.096348159525E-002
  9.451200834176E-001 -1.010725501378E+000  1.284847337403E+000 -1.875273111377E-001
  9.570515407237E-001 -9.954113835024E-001  1.281951782068E+000 -2.963450857114E-001
  9.691319506484E-001 -9.799490216462E-001  1.277750999364E+000 -3.976931094918E-001
  9.813636357544E-001 -9.643521231938E-001  1.272302338692E+000 -4.918433869177E-001
  9.937489652293E-001 -9.486342434452E-001  1.265662429618E+000 -5.790635718109E-001
  1.006290356005E+000 -9.328087769942E-001  1.257887154327E+000 -6.596169164518E-001
  1.018990273907E+000 -9.168889492328E-001  1.249031620506E+000 -7.337622207884E-001
  1.031851234841E+000 -9.008878079977E-001  1.239150134716E+000 -8.017537819651E-001
  1.044875806003E+000 -8.848182153694E-001  1.228296176297E+000 -8.638413443692E-001
  1.058066607138E+000 -8.686928396386E-001  1.216522371866E+000 -9.202700504012E-001
  1.071426311823E+000 -8.525241474536E-001  1.203880470453E+000 -9.712803921818E-001
  1.084957648792E+000 -8.363243961596E-001  1.190421319326E+000 -1.017108164414E+000
  1.098663403298E+000 -8.201056263459E-001  1.176194840569E+000 -1.057984418624E+000
  1.112546418516E+000 -8.038796546111E-001  1.161250008452E+000 -1.094135419011E+000
  1.126609596985E+000 -7.876580665607E-001  1.145634827645E+000 -1.125782600121E+000
  1.140855902095E+000 -7.714522100497E-001  1.129396312343E+000 -1.153142526599E+000
  1.155288359613E+000 -7.552731886806E-001  1.112580466329E+000 -1.176426855216E+000
  1.169910059257E+000 -7.391318555707E-001  1.095232264036E+000 -1.195842299420E+000
  1.184724156317E+000 -7.230388073991E-001  1.077395632666E+000 -1.211590596628E+000
  1.199733873325E+000 -7.070043787446E-001  1.059113435379E+000 -1.223868478465E+000
  1.214942501771E+000 -6.910386367257E-001  1.040427455639E+000 -1.232867644180E+000
  1.230353403874E+000 -6.751513759515E-001  1.021378382724E+000 -1.238774737430E+000
  1.245970014403E+000 -6.593521137952E-001  1.002005798459E+000 -1.241771326633E+000
  1.261795842559E+000 -6.436500859970E-001  9.823481652023E-001 -1.242033889083E+000
  1.277834473907E+000 -6.280542426065E-001  9.624428151246E-001 -1.239733798991E+000
  1.294089572372E+000 -6.125732442708E-001  9.423259408130E-001 -1.235037319635E+000
  1.310564882294E+000 -5.972154588770E-001  9.220325872264E-001 -1.228105599768E+000
  1.327264230548E+000 -5.819889585535E-001  9.015966450317E-001 -1.219094674414E+000
  1.344191528724E+000 -5.669015170372E-001  8.810508453459E-001 -1.208155470206E+000
  1.361350775387E+000 -5.519606074099E-001  8.604267559006E-001 -1.195433815356E+000
  1.378746058390E+000 -5.371734002083E-001  8.397547786495E-001 -1.181070454376E+000
  1.396381557275E+000 -5.225467619107E-001  8.190641488298E-001 -1.165201067630E+000
  1.414261545744E+000 -5.080872538011E-001  7.983829354874E-001 -1.147956295777E+000
  1.432390394201E+000 -4.938011312136E-001  7.777380434719E-001 -1.129461769180E+000
  1.450772572390E+000 -4.796943431551E-001  7.571552169032E-001 -1.109838142302E+000
  1.469412652102E+000 -4.657725323063E-001  7.366590441061E-001 -1.089201133120E+000
  1.488315309978E+000 -4.520410353992E-001  7.162729640072E-001 -1.067661567555E+000
  1.507485330398E+000 -4.385048839673E-001  6.960192739833E-001 -1.045325428913E+000
  1.526927608467E+000 -4.251688054646E-001  6.759191391449E-001 -1.022293912306E+000
  1.546647153093E+000 -4.120372247488E-001  6.559926030362E-001 -9.986634840030E-001
  1.566649090169E+000 -3.991142659218E-001  6.362585997280E-001 -9.745259456518E-001
  1.586938665861E+000 -3.864037545207E-001  6.167349672730E-001 -9.499685032905E-001
  1.607521250000E+000 -3.739092200506E-001  5.974384624937E-001 -9.250738410504E-001
  1.628402339588E+000 -3.616338988509E-001  5.783847770624E-001 -8.999201994345E-001
  1.649587562420E+000 -3.495807372837E-001  5.595885548346E-001 -8.745814580425E-001
  1.671082680832E+000 -3.377523952341E-001  5.410634103882E-001 -8.491272225914E-001
  1.692893595565E+000 -3.261512499098E-001  5.228219487187E-001 -8.236229160689E-001
  1.715026349769E+000 -3.147793999274E-001  5.048757860363E-001 -7.981298738381E-001
  1.737487133138E+000 -3.036386696715E-001  4.872355716075E-001 -7.727054424954E-001
  1.760282286187E+000 -2.927306139124E-001  4.699110105780E-001 -7.474030822725E-001
  1.783418304674E+000 -2.820565226667E-001  4.529108877116E-001 -7.222724727529E-001
  1.806901844175E+000 -2.716174262862E-001  4.362430919774E-001 -6.973596216628E-001
  1.830739724818E+000 -2.614141007576E-001  4.199146419110E-001 -6.727069764825E-001
  1.854938936184E+000 -2.514470731973E-001  4.039317116768E-001 -6.483535386086E-001
  1.879506642368E+000 -2.417166275239E-001  3.882996577518E-001 -6.243349797899E-001
  1.904450187236E+000 -2.322228102915E-001  3.730230461537E-001 -6.006837605443E-001
  1.929777099847E+000 -2.229654366664E-001  3.581056801279E-001 -5.774292502561E-001
  1.955495100083E+000 -2.139440965295E-001  3.435506282140E-001 -5.545978486454E-001
  1.981612104475E+000 -2.051581606879E-001  3.293602526050E-001 -5.322131082899E-001
  2.008136232230E+000 -1.966067871788E-001  3.155362377155E-001 -5.102958578772E-001
  2.035075811486E+000 -1.882889276483E-001  3.020796188728E-001 -4.888643258571E-001
  2.062439385788E+000 -1.802033337899E-001  2.889908110481E-001 -4.679342641632E-001
  2.090235720801E+000 -1.723485638270E-001  2.762696375422E-001 -4.475190716693E-001
  2.118473811262E+000 -1.647229890245E-001  2.639153585437E-001 -4.276299170461E-001
  2.147162888201E+000 -1.573248002159E-001  2.519266994804E-001 -4.082758606878E-001
  2.176312426413E+000 -1.501520143329E-001  2.403018790843E-001 -3.894639753793E-001
  2.205932152222E+000 -1.432024809259E-001  2.290386370963E-001 -3.711994653819E-001
  2.236032051522E+000 -1.364738886643E-001  2.181342615388E-001 -3.534857836243E-001
  2.266622378129E+000 -1.299637718084E-001  2.075856154888E-001 -3.363247466922E-001
  2.297713662445E+000 -1.236695166431E-001  1.973891632897E-001 -3.197166473264E-001
  2.329316720450E+000 -1.175883678694E-001  1.875409961425E-001 -3.036603641500E-001
  2.361442663038E+000 -1.117174349456E-001  1.780368570259E-001 -2.881534683628E-001
  2.394102905709E+000 -1.060536983780E-001  1.688721648989E-001 -2.731923271591E-001
  2.427309178642E+000 -1.005940159559E-001  1.600420381452E-001 -2.587722036454E-001
  2.461073537146E+000 -9.533512893321E-002  1.515413172282E-001 -2.448873530567E-001
  2.495408372530E+000 -9.027366815532E-002  1.433645865283E-001 -2.315311150923E-001
  2.530326423398E+000 -8.540616013577E-002  1.355061953452E-001 -2.186960022201E-001
  2.565840787378E+000 -8.072903308498E-002  1.279602780531E-001 -2.063737838210E-001
  2.601964933334E+000 -7.623862289708E-002  1.207207734032E-001 -1.945555660776E-001
  2.638712714049E+000 -7.193117910099E-002  1.137814429781E-001 -1.832318675341E-001
  2.676098379430E+000 -6.780287078286E-002  1.071358888064E-001 -1.723926902889E-001
  2.714136590232E+000 -6.384979248834E-002  1.007775701554E-001 -1.620275868076E-001
  2.752842432351E+000 -6.006797011337E-002  9.469981952469E-002 -1.521257223740E-001
  2.792231431696E+000 -5.645336679290E-002  8.889585786995E-002 -1.426759332260E-001
  2.832319569669E+000 -5.300188879692E-002  8.335880909345E-002 -1.336667804528E-001
  2.873123299289E+000 -4.970939144353E-002  7.808171384015E-002 -1.250865997552E-001
  2.914659561979E+000 -4.657168503794E-002  7.305754264506E-002 -1.169235471980E-001
  2.956945805065E+000 -4.358454084629E-002  6.827920848016E-002 -1.091656411075E-001
  3.000000000000E+000 -4.074369711190E-002  6.373957875229E-002 -1.018008002899E-001
  3.043840661365E+000 -3.804486512053E-002  5.943148680530E-002 -9.481687876586E-002
  3.088486866678E+000 -3.548373531998E-002  5.534774298095E-002 -8.820169723296E-002
  3.133958277047E+000 -3.305598349726E-002  5.148114529320E-002 -8.194307148484E-002
  3.180275158719E+000 -3.075727701505E-002  4.782448976936E-002 -7.602883802395E-002
  3.227458405560E+000 -2.858328110642E-002  4.437058051004E-002 -7.044687711535E-002
  3.275529562509E+000 -2.652966522477E-002  4.111223951668E-002 -6.518513353235E-002
  3.324510850077E+000 -2.459210944301E-002  3.804231633172E-002 -6.023163524655E-002
  3.374425189910E+000 -2.276631089314E-002  3.515369753173E-002 -5.557451031205E-002
  3.425296231502E+000 -2.104799023473E-002  3.243931610803E-002 -5.120200218802E-002
  3.477148380094E+000 -1.943289813730E-002  2.989216076313E-002 -4.710248373444E-002
  3.530006825834E+000 -1.791682175897E-002  2.750528514410E-002 -4.326447010317E-002
  3.583897574256E+000 -1.649559120038E-002  2.527181702626E-002 -3.967663073122E-002
  3.638847478148E+000 -1.516508591008E-002  2.318496745266E-002 -3.632780062435E-002
  3.694884270887E+000 -1.392124101467E-002  2.123803982629E-002 -3.320699109874E-002
  3.752036601308E+000 -1.276005354448E-002  1.942443894348E-002 -3.030340012520E-002
  3.810334070199E+000 -1.167758852307E-002  1.773767994844E-002 -2.760642239629E-002
  3.869807268505E+000 -1.066998488687E-002  1.617139718059E-002 -2.510565921066E-002
  3.930487817331E+000 -9.733461199777E-003  1.471935287853E-002 -2.279092824274E-002
  3.992408409843E+000 -8.864321126257E-003  1.337544569693E-002 -2.065227323938E-002
  4.055602855172E+000 -8.058958625739E-003  1.213371898623E-002 -1.867997365872E-002
  4.120106124432E+000 -7.313862831273E-003  1.098836877918E-002 -1.686455424139E-002
  4.185954398964E+000 -6.625622575657E-003  9.933751423668E-003 -1.519679448008E-002
  4.253185120935E+000 -5.990930529511E-003  8.964390797650E-003 -1.366773793175E-002
  4.321837046422E+000 -5.406586917512E-003  8.074985040119E-003 -1.226870129687E-002
  4.391950301120E+000 -4.869502781448E-003  7.260412730967E-003 -1.099128317325E-002
  4.463566438835E+000 -4.376702761858E-003  6.515738453583E-003 -9.827372378534E-003
  4.536728502895E+000 -3.925327373751E-003  5.836217676132E-003 -8.769155724653E-003
  4.611481090679E+000 -3.512634756268E-003  5.217300891336E-003 -7.809125121385E-003
  4.687870421430E+000 -3.136001881068E-003  4.654636959818E-003 -6.940083882938E-003
  4.765944407533E+000 -2.792925209628E-003  4.144075608897E-003 -6.155152112642E-003
  4.845752729492E+000 -2.481020795551E-003  3.681669046812E-003 -5.447771045599E-003
  4.927346914797E+000 -2.198023834145E-003  3.263672661746E-003 -4.811706237620E-003
  5.010780420931E+000 -1.941787668011E-003  2.886544785509E-003 -4.241049500761E-003
  5.096108722763E+000 -1.710282263978E-003  2.546945513081E-003 -3.730219500965E-003
  5.183389404586E+000 -1.501592183296E-003  2.241734581306E-003 -3.273960951245E-003
  5.272682257105E+000 -1.313914073509E-003  1.967968322504E-003 -2.867342354218E-003
  5.364049379651E+000 -1.145553716637E-003  1.722895721503E-003 -2.505752270016E-003
  5.457555287978E+000 -9.949226741478E-004  1.503953617197E-003 -2.184894109086E-003
  5.553267027968E+000 -8.605345744907E-004  1.308761101987E-003 -1.900779473680E-003
  5.651254295630E+000 -7.410010936289E-004  1.135113184131E-003 -1.649720096151E-003
  5.751589563796E+000 -6.350276828288E-004  9.809737886828E-004 -1.428318446082E-003
  5.854348215936E+000 -5.414091009315E-004  8.444681822896E-004 -1.233457100985E-003
  5.959608687557E+000 -4.590248102526E-004  7.238749151801E-004 -1.062286996457E-003
  6.067452615683E+000 -3.868342960958E-004  6.176173801763E-004 -9.122146904849E-004
  6.177964996951E+000 -3.238723695468E-004  5.242550931804E-004 -7.808887928263E-004
  6.291234354880E+000 -2.692445116967E-004  4.424748022497E-004 -6.661857234376E-004
  6.407352916949E+000 -2.221223147205E-004  3.710815329409E-004 -5.661949735402E-004
  6.526416802128E+000 -1.817390713232E-004  3.089896760286E-004 -4.792040488609E-004
  6.648526219580E+000 -1.473855590140E-004  2.552142199700E-004 -4.036832766579E-004
  6.773785679311E+000 -1.184060595651E-004  2.088622246558E-004 -3.382706563224E-004
  6.902304215570E+000 -9.419464696233E-005  1.691246251400E-004 -2.817569276741E-004
  7.034195623922E+000 -7.419176932366E-005  1.352684443605E-004 -2.330710216781E-004
  7.169578712934E+000 -5.788114181353E-005  1.066294825313E-004 -1.912660454632E-004
  7.308577571516E+000 -4.478695873527E-005  8.260553819772E-005 -1.555059375447E-004
  7.451321853057E+000 -3.447142396745E-005  6.265020217749E-005 -1.250529104804E-004
  7.597947077547E+000 -2.653258997597E-005  4.626725113974E-005 -9.925577730789E-005
  7.748594953021E+000 -2.060248704686E-005  3.300565275670E-005 -7.753923559664E-005
  7.903413717736E+000 -1.634551641475E-005  2.245517962274E-005 -5.939415940784E-005
  8.062558504629E+000 -1.345707387520E-005  1.424261487501E-005 -4.436892553176E-005
  8.226191729726E+000 -1.166236452035E-005  8.028519090635E-006 -3.206177673625E-005
  8.394483506327E+000 -1.071536465690E-005  3.504515975219E-006 -2.211420206167E-005
  8.567612086926E+000 -1.039788395235E-005  3.910439701080E-007 -1.420529307740E-005
  8.745764335025E+000 -1.051867956423E-005 -1.564487479792E-006 -8.047016062771E-006
  8.929136229160E+000 -1.091257453902E-005 -2.589204366366E-006 -3.380323819072E-006
  9.117933401693E+000 -1.143953516314E-005 -2.886008269585E-006  2.798229707125E-008
  9.312371715124E+000 -1.198366617793E-005 -2.634622260076E-006  2.387739164199E-006
  9.512677878945E+000 -1.245208873233E-005 -1.992513007286E-006  3.887362486393E-006
  9.719090110332E+000 -1.277367346139E-005 -1.095755409465E-006  4.695348293166E-006
  9.931858842267E+000 -1.289760989450E-005 -5.989954472449E-008  4.961440841132E-006
  1.015124748302E+001 -1.279180319129E-005  1.019108879699E-006  4.817567229534E-006
  1.037753323129E+001 -1.244109959295E-005  2.063913762810E-006  4.378630626116E-006
  1.061100795175E+001 -1.184535253261E-005  3.014610360272E-006  3.743242805717E-006
  1.085197911611E+001 -1.101735160770E-005  3.827466799897E-006  2.994463301824E-006
  1.110077081537E+001 -9.980646108616E-006  4.473501243096E-006  2.200597521987E-006
  1.135772484956E+001 -8.767303058982E-006  4.936922835762E-006  1.416090404035E-006
  1.162320190175E+001 -7.415646328015E-006  5.213455915590E-006  6.825363414550E-007
  1.189758280382E+001 -5.968027958157E-006  5.308576795404E-006  2.981092375677E-008
  1.218126990242E+001 -4.468685127015E-006  5.235700360244E-006 -5.226837867511E-007
  1.247468853413E+001 -2.961735950723E-006  5.014359331865E-006 -9.646805800952E-007
  1.277828862002E+001 -1.489364573119E-006  4.668422119232E-006 -1.293644572471E-006
  1.309254639077E+001 -9.024073752264E-008  4.224395574649E-006 -1.513342993659E-006
  1.341796625462E+001  1.201788497134E-006  3.709856745344E-006 -1.632427108215E-006
  1.375508282195E+001  2.358706732132E-006  3.152053028212E-006 -1.663066786256E-006
  1.410446310162E+001  3.359018755455E-006  2.576703317246E-006 -1.619676151547E-006
  1.446670888596E+001  4.188118491844E-006  2.007024213748E-006 -1.517764196639E-006
  1.484245934302E+001  4.838341656156E-006  1.462995676016E-006 -1.372937733457E-006
  1.523239383723E+001  5.308722555581E-006  9.608702044397E-007 -1.200076106713E-006
  1.563723500136E+001  5.604485779054E-006  5.129193976851E-007 -1.012688356049E-006
  1.605775208607E+001  5.736313337795E-006  1.274020668307E-007 -8.224546009929E-007
  1.649476461582E+001  5.719435658398E-006 -1.912704073192E-007 -6.389449368046E-007
  1.694914638379E+001  5.572600263051E-006 -4.422026947243E-007 -4.695015914947E-007
  1.742182982203E+001  5.316974714076E-006 -6.275543118723E-007 -3.192639211973E-007
  1.791381078784E+001  4.975040314010E-006 -7.519876336955E-007 -1.913113007439E-007
  1.842615381215E+001  4.569530157874E-006 -8.220648080354E-007 -8.689624859184E-008
  1.895999786176E+001  4.122459609503E-006 -8.456317782099E-007 -5.739222977064E-009
  1.951656267356E+001  3.654289448278E-006 -8.312242088487E-007  5.364267259697E-008
  2.009715572669E+001  3.183252270046E-006 -7.875250740786E-007  9.359854756163E-008
  2.070317992707E+001  2.724861801331E-006 -7.228973925891E-007  1.170201362309E-007
  2.133614208874E+001  2.291613254392E-006 -6.450085248310E-007  1.270494187284E-007
  2.199766230782E+001  1.892871411752E-006 -5.605550554609E-007  1.268302819574E-007
  2.268948433818E+001  1.534932485318E-006 -4.750900406624E-007  1.193120950416E-007
  2.341348709294E+001  1.221236607941E-006 -3.929477487785E-007  1.071083139967E-007
  2.417169741362E+001  9.527006566540E-007 -3.172553534883E-007  9.240895244872E-008
  2.496630426925E+001  7.281364146713E-007 -2.500166635068E-007  7.694218619085E-008
  2.579967457140E+001  5.447171150425E-007 -1.922501048699E-007  6.197765998469E-008
  2.667437081864E+001  3.984562254741E-007 -1.441619097633E-007  4.836232390992E-008
  2.759317081651E+001  2.846657575016E-007 -1.053357831580E-007  3.657885806671E-008
  2.855908975674E+001  1.983670157276E-007 -7.492206279615E-008  2.681688987319E-008
  2.957540498378E+001  1.346339477115E-007 -5.181229074135E-008  1.904814171826E-008
  3.064568382919E+001  8.885736918057E-008 -3.478881343440E-008  1.309818632339E-008
  3.177381495601E+001  5.692650769455E-008 -2.264310068119E-008  8.709411430694E-009
  3.296404372807E+001  3.533173544970E-008 -1.426048675794E-008  5.591865515763E-009
  3.422101220608E+001  2.119836880598E-008 -8.672589083338E-009  3.460641219859E-009
  3.554980447538E+001  1.226552034508E-008 -5.081435657569E-009  2.060155968734E-009
  3.695599813319E+001  6.825983142577E-009 -2.861137526043E-009  1.176968686740E-009
  3.844572291106E+001  3.643075224626E-009 -1.543725200764E-009  6.435572208497E-010
  4.002572758518E+001  1.858604535900E-009 -7.956172556887E-010  3.357772403374E-010
  4.170345654134E+001  9.031544161855E-010 -3.903097897309E-010  1.666005560620E-010
  4.348713762001E+001  4.163539838553E-010 -1.815431449842E-010  7.830698422794E-011
  4.538588318162E+001  1.812868800530E-010 -7.971029429450E-011  3.471841408886E-011
  4.740980671574E+001  7.418787384821E-011 -3.287701661302E-011  1.444994662538E-011
  4.957015778746E+001  2.837762860353E-011 -1.266907084186E-011  5.615373529761E-012
  5.187947869225E+001  1.008392746206E-011 -4.533365220827E-012  2.025213652604E-012
  5.435178690397E+001  3.306042149260E-012 -1.496058794087E-012  6.732754491784E-013
  5.700278828629E+001  9.923425562202E-013 -4.518460944505E-013  2.047506582562E-013
  5.985012714155E+001  2.703459377168E-013 -1.238191901546E-013  5.647117498329E-014
  6.291368055481E+001  6.619587929095E-014 -3.048589354843E-014  1.398846916306E-014
  6.621590623276E+001  1.440738405109E-014 -6.669953395847E-015  3.077995669414E-015
  6.978225524452E+001  2.752489896013E-015 -1.280593345625E-015  5.941331286807E-016
  7.364166388185E+001  4.550330728450E-016 -2.126973240547E-016  9.918040081165E-017
  7.782714245929E+001  6.403930149823E-017 -3.006711885505E-017  1.408706308900E-017
  8.237648351994E+001  7.530308322395E-018 -3.550447189658E-018  1.670931341197E-018
  8.733311794502E+001  7.241004626054E-019 -3.427668842833E-019  1.619985578437E-019
  9.274715535088E+001  5.554157495004E-020 -2.639112419411E-020  1.252286740500E-020
  9.867665554529E+001  3.301909199493E-021 -1.574560183044E-021  7.499666931108E-022
  1.051891916055E+002  1.471215811907E-022 -7.039538249435E-023  3.364904209943E-023
  1.123637836013E+002  4.724028240621E-024 -2.267656241384E-024  1.087591584506E-024
  1.202933069206E+002  1.043845315097E-025 -5.026027712653E-026  2.418202404993E-026
  1.290875131414E+002  1.502996341205E-027 -7.257736037062E-028  3.502446716339E-028
  1.388768482001E+002  1.321627339559E-029 -6.399418018190E-030  3.096997823947E-030
  1.498173177370E+002  6.567302501290E-032 -3.188183865068E-032  1.547052153005E-032
  1.620967411853E+002  1.679579595286E-034 -8.173746653221E-035  3.976293426207E-035
  1.759428668168E+002  1.973833374458E-037 -9.628024740626E-038  4.694914343616E-038
  1.916340085825E+002  9.279482738079E-041 -4.536289966647E-041  2.216995950514E-041
  2.095131417987E+002  1.471084839531E-044 -7.206285017315E-045  3.529328918311E-045
  2.300068054477E+002  6.358302495151E-049 -3.120756638514E-049  1.531449165575E-049
  2.536507797910E+002  5.736487798910E-054 -2.820719815524E-054  1.386794724845E-054
  2.811254638474E+002  7.695103258289E-060 -3.790315216504E-060  1.866752266581E-060
  3.133053780630E+002  9.922494696446E-067 -4.895332061355E-067  2.414927326661E-067
  3.513296254502E+002  6.967339863173E-075 -3.442575850801E-075  1.700862074105E-075
  3.967041014107E+002  1.256627569200E-084 -6.217767895811E-085  3.076369001138E-085
  4.514529193350E+002  2.119775252131E-096 -1.050235064639E-096  5.203132285112E-097
  5.183481233601E+002  8.381402381732E-111 -4.157580326328E-111  2.062295173042E-111
  6.012676077950E+002  1.120375608684E-128 -5.563836631642E-129  2.762962193239E-129
  7.057700503752E+002  3.153591497939E-151 -1.567701453208E-151  7.793166917573E-152
  8.400513767914E+002  3.116863418089E-180 -1.550901352459E-180  7.716945946321E-181
  1.016602135495E+003  2.109236264725E-218 -1.050417987645E-218  5.231131033628E-219
  1.255220715579E+003  4.942046257474E-270 -2.463071210067E-270  1.227566043153E-270
  1.588815776243E+003  0.000000000000E+000  0.000000000000E+000  0.000000000000E+000
  2.075392011604E+003  0.000000000000E+000  0.000000000000E+000  0.000000000000E+000
  2.825079847528E+003  0.000000000000E+000  0.000000000000E+000  0.000000000000E+000
  4.068408296183E+003  0.000000000000E+000  0.000000000000E+000  0.000000000000E+000
  6.357262947672E+003  0.000000000000E+000  0.000000000000E+000  0.000000000000E+000
  1.130231930164E+004  0.000000000000E+000  0.000000000000E+000  0.000000000000E+000
  2.543105175136E+004  0.000000000000E+000  0.000000000000E+000  0.000000000000E+000
  1.017262069952E+005  0.000000000000E+000  0.000000000000E+000  0.000000000000E+000
