# 1st line: number of mesh points
# abcissa wavefunction wavefunction_1st wavefunction_2nd
500
# Principal QN=   1 , l=   1 , Occupation=   0.0000
  9.830308526563E-006  4.449214877475E-006  4.525960335175E-001 -1.163753497257E+000
  3.932200719722E-005  1.779653463662E-005  4.525617137112E-001 -1.163667971923E+000
  8.847741541467E-005  4.004098461629E-005  4.525045166403E-001 -1.163525436747E+000
  1.573003992805E-004  7.118094024267E-005  4.524244462144E-001 -1.163325902299E+000
  2.457963722418E-004  1.112141268217E-004  4.523215079077E-001 -1.163069383376E+000
  3.539722959954E-004  1.601376192480E-004  4.521957087593E-001 -1.162755899007E+000
  4.818366816529E-004  2.179478416317E-004  4.520470573741E-001 -1.162385472443E+000
  6.293995911626E-004  2.846405668414E-004  4.518755639236E-001 -1.161958131168E+000
  7.966726389935E-004  3.602109159650E-004  4.516812401473E-001 -1.161473906892E+000
  9.836689940782E-004  4.446533576875E-004  4.514640993535E-001 -1.160932835550E+000
  1.190403382016E-003  5.379617075864E-004  4.512241564208E-001 -1.160334957307E+000
  1.416892087541E-003  6.401291273445E-004  4.509614278000E-001 -1.159680316556E+000
  1.663152957245E-003  7.511481238810E-004  4.506759315153E-001 -1.158968961914E+000
  1.929205402573E-003  8.710105483994E-004  4.503676871669E-001 -1.158200946226E+000
  2.215070403073E-003  9.997075953551E-004  4.500367159323E-001 -1.157376326565E+000
  2.520770509919E-003  1.137229801340E-003  4.496830405691E-001 -1.156495164229E+000
  2.846329849692E-003  1.283567043885E-003  4.493066854170E-001 -1.155557524741E+000
  3.191774128432E-003  1.438708540186E-003  4.489076764008E-001 -1.154563477851E+000
  3.557130635959E-003  1.602642845741E-003  4.484860410327E-001 -1.153513097536E+000
  3.942428250463E-003  1.775357852915E-003  4.480418084153E-001 -1.152406461995E+000
  4.347697443358E-003  1.956840789418E-003  4.475750092449E-001 -1.151243653656E+000
  4.772970284417E-003  2.147078216707E-003  4.470856758144E-001 -1.150024759168E+000
  5.218280447175E-003  2.346056028308E-003  4.465738420169E-001 -1.148749869407E+000
  5.683663214611E-003  2.553759448055E-003  4.460395433489E-001 -1.147419079472E+000
  6.169155485101E-003  2.770173028258E-003  4.454828169147E-001 -1.146032488688E+000
  6.674795778653E-003  2.995280647784E-003  4.449037014295E-001 -1.144590200600E+000
  7.200624243425E-003  3.229065510065E-003  4.443022372240E-001 -1.143092322982E+000
  7.746682662519E-003  3.471510141028E-003  4.436784662481E-001 -1.141538967827E+000
  8.313014461060E-003  3.722596386948E-003  4.430324320759E-001 -1.139930251352E+000
  8.899664713569E-003  3.982305412222E-003  4.423641799096E-001 -1.138266293999E+000
  9.506680151615E-003  4.250617697072E-003  4.416737565847E-001 -1.136547220432E+000
  1.013410917176E-002  4.527513035167E-003  4.409612105745E-001 -1.134773159537E+000
  1.078200184380E-002  4.812970531178E-003  4.402265919951E-001 -1.132944244423E+000
  1.145040991929E-002  5.106968598247E-003  4.394699526111E-001 -1.131060612423E+000
  1.213938684040E-002  5.409484955398E-003  4.386913458401E-001 -1.129122405091E+000
  1.284898774901E-002  5.720496624862E-003  4.378908267591E-001 -1.127129768205E+000
  1.357926949620E-002  6.039979929335E-003  4.370684521096E-001 -1.125082851766E+000
  1.433029065191E-002  6.367910489169E-003  4.362242803033E-001 -1.122981809998E+000
  1.510211151509E-002  6.704263219484E-003  4.353583714286E-001 -1.120826801347E+000
  1.589479412397E-002  7.049012327219E-003  4.344707872565E-001 -1.118617988485E+000
  1.670840226680E-002  7.402131308108E-003  4.335615912468E-001 -1.116355538305E+000
  1.754300149280E-002  7.763592943591E-003  4.326308485546E-001 -1.114039621927E+000
  1.839865912351E-002  8.133369297657E-003  4.316786260372E-001 -1.111670414694E+000
  1.927544426443E-002  8.511431713623E-003  4.307049922604E-001 -1.109248096176E+000
  2.017342781695E-002  8.897750810847E-003  4.297100175058E-001 -1.106772850168E+000
  2.109268249069E-002  9.292296481375E-003  4.286937737778E-001 -1.104244864693E+000
  2.203328281612E-002  9.695037886530E-003  4.276563348109E-001 -1.101664332001E+000
  2.299530515754E-002  1.010594345343E-002  4.265977760769E-001 -1.099031448570E+000
  2.397882772639E-002  1.052498087147E-002  4.255181747926E-001 -1.096346415110E+000
  2.498393059493E-002  1.095211708871E-002  4.244176099275E-001 -1.093609436560E+000
  2.601069571024E-002  1.138731830821E-002  4.232961622118E-001 -1.090820722093E+000
  2.705920690860E-002  1.183054998436E-002  4.221539141442E-001 -1.087980485116E+000
  2.812954993023E-002  1.228177681908E-002  4.209909499999E-001 -1.085088943271E+000
  2.922181243436E-002  1.274096275803E-002  4.198073558394E-001 -1.082146318437E+000
  3.033608401473E-002  1.320807098671E-002  4.186032195167E-001 -1.079152836732E+000
  3.147245621542E-002  1.368306392655E-002  4.173786306877E-001 -1.076108728518E+000
  3.263102254705E-002  1.416590323096E-002  4.161336808193E-001 -1.073014228397E+000
  3.381187850339E-002  1.465654978130E-002  4.148684631980E-001 -1.069869575221E+000
  3.501512157837E-002  1.515496368278E-002  4.135830729392E-001 -1.066675012088E+000
  3.624085128345E-002  1.566110426043E-002  4.122776069962E-001 -1.063430786349E+000
  3.748916916538E-002  1.617493005487E-002  4.109521641693E-001 -1.060137149609E+000
  3.876017882444E-002  1.669639881817E-002  4.096068451157E-001 -1.056794357731E+000
  4.005398593302E-002  1.722546750962E-002  4.082417523587E-001 -1.053402670840E+000
  4.137069825459E-002  1.776209229145E-002  4.068569902977E-001 -1.049962353326E+000
  4.271042566323E-002  1.830622852454E-002  4.054526652177E-001 -1.046473673848E+000
  4.407328016341E-002  1.885783076408E-002  4.040288852995E-001 -1.042936905339E+000
  4.545937591035E-002  1.941685275524E-002  4.025857606298E-001 -1.039352325008E+000
  4.686882923075E-002  1.998324742876E-002  4.011234032111E-001 -1.035720214349E+000
  4.830175864396E-002  2.055696689655E-002  3.996419269724E-001 -1.032040859141E+000
  4.975828488365E-002  2.113796244724E-002  3.981414477795E-001 -1.028314549458E+000
  5.123853091993E-002  2.172618454175E-002  3.966220834455E-001 -1.024541579672E+000
  5.274262198188E-002  2.232158280883E-002  3.950839537413E-001 -1.020722248460E+000
  5.427068558066E-002  2.292410604054E-002  3.935271804067E-001 -1.016856858807E+000
  5.582285153302E-002  2.353370218779E-002  3.919518871612E-001 -1.012945718019E+000
  5.739925198530E-002  2.415031835582E-002  3.903581997146E-001 -1.008989137723E+000
  5.900002143803E-002  2.477390079972E-002  3.887462457785E-001 -1.004987433879E+000
  6.062529677088E-002  2.540439491987E-002  3.871161550771E-001 -1.000940926787E+000
  6.227521726827E-002  2.604174525750E-002  3.854680593589E-001 -9.968499410917E-001
  6.394992464542E-002  2.668589549013E-002  3.838020924072E-001 -9.927148057955E-001
  6.564956307496E-002  2.733678842710E-002  3.821183900524E-001 -9.885358542640E-001
  6.737427921404E-002  2.799436600511E-002  3.804170901827E-001 -9.843134242364E-001
  6.912422223211E-002  2.865856928371E-002  3.786983327561E-001 -9.800478578352E-001
  7.089954383907E-002  2.932933844090E-002  3.769622598118E-001 -9.757395015759E-001
  7.270039831418E-002  3.000661276865E-002  3.752090154817E-001 -9.713887063778E-001
  7.452694253540E-002  3.069033066856E-002  3.734387460022E-001 -9.669958275746E-001
  7.637933600943E-002  3.138042964750E-002  3.716515997259E-001 -9.625612249262E-001
  7.825774090225E-002  3.207684631321E-002  3.698477271334E-001 -9.580852626302E-001
  8.016232207035E-002  3.277951637010E-002  3.680272808449E-001 -9.535683093346E-001
  8.209324709253E-002  3.348837461497E-002  3.661904156321E-001 -9.490107381502E-001
  8.405068630235E-002  3.420335493280E-002  3.643372884299E-001 -9.444129266646E-001
  8.603481282122E-002  3.492439029265E-002  3.624680583483E-001 -9.397752569553E-001
  8.804580259214E-002  3.565141274358E-002  3.605828866841E-001 -9.350981156049E-001
  9.008383441408E-002  3.638435341061E-002  3.586819369328E-001 -9.303818937154E-001
  9.214908997710E-002  3.712314249083E-002  3.567653747999E-001 -9.256269869239E-001
  9.424175389809E-002  3.786770924948E-002  3.548333682133E-001 -9.208337954188E-001
  9.636201375725E-002  3.861798201622E-002  3.528860873345E-001 -9.160027239561E-001
  9.851006013526E-002  3.937388818137E-002  3.509237045700E-001 -9.111341818768E-001
  1.006860866512E-001  4.013535419241E-002  3.489463945835E-001 -9.062285831245E-001
  1.028902900012E-001  4.090230555036E-002  3.469543343068E-001 -9.012863462637E-001
  1.051228699979E-001  4.167466680649E-002  3.449477029512E-001 -8.963078944988E-001
  1.073840296104E-001  4.245236155897E-002  3.429266820191E-001 -8.912936556938E-001
  1.096739750056E-001  4.323531244973E-002  3.408914553147E-001 -8.862440623918E-001
  1.119929155896E-001  4.402344116142E-002  3.388422089554E-001 -8.811595518367E-001
  1.143410640503E-001  4.481666841452E-002  3.367791313823E-001 -8.760405659936E-001
  1.167186364011E-001  4.561491396453E-002  3.347024133711E-001 -8.708875515712E-001
  1.191258520249E-001  4.641809659943E-002  3.326122480427E-001 -8.657009600447E-001
  1.215629337189E-001  4.722613413714E-002  3.305088308733E-001 -8.604812476782E-001
  1.240301077413E-001  4.803894342326E-002  3.283923597046E-001 -8.552288755494E-001
  1.265276038575E-001  4.885644032895E-002  3.262630347538E-001 -8.499443095734E-001
  1.290556553882E-001  4.967853974896E-002  3.241210586231E-001 -8.446280205282E-001
  1.316144992580E-001  5.050515559988E-002  3.219666363092E-001 -8.392804840803E-001
  1.342043760450E-001  5.133620081859E-002  3.197999752123E-001 -8.339021808108E-001
  1.368255300316E-001  5.217158736084E-002  3.176212851448E-001 -8.284935962425E-001
  1.394782092560E-001  5.301122620020E-002  3.154307783403E-001 -8.230552208678E-001
  1.421626655646E-001  5.385502732705E-002  3.132286694610E-001 -8.175875501760E-001
  1.448791546661E-001  5.470289974793E-002  3.110151756058E-001 -8.120910846828E-001
  1.476279361856E-001  5.555475148508E-002  3.087905163178E-001 -8.065663299592E-001
  1.504092737207E-001  5.641048957626E-002  3.065549135911E-001 -8.010137966616E-001
  1.532234348983E-001  5.727002007478E-002  3.043085918772E-001 -7.954340005621E-001
  1.560706914324E-001  5.813324804988E-002  3.020517780913E-001 -7.898274625793E-001
  1.589513191834E-001  5.900007758731E-002  2.997847016177E-001 -7.841947088102E-001
  1.618655982178E-001  5.987041179027E-002  2.975075943147E-001 -7.785362705616E-001
  1.648138128702E-001  6.074415278060E-002  2.952206905193E-001 -7.728526843830E-001
  1.677962518056E-001  6.162120170034E-002  2.929242270510E-001 -7.671444920996E-001
  1.708132080832E-001  6.250145871357E-002  2.906184432151E-001 -7.614122408448E-001
  1.738649792215E-001  6.338482300860E-002  2.883035808054E-001 -7.556564830950E-001
  1.769518672648E-001  6.427119280055E-002  2.859798841059E-001 -7.498777767027E-001
  1.800741788507E-001  6.516046533420E-002  2.836475998924E-001 -7.440766849315E-001
  1.832322252791E-001  6.605253688732E-002  2.813069774328E-001 -7.382537764905E-001
  1.864263225826E-001  6.694730277432E-002  2.789582684870E-001 -7.324096255692E-001
  1.896567915983E-001  6.784465735032E-002  2.766017273055E-001 -7.265448118725E-001
  1.929239580409E-001  6.874449401559E-002  2.742376106278E-001 -7.206599206563E-001
  1.962281525771E-001  6.964670522052E-002  2.718661776794E-001 -7.147555427624E-001
  1.995697109023E-001  7.055118247089E-002  2.694876901680E-001 -7.088322746541E-001
  2.029489738173E-001  7.145781633370E-002  2.671024122787E-001 -7.028907184515E-001
  2.063662873085E-001  7.236649644340E-002  2.647106106683E-001 -6.969314819667E-001
  2.098220026275E-001  7.327711150862E-002  2.623125544585E-001 -6.909551787389E-001
  2.133164763746E-001  7.418954931942E-002  2.599085152278E-001 -6.849624280694E-001
  2.168500705817E-001  7.510369675497E-002  2.574987670024E-001 -6.789538550559E-001
  2.204231527988E-001  7.601943979182E-002  2.550835862460E-001 -6.729300906269E-001
  2.240360961807E-001  7.693666351268E-002  2.526632518480E-001 -6.668917715754E-001
  2.276892795770E-001  7.785525211572E-002  2.502380451107E-001 -6.608395405920E-001
  2.313830876220E-001  7.877508892449E-002  2.478082497350E-001 -6.547740462973E-001
  2.351179108282E-001  7.969605639836E-002  2.453741518047E-001 -6.486959432735E-001
  2.388941456809E-001  8.061803614356E-002  2.429360397695E-001 -6.426058920958E-001
  2.427121947345E-001  8.154090892488E-002  2.404942044260E-001 -6.365045593615E-001
  2.465724667110E-001  8.246455467789E-002  2.380489388976E-001 -6.303926177193E-001
  2.504753766009E-001  8.338885252191E-002  2.356005386126E-001 -6.242707458968E-001
  2.544213457654E-001  8.431368077350E-002  2.331493012806E-001 -6.181396287262E-001
  2.584108020414E-001  8.523891696075E-002  2.306955268668E-001 -6.119999571697E-001
  2.624441798480E-001  8.616443783812E-002  2.282395175651E-001 -6.058524283418E-001
  2.665219202956E-001  8.709011940208E-002  2.257815777688E-001 -5.996977455312E-001
  2.706444712976E-001  8.801583690738E-002  2.233220140396E-001 -5.935366182195E-001
  2.748122876832E-001  8.894146488405E-002  2.208611350741E-001 -5.873697620989E-001
  2.790258313137E-001  8.986687715518E-002  2.183992516692E-001 -5.811978990868E-001
  2.832855712010E-001  9.079194685540E-002  2.159366766839E-001 -5.750217573381E-001
  2.875919836279E-001  9.171654645016E-002  2.134737250004E-001 -5.688420712553E-001
  2.919455522717E-001  9.264054775573E-002  2.110107134816E-001 -5.626595814954E-001
  2.963467683296E-001  9.356382196003E-002  2.085479609267E-001 -5.564750349734E-001
  3.007961306479E-001  9.448623964426E-002  2.060857880250E-001 -5.502891848632E-001
  3.052941458522E-001  9.540767080533E-002  2.036245173056E-001 -5.441027905947E-001
  3.098413284823E-001  9.632798487910E-002  2.011644730861E-001 -5.379166178472E-001
  3.144382011281E-001  9.724705076449E-002  1.987059814177E-001 -5.317314385387E-001
  3.190852945695E-001  9.816473684839E-002  1.962493700274E-001 -5.255480308116E-001
  3.237831479192E-001  9.908091103146E-002  1.937949682582E-001 -5.193671790129E-001
  3.285323087679E-001  9.999544075479E-002  1.913431070055E-001 -5.131896736708E-001
  3.333333333333E-001  1.009081930274E-001  1.888941186507E-001 -5.070163114659E-001
  3.381867866117E-001  1.018190344548E-001  1.864483369921E-001 -5.008478951966E-001
  3.430932425333E-001  1.027278312679E-001  1.840060971722E-001 -4.946852337400E-001
  3.480532841203E-001  1.036344493538E-001  1.815677356015E-001 -4.885291420059E-001
  3.530675036492E-001  1.045387542862E-001  1.791335898799E-001 -4.823804408858E-001
  3.581365028158E-001  1.054406113581E-001  1.767039987137E-001 -4.762399571941E-001
  3.632608929041E-001  1.063398856140E-001  1.742793018294E-001 -4.701085236036E-001
  3.684412949588E-001  1.072364418844E-001  1.718598398841E-001 -4.639869785736E-001
  3.736783399619E-001  1.081301448200E-001  1.694459543718E-001 -4.578761662702E-001
  3.789726690123E-001  1.090208589276E-001  1.670379875267E-001 -4.517769364789E-001
  3.843249335105E-001  1.099084486066E-001  1.646362822215E-001 -4.456901445096E-001
  3.897357953460E-001  1.107927781863E-001  1.622411818629E-001 -4.396166510924E-001
  3.952059270903E-001  1.116737119645E-001  1.598530302825E-001 -4.335573222645E-001
  4.007360121927E-001  1.125511142465E-001  1.574721716236E-001 -4.275130292485E-001
  4.063267451812E-001  1.134248493856E-001  1.550989502239E-001 -4.214846483202E-001
  4.119788318683E-001  1.142947818235E-001  1.527337104943E-001 -4.154730606666E-001
  4.176929895600E-001  1.151607761326E-001  1.503767967932E-001 -4.094791522342E-001
  4.234699472710E-001  1.160226970588E-001  1.480285532957E-001 -4.035038135647E-001
  4.293104459435E-001  1.168804095643E-001  1.456893238599E-001 -3.975479396212E-001
  4.352152386716E-001  1.177337788730E-001  1.433594518872E-001 -3.916124296018E-001
  4.411850909306E-001  1.185826705148E-001  1.410392801787E-001 -3.856981867408E-001
  4.472207808110E-001  1.194269503715E-001  1.387291507871E-001 -3.798061180978E-001
  4.533230992589E-001  1.202664847241E-001  1.364294048636E-001 -3.739371343343E-001
  4.594928503202E-001  1.211011402994E-001  1.341403825005E-001 -3.680921494751E-001
  4.657308513924E-001  1.219307843182E-001  1.318624225682E-001 -3.622720806581E-001
  4.720379334802E-001  1.227552845441E-001  1.295958625485E-001 -3.564778478678E-001
  4.784149414579E-001  1.235745093325E-001  1.273410383620E-001 -3.507103736556E-001
  4.848627343381E-001  1.243883276804E-001  1.250982841916E-001 -3.449705828436E-001
  4.913821855461E-001  1.251966092767E-001  1.228679323005E-001 -3.392594022138E-001
  4.979741832006E-001  1.259992245528E-001  1.206503128452E-001 -3.335777601808E-001
  5.046396304008E-001  1.267960447339E-001  1.184457536844E-001 -3.279265864478E-001
  5.113794455212E-001  1.275869418902E-001  1.162545801820E-001 -3.223068116462E-001
  5.181945625116E-001  1.283717889888E-001  1.140771150059E-001 -3.167193669578E-001
  5.250859312060E-001  1.291504599456E-001  1.119136779218E-001 -3.111651837190E-001
  5.320545176366E-001  1.299228296771E-001  1.097645855822E-001 -3.056451930067E-001
  5.391013043575E-001  1.306887741528E-001  1.076301513101E-001 -3.001603252068E-001
  5.462272907741E-001  1.314481704473E-001  1.055106848790E-001 -2.947115095625E-001
  5.534334934816E-001  1.322008967918E-001  1.034064922873E-001 -2.892996737043E-001
  5.607209466109E-001  1.329468326266E-001  1.013178755287E-001 -2.839257431600E-001
  5.680907021827E-001  1.336858586519E-001  9.924513235755E-002 -2.785906408452E-001
  5.755438304707E-001  1.344178568792E-001  9.718855605064E-002 -2.732952865334E-001
  5.830814203728E-001  1.351427106819E-001  9.514843516394E-002 -2.680405963057E-001
  5.907045797917E-001  1.358603048448E-001  9.312505328568E-002 -2.628274819800E-001
  5.984144360243E-001  1.365705256138E-001  9.111868878527E-002 -2.576568505195E-001
  6.062121361613E-001  1.372732607440E-001  8.912961455851E-002 -2.525296034193E-001
  6.140988474955E-001  1.379683995468E-001  8.715809776919E-002 -2.474466360734E-001
  6.220757579409E-001  1.386558329364E-001  8.520439958723E-002 -2.424088371184E-001
  6.301440764614E-001  1.393354534743E-001  8.326877492368E-002 -2.374170877580E-001
  6.383050335109E-001  1.400071554132E-001  8.135147216282E-002 -2.324722610641E-001
  6.465598814833E-001  1.406708347383E-001  7.945273289156E-002 -2.275752212582E-001
  6.549098951744E-001  1.413263892080E-001  7.757279162648E-002 -2.227268229705E-001
  6.633563722545E-001  1.419737183915E-001  7.571187553878E-002 -2.179279104780E-001
  6.719006337539E-001  1.426127237050E-001  7.387020417757E-002 -2.131793169224E-001
  6.805440245593E-001  1.432433084458E-001  7.204798919172E-002 -2.084818635060E-001
  6.892879139233E-001  1.438653778232E-001  7.024543405078E-002 -2.038363586683E-001
  6.981336959871E-001  1.444788389871E-001  6.846273376529E-002 -1.992435972417E-001
  7.070827903152E-001  1.450836010540E-001  6.670007460694E-002 -1.947043595884E-001
  7.161366424455E-001  1.456795751295E-001  6.495763382909E-002 -1.902194107175E-001
  7.252967244510E-001  1.462666743275E-001  6.323557938807E-002 -1.857894993840E-001
  7.345645355186E-001  1.468448137862E-001  6.153406966580E-002 -1.814153571695E-001
  7.439416025400E-001  1.474139106800E-001  5.985325319431E-002 -1.770976975467E-001
  7.534294807203E-001  1.479738842278E-001  5.819326838269E-002 -1.728372149268E-001
  7.630297542000E-001  1.485246556965E-001  5.655424324707E-002 -1.686345836918E-001
  7.727440366954E-001  1.490661484004E-001  5.493629514433E-002 -1.644904572129E-001
  7.825739721536E-001  1.495982876961E-001  5.333953051014E-002 -1.604054668555E-001
  7.925212354258E-001  1.501210009718E-001  5.176404460200E-002 -1.563802209722E-001
  8.025875329584E-001  1.506342176321E-001  5.020992124813E-002 -1.524153038856E-001
  8.127746035011E-001  1.511378690763E-001  4.867723260283E-002 -1.485112748616E-001
  8.230842188350E-001  1.516318886722E-001  4.716603890916E-002 -1.446686670755E-001
  8.335181845190E-001  1.521162117228E-001  4.567638826978E-002 -1.408879865720E-001
  8.440783406568E-001  1.525907754270E-001  4.420831642667E-002 -1.371697112213E-001
  8.547665626839E-001  1.530555188342E-001  4.276184655085E-002 -1.335142896729E-001
  8.655847621758E-001  1.535103827914E-001  4.133698904272E-002 -1.299221403097E-001
  8.765348876780E-001  1.539553098836E-001  3.993374134414E-002 -1.263936502032E-001
  8.876189255584E-001  1.543902443663E-001  3.855208776318E-002 -1.229291740746E-001
  8.988389008829E-001  1.548151320911E-001  3.719199931243E-002 -1.195290332611E-001
  9.101968783143E-001  1.552299204228E-001  3.585343356206E-002 -1.161935146922E-001
  9.216949630368E-001  1.556345581485E-001  3.453633450842E-002 -1.129228698785E-001
  9.333353017046E-001  1.560289953784E-001  3.324063245953E-002 -1.097173139143E-001
  9.451200834176E-001  1.564131834374E-001  3.196624393821E-002 -1.065770244986E-001
  9.570515407237E-001  1.567870747484E-001  3.071307160426E-002 -1.035021409768E-001
  9.691319506484E-001  1.571506227063E-001  2.948100419650E-002 -1.004927634059E-001
  9.813636357544E-001  1.575037815422E-001  2.826991649607E-002 -9.754895164778E-002
  9.937489652293E-001  1.578465061787E-001  2.707966931190E-002 -9.467072449245E-002
  1.006290356005E+000  1.581787520748E-001  2.591010948956E-002 -9.185805881590E-002
  1.018990273907E+000  1.585004750612E-001  2.476106994469E-002 -8.911088877572E-002
  1.031851234841E+000  1.588116311656E-001  2.363236972202E-002 -8.642910504841E-002
  1.044875806003E+000  1.591121764274E-001  2.252381408125E-002 -8.381255411213E-002
  1.058066607138E+000  1.594020667028E-001  2.143519461077E-002 -8.126103757885E-002
  1.071426311823E+000  1.596812574580E-001  2.036628937044E-002 -7.877431158000E-002
  1.084957648792E+000  1.599497035542E-001  1.931686306444E-002 -7.635208620961E-002
  1.098663403298E+000  1.602073590196E-001  1.828666724531E-002 -7.399402502917E-002
  1.112546418516E+000  1.604541768128E-001  1.727544055012E-002 -7.169974463829E-002
  1.126609596985E+000  1.606901085748E-001  1.628290896990E-002 -6.946881431564E-002
  1.140855902095E+000  1.609151043711E-001  1.530878615311E-002 -6.730075573413E-002
  1.155288359613E+000  1.611291124227E-001  1.435277374424E-002 -6.519504275479E-002
  1.169910059257E+000  1.613320788284E-001  1.341456175815E-002 -6.315110130361E-002
  1.184724156317E+000  1.615239472756E-001  1.249382899119E-002 -6.116830933544E-002
  1.199733873325E+000  1.617046587427E-001  1.159024346953E-002 -5.924599688923E-002
  1.214942501771E+000  1.618741511915E-001  1.070346293559E-002 -5.738344623875E-002
  1.230353403874E+000  1.620323592511E-001  9.833135372880E-003 -5.557989214265E-002
  1.245970014403E+000  1.621792138923E-001  8.978899569807E-003 -5.383452219801E-002
  1.261795842559E+000  1.623146420953E-001  8.140385722780E-003 -5.214647730090E-002
  1.277834473907E+000  1.624385665087E-001  7.317216078770E-003 -5.051485221778E-002
  1.294089572372E+000  1.625509051022E-001  6.509005617472E-003 -4.893869627103E-002
  1.310564882294E+000  1.626515708126E-001  5.715362772992E-003 -4.741701414179E-002
  1.327264230548E+000  1.627404711847E-001  4.935890194901E-003 -4.594876679321E-002
  1.344191528724E+000  1.628175080074E-001  4.170185548301E-003 -4.453287251665E-002
  1.361350775387E+000  1.628825769459E-001  3.417842352422E-003 -4.316820810326E-002
  1.378746058390E+000  1.629355671709E-001  2.678450857072E-003 -4.185361014299E-002
  1.396381557275E+000  1.629763609869E-001  1.951598956099E-003 -4.058787645267E-002
  1.414261545744E+000  1.630048334588E-001  1.236873136828E-003 -3.936976763442E-002
  1.432390394201E+000  1.630208520399E-001  5.338594642496E-004 -3.819800876525E-002
  1.450772572390E+000  1.630242762015E-001 -1.578554014951E-004 -3.707129121816E-002
  1.469412652102E+000  1.630149570660E-001 -8.386831559586E-004 -3.598827461469E-002
  1.488315309978E+000  1.629927370450E-001 -1.509032771450E-003 -3.494758890810E-002
  1.507485330398E+000  1.629574494830E-001 -2.169309390402E-003 -3.394783659611E-002
  1.526927608467E+000  1.629089183106E-001 -2.819913193375E-003 -3.298759506119E-002
  1.546647153093E+000  1.628469577062E-001 -3.461238244264E-003 -3.206541903616E-002
  1.566649090169E+000  1.627713717703E-001 -4.093671315519E-003 -3.117984319169E-002
  1.586938665861E+000  1.626819542130E-001 -4.717590696427E-003 -3.032938484223E-002
  1.607521250000E+000  1.625784880571E-001 -5.333364987757E-003 -2.951254676563E-002
  1.628402339588E+000  1.624607453594E-001 -5.941351886325E-003 -2.872782013131E-002
  1.649587562420E+000  1.623284869516E-001 -6.541896963253E-003 -2.797368753103E-002
  1.671082680832E+000  1.621814622035E-001 -7.135332439973E-003 -2.724862610551E-002
  1.692893595565E+000  1.620194088104E-001 -7.721975966253E-003 -2.655111075936E-002
  1.715026349769E+000  1.618420526082E-001 -8.302129404747E-003 -2.587961745611E-002
  1.737487133138E+000  1.616491074169E-001 -8.876077626814E-003 -2.523262658420E-002
  1.760282286187E+000  1.614402749167E-001 -9.444087324558E-003 -2.460862638411E-002
  1.783418304674E+000  1.612152445582E-001 -1.000640584424E-002 -2.400611642599E-002
  1.806901844175E+000  1.609736935096E-001 -1.056326004644E-002 -2.342361112647E-002
  1.830739724818E+000  1.607152866436E-001 -1.111485519844E-002 -2.285964329236E-002
  1.854938936184E+000  1.604396765669E-001 -1.166137390454E-002 -2.231276767857E-002
  1.879506642368E+000  1.601465036934E-001 -1.220297508022E-002 -2.178156454659E-002
  1.904450187236E+000  1.598353963667E-001 -1.273979297578E-002 -2.126464320938E-002
  1.929777099847E+000  1.595059710311E-001 -1.327193625592E-002 -2.076064554789E-002
  1.955495100083E+000  1.591578324564E-001 -1.379948714084E-002 -2.026824948387E-002
  1.981612104475E+000  1.587905740174E-001 -1.432250061541E-002 -1.978617239317E-002
  2.008136232230E+000  1.584037780312E-001 -1.484100371215E-002 -1.931317444324E-002
  2.035075811486E+000  1.579970161550E-001 -1.535499487427E-002 -1.884806183839E-002
  2.062439385788E+000  1.575698498461E-001 -1.586444340470E-002 -1.838968995582E-002
  2.090235720801E+000  1.571218308860E-001 -1.636928900692E-002 -1.793696635561E-002
  2.118473811262E+000  1.566525019725E-001 -1.686944142335E-002 -1.748885364759E-002
  2.147162888201E+000  1.561613973788E-001 -1.736478017667E-002 -1.704437219805E-002
  2.176312426413E+000  1.556480436847E-001 -1.785515441949E-002 -1.660260265961E-002
  2.205932152222E+000  1.551119605782E-001 -1.834038289715E-002 -1.616268830768E-002
  2.236032051522E+000  1.545526617313E-001 -1.882025402835E-002 -1.572383716745E-002
  2.266622378129E+000  1.539696557504E-001 -1.929452610774E-002 -1.528532391585E-002
  2.297713662445E+000  1.533624472014E-001 -1.976292763437E-002 -1.484649154369E-002
  2.329316720450E+000  1.527305377119E-001 -2.022515776919E-002 -1.440675276393E-002
  2.361442663038E+000  1.520734271483E-001 -2.068088692435E-002 -1.396559115312E-002
  2.394102905709E+000  1.513906148714E-001 -2.112975748665E-002 -1.352256201397E-002
  2.427309178642E+000  1.506816010665E-001 -2.157138467647E-002 -1.307729294849E-002
  2.461073537146E+000  1.499458881506E-001 -2.200535754330E-002 -1.262948413245E-002
  2.495408372530E+000  1.491829822538E-001 -2.243124009800E-002 -1.217890828326E-002
  2.530326423398E+000  1.483923947748E-001 -2.284857258124E-002 -1.172541031540E-002
  2.565840787378E+000  1.475736440082E-001 -2.325687286688E-002 -1.126890667897E-002
  2.601964933334E+000  1.467262568421E-001 -2.365563799824E-002 -1.080938437894E-002
  2.638712714049E+000  1.458497705237E-001 -2.404434585437E-002 -1.034689967474E-002
  2.676098379430E+000  1.449437344898E-001 -2.442245694252E-002 -9.881576461822E-003
  2.714136590232E+000  1.440077122591E-001 -2.478941631254E-002 -9.413604338997E-003
  2.752842432351E+000  1.430412833839E-001 -2.514465558748E-002 -8.943236367494E-003
  2.792231431696E+000  1.420440454551E-001 -2.548759510458E-002 -8.470786530078E-003
  2.832319569669E+000  1.410156161591E-001 -2.581764615932E-002 -7.996626900649E-003
  2.873123299289E+000  1.399556353788E-001 -2.613421334498E-002 -7.521184537073E-003
  2.914659561979E+000  1.388637673367E-001 -2.643669697904E-002 -7.044938112182E-003
  2.956945805065E+000  1.377397027727E-001 -2.672449560715E-002 -6.568414300048E-003
  3.000000000000E+000  1.365831611510E-001 -2.699700857471E-002 -6.092183936684E-003
  3.043840661365E+000  1.353938928916E-001 -2.725363865561E-002 -5.616857976320E-003
  3.088486866678E+000  1.341716816179E-001 -2.749379472673E-002 -5.143083266190E-003
  3.133958277047E+000  1.329163464151E-001 -2.771689447695E-002 -4.671538164488E-003
  3.180275158719E+000  1.316277440920E-001 -2.792236713823E-002 -4.202928027579E-003
  3.227458405560E+000  1.303057714388E-001 -2.810965622677E-002 -3.737980593861E-003
  3.275529562509E+000  1.289503674733E-001 -2.827822228133E-002 -3.277441292717E-003
  3.324510850077E+000  1.275615156684E-001 -2.842754558626E-002 -2.822068507747E-003
  3.374425189910E+000  1.261392461522E-001 -2.855712886618E-002 -2.372628824040E-003
  3.425296231502E+000  1.246836378729E-001 -2.866649993968E-002 -1.929892289440E-003
  3.477148380094E+000  1.231948207200E-001 -2.875521431952E-002 -1.494627719713E-003
  3.530006825834E+000  1.216729775937E-001 -2.882285774672E-002 -1.067598077144E-003
  3.583897574256E+000  1.201183464137E-001 -2.886904864680E-002 -6.495559514397E-004
  3.638847478148E+000  1.185312220583E-001 -2.889344049641E-002 -2.412391707960E-004
  3.694884270887E+000  1.169119582259E-001 -2.889572408923E-002  1.566334302507E-004
  3.752036601308E+000  1.152609692088E-001 -2.887562969079E-002  5.433660611682E-004
  3.810334070199E+000  1.135787315712E-001 -2.883292907236E-002  9.182898207630E-004
  3.869807268505E+000  1.118657857221E-001 -2.876743741463E-002  1.280766316396E-003
  3.930487817331E+000  1.101227373731E-001 -2.867901507305E-002  1.630191038267E-003
  3.992408409843E+000  1.083502588731E-001 -2.856756919716E-002  1.965996472456E-003
  4.055602855172E+000  1.065490904093E-001 -2.843305519715E-002  2.287654939051E-003
  4.120106124432E+000  1.047200410656E-001 -2.827547805186E-002  2.594681144446E-003
  4.185954398964E+000  1.028639897287E-001 -2.809489345291E-002  2.886634439731E-003
  4.253185120935E+000  1.009818858316E-001 -2.789140878085E-002  3.163120779931E-003
  4.321837046422E+000  9.907474992523E-002 -2.766518390953E-002  3.423794381690E-003
  4.391950301120E+000  9.714367406752E-002 -2.741643183594E-002  3.668359079730E-003
  4.463566438835E+000  9.518982201993E-002 -2.714541913319E-002  3.896569385078E-003
  4.536728502895E+000  9.321442924089E-002 -2.685246622484E-002  4.108231250494E-003
  4.611481090679E+000  9.121880266533E-002 -2.653794747937E-002  4.303202550811E-003
  4.687870421430E+000  8.920432025965E-002 -2.620229112379E-002  4.481393287923E-003
  4.765944407533E+000  8.717243034098E-002 -2.584597897584E-002  4.642765531878E-003
  4.845752729492E+000  8.512465064958E-002 -2.546954599420E-002  4.787333110985E-003
  4.927346914797E+000  8.306256716313E-002 -2.507357964635E-002  4.915161064947E-003
  5.010780420931E+000  8.098783264150E-002 -2.465871909363E-002  5.026364875807E-003
  5.096108722763E+000  7.890216489067E-002 -2.422565419310E-002  5.121109491934E-003
  5.183389404586E+000  7.680734473459E-002 -2.377512431540E-002  5.199608160353E-003
  5.272682257105E+000  7.470521368372E-002 -2.330791697793E-002  5.262121082547E-003
  5.364049379651E+000  7.259767128964E-002 -2.282486629211E-002  5.308953908295E-003
  5.457555287978E+000  7.048667217524E-002 -2.232685122369E-002  5.340456081356E-003
  5.553267027968E+000  6.837422273089E-002 -2.181479366433E-002  5.357019049798E-003
  5.651254295630E+000  6.626237746746E-002 -2.128965631316E-002  5.359074352583E-003
  5.751589563796E+000  6.415323501852E-002 -2.075244036641E-002  5.347091592705E-003
  5.854348215936E+000  6.204893378475E-002 -2.020418301364E-002  5.321576305786E-003
  5.959608687557E+000  5.995164721563E-002 -1.964595473905E-002  5.283067731648E-003
  6.067452615683E+000  5.786357872494E-002 -1.907885642703E-002  5.232136495019E-003
  6.177964996951E+000  5.578695623861E-002 -1.850401627117E-002  5.169382200267E-003
  6.291234354880E+000  5.372402637613E-002 -1.792258648737E-002  5.095430943977E-003
  6.407352916949E+000  5.167704826921E-002 -1.733573983220E-002  5.010932748303E-003
  6.526416802128E+000  4.964828702439E-002 -1.674466592917E-002  4.916558917365E-003
  6.648526219580E+000  4.764000683972E-002 -1.615056740722E-002  4.812999318660E-003
  6.773785679311E+000  4.565446378924E-002 -1.555465585730E-002  4.700959591392E-003
  6.902304215570E+000  4.369389829296E-002 -1.495814761533E-002  4.581158283947E-003
  7.034195623922E+000  4.176052729429E-002 -1.436225938180E-002  4.454323923401E-003
  7.169578712934E+000  3.985653617126E-002 -1.376820369136E-002  4.321192020918E-003
  7.308577571516E+000  3.798407041281E-002 -1.317718424800E-002  4.182502018221E-003
  7.451321853057E+000  3.614522709617E-002 -1.259039114493E-002  4.038994181923E-003
  7.597947077547E+000  3.434204620629E-002 -1.200899599102E-002  3.891406454403E-003
  7.748594953021E+000  3.257650184364E-002 -1.143414696916E-002  3.740471271966E-003
  7.903413717736E+000  3.085049337155E-002 -1.086696385497E-002  3.586912363346E-003
  8.062558504629E+000  2.916583655921E-002 -1.030853302760E-002  3.431441543931E-003
  8.226191729726E+000  2.752425478149E-002 -9.759902507569E-003  3.274755523535E-003
  8.394483506327E+000  2.592737034101E-002 -9.222077059357E-003  3.117532747893E-003
  8.567612086926E+000  2.437669598213E-002 -8.696013399366E-003  2.960430296353E-003
  8.745764335025E+000  2.287362667015E-002 -8.182615552060E-003  2.804080860323E-003
  8.929136229160E+000  2.141943171210E-002 -7.682730399096E-003  2.649089828843E-003
  9.117933401693E+000  2.001524729766E-002 -7.197143467630E-003  2.496032509187E-003
  9.312371715124E+000  1.866206954046E-002 -6.726575004749E-003  2.345451511439E-003
  9.512677878945E+000  1.736074810023E-002 -6.271676385114E-003  2.197854326628E-003
  9.719090110332E+000  1.611198046612E-002 -5.833026898187E-003  2.053711128017E-003
  9.931858842267E+000  1.491630697959E-002 -5.411130959940E-003  1.913452824642E-003
  1.015124748302E+001  1.377410667251E-002 -5.006415791499E-003  1.777469394925E-003
  1.037753323129E+001  1.268559399227E-002 -4.619229603912E-003  1.646108526338E-003
  1.061100795175E+001  1.165081647983E-002 -4.249840323881E-003  1.519674584456E-003
  1.085197911611E+001  1.066965346060E-002 -3.898434890164E-003  1.398427931393E-003
  1.110077081537E+001  9.741815799867E-003 -3.565119144189E-003  1.282584609596E-003
  1.135772484956E+001  8.866846765451E-003 -3.249918331503E-003  1.172316402259E-003
  1.162320190175E+001  8.044124030480E-003 -2.952778222996E-003  1.067751276269E-003
  1.189758280382E+001  7.272862837992E-003 -2.673566856552E-003  9.689742078236E-004
  1.218126990242E+001  6.552120337523E-003 -2.412076891077E-003  8.760283845501E-004
  1.247468853413E+001  5.880801091614E-003 -2.168028555905E-003  7.889167715278E-004
  1.277828862002E+001  5.257663737665E-003 -1.941073169668E-003  7.076040219823E-004
  1.309254639077E+001  4.681328778018E-003 -1.730797193988E-003  6.320187069840E-004
  1.341796625462E+001  4.150287458715E-003 -1.536726779243E-003  5.620558323169E-004
  1.375508282195E+001  3.662911685314E-003 -1.358332752224E-003  4.975796050931E-004
  1.410446310162E+001  3.217464912607E-003 -1.195035989181E-003  4.384264078607E-004
  1.446670888596E+001  2.812113934135E-003 -1.046213112669E-003  3.844079341298E-004
  1.484245934302E+001  2.444941487129E-003 -9.112024469054E-004  3.353144365993E-004
  1.523239383723E+001  2.113959578825E-003 -7.893101642431E-004  2.909180380808E-004
  1.563723500136E+001  1.817123430928E-003 -6.798165547516E-004  2.509760552796E-004
  1.605775208607E+001  1.552345930006E-003 -5.819823517944E-004  2.152342872470E-004
  1.649476461582E+001  1.317512462640E-003 -4.950550486695E-004  1.834302234223E-004
  1.694914638379E+001  1.110496004781E-003 -4.182751445864E-004  1.552961306104E-004
  1.742182982203E+001  9.291723247101E-004 -3.508822621093E-004  1.305619837581E-004
  1.791381078784E+001  7.714351480458E-004 -2.921210822696E-004  1.089582117108E-004
  1.842615381215E+001  6.352111211948E-004 -2.412470473786E-004  9.021823585122E-005
  1.895999786176E+001  5.184743967770E-004 -1.975317847106E-004  7.408078622547E-005
  1.951656267356E+001  4.192606511760E-004 -1.602682063045E-004  6.029198599489E-005
  2.009715572669E+001  3.356803314399E-004 -1.287752409398E-004  4.860720039061E-005
  2.070317992707E+001  2.659309175045E-004 -1.024021538483E-004  3.879265044008E-005
  2.133614208874E+001  2.083079779065E-004 -8.053240819035E-005  3.062679434756E-005
  2.199766230782E+001  1.612147949173E-004 -6.258702028207E-005  2.390148047447E-005
  2.268948433818E+001  1.231703407565E-004 -4.802735883796E-005  1.842287550791E-005
  2.341348709294E+001  9.281540268106E-005 -3.635733817814E-005  1.401216996425E-005
  2.417169741362E+001  6.891668345289E-005 -2.712495765525E-005  1.050606117966E-005
  2.496630426925E+001  5.036874651836E-005 -1.992314572201E-005  7.757012073538E-006
  2.579967457140E+001  3.619373266826E-005 -1.438987812038E-005  5.633282984663E-006
  2.667437081864E+001  2.553884605326E-005 -1.020755625869E-005  4.018734491284E-006
  2.759317081651E+001  1.767168952180E-005 -7.101653961271E-006  2.812401889190E-006
  2.855908975674E+001  1.197361777575E-005 -4.838667636942E-006  1.927847186952E-006
  2.957540498378E+001  7.931365503345E-006 -3.223434853423E-006  1.292301966461E-006
  3.064568382919E+001  5.127288821382E-006 -2.095916823856E-006  8.456236900060E-007
  3.177381495601E+001  3.228623838171E-006 -1.327568281896E-006  5.390980274111E-007
  3.296404372807E+001  1.976208192108E-006 -8.174402493909E-007  3.341292177501E-007
  3.422101220608E+001  1.173123934508E-006 -4.881741229176E-007  2.008679179076E-007
  3.554980447538E+001  6.736998383223E-007 -2.820469465173E-007  1.168300753700E-007
  3.695599813319E+001  3.732585804447E-007 -1.572166249800E-007  6.556011479034E-008
  3.844572291106E+001  1.989138439433E-007 -8.429274999166E-008  3.538676666256E-008
  4.002572758518E+001  1.016226288638E-007 -4.332598788575E-008  1.831054841181E-008
  4.170345654134E+001  4.959014182703E-008 -2.127042981634E-008  9.049321836265E-009
  4.348713762001E+001  2.302084440407E-008 -9.933656101304E-009  4.254150961396E-009
  4.538588318162E+001  1.012092254300E-008 -4.393325935030E-009  1.893788043592E-009
  4.740980671574E+001  4.193043740172E-009 -1.830886582250E-009  7.943234385376E-010
  4.957015778746E+001  1.627957843954E-009 -7.149939532655E-010  3.121723183796E-010
  5.187947869225E+001  5.886786723415E-010 -2.600331275318E-010  1.142430441866E-010
  5.435178690397E+001  1.968953240732E-010 -8.746552289946E-011  3.866299693281E-011
  5.700278828629E+001  6.044394443753E-011 -2.699987225765E-011  1.200666453739E-011
  5.985012714155E+001  1.688312193234E-011 -7.582669354130E-012  3.391766557135E-012
  6.291368055481E+001  4.248915171495E-012 -1.918483237948E-012  8.630644790881E-013
  6.621590623276E+001  9.528334933776E-013 -4.324691648239E-013  1.956399766960E-013
  6.978225524452E+001  1.880244967811E-013 -8.577409608485E-014  3.901302992026E-014
  7.364166388185E+001  3.218588974643E-014 -1.475551371476E-014  6.746697417763E-015
  7.782714245929E+001  4.702066371317E-015 -2.166040666342E-015  9.954466045745E-016
  8.237648351994E+001  5.754041605523E-016 -2.663057335792E-016  1.229919188877E-016
  8.733311794502E+001  5.772880270738E-017 -2.683918478953E-017  1.245488554494E-017
  9.274715535088E+001  4.632147346645E-018 -2.163052964352E-018  1.008419628100E-018
  9.867665554529E+001  2.888439288331E-019 -1.354547414940E-019  6.343096866595E-020
  1.051891916055E+002  1.353642258114E-020 -6.374098938097E-021  2.997701113690E-021
  1.123637836013E+002  4.584614411607E-022 -2.167400374678E-022  1.023530449627E-022
  1.202933069206E+002  1.071685266474E-023 -5.085836938170E-024  2.411272469607E-024
  1.290875131414E+002  1.637418666842E-025 -7.799220533386E-026  3.711829274064E-026
  1.388768482001E+002  1.532751212050E-027 -7.326507974918E-028  3.499597708558E-028
  1.498173177370E+002  8.135237633630E-030 -3.901821089198E-030  1.870272424869E-030
  1.620967411853E+002  2.230202818879E-032 -1.073127711511E-032  5.161052544440E-033
  1.759428668168E+002  2.819988135851E-035 -1.361140225269E-035  6.567088699942E-036
  1.916340085825E+002  1.432163873839E-038 -6.933234669907E-039  3.355241178669E-039
  2.095131417987E+002  2.463208203719E-042 -1.195835588553E-042  5.803804194097E-043
  2.300068054477E+002  1.160389924083E-046 -5.648609838727E-047  2.748987881716E-047
  2.536507797910E+002  1.146776449455E-051 -5.596601069643E-052  2.730756857488E-052
  2.811254638474E+002  1.694263413015E-057 -8.288496112597E-058  4.054154016893E-058
  3.133053780630E+002  2.420537149947E-064 -1.186854920042E-064  5.818717350724E-065
  3.513296254502E+002  1.895573221998E-072 -9.314509155012E-073  4.576515194480E-073
  3.967041014107E+002  3.840957902331E-082 -1.891191568754E-082  9.311010421885E-083
  4.514529193350E+002  7.339068562055E-094 -3.620404586398E-094  1.785856784532E-094
  5.183481233601E+002  3.317476859149E-108 -1.639413214603E-108  8.101190703806E-109
  6.012676077950E+002  5.123715371167E-126 -2.536148146601E-126  1.255305324162E-126
  7.057700503752E+002  1.686761192234E-148 -8.361757376694E-149  4.145059592765E-149
  8.400513767914E+002  1.977801213029E-177 -9.818082497598E-178  4.873749036347E-178
  1.016602135495E+003  1.614907395708E-215 -8.026716762634E-216  3.989542682691E-216
  1.255220715579E+003  4.659560319823E-267 -2.318612430281E-267  1.153740195206E-267
  1.588815776243E+003  0.000000000000E+000  0.000000000000E+000  0.000000000000E+000
  2.075392011604E+003  0.000000000000E+000  0.000000000000E+000  0.000000000000E+000
  2.825079847528E+003  0.000000000000E+000  0.000000000000E+000  0.000000000000E+000
  4.068408296183E+003  0.000000000000E+000  0.000000000000E+000  0.000000000000E+000
  6.357262947672E+003  0.000000000000E+000  0.000000000000E+000  0.000000000000E+000
  1.130231930164E+004  0.000000000000E+000  0.000000000000E+000  0.000000000000E+000
  2.543105175136E+004  0.000000000000E+000  0.000000000000E+000  0.000000000000E+000
  1.017262069952E+005  0.000000000000E+000  0.000000000000E+000  0.000000000000E+000
