# 1st line: number of mesh points
# abcissa wavefunction wavefunction_1st wavefunction_2nd
500
# Principal QN=   1 , l=   1 , Occupation=   0.0000
  9.830308526563E-006  4.449682723732E-006  4.526436217748E-001 -1.164560762089E+000
  3.932200719722E-005  1.779840559039E-005  4.526092781641E-001 -1.164475020289E+000
  8.847741541467E-005  4.004519264529E-005  4.525520414312E-001 -1.164332124414E+000
  1.573003992805E-004  7.118841715950E-005  4.524719155040E-001 -1.164132085152E+000
  2.457963722418E-004  1.112258014235E-004  4.523689058821E-001 -1.163874917466E+000
  3.539722959954E-004  1.601544164578E-004  4.522430196372E-001 -1.163560640595E+000
  4.818366816529E-004  2.179706816420E-004  4.520942654140E-001 -1.163189278051E+000
  6.293995911626E-004  2.846703642600E-004  4.519226534313E-001 -1.162760857622E+000
  7.966726389935E-004  3.602485789645E-004  4.517281954828E-001 -1.162275411370E+000
  9.836689940782E-004  4.446997871582E-004  4.515109049381E-001 -1.161732975632E+000
  1.190403382016E-003  5.380177962930E-004  4.512707967447E-001 -1.161133591017E+000
  1.416892087541E-003  6.401957590880E-004  4.510078874290E-001 -1.160477302410E+000
  1.663152957245E-003  7.512261726648E-004  4.507221950983E-001 -1.159764158968E+000
  1.929205402573E-003  8.711008776018E-004  4.504137394424E-001 -1.158994214121E+000
  2.215070403073E-003  9.998110569070E-004  4.500825417361E-001 -1.158167525572E+000
  2.520770509919E-003  1.137347234909E-003  4.497286248409E-001 -1.157284155297E+000
  2.846329849692E-003  1.283699276070E-003  4.493520132075E-001 -1.156344169541E+000
  3.191774128432E-003  1.438856383710E-003  4.489527328785E-001 -1.155347638824E+000
  3.557130635959E-003  1.602807098664E-003  4.485308114910E-001 -1.154294637935E+000
  3.942428250463E-003  1.775539297845E-003  4.480862782792E-001 -1.153185245933E+000
  4.347697443358E-003  1.957040192738E-003  4.476191640778E-001 -1.152019546148E+000
  4.772970284417E-003  2.147296327807E-003  4.471295013250E-001 -1.150797626180E+000
  5.218280447175E-003  2.346293578827E-003  4.466173240655E-001 -1.149519577896E+000
  5.683663214611E-003  2.554017151137E-003  4.460826679546E-001 -1.148185497433E+000
  6.169155485101E-003  2.770451577814E-003  4.455255702614E-001 -1.146795485195E+000
  6.674795778653E-003  2.995580717767E-003  4.449460698728E-001 -1.145349645855E+000
  7.200624243425E-003  3.229387753760E-003  4.443442072973E-001 -1.143848088352E+000
  7.746682662519E-003  3.471855190348E-003  4.437200246696E-001 -1.142290925890E+000
  8.313014461060E-003  3.722964851745E-003  4.430735657542E-001 -1.140678275941E+000
  8.899664713569E-003  3.982697879616E-003  4.424048759503E-001 -1.139010260241E+000
  9.506680151615E-003  4.251034730784E-003  4.417140022966E-001 -1.137287004792E+000
  1.013410917176E-002  4.527955174875E-003  4.410009934754E-001 -1.135508639860E+000
  1.078200184380E-002  4.813438291881E-003  4.402658998182E-001 -1.133675299974E+000
  1.145040991929E-002  5.107462469649E-003  4.395087733105E-001 -1.131787123928E+000
  1.213938684040E-002  5.410005401302E-003  4.387296675971E-001 -1.129844254778E+000
  1.284898774901E-002  5.721044082582E-003  4.379286379876E-001 -1.127846839844E+000
  1.357926949620E-002  6.040554809130E-003  4.371057414617E-001 -1.125795030707E+000
  1.433029065191E-002  6.368513173681E-003  4.362610366753E-001 -1.123688983211E+000
  1.510211151509E-002  6.704894063206E-003  4.353945839661E-001 -1.121528857463E+000
  1.589479412397E-002  7.049671655971E-003  4.345064453598E-001 -1.119314817830E+000
  1.670840226680E-002  7.402819418536E-003  4.335966845763E-001 -1.117047032941E+000
  1.754300149280E-002  7.764310102685E-003  4.326653670360E-001 -1.114725675688E+000
  1.839865912351E-002  8.134115742283E-003  4.317125598662E-001 -1.112350923222E+000
  1.927544426443E-002  8.512207650080E-003  4.307383319081E-001 -1.109922956958E+000
  2.017342781695E-002  8.898556414438E-003  4.297427537233E-001 -1.107441962572E+000
  2.109268249069E-002  9.293131896002E-003  4.287258976010E-001 -1.104908130000E+000
  2.203328281612E-002  9.695903224308E-003  4.276878375650E-001 -1.102321653444E+000
  2.299530515754E-002  1.010683879433E-002  4.266286493810E-001 -1.099682731366E+000
  2.397882772639E-002  1.052590626295E-002  4.255484105641E-001 -1.096991566492E+000
  2.498393059493E-002  1.095307254542E-002  4.244472003861E-001 -1.094248365812E+000
  2.601069571024E-002  1.138830381169E-002  4.233250998839E-001 -1.091453340580E+000
  2.705920690860E-002  1.183156548274E-002  4.221821918666E-001 -1.088606706316E+000
  2.812954993023E-002  1.228282222686E-002  4.210185609241E-001 -1.085708682806E+000
  2.922181243436E-002  1.274203795580E-002  4.198342934347E-001 -1.082759494104E+000
  3.033608401473E-002  1.320917582099E-002  4.186294775742E-001 -1.079759368532E+000
  3.147245621542E-002  1.368419820959E-002  4.174042033236E-001 -1.076708538683E+000
  3.263102254705E-002  1.416706674057E-002  4.161585624782E-001 -1.073607241420E+000
  3.381187850339E-002  1.465774226071E-002  4.148926486562E-001 -1.070455717883E+000
  3.501512157837E-002  1.515618484055E-002  4.136065573073E-001 -1.067254213485E+000
  3.624085128345E-002  1.566235377034E-002  4.123003857222E-001 -1.064002977915E+000
  3.748916916538E-002  1.617620755589E-002  4.109742330415E-001 -1.060702265145E+000
  3.876017882444E-002  1.669770391440E-002  4.096282002649E-001 -1.057352333427E+000
  4.005398593302E-002  1.722679977031E-002  4.082623902607E-001 -1.053953445299E+000
  4.137069825459E-002  1.776345125097E-002  4.068769077755E-001 -1.050505867586E+000
  4.271042566323E-002  1.830761368247E-002  4.054718594437E-001 -1.047009871406E+000
  4.407328016341E-002  1.885924158528E-002  4.040473537971E-001 -1.043465732169E+000
  4.545937591035E-002  1.941828866993E-002  4.026035012753E-001 -1.039873729585E+000
  4.686882923075E-002  1.998470783264E-002  4.011404142354E-001 -1.036234147663E+000
  4.830175864396E-002  2.055845115098E-002  3.996582069621E-001 -1.032547274721E+000
  4.975828488365E-002  2.113946987940E-002  3.981569956783E-001 -1.028813403387E+000
  5.123853091993E-002  2.172771444489E-002  3.966368985549E-001 -1.025032830603E+000
  5.274262198188E-002  2.232313444246E-002  3.950980357221E-001 -1.021205857631E+000
  5.427068558066E-002  2.292567863072E-002  3.935405292791E-001 -1.017332790061E+000
  5.582285153302E-002  2.353529492742E-002  3.919645033053E-001 -1.013413937810E+000
  5.739925198530E-002  2.415193040500E-002  3.903700838712E-001 -1.009449615136E+000
  5.900002143803E-002  2.477553128604E-002  3.887573990486E-001 -1.005440140638E+000
  6.062529677088E-002  2.540604293886E-002  3.871265789224E-001 -1.001385837266E+000
  6.227521726827E-002  2.604340987298E-002  3.854777556009E-001 -9.972870323277E-001
  6.394992464542E-002  2.668757573471E-002  3.838110632274E-001 -9.931440574931E-001
  6.564956307496E-002  2.733848330263E-002  3.821266379911E-001 -9.889572488060E-001
  6.737427921404E-002  2.799607448315E-002  3.804246181386E-001 -9.847269466903E-001
  6.912422223211E-002  2.866029030612E-002  3.787051439849E-001 -9.804534959585E-001
  7.089954383907E-002  2.933107092034E-002  3.769683579251E-001 -9.761372458211E-001
  7.270039831418E-002  3.000835558924E-002  3.752144044455E-001 -9.717785498960E-001
  7.452694253540E-002  3.069208268644E-002  3.734434301354E-001 -9.673777662182E-001
  7.637933600943E-002  3.138218969148E-002  3.716555836984E-001 -9.629352572501E-001
  7.825774090225E-002  3.207861318550E-002  3.698510159638E-001 -9.584513898921E-001
  8.016232207035E-002  3.278128884698E-002  3.680298798985E-001 -9.539265354945E-001
  8.209324709253E-002  3.349015144753E-002  3.661923306183E-001 -9.493610698683E-001
  8.405068630235E-002  3.420513484772E-002  3.643385253995E-001 -9.447553732981E-001
  8.603481282122E-002  3.492617199300E-002  3.624686236908E-001 -9.401098305544E-001
  8.804580259214E-002  3.565319490962E-002  3.605827871244E-001 -9.354248309071E-001
  9.008383441408E-002  3.638613470068E-002  3.586811795277E-001 -9.307007681392E-001
  9.214908997710E-002  3.712492154221E-002  3.567639669351E-001 -9.259380405607E-001
  9.424175389809E-002  3.786948467930E-002  3.548313175992E-001 -9.211370510242E-001
  9.636201375725E-002  3.861975242240E-002  3.528834020023E-001 -9.162982069393E-001
  9.851006013526E-002  3.937565214362E-002  3.509203928678E-001 -9.114219202896E-001
  1.006860866512E-001  4.013711027318E-002  3.489424651716E-001 -9.065086076482E-001
  1.028902900012E-001  4.090405229591E-002  3.469497961531E-001 -9.015586901955E-001
  1.051228699979E-001  4.167640274789E-002  3.449425653267E-001 -8.965725937366E-001
  1.073840296104E-001  4.245408521321E-002  3.429209544924E-001 -8.915507487195E-001
  1.096739750056E-001  4.323702232081E-002  3.408851477473E-001 -8.864935902541E-001
  1.119929155896E-001  4.402513574148E-002  3.388353314956E-001 -8.814015581316E-001
  1.143410640503E-001  4.481834618499E-002  3.367716944600E-001 -8.762750968446E-001
  1.167186364011E-001  4.561657339734E-002  3.346944276919E-001 -8.711146556076E-001
  1.191258520249E-001  4.641973615814E-002  3.326037245813E-001 -8.659206883788E-001
  1.215629337189E-001  4.722775227824E-002  3.304997808677E-001 -8.606936538814E-001
  1.240301077413E-001  4.804053859737E-002  3.283827946494E-001 -8.554340156263E-001
  1.265276038575E-001  4.885801098213E-002  3.262529663934E-001 -8.501422419358E-001
  1.290556553882E-001  4.968008432396E-002  3.241104989447E-001 -8.448188059667E-001
  1.316144992580E-001  5.050667253749E-002  3.219555975357E-001 -8.394641857348E-001
  1.342043760450E-001  5.133768855893E-002  3.197884697950E-001 -8.340788641403E-001
  1.368255300316E-001  5.217304434477E-002  3.176093257559E-001 -8.286633289932E-001
  1.394782092560E-001  5.301265087064E-002  3.154183778647E-001 -8.232180730393E-001
  1.421626655646E-001  5.385641813040E-002  3.132158409887E-001 -8.177435939875E-001
  1.448791546661E-001  5.470425513545E-002  3.110019324237E-001 -8.122403945367E-001
  1.476279361856E-001  5.555606991434E-002  3.087768719012E-001 -8.067089824043E-001
  1.504092737207E-001  5.641176951256E-002  3.065408815951E-001 -8.011498703543E-001
  1.532234348983E-001  5.727125999259E-002  3.042941861282E-001 -7.955635762269E-001
  1.560706914324E-001  5.813444643433E-002  3.020370125778E-001 -7.899506229678E-001
  1.589513191834E-001  5.900123293563E-002  2.997695904811E-001 -7.843115386583E-001
  1.618655982178E-001  5.987152261329E-002  2.974921518404E-001 -7.786468565465E-001
  1.648138128702E-001  6.074521760427E-002  2.952049311268E-001 -7.729571150780E-001
  1.677962518056E-001  6.162221906718E-002  2.929081652845E-001 -7.672428579276E-001
  1.708132080832E-001  6.250242718422E-002  2.906020937335E-001 -7.615046340315E-001
  1.738649792215E-001  6.338574116332E-002  2.882869583723E-001 -7.557429976196E-001
  1.769518672648E-001  6.427205924073E-002  2.859630035796E-001 -7.499585082484E-001
  1.800741788507E-001  6.516127868390E-002  2.836304762157E-001 -7.441517308341E-001
  1.832322252791E-001  6.605329579479E-002  2.812896256221E-001 -7.383232356862E-001
  1.864263225826E-001  6.694800591350E-002  2.789407036222E-001 -7.324735985407E-001
  1.896567915983E-001  6.784530342236E-002  2.765839645188E-001 -7.266034005948E-001
  1.929239580409E-001  6.874508175043E-002  2.742196650933E-001 -7.207132285402E-001
  1.962281525771E-001  6.964723337831E-002  2.718480646017E-001 -7.148036745978E-001
  1.995697109023E-001  7.055164984357E-002  2.694694247713E-001 -7.088753365514E-001
  2.029489738173E-001  7.145822174645E-002  2.670840097955E-001 -7.029288177828E-001
  2.063662873085E-001  7.236683875616E-002  2.646920863281E-001 -6.969647273049E-001
  2.098220026275E-001  7.327738961756E-002  2.622939234763E-001 -6.909836797965E-001
  2.133164763746E-001  7.418976215837E-002  2.598897927927E-001 -6.849862956358E-001
  2.168500705817E-001  7.510384329692E-002  2.574799682658E-001 -6.789732009341E-001
  2.204231527988E-001  7.601951905031E-002  2.550647263100E-001 -6.729450275687E-001
  2.240360961807E-001  7.693667454323E-002  2.526443457537E-001 -6.669024132160E-001
  2.276892795770E-001  7.785519401722E-002  2.502191078263E-001 -6.608460013837E-001
  2.313830876220E-001  7.877496084056E-002  2.477892961439E-001 -6.547764414417E-001
  2.351179108282E-001  7.969585751868E-002  2.453551966938E-001 -6.486943886541E-001
  2.388941456809E-001  8.061776570523E-002  2.429170978168E-001 -6.426005042080E-001
  2.427121947345E-001  8.154056621364E-002  2.404752901892E-001 -6.364954552436E-001
  2.465724667110E-001  8.246413902942E-002  2.380300668018E-001 -6.303799148815E-001
  2.504753766009E-001  8.338836332303E-002  2.355817229384E-001 -6.242545622496E-001
  2.544213457654E-001  8.431311746338E-002  2.331305561519E-001 -6.181200825090E-001
  2.584108020414E-001  8.523827903200E-002  2.306768662391E-001 -6.119771668776E-001
  2.624441798480E-001  8.616372483797E-002  2.282209552137E-001 -6.058265126528E-001
  2.665219202956E-001  8.708933093338E-002  2.257631272765E-001 -5.996688232319E-001
  2.706444712976E-001  8.801497262964E-002  2.233036887851E-001 -5.935048081311E-001
  2.748122876832E-001  8.894052451442E-002  2.208429482203E-001 -5.873351830024E-001
  2.790258313137E-001  8.986586046936E-002  2.183812161514E-001 -5.811606696476E-001
  2.832855712010E-001  9.079085368851E-002  2.159188051982E-001 -5.749819960306E-001
  2.875919836279E-001  9.171537669754E-002  2.134560299922E-001 -5.687998962872E-001
  2.919455522717E-001  9.263930137372E-002  2.109932071341E-001 -5.626151107310E-001
  2.963467683296E-001  9.356249896666E-002  2.085306551501E-001 -5.564283858580E-001
  3.007961306479E-001  9.448484011990E-002  2.060686944447E-001 -5.502404743461E-001
  3.052941458522E-001  9.540619489322E-002  2.036076472518E-001 -5.440521350530E-001
  3.098413284823E-001  9.632643278590E-002  2.011478375827E-001 -5.378641330090E-001
  3.144382011281E-001  9.724542276068E-002  1.986895911716E-001 -5.316772394069E-001
  3.190852945695E-001  9.816303326868E-002  1.962332354184E-001 -5.254922315870E-001
  3.237831479192E-001  9.907913227505E-002  1.937790993286E-001 -5.193098930185E-001
  3.285323087679E-001  9.999358728560E-002  1.913275134501E-001 -5.131310132756E-001
  3.333333333333E-001  1.009062653742E-001  1.888788098072E-001 -5.069563880090E-001
  3.381867866117E-001  1.018170332112E-001  1.864333218313E-001 -5.007868189122E-001
  3.430932425333E-001  1.027257570926E-001  1.839913842890E-001 -4.946231136823E-001
  3.480532841203E-001  1.036323029701E-001  1.815533332061E-001 -4.884660859751E-001
  3.530675036492E-001  1.045365364820E-001  1.791195057890E-001 -4.823165553540E-001
  3.581365028158E-001  1.054383229856E-001  1.766902403419E-001 -4.761753472324E-001
  3.632608929041E-001  1.063375275894E-001  1.742658761817E-001 -4.700432928099E-001
  3.684412949588E-001  1.072340151873E-001  1.718467535480E-001 -4.639212290009E-001
  3.736783399619E-001  1.081276504929E-001  1.694332135101E-001 -4.578099983560E-001
  3.789726690123E-001  1.090182980751E-001  1.670255978704E-001 -4.517104489759E-001
  3.843249335105E-001  1.099058223948E-001  1.646242490636E-001 -4.456234344170E-001
  3.897357953460E-001  1.107900878421E-001  1.622295100519E-001 -4.395498135883E-001
  3.952059270903E-001  1.116709587742E-001  1.598417242171E-001 -4.334904506402E-001
  4.007360121927E-001  1.125482995551E-001  1.574612352470E-001 -4.274462148433E-001
  4.063267451812E-001  1.134219745953E-001  1.550883870196E-001 -4.214179804581E-001
  4.119788318683E-001  1.142918483928E-001  1.527235234812E-001 -4.154066265946E-001
  4.176929895600E-001  1.151577855747E-001  1.503669885221E-001 -4.094130370614E-001
  4.234699472710E-001  1.160196509400E-001  1.480191258458E-001 -4.034381002041E-001
  4.293104459435E-001  1.168773095027E-001  1.456802788360E-001 -3.974827087326E-001
  4.352152386716E-001  1.177306265365E-001  1.433507904173E-001 -3.915477595364E-001
  4.411850909306E-001  1.185794676192E-001  1.410310029124E-001 -3.856341534883E-001
  4.472207808110E-001  1.194236986791E-001  1.387212578943E-001 -3.797427952354E-001
  4.533230992589E-001  1.202631860410E-001  1.364218960338E-001 -3.738745929767E-001
  4.594928503202E-001  1.210977964737E-001  1.341332569427E-001 -3.680304582287E-001
  4.657308513924E-001  1.219273972377E-001  1.318556790113E-001 -3.622113055754E-001
  4.720379334802E-001  1.227518561338E-001  1.295894992427E-001 -3.564180524057E-001
  4.784149414579E-001  1.235710415522E-001  1.273350530805E-001 -3.506516186351E-001
  4.848627343381E-001  1.243848225221E-001  1.250926742326E-001 -3.449129264127E-001
  4.913821855461E-001  1.251930687617E-001  1.228626944903E-001 -3.392028998125E-001
  4.979741832006E-001  1.259956507291E-001  1.206454435422E-001 -3.335224645091E-001
  5.046396304008E-001  1.267924396732E-001  1.184412487829E-001 -3.278725474364E-001
  5.113794455212E-001  1.275833076849E-001  1.162504351173E-001 -3.222540764300E-001
  5.181945625116E-001  1.283681277487E-001  1.140733247600E-001 -3.166679798522E-001
  5.250859312060E-001  1.291467737948E-001  1.119102370295E-001 -3.111151861992E-001
  5.320545176366E-001  1.299191207506E-001  1.097614881379E-001 -3.055966236905E-001
  5.391013043575E-001  1.306850445931E-001  1.076273909759E-001 -3.001132198398E-001
  5.462272907741E-001  1.314444224008E-001  1.055082548926E-001 -2.946659010070E-001
  5.534334934816E-001  1.321971324054E-001  1.034043854711E-001 -2.892555919314E-001
  5.607209466109E-001  1.329430540437E-001  1.013160842995E-001 -2.838832152449E-001
  5.680907021827E-001  1.336820680087E-001  9.924364873688E-002 -2.785496909657E-001
  5.755438304707E-001  1.344140563010E-001  9.718737167584E-002 -2.732559359723E-001
  5.830814203728E-001  1.351389022788E-001  9.514754129990E-002 -2.680028634563E-001
  5.907045797917E-001  1.358564907082E-001  9.312444083722E-002 -2.627913823552E-001
  5.984144360243E-001  1.365667078120E-001  9.111834831025E-002 -2.576223967644E-001
  6.062121361613E-001  1.372694413179E-001  8.912953628160E-002 -2.524968053277E-001
  6.140988474955E-001  1.379645805061E-001  8.715827159628E-002 -2.474155006074E-001
  6.220757579409E-001  1.386520162551E-001  8.520481512048E-002 -2.423793684323E-001
  6.301440764614E-001  1.393316410867E-001  8.326942147728E-002 -2.373892872253E-001
  6.383050335109E-001  1.400033492093E-001  8.135233877931E-002 -2.324461273086E-001
  6.465598814833E-001  1.406670365597E-001  7.945380835879E-002 -2.275507501884E-001
  6.549098951744E-001  1.413226008433E-001  7.757406449515E-002 -2.227040078182E-001
  6.633563722545E-001  1.419699415722E-001  7.571333414063E-002 -2.179067418403E-001
  6.719006337539E-001  1.426089601012E-001  7.387183664404E-002 -2.131597828073E-001
  6.805440245593E-001  1.432395596614E-001  7.204978347323E-002 -2.084639493818E-001
  6.892879139233E-001  1.438616453920E-001  7.024737793650E-002 -2.038200475168E-001
  6.981336959871E-001  1.444751243685E-001  6.846481490338E-002 -1.992288696151E-001
  7.070827903152E-001  1.450799056285E-001  6.670228052534E-002 -1.946911936691E-001
  7.161366424455E-001  1.456759001945E-001  6.495995195667E-002 -1.902077823823E-001
  7.252967244510E-001  1.462630210933E-001  6.323799707626E-002 -1.857793822712E-001
  7.345645355186E-001  1.468411833718E-001  6.153657421056E-002 -1.814067227500E-001
  7.439416025400E-001  1.474103041091E-001  5.985583185848E-002 -1.770905151978E-001
  7.534294807203E-001  1.479703024247E-001  5.819590841863E-002 -1.728314520097E-001
  7.630297542000E-001  1.485210994825E-001  5.655693191960E-002 -1.686302056322E-001
  7.727440366954E-001  1.490626184901E-001  5.493901975394E-002 -1.644874275847E-001
  7.825739721536E-001  1.495947846936E-001  5.334227841630E-002 -1.604037474676E-001
  7.925212354258E-001  1.501175253674E-001  5.176680324676E-002 -1.563797719580E-001
  8.025875329584E-001  1.506307697987E-001  5.021267817976E-002 -1.524160837955E-001
  8.127746035011E-001  1.511344492668E-001  4.867997549952E-002 -1.485132407577E-001
  8.230842188350E-001  1.516284970159E-001  4.716875560280E-002 -1.446717746296E-001
  8.335181845190E-001  1.521128482230E-001  4.567906676964E-002 -1.408921901650E-001
  8.440783406568E-001  1.525874399585E-001  4.421094494311E-002 -1.371749640455E-001
  8.547665626839E-001  1.530522111405E-001  4.276441351880E-002 -1.335205438363E-001
  8.655847621758E-001  1.535071024828E-001  4.133948314503E-002 -1.299293469414E-001
  8.765348876780E-001  1.539520564353E-001  3.993615153469E-002 -1.264017595617E-001
  8.876189255584E-001  1.543870171167E-001  3.855440328970E-002 -1.229381356563E-001
  8.988389008829E-001  1.548119302405E-001  3.719420973900E-002 -1.195387959112E-001
  9.101968783143E-001  1.552267430320E-001  3.585552879114E-002 -1.162040267161E-001
  9.216949630368E-001  1.556314041383E-001  3.453830480253E-002 -1.129340791538E-001
  9.333353017046E-001  1.560258635288E-001  3.324246846226E-002 -1.097291680043E-001
  9.451200834176E-001  1.564100723874E-001  3.196793669480E-002 -1.065894707653E-001
  9.570515407237E-001  1.567839829964E-001  3.071461258145E-002 -1.035151266947E-001
  9.691319506484E-001  1.571475486102E-001  2.948238530172E-002 -1.005062358756E-001
  9.813636357544E-001  1.575007233204E-001  2.827113009586E-002 -9.756285830894E-002
  9.937489652293E-001  1.578434619109E-001  2.708070824948E-002 -9.468501303659E-002
  1.006290356005E+000  1.581757197040E-001  2.591096710160E-002 -9.187267729817E-002
  1.018990273907E+000  1.584974523953E-001  2.476174007705E-002 -8.912578572564E-002
  1.031851234841E+000  1.588086158795E-001  2.363284674457E-002 -8.644422957919E-002
  1.044875806003E+000  1.591091660662E-001  2.252409290158E-002 -8.382785602842E-002
  1.058066607138E+000  1.593990586840E-001  2.143527068683E-002 -8.127646748256E-002
  1.071426311823E+000  1.596782490760E-001  2.036615872198E-002 -7.878982097398E-002
  1.084957648792E+000  1.599466919831E-001  1.931652228326E-002 -7.636762759883E-002
  1.098663403298E+000  1.602043413182E-001  1.828611350422E-002 -7.400955201923E-002
  1.112546418516E+000  1.604511499290E-001  1.727467161061E-002 -7.171521203091E-002
  1.126609596985E+000  1.606870693509E-001  1.628192318840E-002 -6.948417820091E-002
  1.140855902095E+000  1.609120495489E-001  1.530758248589E-002 -6.731597357917E-002
  1.155288359613E+000  1.611260386499E-001  1.435135175079E-002 -6.521007348873E-002
  1.169910059257E+000  1.613289826647E-001  1.341292160316E-002 -6.316590539840E-002
  1.184724156317E+000  1.615208251994E-001  1.249197144493E-002 -6.118284888243E-002
  1.199733873325E+000  1.617015071584E-001  1.158816990671E-002 -5.926023567120E-002
  1.214942501771E+000  1.618709664371E-001  1.070117533265E-002 -5.739734979711E-002
  1.230353403874E+000  1.620291376059E-001  9.830636303628E-003 -5.559342783971E-002
  1.245970014403E+000  1.621759515855E-001  8.976192199507E-003 -5.384765927395E-002
  1.261795842559E+000  1.623113353146E-001  8.137473800546E-003 -5.215918692540E-002
  1.277834473907E+000  1.624352114094E-001  7.314103928351E-003 -5.052710753596E-002
  1.294089572372E+000  1.625474978164E-001  6.505698126380E-003 -4.895047244364E-002
  1.310564882294E+000  1.626481074591E-001  5.711865379997E-003 -4.742828837946E-002
  1.327264230548E+000  1.627369478792E-001  4.932208875888E-003 -4.595951838458E-002
  1.344191528724E+000  1.628139208725E-001  4.166326800518E-003 -4.454308285032E-002
  1.361350775387E+000  1.628789221218E-001  3.413813177126E-003 -4.317786068341E-002
  1.378746058390E+000  1.629318408266E-001  2.674258740610E-003 -4.186269059856E-002
  1.396381557275E+000  1.629725593307E-001  1.947251849455E-003 -4.059637254013E-002
  1.414261545744E+000  1.630009527500E-001  1.232379433677E-003 -3.937766923397E-002
  1.432390394201E+000  1.630168886000E-001  5.292279775615E-004 -3.820530787053E-002
  1.450772572390E+000  1.630202264259E-001 -1.626154642396E-004 -3.707798191944E-002
  1.469412652102E+000  1.630108174357E-001 -8.435622188884E-004 -3.599435307550E-002
  1.488315309978E+000  1.629885041381E-001 -1.514020917687E-003 -3.495305333549E-002
  1.507485330398E+000  1.629531199869E-001 -2.174396390636E-003 -3.395268720449E-002
  1.526927608467E+000  1.629044890336E-001 -2.825088535549E-003 -3.299183402999E-002
  1.546647153093E+000  1.628424255892E-001 -3.466491164285E-003 -3.206905046126E-002
  1.566649090169E+000  1.627667338987E-001 -4.098990828896E-003 -3.118287303101E-002
  1.586938665861E+000  1.626772078281E-001 -4.722965630743E-003 -3.033182085545E-002
  1.607521250000E+000  1.625736305677E-001 -5.338784015866E-003 -2.951439844840E-002
  1.628402339588E+000  1.624557743532E-001 -5.946803560162E-003 -2.872909864413E-002
  1.649587562420E+000  1.623234002059E-001 -6.547369748146E-003 -2.797440562309E-002
  1.671082680832E+000  1.621762576962E-001 -7.140814749334E-003 -2.724879803376E-002
  1.692893595565E+000  1.620140847306E-001 -7.727456196517E-003 -2.655075220316E-002
  1.715026349769E+000  1.618366073661E-001 -8.307595970442E-003 -2.587874542776E-002
  1.737487133138E+000  1.616435396536E-001 -8.881518995620E-003 -2.523125933576E-002
  1.760282286187E+000  1.614345835135E-001 -9.449492052221E-003 -2.460678331088E-002
  1.783418304674E+000  1.612094286456E-001 -1.001176260921E-002 -2.400381796706E-002
  1.806901844175E+000  1.609677524755E-001 -1.056855768409E-002 -2.342087866275E-002
  1.830739724818E+000  1.607092201412E-001 -1.112008273470E-002 -2.285649904255E-002
  1.854938936184E+000  1.604334845215E-001 -1.166652058891E-002 -2.230923459357E-002
  1.879506642368E+000  1.601401863095E-001 -1.220803041784E-002 -2.177766620270E-002
  1.904450187236E+000  1.598289541337E-001 -1.274474675862E-002 -2.126040370092E-002
  1.929777099847E+000  1.594994047284E-001 -1.327677859279E-002 -2.075608937965E-002
  1.955495100083E+000  1.591511431582E-001 -1.380420848623E-002 -2.026340146387E-002
  1.981612104475E+000  1.587837630964E-001 -1.432709179689E-002 -1.978105752628E-002
  2.008136232230E+000  1.583968471615E-001 -1.484545595635E-002 -1.930781782611E-002
  2.035075811486E+000  1.579899673146E-001 -1.535929983122E-002 -1.884248855623E-002
  2.062439385788E+000  1.575626853180E-001 -1.586859317045E-002 -1.838392498147E-002
  2.090235720801E+000  1.571145532591E-001 -1.637327614438E-002 -1.793103445143E-002
  2.118473811262E+000  1.566451141413E-001 -1.687325898115E-002 -1.748277927052E-002
  2.147162888201E+000  1.561539025423E-001 -1.736842170615E-002 -1.703817940847E-002
  2.176312426413E+000  1.556404453446E-001 -1.785861398951E-002 -1.659631503427E-002
  2.205932152222E+000  1.551042625361E-001 -1.834365510683E-002 -1.615632885714E-002
  2.236032051522E+000  1.545448680852E-001 -1.882333401762E-002 -1.571742825846E-002
  2.266622378129E+000  1.539617708902E-001 -1.929740956570E-002 -1.527888719895E-002
  2.297713662445E+000  1.533544758039E-001 -1.976561080535E-002 -1.484004788641E-002
  2.329316720450E+000  1.527224847344E-001 -2.022763745662E-002 -1.440032218982E-002
  2.361442663038E+000  1.520652978222E-001 -2.068316049235E-002 -1.395919278682E-002
  2.394102905709E+000  1.513824146943E-001 -2.113182285936E-002 -1.351621403265E-002
  2.427309178642E+000  1.506733357942E-001 -2.157324033524E-002 -1.307101253972E-002
  2.461073537146E+000  1.499375637879E-001 -2.200700252166E-002 -1.262328745858E-002
  2.495408372530E+000  1.491746050448E-001 -2.243267397452E-002 -1.217281045249E-002
  2.530326423398E+000  1.483839711928E-001 -2.284979547038E-002 -1.171942535953E-002
  2.565840787378E+000  1.475651807444E-001 -2.325788540789E-002 -1.126304753771E-002
  2.601964933334E+000  1.467177607947E-001 -2.365644134218E-002 -1.080366289088E-002
  2.638712714049E+000  1.458412487854E-001 -2.404494164939E-002 -1.034132657471E-002
  2.676098379430E+000  1.449351943355E-001 -2.442284731758E-002 -9.876161384566E-003
  2.714136590232E+000  1.439991611334E-001 -2.478960385949E-002 -9.408355828912E-003
  2.752842432351E+000  1.430327288873E-001 -2.514464334197E-002 -8.938161894211E-003
  2.792231431696E+000  1.420354953309E-001 -2.548738652561E-002 -8.465892509565E-003
  2.832319569669E+000  1.410070782792E-001 -2.581724510783E-002 -7.991918721514E-003
  2.873123299289E+000  1.399471177300E-001 -2.613362406154E-002 -7.516666591690E-003
  2.914659561979E+000  1.388552780062E-001 -2.643592406081E-002 -7.040613832245E-003
  2.956945805065E+000  1.377312499335E-001 -2.672354398428E-002 -6.564286196109E-003
  3.000000000000E+000  1.365747530480E-001 -2.699588348637E-002 -6.088253641234E-003
  3.043840661365E+000  1.353855378263E-001 -2.725234562580E-002 -5.613126289912E-003
  3.088486866678E+000  1.341633879343E-001 -2.749233954008E-002 -5.139550206138E-003
  3.133958277047E+000  1.329081224849E-001 -2.771528315453E-002 -4.668203015614E-003
  3.180275158719E+000  1.316195982999E-001 -2.792060591377E-002 -4.199789394512E-003
  3.227458405560E+000  1.302977121679E-001 -2.810775152315E-002 -3.735036454379E-003
  3.275529562509E+000  1.289424030909E-001 -2.827618068776E-002 -3.274689051622E-003
  3.324510850077E+000  1.275536545113E-001 -2.842537383603E-002 -2.819505050790E-003
  3.374425189910E+000  1.261314965123E-001 -2.855483381523E-002 -2.370250571413E-003
  3.425296231502E+000  1.246760079829E-001 -2.866408854612E-002 -1.927695248387E-003
  3.477148380094E+000  1.231873187393E-001 -2.875269362404E-002 -1.492607535831E-003
  3.530006825834E+000  1.216656115941E-001 -2.882023485412E-002 -1.065750083975E-003
  3.583897574256E+000  1.201111243653E-001 -2.886633070860E-002 -6.478752179982E-004
  3.638847478148E+000  1.185241518152E-001 -2.889063469453E-002 -2.397205467094E-004
  3.694884270887E+000  1.169050475121E-001 -2.889283762092E-002  1.579952722723E-004
  3.752036601308E+000  1.152542256040E-001 -2.887266975466E-002  5.445765857607E-004
  3.810334070199E+000  1.135721624965E-001 -2.882990285551E-002  9.193545934276E-004
  3.869807268505E+000  1.118593984254E-001 -2.876435208095E-002  1.281690970246E-003
  3.930487817331E+000  1.101165389147E-001 -2.867587775249E-002  1.630981244093E-003
  3.992408409843E+000  1.083442561107E-001 -2.856438697602E-002  1.966657912156E-003
  4.055602855172E+000  1.065432899830E-001 -2.842983510923E-002  2.288193282408E-003
  4.120106124432E+000  1.047144493826E-001 -2.827222707044E-002  2.595102029217E-003
  4.185954398964E+000  1.028586129475E-001 -2.809161848339E-002  2.886943454941E-003
  4.253185120935E+000  1.009767298457E-001 -2.788811665396E-002  3.163323452243E-003
  4.321837046422E+000  9.906982034709E-002 -2.766188137500E-002  3.423896164666E-003
  4.391950301120E+000  9.713897621123E-002 -2.741312555651E-002  3.668365345795E-003
  4.463566438835E+000  9.518536088401E-002 -2.714211567876E-002  3.896485419933E-003
  4.536728502895E+000  9.321020949037E-002 -2.684917206667E-002  4.108062249728E-003
  4.611481090679E+000  9.121482861345E-002 -2.653466898424E-002  4.302953618439E-003
  4.687870421430E+000  8.920059584905E-002 -2.619903454793E-002  4.481069436543E-003
  4.765944407533E+000  8.716895912447E-002 -2.584275045851E-002  4.642371684164E-003
  4.845752729492E+000  8.512143577051E-002 -2.546635155082E-002  4.786874102207E-003
  4.927346914797E+000  8.305961133540E-002 -2.507042516112E-002  4.914641646217E-003
  5.010780420931E+000  8.098513812928E-002 -2.465561031146E-002  5.025789717768E-003
  5.096108722763E+000  7.889973348792E-002 -2.422259671086E-002  5.120483188596E-003
  5.183389404586E+000  7.680517774445E-002 -2.377212357237E-002  5.198935232839E-003
  5.272682257105E+000  7.470331189795E-002 -2.330497824541E-002  5.261405982479E-003
  5.364049379651E+000  7.259603496819E-002 -2.282199466228E-002  5.308201020623E-003
  5.457555287978E+000  7.048530102615E-002 -2.232405159746E-002  5.339669726428E-003
  5.553267027968E+000  6.837311589062E-002 -2.181207073854E-002  5.356203484506E-003
  5.651254295630E+000  6.626153348199E-002 -2.128701456685E-002  5.358233770458E-003
  5.751589563796E+000  6.415265182526E-002 -2.074988404643E-002  5.346230122849E-003
  5.854348215936E+000  6.204860869563E-002 -2.020171611955E-002  5.320698010578E-003
  5.959608687557E+000  5.995157690163E-002 -1.964358100757E-002  5.282176603176E-003
  6.067452615683E+000  5.786375920214E-002 -1.907657931592E-002  5.231236450228E-003
  6.177964996951E+000  5.578738285632E-002 -1.850183894297E-002  5.168477074847E-003
  6.291234354880E+000  5.372469380720E-002 -1.792051179291E-002  5.094524485029E-003
  6.407352916949E+000  5.167795050290E-002 -1.733377029421E-002  5.010028605862E-003
  6.526416802128E+000  4.964941736213E-002 -1.674280372617E-002  4.915660634870E-003
  6.648526219580E+000  4.764135789409E-002 -1.614881435783E-002  4.812110322495E-003
  6.773785679311E+000  4.565602748648E-002 -1.555301340530E-002  4.700083179625E-003
  6.902304215570E+000  4.369566587937E-002 -1.495661681557E-002  4.580297614435E-003
  7.034195623922E+000  4.176248934679E-002 -1.436084088743E-002  4.453482001425E-003
  7.169578712934E+000  3.985868261255E-002 -1.376689774236E-002  4.320371686525E-003
  7.308577571516E+000  3.798639053134E-002 -1.317599066153E-002  4.181705933478E-003
  7.451321853057E+000  3.614770957119E-002 -1.258930930759E-002  4.038224818281E-003
  7.597947077547E+000  3.434467913832E-002 -1.200802485337E-002  3.890666080371E-003
  7.748594953021E+000  3.257927279055E-002 -1.143328504278E-002  3.739761941325E-003
  7.903413717736E+000  3.085338939042E-002 -1.086620921217E-002  3.586235904107E-003
  8.062558504629E+000  2.916884425410E-002 -1.030788330427E-002  3.430799548261E-003
  8.226191729726E+000  2.752736035727E-002 -9.759354909156E-003  3.274149338854E-003
  8.394483506327E+000  2.593055966317E-002 -9.221628370304E-003  3.116963469362E-003
  8.567612086926E+000  2.437995464255E-002 -8.695659996177E-003  2.959898760960E-003
  8.745764335025E+000  2.287694005869E-002 -8.182353420115E-003  2.803587642736E-003
  8.929136229160E+000  2.142278509378E-002 -7.682555153337E-003  2.648635239244E-003
  9.117933401693E+000  2.001862589502E-002 -7.197050377183E-003  2.495616593219E-003
  9.312371715124E+000  1.866545862070E-002 -6.726559021495E-003  2.345074052434E-003
  9.512677878945E+000  1.736413306659E-002 -6.271732176171E-003  2.197514850212E-003
  9.719090110332E+000  1.611534695272E-002 -5.833148882197E-003  2.053408909212E-003
  9.931858842267E+000  1.491964094895E-002 -5.411313346980E-003  1.913186897495E-003
  1.015124748302E+001  1.377739451484E-002 -5.006652626388E-003  1.777238564709E-003
  1.037753323129E+001  1.268882262534E-002 -4.619514812561E-003  1.645911384301E-003
  1.061100795175E+001  1.165397344836E-002 -4.250167762311E-003  1.519509525052E-003
  1.085197911611E+001  1.067272703373E-002 -3.898798395675E-003  1.398293171893E-003
  1.110077081537E+001  9.744795065344E-003 -3.565512588132E-003  1.282478211922E-003
  1.135772484956E+001  8.869721718985E-003 -3.250335672986E-003  1.172236296811E-003
  1.162320190175E+001  8.046885658733E-003 -2.953213562806E-003  1.067695287507E-003
  1.189758280382E+001  7.275503193542E-003 -2.674014490494E-003  9.689400812617E-004
  1.218126990242E+001  6.554632604203E-003 -2.412531361882E-003  8.760138148099E-004
  1.247468853413E+001  5.883179638614E-003 -2.168484702806E-003  7.889194310210E-004
  1.277828862002E+001  5.259904160886E-003 -1.941526174724E-003  7.076215897712E-004
  1.309254639077E+001  4.683427927265E-003 -1.731242624230E-003  6.320488973206E-004
  1.341796625462E+001  4.152243449507E-003 -1.537160623723E-003  5.620964223418E-004
  1.375508282195E+001  3.664723894292E-003 -1.358751453114E-003  4.976284611599E-004
  1.410446310162E+001  3.219133955820E-003 -1.195436466125E-003  4.384815099529E-004
  1.446670888596E+001  2.813641627788E-003 -1.046592779690E-003  3.844673978512E-004
  1.484245934302E+001  2.446330790780E-003 -9.115592213282E-004  3.353765322523E-004
  1.523239383723E+001  2.115214521432E-003 -7.896424672368E-004  2.909812063978E-004
  1.563723500136E+001  1.818249020581E-003 -6.801233032972E-004  2.510389194396E-004
  1.605775208607E+001  1.553348048690E-003 -5.822629421019E-004  2.152956608964E-004
  1.649476461582E+001  1.318397747823E-003 -4.953093313023E-004  1.834891145224E-004
  1.694914638379E+001  1.111271720101E-003 -4.185033918026E-004  1.553517410477E-004
  1.742182982203E+001  9.298462224658E-004 -3.510851281760E-004  1.306137047828E-004
  1.791381078784E+001  7.720153265589E-004 -2.922995577522E-004  1.090056153988E-004
  1.842615381215E+001  6.357058804187E-004 -2.414024086275E-004  9.026106292045E-005
  1.895999786176E+001  5.188920956992E-004 -1.976655399560E-004  7.411893066256E-005
  1.951656267356E+001  4.196095706344E-004 -1.603820399183E-004  6.032547706362E-005
  2.009715572669E+001  3.359685458896E-004 -1.288709575053E-004  4.863618268841E-005
  2.070317992707E+001  2.661661790455E-004 -1.024816237047E-004  3.881736273813E-005
  2.133614208874E+001  2.084976154950E-004 -8.059751606256E-005  3.064754798728E-005
  2.199766230782E+001  1.613656311516E-004 -6.263961847907E-005  2.391863809472E-005
  2.268948433818E+001  1.232886279666E-004 -4.806922629880E-005  1.843683084038E-005
  2.341348709294E+001  9.290677928146E-005 -3.639014637284E-005  1.402332935955E-005
  2.417169741362E+001  6.898615068924E-005 -2.715024402167E-005  1.051482741670E-005
  2.496630426925E+001  5.042066488602E-005 -1.994229495586E-005  7.763770865128E-006
  2.579967457140E+001  3.623183646675E-005 -1.440411125682E-005  5.638392432380E-006
  2.667437081864E+001  2.556627381244E-005 -1.021792711540E-005  4.022517571990E-006
  2.759317081651E+001  1.769102744806E-005 -7.109052180249E-006  2.815141887734E-006
  2.855908975674E+001  1.198695296251E-005 -4.843827289962E-006  1.929785835959E-006
  2.957540498378E+001  7.940345458564E-006 -3.226947384251E-006  1.293639926936E-006
  3.064568382919E+001  5.133183898775E-006 -2.098247002091E-006  8.465229150324E-007
  3.177381495601E+001  3.232389410491E-006 -1.329071843817E-006  5.396855014030E-007
  3.296404372807E+001  1.978543845411E-006 -8.183819954438E-007  3.345015575127E-007
  3.422101220608E+001  1.174527545471E-006 -4.887454154312E-007  2.010963562577E-007
  3.554980447538E+001  6.745150620378E-007 -2.823817828152E-007  1.169654163334E-007
  3.695599813319E+001  3.737149574904E-007 -1.574057229917E-007  6.563734099665E-008
  3.844572291106E+001  1.991593685085E-007 -8.439534696763E-008  3.542908223280E-008
  4.002572758518E+001  1.017491505966E-007 -4.337929133371E-008  1.833274196150E-008
  4.170345654134E+001  4.965236617505E-008 -2.129685268670E-008  9.060423428826E-009
  4.348713762001E+001  2.304993408314E-008 -9.946103294033E-009  4.259426268101E-009
  4.538588318162E+001  1.013379228151E-008 -4.398873502744E-009  1.896158846914E-009
  4.740980671574E+001  4.198405496536E-009 -1.833214308182E-009  7.953261932280E-010
  4.957015778746E+001  1.630049844360E-009 -7.159084318910E-010  3.125692966947E-010
  5.187947869225E+001  5.894384163327E-010 -2.603674493213E-010  1.143892468343E-010
  5.435178690397E+001  1.971503829879E-010 -8.757848307305E-011  3.871274614707E-011
  5.700278828629E+001  6.052249256722E-011 -2.703487587959E-011  1.202218564600E-011
  5.985012714155E+001  1.690512034126E-011 -7.592531431650E-012  3.396168158981E-012
  6.291368055481E+001  4.254463534630E-012 -1.920985036993E-012  8.641880897175E-013
  6.621590623276E+001  9.540799003816E-013 -4.330343239661E-013  1.958953339257E-013
  6.978225524452E+001  1.882707804167E-013 -8.588637160449E-014  3.906405380036E-014
  7.364166388185E+001  3.222808864258E-014 -1.477485150316E-014  6.755534462707E-015
  7.782714245929E+001  4.708234997774E-015 -2.168881658604E-015  9.967518331314E-016
  8.237648351994E+001  5.761592520027E-016 -2.666551784444E-016  1.231532875334E-016
  8.733311794502E+001  5.780455941985E-017 -2.687440738140E-017  1.247123098381E-017
  9.274715535088E+001  4.638224498543E-018 -2.165891188487E-018  1.009742965057E-018
  9.867665554529E+001  2.892226928502E-019 -1.356324011103E-019  6.351417901362E-020
  1.051891916055E+002  1.355416066210E-020 -6.382453595267E-021  3.001631190305E-021
  1.123637836013E+002  4.590616781149E-022 -2.170238795633E-022  1.024871219397E-022
  1.202933069206E+002  1.073086899072E-023 -5.092490463715E-024  2.414427893502E-024
  1.290875131414E+002  1.639557677329E-025 -7.809411771276E-026  3.716680894417E-026
  1.388768482001E+002  1.534750886228E-027 -7.336068983931E-028  3.504165907664E-028
  1.498173177370E+002  8.145836240611E-030 -3.906905715075E-030  1.872710297248E-030
  1.620967411853E+002  2.233104023955E-032 -1.074524050133E-032  5.167769682995E-033
  1.759428668168E+002  2.823650899868E-035 -1.362908545032E-035  6.575622224693E-036
  1.916340085825E+002  1.434021084234E-038 -6.942227387032E-039  3.359593958079E-039
  2.095131417987E+002  2.466397258979E-042 -1.197384081369E-042  5.811320913763E-043
  2.300068054477E+002  1.161889779669E-046 -5.655912045972E-047  2.752542176082E-047
  2.536507797910E+002  1.148256262074E-051 -5.603823943932E-052  2.734281598609E-052
  2.811254638474E+002  1.696446116388E-057 -8.299175307263E-058  4.059378130052E-058
  3.133053780630E+002  2.423650441766E-064 -1.188381595153E-064  5.826202795655E-065
  3.513296254502E+002  1.898007421394E-072 -9.326471303544E-073  4.582393039056E-073
  3.967041014107E+002  3.845882607885E-082 -1.893616522287E-082  9.322950086722E-083
  4.514529193350E+002  7.348464248640E-094 -3.625039762488E-094  1.788143317620E-094
  5.183481233601E+002  3.321717854789E-108 -1.641509088288E-108  8.111547904688E-109
  6.012676077950E+002  5.130256402578E-126 -2.539385935863E-126  1.256907964729E-126
  7.057700503752E+002  1.688911736102E-148 -8.372418468458E-149  4.150344585118E-149
  8.400513767914E+002  1.980319735731E-177 -9.830584992012E-178  4.879955438983E-178
  1.016602135495E+003  1.616961474389E-215 -8.036926441418E-216  3.994617284412E-216
  1.255220715579E+003  4.665480851141E-267 -2.321558527145E-267  1.155206181846E-267
  1.588815776243E+003  0.000000000000E+000  0.000000000000E+000  0.000000000000E+000
  2.075392011604E+003  0.000000000000E+000  0.000000000000E+000  0.000000000000E+000
  2.825079847528E+003  0.000000000000E+000  0.000000000000E+000  0.000000000000E+000
  4.068408296183E+003  0.000000000000E+000  0.000000000000E+000  0.000000000000E+000
  6.357262947672E+003  0.000000000000E+000  0.000000000000E+000  0.000000000000E+000
  1.130231930164E+004  0.000000000000E+000  0.000000000000E+000  0.000000000000E+000
  2.543105175136E+004  0.000000000000E+000  0.000000000000E+000  0.000000000000E+000
  1.017262069952E+005  0.000000000000E+000  0.000000000000E+000  0.000000000000E+000
