# 1st line: number of mesh points
# rho and r_seitz are calculated from total density
# zeta and r_seitz only correct of rho > 1d-12

# abcissa rho drho ddrho zeta r_seitz
500
  9.830308526563E-006  3.699501628052E+000 -7.599497983147E+000  1.568434599161E+001 -1.159675744382E-003  9.325225529729E-001
  3.932200719722E-005  3.699277512768E+000 -7.599035438709E+000  1.568342589834E+001 -1.159676358802E-003  9.325413844281E-001
  8.847741541467E-005  3.698903998026E+000 -7.598264551196E+000  1.568189243264E+001 -1.159677382611E-003  9.325727726655E-001
  1.573003992805E-004  3.698381099925E+000 -7.597185350442E+000  1.567974562917E+001 -1.159678815467E-003  9.326167214040E-001
  2.457963722418E-004  3.697708841011E+000 -7.595797878229E+000  1.567698553648E+001 -1.159680656896E-003  9.326732358513E-001
  3.539722959954E-004  3.696887250278E+000 -7.594102188298E+000  1.567361221706E+001 -1.159682906285E-003  9.327423227053E-001
  4.818366816529E-004  3.695916363183E+000 -7.592098346374E+000  1.566962574740E+001 -1.159685562885E-003  9.328239901557E-001
  6.293995911626E-004  3.694796221646E+000 -7.589786430182E+000  1.566502621802E+001 -1.159688625812E-003  9.329182478865E-001
  7.966726389935E-004  3.693526874069E+000 -7.587166529477E+000  1.565981373359E+001 -1.159692094042E-003  9.330251070780E-001
  9.836689940782E-004  3.692108375342E+000 -7.584238746074E+000  1.565398841298E+001 -1.159695966415E-003  9.331445804099E-001
  1.190403382016E-003  3.690540786860E+000 -7.581003193880E+000  1.564755038936E+001 -1.159700241631E-003  9.332766820647E-001
  1.416892087541E-003  3.688824176537E+000 -7.577459998938E+000  1.564049981032E+001 -1.159704918253E-003  9.334214277311E-001
  1.663152957245E-003  3.686958618825E+000 -7.573609299464E+000  1.563283683799E+001 -1.159709994703E-003  9.335788346080E-001
  1.929205402573E-003  3.684944194729E+000 -7.569451245897E+000  1.562456164913E+001 -1.159715469262E-003  9.337489214094E-001
  2.215070403073E-003  3.682780991834E+000 -7.564986000949E+000  1.561567443534E+001 -1.159721340070E-003  9.339317083685E-001
  2.520770509919E-003  3.680469104320E+000 -7.560213739660E+000  1.560617540316E+001 -1.159727605127E-003  9.341272172437E-001
  2.846329849692E-003  3.678008632988E+000 -7.555134649458E+000  1.559606477422E+001 -1.159734262286E-003  9.343354713236E-001
  3.191774128432E-003  3.675399685288E+000 -7.549748930219E+000  1.558534278549E+001 -1.159741309261E-003  9.345564954333E-001
  3.557130635959E-003  3.672642375342E+000 -7.544056794338E+000  1.557400968937E+001 -1.159748743616E-003  9.347903159408E-001
  3.942428250463E-003  3.669736823974E+000 -7.538058466795E+000  1.556206575397E+001 -1.159756562770E-003  9.350369607638E-001
  4.347697443358E-003  3.666683158740E+000 -7.531754185238E+000  1.554951126328E+001 -1.159764763997E-003  9.352964593770E-001
  4.772970284417E-003  3.663481513962E+000 -7.525144200052E+000  1.553634651738E+001 -1.159773344420E-003  9.355688428196E-001
  5.218280447175E-003  3.660132030755E+000 -7.518228774451E+000  1.552257183269E+001 -1.159782301010E-003  9.358541437035E-001
  5.683663214611E-003  3.656634857071E+000 -7.511008184562E+000  1.550818754222E+001 -1.159791630589E-003  9.361523962219E-001
  6.169155485101E-003  3.652990147726E+000 -7.503482719515E+000  1.549319399579E+001 -1.159801329827E-003  9.364636361579E-001
  6.674795778653E-003  3.649198064444E+000 -7.495652681538E+000  1.547759156035E+001 -1.159811395234E-003  9.367879008941E-001
  7.200624243425E-003  3.645258775898E+000 -7.487518386062E+000  1.546138062019E+001 -1.159821823169E-003  9.371252294222E-001
  7.746682662519E-003  3.641172457745E+000 -7.479080161815E+000  1.544456157729E+001 -1.159832609830E-003  9.374756623535E-001
  8.313014461060E-003  3.636939292674E+000 -7.470338350939E+000  1.542713485158E+001 -1.159843751256E-003  9.378392419292E-001
  8.899664713569E-003  3.632559470449E+000 -7.461293309093E+000  1.540910088126E+001 -1.159855243324E-003  9.382160120316E-001
  9.506680151615E-003  3.628033187956E+000 -7.451945405576E+000  1.539046012314E+001 -1.159867081746E-003  9.386060181957E-001
  1.013410917176E-002  3.623360649248E+000 -7.442295023439E+000  1.537121305293E+001 -1.159879262072E-003  9.390093076214E-001
  1.078200184380E-002  3.618542065598E+000 -7.432342559615E+000  1.535136016565E+001 -1.159891779678E-003  9.394259291854E-001
  1.145040991929E-002  3.613577655546E+000 -7.422088425039E+000  1.533090197592E+001 -1.159904629775E-003  9.398559334549E-001
  1.213938684040E-002  3.608467644955E+000 -7.411533044789E+000  1.530983901838E+001 -1.159917807400E-003  9.402993727002E-001
  1.284898774901E-002  3.603212267061E+000 -7.400676858209E+000  1.528817184803E+001 -1.159931307414E-003  9.407563009092E-001
  1.357926949620E-002  3.597811762533E+000 -7.389520319061E+000  1.526590104065E+001 -1.159945124501E-003  9.412267738017E-001
  1.433029065191E-002  3.592266379526E+000 -7.378063895657E+000  1.524302719317E+001 -1.159959253168E-003  9.417108488437E-001
  1.510211151509E-002  3.586576373743E+000 -7.366308071014E+000  1.521955092412E+001 -1.159973687736E-003  9.422085852635E-001
  1.589479412397E-002  3.580742008490E+000 -7.354253343000E+000  1.519547287403E+001 -1.159988422344E-003  9.427200440672E-001
  1.670840226680E-002  3.574763554746E+000 -7.341900224490E+000  1.517079370588E+001 -1.160003450940E-003  9.432452880551E-001
  1.754300149280E-002  3.568641291219E+000 -7.329249243528E+000  1.514551410552E+001 -1.160018767284E-003  9.437843818387E-001
  1.839865912351E-002  3.562375504411E+000 -7.316300943484E+000  1.511963478217E+001 -1.160034364939E-003  9.443373918580E-001
  1.927544426443E-002  3.555966488689E+000 -7.303055883225E+000  1.509315646885E+001 -1.160050237275E-003  9.449043863997E-001
  2.017342781695E-002  3.549414546351E+000 -7.289514637282E+000  1.506607992289E+001 -1.160066377461E-003  9.454854356153E-001
  2.109268249069E-002  3.542719987690E+000 -7.275677796026E+000  1.503840592640E+001 -1.160082778462E-003  9.460806115408E-001
  2.203328281612E-002  3.535883131074E+000 -7.261545965847E+000  1.501013528679E+001 -1.160099433035E-003  9.466899881159E-001
  2.299530515754E-002  3.528904303009E+000 -7.247119769331E+000  1.498126883730E+001 -1.160116333730E-003  9.473136412042E-001
  2.397882772639E-002  3.521783838221E+000 -7.232399845452E+000  1.495180743746E+001 -1.160133472881E-003  9.479516486142E-001
  2.498393059493E-002  3.514522079722E+000 -7.217386849756E+000  1.492175197371E+001 -1.160150842609E-003  9.486040901207E-001
  2.601069571024E-002  3.507119378897E+000 -7.202081454554E+000  1.489110335991E+001 -1.160168434805E-003  9.492710474866E-001
  2.705920690860E-002  3.499576095572E+000 -7.186484349123E+000  1.485986253788E+001 -1.160186241145E-003  9.499526044857E-001
  2.812954993023E-002  3.491892598102E+000 -7.170596239901E+000  1.482803047800E+001 -1.160204253072E-003  9.506488469259E-001
  2.922181243436E-002  3.484069263444E+000 -7.154417850696E+000  1.479560817980E+001 -1.160222461795E-003  9.513598626729E-001
  3.033608401473E-002  3.476106477246E+000 -7.137949922887E+000  1.476259667251E+001 -1.160240858288E-003  9.520857416750E-001
  3.147245621542E-002  3.468004633928E+000 -7.121193215642E+000  1.472899701570E+001 -1.160259433282E-003  9.528265759882E-001
  3.263102254705E-002  3.459764136764E+000 -7.104148506129E+000  1.469481029991E+001 -1.160278177262E-003  9.535824598020E-001
  3.381187850339E-002  3.451385397975E+000 -7.086816589732E+000  1.466003764720E+001 -1.160297080466E-003  9.543534894658E-001
  3.501512157837E-002  3.442868838810E+000 -7.069198280280E+000  1.462468021189E+001 -1.160316132871E-003  9.551397635166E-001
  3.624085128345E-002  3.434214889640E+000 -7.051294410263E+000  1.458873918112E+001 -1.160335324200E-003  9.559413827064E-001
  3.748916916538E-002  3.425423990044E+000 -7.033105831067E+000  1.455221577555E+001 -1.160354643908E-003  9.567584500313E-001
  3.876017882444E-002  3.416496588905E+000 -7.014633413204E+000  1.451511125002E+001 -1.160374081181E-003  9.575910707609E-001
  4.005398593302E-002  3.407433144501E+000 -6.995878046546E+000  1.447742689424E+001 -1.160393624927E-003  9.584393524682E-001
  4.137069825459E-002  3.398234124599E+000 -6.976840640565E+000  1.443916403346E+001 -1.160413263780E-003  9.593034050608E-001
  4.271042566323E-002  3.388900006549E+000 -6.957522124576E+000  1.440032402918E+001 -1.160432986083E-003  9.601833408125E-001
  4.407328016341E-002  3.379431277384E+000 -6.937923447978E+000  1.436090827987E+001 -1.160452779889E-003  9.610792743961E-001
  4.545937591035E-002  3.369828433917E+000 -6.918045580505E+000  1.432091822167E+001 -1.160472632955E-003  9.619913229165E-001
  4.686882923075E-002  3.360091982836E+000 -6.897889512478E+000  1.428035532913E+001 -1.160492532733E-003  9.629196059449E-001
  4.830175864396E-002  3.350222440811E+000 -6.877456255056E+000  1.423922111597E+001 -1.160512466367E-003  9.638642455542E-001
  4.975828488365E-002  3.340220334589E+000 -6.856746840496E+000  1.419751713580E+001 -1.160532420688E-003  9.648253663544E-001
  5.123853091993E-002  3.330086201100E+000 -6.835762322415E+000  1.415524498289E+001 -1.160552382201E-003  9.658030955300E-001
  5.274262198188E-002  3.319820587560E+000 -6.814503776046E+000  1.411240629295E+001 -1.160572337087E-003  9.667975628775E-001
  5.427068558066E-002  3.309424051575E+000 -6.792972298511E+000  1.406900274391E+001 -1.160592271190E-003  9.678089008438E-001
  5.582285153302E-002  3.298897161247E+000 -6.771169009088E+000  1.402503605669E+001 -1.160612170014E-003  9.688372445662E-001
  5.739925198530E-002  3.288240495280E+000 -6.749095049479E+000  1.398050799603E+001 -1.160632018712E-003  9.698827319131E-001
  5.900002143803E-002  3.277454643087E+000 -6.726751584087E+000  1.393542037126E+001 -1.160651802086E-003  9.709455035250E-001
  6.062529677088E-002  3.266540204902E+000 -6.704139800292E+000  1.388977503714E+001 -1.160671504571E-003  9.720257028578E-001
  6.227521726827E-002  3.255497791886E+000 -6.681260908731E+000  1.384357389470E+001 -1.160691110233E-003  9.731234762260E-001
  6.394992464542E-002  3.244328026235E+000 -6.658116143574E+000  1.379681889202E+001 -1.160710602760E-003  9.742389728477E-001
  6.564956307496E-002  3.233031541299E+000 -6.634706762815E+000  1.374951202514E+001 -1.160729965454E-003  9.753723448902E-001
  6.737427921404E-002  3.221608981686E+000 -6.611034048553E+000  1.370165533886E+001 -1.160749181224E-003  9.765237475172E-001
  6.912422223211E-002  3.210061003380E+000 -6.587099307281E+000  1.365325092762E+001 -1.160768232574E-003  9.776933389363E-001
  7.089954383907E-002  3.198388273850E+000 -6.562903870175E+000  1.360430093637E+001 -1.160787101601E-003  9.788812804492E-001
  7.270039831418E-002  3.186591472169E+000 -6.538449093387E+000  1.355480756141E+001 -1.160805769979E-003  9.800877365010E-001
  7.452694253540E-002  3.174671289124E+000 -6.513736358341E+000  1.350477305133E+001 -1.160824218957E-003  9.813128747329E-001
  7.637933600943E-002  3.162628427335E+000 -6.488767072021E+000  1.345419970785E+001 -1.160842429345E-003  9.825568660343E-001
  7.825774090225E-002  3.150463601369E+000 -6.463542667275E+000  1.340308988673E+001 -1.160860381505E-003  9.838198845975E-001
  8.016232207035E-002  3.138177537858E+000 -6.438064603113E+000  1.335144599868E+001 -1.160878055346E-003  9.851021079731E-001
  8.209324709253E-002  3.125770975613E+000 -6.412334365002E+000  1.329927051024E+001 -1.160895430310E-003  9.864037171266E-001
  8.405068630235E-002  3.113244665745E+000 -6.386353465170E+000  1.324656594475E+001 -1.160912485363E-003  9.877248964968E-001
  8.603481282122E-002  3.100599371780E+000 -6.360123442910E+000  1.319333488320E+001 -1.160929198986E-003  9.890658340559E-001
  8.804580259214E-002  3.087835869780E+000 -6.333645864880E+000  1.313957996521E+001 -1.160945549160E-003  9.904267213695E-001
  9.008383441408E-002  3.074954948457E+000 -6.306922325410E+000  1.308530388993E+001 -1.160961513364E-003  9.918077536604E-001
  9.214908997710E-002  3.061957409295E+000 -6.279954446803E+000  1.303050941698E+001 -1.160977068557E-003  9.932091298719E-001
  9.424175389809E-002  3.048844066670E+000 -6.252743879645E+000  1.297519936740E+001 -1.160992191166E-003  9.946310527336E-001
  9.636201375725E-002  3.035615747963E+000 -6.225292303108E+000  1.291937662459E+001 -1.161006857083E-003  9.960737288290E-001
  9.851006013526E-002  3.022273293684E+000 -6.197601425256E+000  1.286304413524E+001 -1.161021041642E-003  9.975373686639E-001
  1.006860866512E-001  3.008817557591E+000 -6.169672983354E+000  1.280620491030E+001 -1.161034719616E-003  9.990221867373E-001
  1.028902900012E-001  2.995249406805E+000 -6.141508744171E+000  1.274886202592E+001 -1.161047865201E-003  1.000528401614E+000
  1.051228699979E-001  2.981569721930E+000 -6.113110504289E+000  1.269101862442E+001 -1.161060452002E-003  1.002056235997E+000
  1.073840296104E-001  2.967779397176E+000 -6.084480090404E+000  1.263267791523E+001 -1.161072453024E-003  1.003605916805E+000
  1.096739750056E-001  2.953879340470E+000 -6.055619359640E+000  1.257384317585E+001 -1.161083840656E-003  1.005177675253E+000
  1.119929155896E-001  2.939870473577E+000 -6.026530199843E+000  1.251451775283E+001 -1.161094586658E-003  1.006771746923E+000
  1.143410640503E-001  2.925753732221E+000 -5.997214529892E+000  1.245470506270E+001 -1.161104662146E-003  1.008388371856E+000
  1.167186364011E-001  2.911530066193E+000 -5.967674300000E+000  1.239440859294E+001 -1.161114037585E-003  1.010027794628E+000
  1.191258520249E-001  2.897200439477E+000 -5.937911492012E+000  1.233363190297E+001 -1.161122682760E-003  1.011690264441E+000
  1.215629337189E-001  2.882765830360E+000 -5.907928119709E+000  1.227237862504E+001 -1.161130566781E-003  1.013376035206E+000
  1.240301077413E-001  2.868227231547E+000 -5.877726229102E+000  1.221065246528E+001 -1.161137658047E-003  1.015085365638E+000
  1.265276038575E-001  2.853585650278E+000 -5.847307898730E+000  1.214845720455E+001 -1.161143924248E-003  1.016818519343E+000
  1.290556553882E-001  2.838842108436E+000 -5.816675239957E+000  1.208579669947E+001 -1.161149332337E-003  1.018575764916E+000
  1.316144992580E-001  2.823997642666E+000 -5.785830397255E+000  1.202267488335E+001 -1.161153848521E-003  1.020357376038E+000
  1.342043760450E-001  2.809053304480E+000 -5.754775548502E+000  1.195909576711E+001 -1.161157438242E-003  1.022163631572E+000
  1.368255300316E-001  2.794010160371E+000 -5.723512905262E+000  1.189506344022E+001 -1.161160066160E-003  1.023994815669E+000
  1.394782092560E-001  2.778869291918E+000 -5.692044713070E+000  1.183058207169E+001 -1.161161696137E-003  1.025851217869E+000
  1.421626655646E-001  2.763631795896E+000 -5.660373251711E+000  1.176565591091E+001 -1.161162291215E-003  1.027733133209E+000
  1.448791546661E-001  2.748298784380E+000 -5.628500835496E+000  1.170028928865E+001 -1.161161813604E-003  1.029640862333E+000
  1.476279361856E-001  2.732871384850E+000 -5.596429813534E+000  1.163448661791E+001 -1.161160224658E-003  1.031574711605E+000
  1.504092737207E-001  2.717350740293E+000 -5.564162569998E+000  1.156825239489E+001 -1.161157484860E-003  1.033534993221E+000
  1.532234348983E-001  2.701738009303E+000 -5.531701524392E+000  1.150159119980E+001 -1.161153553803E-003  1.035522025333E+000
  1.560706914324E-001  2.686034366182E+000 -5.499049131803E+000  1.143450769785E+001 -1.161148390162E-003  1.037536132163E+000
  1.589513191834E-001  2.670241001032E+000 -5.466207883162E+000  1.136700664001E+001 -1.161141951686E-003  1.039577644133E+000
  1.618655982178E-001  2.654359119855E+000 -5.433180305486E+000  1.129909286399E+001 -1.161134195167E-003  1.041646897990E+000
  1.648138128702E-001  2.638389944641E+000 -5.399968962123E+000  1.123077129499E+001 -1.161125076426E-003  1.043744236937E+000
  1.677962518056E-001  2.622334713460E+000 -5.366576452988E+000  1.116204694660E+001 -1.161114550284E-003  1.045870010767E+000
  1.708132080832E-001  2.606194680547E+000 -5.333005414791E+000  1.109292492160E+001 -1.161102570548E-003  1.048024576000E+000
  1.738649792215E-001  2.589971116391E+000 -5.299258521263E+000  1.102341041276E+001 -1.161089089981E-003  1.050208296027E+000
  1.769518672648E-001  2.573665307810E+000 -5.265338483372E+000  1.095350870367E+001 -1.161074060281E-003  1.052421541250E+000
  1.800741788507E-001  2.557278558036E+000 -5.231248049527E+000  1.088322516946E+001 -1.161057432061E-003  1.054664689233E+000
  1.832322252791E-001  2.540812186789E+000 -5.196990005785E+000  1.081256527759E+001 -1.161039154818E-003  1.056938124857E+000
  1.864263225826E-001  2.524267530349E+000 -5.162567176043E+000  1.074153458857E+001 -1.161019176915E-003  1.059242240472E+000
  1.896567915983E-001  2.507645941623E+000 -5.127982422219E+000  1.067013875671E+001 -1.160997445546E-003  1.061577436058E+000
  1.929239580409E-001  2.490948790216E+000 -5.093238644429E+000  1.059838353076E+001 -1.160973906724E-003  1.063944119394E+000
  1.962281525771E-001  2.474177462489E+000 -5.058338781156E+000  1.052627475464E+001 -1.160948505238E-003  1.066342706222E+000
  1.995697109023E-001  2.457333361619E+000 -5.023285809404E+000  1.045381836804E+001 -1.160921184640E-003  1.068773620424E+000
  2.029489738173E-001  2.440417907653E+000 -4.988082744846E+000  1.038102040708E+001 -1.160891887209E-003  1.071237294197E+000
  2.063662873085E-001  2.423432537557E+000 -4.952732641957E+000  1.030788700488E+001 -1.160860553921E-003  1.073734168241E+000
  2.098220026275E-001  2.406378705264E+000 -4.917238594143E+000  1.023442439215E+001 -1.160827124430E-003  1.076264691940E+000
  2.133164763746E-001  2.389257881716E+000 -4.881603733856E+000  1.016063889772E+001 -1.160791537024E-003  1.078829323562E+000
  2.168500705817E-001  2.372071554897E+000 -4.845831232689E+000  1.008653694908E+001 -1.160753728606E-003  1.081428530451E+000
  2.204231527988E-001  2.354821229869E+000 -4.809924301474E+000  1.001212507280E+001 -1.160713634658E-003  1.084062789235E+000
  2.240360961807E-001  2.337508428797E+000 -4.773886190355E+000  9.937409895056E+000 -1.160671189210E-003  1.086732586033E+000
  2.276892795770E-001  2.320134690973E+000 -4.737720188853E+000  9.862398141986E+000 -1.160626324802E-003  1.089438416669E+000
  2.313830876220E-001  2.302701572830E+000 -4.701429625914E+000  9.787096640099E+000 -1.160578972463E-003  1.092180786894E+000
  2.351179108282E-001  2.285210647956E+000 -4.665017869952E+000  9.711512316613E+000 -1.160529061662E-003  1.094960212612E+000
  2.388941456809E-001  2.267663507097E+000 -4.628488328862E+000  9.635652199756E+000 -1.160476520288E-003  1.097777220113E+000
  2.427121947345E-001  2.250061758157E+000 -4.591844450035E+000  9.559523419043E+000 -1.160421274598E-003  1.100632346312E+000
  2.465724667110E-001  2.232407026195E+000 -4.555089720344E+000  9.483133205494E+000 -1.160363249195E-003  1.103526138997E+000
  2.504753766009E-001  2.214700953406E+000 -4.518227666121E+000  9.406488891821E+000 -1.160302366982E-003  1.106459157075E+000
  2.544213457654E-001  2.196945199106E+000 -4.481261853115E+000  9.329597912570E+000 -1.160238549127E-003  1.109431970843E+000
  2.584108020414E-001  2.179141439707E+000 -4.444195886435E+000  9.252467804215E+000 -1.160171715023E-003  1.112445162245E+000
  2.624441798480E-001  2.161291368681E+000 -4.407033410471E+000  9.175106205208E+000 -1.160101782248E-003  1.115499325150E+000
  2.665219202956E-001  2.143396696521E+000 -4.369778108802E+000  9.097520855981E+000 -1.160028666525E-003  1.118595065639E+000
  2.706444712976E-001  2.125459150696E+000 -4.332433704085E+000  9.019719598892E+000 -1.159952281681E-003  1.121733002286E+000
  2.748122876832E-001  2.107480475592E+000 -4.295003957916E+000  8.941710378132E+000 -1.159872539599E-003  1.124913766467E+000
  2.790258313137E-001  2.089462432455E+000 -4.257492670686E+000  8.863501239567E+000 -1.159789350182E-003  1.128138002659E+000
  2.832855712010E-001  2.071406799315E+000 -4.219903681404E+000  8.785100330531E+000 -1.159702621303E-003  1.131406368762E+000
  2.875919836279E-001  2.053315370913E+000 -4.182240867506E+000  8.706515899564E+000 -1.159612258761E-003  1.134719536418E+000
  2.919455522717E-001  2.035189958609E+000 -4.144508144637E+000  8.627756296090E+000 -1.159518166235E-003  1.138078191352E+000
  2.963467683296E-001  2.017032390290E+000 -4.106709466420E+000  8.548829970034E+000 -1.159420245235E-003  1.141483033713E+000
  3.007961306479E-001  1.998844510264E+000 -4.068848824193E+000  8.469745471383E+000 -1.159318395054E-003  1.144934778427E+000
  3.052941458522E-001  1.980628179146E+000 -4.030930246726E+000  8.390511449679E+000 -1.159212512719E-003  1.148434155566E+000
  3.098413284823E-001  1.962385273739E+000 -3.992957799917E+000  8.311136653452E+000 -1.159102492938E-003  1.151981910717E+000
  3.144382011281E-001  1.944117686896E+000 -3.954935586464E+000  8.231629929583E+000 -1.158988228050E-003  1.155578805376E+000
  3.190852945695E-001  1.925827327381E+000 -3.916867745503E+000  8.152000222601E+000 -1.158869607968E-003  1.159225617338E+000
  3.237831479192E-001  1.907516119718E+000 -3.878758452234E+000  8.072256573910E+000 -1.158746520133E-003  1.162923141116E+000
  3.285323087679E-001  1.889186004028E+000 -3.840611917510E+000  7.992408120949E+000 -1.158618849448E-003  1.166672188352E+000
  3.333333333333E-001  1.870838935855E+000 -3.802432387408E+000  7.912464096271E+000 -1.158486478230E-003  1.170473588262E+000
  3.381867866117E-001  1.852476885983E+000 -3.764224142764E+000  7.832433826553E+000 -1.158349286144E-003  1.174328188076E+000
  3.430932425333E-001  1.834101840242E+000 -3.725991498686E+000  7.752326731532E+000 -1.158207150153E-003  1.178236853505E+000
  3.480532841203E-001  1.815715799305E+000 -3.687738804041E+000  7.672152322855E+000 -1.158059944447E-003  1.182200469212E+000
  3.530675036492E-001  1.797320778465E+000 -3.649470440905E+000  7.591920202857E+000 -1.157907540391E-003  1.186219939303E+000
  3.581365028158E-001  1.778918807413E+000 -3.611190823988E+000  7.511640063256E+000 -1.157749806454E-003  1.190296187834E+000
  3.632608929041E-001  1.760511929992E+000 -3.572904400035E+000  7.431321683762E+000 -1.157586608150E-003  1.194430159327E+000
  3.684412949588E-001  1.742102203949E+000 -3.534615647183E+000  7.350974930607E+000 -1.157417807970E-003  1.198622819311E+000
  3.736783399619E-001  1.723691700668E+000 -3.496329074297E+000  7.270609754982E+000 -1.157243265310E-003  1.202875154872E+000
  3.789726690123E-001  1.705282504890E+000 -3.458049220274E+000  7.190236191392E+000 -1.157062836414E-003  1.207188175222E+000
  3.843249335105E-001  1.686876714427E+000 -3.419780653308E+000  7.109864355923E+000 -1.156876374288E-003  1.211562912293E+000
  3.897357953460E-001  1.668476439856E+000 -3.381527970130E+000  7.029504444411E+000 -1.156683728643E-003  1.216000421336E+000
  3.952059270903E-001  1.650083804203E+000 -3.343295795209E+000  6.949166730526E+000 -1.156484745812E-003  1.220501781552E+000
  4.007360121927E-001  1.631700942613E+000 -3.305088779921E+000  6.868861563760E+000 -1.156279268677E-003  1.225068096734E+000
  4.063267451812E-001  1.613330002004E+000 -3.266911601688E+000  6.788599367317E+000 -1.156067136599E-003  1.229700495936E+000
  4.119788318683E-001  1.594973140711E+000 -3.228768963072E+000  6.708390635914E+000 -1.155848185329E-003  1.234400134160E+000
  4.176929895600E-001  1.576632528115E+000 -3.190665590845E+000  6.628245933476E+000 -1.155622246939E-003  1.239168193062E+000
  4.234699472710E-001  1.558310344254E+000 -3.152606235017E+000  6.548175890739E+000 -1.155389149732E-003  1.244005881689E+000
  4.293104459435E-001  1.540008779423E+000 -3.114595667828E+000  6.468191202748E+000 -1.155148718166E-003  1.248914437232E+000
  4.352152386716E-001  1.521730033757E+000 -3.076638682705E+000  6.388302626253E+000 -1.154900772763E-003  1.253895125807E+000
  4.411850909306E-001  1.503476316802E+000 -3.038740093183E+000  6.308520977014E+000 -1.154645130031E-003  1.258949243264E+000
  4.472207808110E-001  1.485249847069E+000 -3.000904731785E+000  6.228857126982E+000 -1.154381602363E-003  1.264078116016E+000
  4.533230992589E-001  1.467052851570E+000 -2.963137448867E+000  6.149322001397E+000 -1.154109997961E-003  1.269283101899E+000
  4.594928503202E-001  1.448887565342E+000 -2.925443111425E+000  6.069926575768E+000 -1.153830120735E-003  1.274565591067E+000
  4.657308513924E-001  1.430756230958E+000 -2.887826601864E+000  5.990681872750E+000 -1.153541770212E-003  1.279927006901E+000
  4.720379334802E-001  1.412661098011E+000 -2.850292816724E+000  5.911598958914E+000 -1.153244741440E-003  1.285368806968E+000
  4.784149414579E-001  1.394604422597E+000 -2.812846665375E+000  5.832688941412E+000 -1.152938824892E-003  1.290892483992E+000
  4.848627343381E-001  1.376588466768E+000 -2.775493068663E+000  5.753962964532E+000 -1.152623806365E-003  1.296499566877E+000
  4.913821855461E-001  1.358615497978E+000 -2.738236957526E+000  5.675432206147E+000 -1.152299466878E-003  1.302191621751E+000
  4.979741832006E-001  1.340687788510E+000 -2.701083271564E+000  5.597107874050E+000 -1.151965582573E-003  1.307970253050E+000
  5.046396304008E-001  1.322807614882E+000 -2.664036957575E+000  5.519001202189E+000 -1.151621924601E-003  1.313837104641E+000
  5.113794455212E-001  1.304977257244E+000 -2.627102968042E+000  5.441123446782E+000 -1.151268259026E-003  1.319793860984E+000
  5.181945625116E-001  1.287198998752E+000 -2.590286259592E+000  5.363485882337E+000 -1.150904346703E-003  1.325842248327E+000
  5.250859312060E-001  1.269475124929E+000 -2.553591791406E+000  5.286099797549E+000 -1.150529943179E-003  1.331984035955E+000
  5.320545176366E-001  1.251807923004E+000 -2.517024523594E+000  5.208976491101E+000 -1.150144798567E-003  1.338221037468E+000
  5.391013043575E-001  1.234199681242E+000 -2.480589415525E+000  5.132127267347E+000 -1.149748657440E-003  1.344555112119E+000
  5.462272907741E-001  1.216652688248E+000 -2.444291424127E+000  5.055563431895E+000 -1.149341258710E-003  1.350988166186E+000
  5.534334934816E-001  1.199169232261E+000 -2.408135502138E+000  4.979296287080E+000 -1.148922335502E-003  1.357522154400E+000
  5.607209466109E-001  1.181751600429E+000 -2.372126596319E+000  4.903337127332E+000 -1.148491615038E-003  1.364159081423E+000
  5.680907021827E-001  1.164402078063E+000 -2.336269645635E+000  4.827697234438E+000 -1.148048818515E-003  1.370901003379E+000
  5.755438304707E-001  1.147122947879E+000 -2.300569579388E+000  4.752387872703E+000 -1.147593660966E-003  1.377750029436E+000
  5.830814203728E-001  1.129916489219E+000 -2.265031315318E+000  4.677420284008E+000 -1.147125851146E-003  1.384708323450E+000
  5.907045797917E-001  1.112784977260E+000 -2.229659757665E+000  4.602805682764E+000 -1.146645091385E-003  1.391778105670E+000
  5.984144360243E-001  1.095730682203E+000 -2.194459795187E+000  4.528555250772E+000 -1.146151077467E-003  1.398961654497E+000
  6.062121361613E-001  1.078755868442E+000 -2.159436299154E+000  4.454680131985E+000 -1.145643498485E-003  1.406261308319E+000
  6.140988474955E-001  1.061862793721E+000 -2.124594121292E+000  4.381191427170E+000 -1.145122036707E-003  1.413679467401E+000
  6.220757579409E-001  1.045053708277E+000 -2.089938091697E+000  4.308100188486E+000 -1.144586367437E-003  1.421218595859E+000
  6.301440764614E-001  1.028330853955E+000 -2.055473016718E+000  4.235417413964E+000 -1.144036158859E-003  1.428881223696E+000
  6.383050335109E-001  1.011696463322E+000 -2.021203676798E+000  4.163154041904E+000 -1.143471071909E-003  1.436669948917E+000
  6.465598814833E-001  9.951527587527E-001 -1.987134824286E+000  4.091320945185E+000 -1.142890760116E-003  1.444587439733E+000
  6.549098951744E-001  9.787019515074E-001 -1.953271181217E+000  4.019928925498E+000 -1.142294869449E-003  1.452636436832E+000
  6.633563722545E-001  9.623462407882E-001 -1.919617437055E+000  3.948988707491E+000 -1.141683038172E-003  1.460819755751E+000
  6.719006337539E-001  9.460878127851E-001 -1.886178246413E+000  3.878510932855E+000 -1.141054896683E-003  1.469140289332E+000
  6.805440245593E-001  9.299288397044E-001 -1.852958226739E+000  3.808506154322E+000 -1.140410067357E-003  1.477601010269E+000
  6.892879139233E-001  9.138714787828E-001 -1.819961955973E+000  3.738984829608E+000 -1.139748164385E-003  1.486204973766E+000
  6.981336959871E-001  8.979178712885E-001 -1.787193970182E+000  3.669957315292E+000 -1.139068793613E-003  1.494955320283E+000
  7.070827903152E-001  8.820701415069E-001 -1.754658761162E+000  3.601433860628E+000 -1.138371552373E-003  1.503855278399E+000
  7.161366424455E-001  8.663303957140E-001 -1.722360774021E+000  3.533424601319E+000 -1.137656029319E-003  1.512908167787E+000
  7.252967244510E-001  8.507007211364E-001 -1.690304404743E+000  3.465939553226E+000 -1.136921804251E-003  1.522117402300E+000
  7.345645355186E-001  8.351831848991E-001 -1.658493997717E+000  3.398988606045E+000 -1.136168447948E-003  1.531486493187E+000
  7.439416025400E-001  8.197798329609E-001 -1.626933843265E+000  3.332581516944E+000 -1.135395521991E-003  1.541019052435E+000
  7.534294807203E-001  8.044926890391E-001 -1.595628175138E+000  3.266727904162E+000 -1.134602578578E-003  1.550718796241E+000
  7.630297542000E-001  7.893237535228E-001 -1.564581168001E+000  3.201437240589E+000 -1.133789160359E-003  1.560589548630E+000
  7.727440366954E-001  7.742750023762E-001 -1.533796934908E+000  3.136718847323E+000 -1.132954800233E-003  1.570635245215E+000
  7.825739721536E-001  7.593483860327E-001 -1.503279524757E+000  3.072581887208E+000 -1.132099021183E-003  1.580859937116E+000
  7.925212354258E-001  7.445458282795E-001 -1.473032919743E+000  3.009035358376E+000 -1.131221336072E-003  1.591267795033E+000
  8.025875329584E-001  7.298692251349E-001 -1.443061032801E+000  2.946088087777E+000 -1.130321247465E-003  1.601863113490E+000
  8.127746035011E-001  7.153204437173E-001 -1.413367705039E+000  2.883748724721E+000 -1.129398247430E-003  1.612650315259E+000
  8.230842188350E-001  7.009013211085E-001 -1.383956703174E+000  2.822025734436E+000 -1.128451817344E-003  1.623633955959E+000
  8.335181845190E-001  6.866136632109E-001 -1.354831716965E+000  2.760927391640E+000 -1.127481427697E-003  1.634818728860E+000
  8.440783406568E-001  6.724592435996E-001 -1.325996356650E+000  2.700461774151E+000 -1.126486537897E-003  1.646209469877E+000
  8.547665626839E-001  6.584398023712E-001 -1.297454150382E+000  2.640636756527E+000 -1.125466596061E-003  1.657811162786E+000
  8.655847621758E-001  6.445570449888E-001 -1.269208541679E+000  2.581460003755E+000 -1.124421038814E-003  1.669628944653E+000
  8.765348876780E-001  6.308126411256E-001 -1.241262886879E+000  2.522938964992E+000 -1.123349291088E-003  1.681668111510E+000
  8.876189255584E-001  6.172082235072E-001 -1.213620452610E+000  2.465080867368E+000 -1.122250765910E-003  1.693934124256E+000
  8.988389008829E-001  6.037453867545E-001 -1.186284413278E+000  2.407892709858E+000 -1.121124864191E-003  1.706432614834E+000
  9.101968783143E-001  5.904256862266E-001 -1.159257848566E+000  2.351381257240E+000 -1.119970974516E-003  1.719169392662E+000
  9.216949630368E-001  5.772506368672E-001 -1.132543740965E+000  2.295553034133E+000 -1.118788472934E-003  1.732150451355E+000
  9.333353017046E-001  5.642217120542E-001 -1.106144973320E+000  2.240414319136E+000 -1.117576722733E-003  1.745381975742E+000
  9.451200834176E-001  5.513403424532E-001 -1.080064326415E+000  2.185971139079E+000 -1.116335074234E-003  1.758870349190E+000
  9.570515407237E-001  5.386079148785E-001 -1.054304476575E+000  2.132229263383E+000 -1.115062864563E-003  1.772622161262E+000
  9.691319506484E-001  5.260257711596E-001 -1.028867993318E+000  2.079194198550E+000 -1.113759417436E-003  1.786644215715E+000
  9.813636357544E-001  5.135952070176E-001 -1.003757337036E+000  2.026871182785E+000 -1.112424042931E-003  1.800943538855E+000
  9.937489652293E-001  5.013174709510E-001 -9.789748567171E-001  1.975265180772E+000 -1.111056037270E-003  1.815527388284E+000
  1.006290356005E+000  4.891937631328E-001 -9.545227877180E-001  1.924380878594E+000 -1.109654682589E-003  1.830403262034E+000
  1.018990273907E+000  4.772252343208E-001 -9.304032495806E-001  1.874222678824E+000 -1.108219246716E-003  1.845578908126E+000
  1.031851234841E+000  4.654129847817E-001 -9.066182439027E-001  1.824794695790E+000 -1.106748982937E-003  1.861062334575E+000
  1.044875806003E+000  4.537580632309E-001 -8.831696522644E-001  1.776100751025E+000 -1.105243129774E-003  1.876861819852E+000
  1.058066607138E+000  4.422614657906E-001 -8.600592342133E-001  1.728144368906E+000 -1.103700910746E-003  1.892985923847E+000
  1.071426311823E+000  4.309241349654E-001 -8.372886253131E-001  1.680928772507E+000 -1.102121534147E-003  1.909443499337E+000
  1.084957648792E+000  4.197469586394E-001 -8.148593352599E-001  1.634456879657E+000 -1.100504192811E-003  1.926243704004E+000
  1.098663403298E+000  4.087307690951E-001 -7.927727460676E-001  1.588731299223E+000 -1.098848063871E-003  1.943396013029E+000
  1.112546418516E+000  3.978763420559E-001 -7.710301103291E-001  1.543754327627E+000 -1.097152308538E-003  1.960910232280E+000
  1.126609596985E+000  3.871843957545E-001 -7.496325495545E-001  1.499527945609E+000 -1.095416071860E-003  1.978796512148E+000
  1.140855902095E+000  3.766555900284E-001 -7.285810525919E-001  1.456053815231E+000 -1.093638482486E-003  1.997065362046E+000
  1.155288359613E+000  3.662905254440E-001 -7.078764741335E-001  1.413333277156E+000 -1.091818652434E-003  2.015727665624E+000
  1.169910059257E+000  3.560897424517E-001 -6.875195333110E-001  1.371367348177E+000 -1.089955676855E-003  2.034794696727E+000
  1.184724156317E+000  3.460537205737E-001 -6.675108123839E-001  1.330156719047E+000 -1.088048633793E-003  2.054278136148E+000
  1.199733873325E+000  3.361828776253E-001 -6.478507555250E-001  1.289701752571E+000 -1.086096583958E-003  2.074190089210E+000
  1.214942501771E+000  3.264775689734E-001 -6.285396677058E-001  1.250002482015E+000 -1.084098570479E-003  2.094543104233E+000
  1.230353403874E+000  3.169380868322E-001 -6.095777136861E-001  1.211058609795E+000 -1.082053618679E-003  2.115350191935E+000
  1.245970014403E+000  3.075646595986E-001 -5.909649171108E-001  1.172869506496E+000 -1.079960735828E-003  2.136624845813E+000
  1.261795842559E+000  2.983574512295E-001 -5.727011597181E-001  1.135434210188E+000 -1.077818910918E-003  2.158381063567E+000
  1.277834473907E+000  2.893165606628E-001 -5.547861806618E-001  1.098751426082E+000 -1.075627114423E-003  2.180633369634E+000
  1.294089572372E+000  2.804420212830E-001 -5.372195759514E-001  1.062819526502E+000 -1.073384298059E-003  2.203396838875E+000
  1.310564882294E+000  2.717338004347E-001 -5.200007980134E-001  1.027636551199E+000 -1.071089394560E-003  2.226687121515E+000
  1.327264230548E+000  2.631917989845E-001 -5.031291553765E-001  9.932002080024E-001 -1.068741317435E-003  2.250520469370E+000
  1.344191528724E+000  2.548158509341E-001 -4.866038124842E-001  9.595078738192E-001 -1.066338960740E-003  2.274913763483E+000
  1.361350775387E+000  2.466057230861E-001 -4.704237896374E-001  9.265565959775E-001 -1.063881198842E-003  2.299884543213E+000
  1.378746058390E+000  2.385611147639E-001 -4.545879630702E-001  8.943430939277E-001 -1.061366886185E-003  2.325451036890E+000
  1.396381557275E+000  2.306816575883E-001 -4.390950651615E-001  8.628637612976E-001 -1.058794857064E-003  2.351632194118E+000
  1.414261545744E+000  2.229669153119E-001 -4.239436847844E-001  8.321146683070E-001 -1.056163925389E-003  2.378447719841E+000
  1.432390394201E+000  2.154163837133E-001 -4.091322677970E-001  8.020915645426E-001 -1.053472884450E-003  2.405918110261E+000
  1.450772572390E+000  2.080294905525E-001 -3.946591176755E-001  7.727898820959E-001 -1.050720506695E-003  2.434064690738E+000
  1.469412652102E+000  2.008055955903E-001 -3.805223962927E-001  7.442047390628E-001 -1.047905543498E-003  2.462909655796E+000
  1.488315309978E+000  1.937439906710E-001 -3.667201248434E-001  7.163309434081E-001 -1.045026724922E-003  2.492476111353E+000
  1.507485330398E+000  1.868438998731E-001 -3.532501849188E-001  6.891629971903E-001 -1.042082759495E-003  2.522788119336E+000
  1.526927608467E+000  1.801044797266E-001 -3.401103197310E-001  6.626951011496E-001 -1.039072333978E-003  2.553870744816E+000
  1.546647153093E+000  1.735248194999E-001 -3.272981354887E-001  6.369211596538E-001 -1.035994113134E-003  2.585750105838E+000
  1.566649090169E+000  1.671039415581E-001 -3.148111029270E-001  6.118347860018E-001 -1.032846739501E-003  2.618453426110E+000
  1.586938665861E+000  1.608408017924E-001 -3.026465589893E-001  5.874293080798E-001 -1.029628833152E-003  2.652009090746E+000
  1.607521250000E+000  1.547342901233E-001 -2.908017086655E-001  5.636977743674E-001 -1.026338991466E-003  2.686446705258E+000
  1.628402339588E+000  1.487832310786E-001 -2.792736269834E-001  5.406329602877E-001 -1.022975788896E-003  2.721797158019E+000
  1.649587562420E+000  1.429863844461E-001 -2.680592611570E-001  5.182273748971E-001 -1.019537776724E-003  2.758092686422E+000
  1.671082680832E+000  1.373424460036E-001 -2.571554328888E-001  4.964732679077E-001 -1.016023482828E-003  2.795366946984E+000
  1.692893595565E+000  1.318500483264E-001 -2.465588408279E-001  4.753626370356E-001 -1.012431411434E-003  2.833655089673E+000
  1.715026349769E+000  1.265077616726E-001 -2.362660631821E-001  4.548872356685E-001 -1.008760042870E-003  2.872993836730E+000
  1.737487133138E+000  1.213140949472E-001 -2.262735604843E-001  4.350385808430E-001 -1.005007833315E-003  2.913421566312E+000
  1.760282286187E+000  1.162674967468E-001 -2.165776785112E-001  4.158079615234E-001 -1.001173214533E-003  2.954978401279E+000
  1.783418304674E+000  1.113663564824E-001 -2.071746513532E-001  3.971864471724E-001 -9.972545936222E-004  2.997706303495E+000
  1.806901844175E+000  1.066090055844E-001 -1.980606046349E-001  3.791648966033E-001 -9.932503527231E-004  3.041649174023E+000
  1.830739724818E+000  1.019937187859E-001 -1.892315588828E-001  3.617339671032E-001 -9.891588487528E-004  3.086852959641E+000
  1.854938936184E+000  9.751871548811E-002 -1.806834330385E-001  3.448841238149E-001 -9.849784131005E-004  3.133365766133E+000
  1.879506642368E+000  9.318216120439E-002 -1.724120481156E-001  3.286056493666E-001 -9.807073513256E-004  3.181237978837E+000
  1.904450187236E+000  8.898216908517E-002 -1.644131309969E-001  3.128886537356E-001 -9.763439428358E-004  3.230522390996E+000
  1.929777099847E+000  8.491680152152E-002 -1.566823183682E-001  2.977230843332E-001 -9.718864405545E-004  3.281274340467E+000
  1.955495100083E+000  8.098407182753E-002 -1.492151607864E-001  2.830987362979E-001 -9.673330705600E-004  3.333551855431E+000
  1.981612104475E+000  7.718194600032E-002 -1.420071268771E-001  2.690052629811E-001 -9.626820317108E-004  3.387415809760E+000
  2.008136232230E+000  7.350834455664E-002 -1.350536076580E-001  2.554321866116E-001 -9.579314952486E-004  3.442930088786E+000
  2.035075811486E+000  6.996114444483E-002 -1.283499209839E-001  2.423689091235E-001 -9.530796043647E-004  3.500161766257E+000
  2.062439385788E+000  6.653818103047E-002 -1.218913161075E-001  2.298047231319E-001 -9.481244737495E-004  3.559181293353E+000
  2.090235720801E+000  6.323725015419E-002 -1.156729783518E-001  2.177288230402E-001 -9.430641890906E-004  3.620062700679E+000
  2.118473811262E+000  6.005611025956E-002 -1.096900338883E-001  2.061303162622E-001 -9.378968065488E-004  3.682883814289E+000
  2.147162888201E+000  5.699248458887E-002 -1.039375546143E-001  1.949982345433E-001 -9.326203521780E-004  3.747726486810E+000
  2.176312426413E+000  5.404406344445E-002 -9.841056312413E-002  1.843215453625E-001 -9.272328213025E-004  3.814676844914E+000
  2.205932152222E+000  5.120850651276E-002 -9.310403776729E-002  1.740891633983E-001 -9.217321778381E-004  3.883825554434E+000
  2.236032051522E+000  4.848344524840E-002 -8.801291778574E-002  1.642899620406E-001 -9.161163535483E-004  3.955268104563E+000
  2.266622378129E+000  4.586648531475E-002 -8.313210852393E-002  1.549127849303E-001 -9.103832472340E-004  4.029105112734E+000
  2.297713662445E+000  4.335520907800E-002 -7.845648670323E-002  1.459464575094E-001 -9.045307238452E-004  4.105442651857E+000
  2.329316720450E+000  4.094717815054E-002 -7.398090575269E-002  1.373797985607E-001 -8.985566135114E-004  4.184392601842E+000
  2.361442663038E+000  3.863993598012E-002 -6.970020118751E-002  1.292016317212E-001 -8.924587104631E-004  4.266073027419E+000
  2.394102905709E+000  3.643101048023E-002 -6.560919602642E-002  1.214007969480E-001 -8.862347718652E-004  4.350608584553E+000
  2.427309178642E+000  3.431791669739E-002 -6.170270623850E-002  1.139661619181E-001 -8.798825165006E-004  4.438130957892E+000
  2.461073537146E+000  3.229815951054E-002 -5.797554620989E-002  1.068866333438E-001 -8.733996233565E-004  4.528779331996E+000
  2.495408372530E+000  3.036923635742E-002 -5.442253422017E-002  1.001511681821E-001 -8.667837300393E-004  4.622700899304E+000
  2.530326423398E+000  2.852863998293E-002 -5.103849791822E-002  9.374878471994E-002 -8.600324310195E-004  4.720051408140E+000
  2.565840787378E+000  2.677386120356E-002 -4.781827978661E-002  8.766857351551E-002 -8.531432757162E-004  4.820995754357E+000
  2.601964933334E+000  2.510239168254E-002 -4.475674258352E-002  8.189970817421E-002 -8.461137663548E-004  4.925708620611E+000
  2.638712714049E+000  2.351172670949E-002 -4.184877475087E-002  7.643145594069E-002 -8.389413556096E-004  5.034375167644E+000
  2.676098379430E+000  2.199936797834E-002 -3.908929577686E-002  7.125318808590E-002 -8.316234439919E-004  5.147191782423E+000
  2.714136590232E+000  2.056282635737E-002 -3.647326150100E-002  6.635439006934E-002 -8.241573769618E-004  5.264366888491E+000
  2.752842432351E+000  1.919962464452E-002 -3.399566934951E-002  6.172467145585E-002 -8.165404417308E-004  5.386121824447E+000
  2.792231431696E+000  1.790730030139E-002 -3.165156348863E-002  5.735377556708E-002 -8.087698637159E-004  5.512691797106E+000
  2.832319569669E+000  1.668340815904E-002 -2.943603988325E-002  5.323158884686E-002 -8.008428026347E-004  5.644326916604E+000
  2.873123299289E+000  1.552552308846E-002 -2.734425124827E-002  4.934814992077E-002 -7.927563481621E-004  5.781293321504E+000
  2.914659561979E+000  1.443124262885E-002 -2.537141187980E-002  4.569365832932E-002 -7.845075151496E-004  5.923874402836E+000
  2.956945805065E+000  1.339818956630E-002 -2.351280235339E-002  4.225848291523E-002 -7.760932383140E-004  6.072372137027E+000
  3.000000000000E+000  1.242401445597E-002 -2.176377407660E-002  3.903316984484E-002 -7.675103663955E-004  6.227108538763E+000
  3.043840661365E+000  1.150639808028E-002 -2.011975368309E-002  3.600845024441E-002 -7.587556556822E-004  6.388427246119E+000
  3.088486866678E+000  1.064305383634E-002 -1.857624725568E-002  3.317524743220E-002 -7.498257628804E-004  6.556695251666E+000
  3.133958277047E+000  9.831730045197E-003 -1.712884436604E-002  3.052468372792E-002 -7.407172372212E-004  6.732304794904E+000
  3.180275158719E+000  9.070212176300E-003 -1.577322191898E-002  2.804808682159E-002 -7.314265118001E-004  6.915675433135E+000
  3.227458405560E+000  8.356324980153E-003 -1.450514778951E-002  2.573699568456E-002 -7.219498939852E-004  7.107256309919E+000
  3.275529562509E+000  7.687934522756E-003 -1.332048424158E-002  2.358316600620E-002 -7.122835549163E-004  7.307528642581E+000
  3.324510850077E+000  7.062950115423E-003 -1.221519111765E-002  2.157857514093E-002 -7.024235179064E-004  7.517008452784E+000
  3.374425189910E+000  6.479326133993E-003 -1.118532878899E-002  1.971542655115E-002 -6.923656457342E-004  7.736249567149E+000
  3.425296231502E+000  5.935063721729E-003 -1.022706085734E-002  1.798615373278E-002 -6.821056266921E-004  7.965846918229E+000
  3.477148380094E+000  5.428212370600E-003 -9.336656599310E-003  1.638342361191E-002 -6.716389592871E-004  8.206440179908E+000
  3.530006825834E+000  4.956871376059E-003 -8.510493145709E-003  1.490013940195E-002 -6.609609355203E-004  8.458717775597E+000
  3.583897574256E+000  4.519191160920E-003 -7.745057389125E-003  1.352944291317E-002 -6.500666225652E-004  8.723421302476E+000
  3.638847478148E+000  4.113374464411E-003 -7.036947613955E-003  1.226471630753E-002 -6.389508428273E-004  9.001350420595E+000
  3.694884270887E+000  3.737677393057E-003 -6.382874844311E-003  1.109958329437E-002 -6.276081521729E-004  9.293368261964E+000
  3.752036601308E+000  3.390410330620E-003 -5.779663906412E-003  1.002790976439E-002 -6.160328162771E-004  9.600407422023E+000
  3.810334070199E+000  3.069938704932E-003 -5.224254203316E-003  9.043803861592E-003 -6.042187849284E-004  9.923476604120E+000
  3.869807268505E+000  2.774683610110E-003 -4.713700201201E-003  8.141615495531E-003 -5.921596641938E-004  1.026366799708E+001
  3.930487817331E+000  2.503122283304E-003 -4.245171627766E-003  7.315935298460E-003 -5.798486863338E-004  1.062216547681E+001
  3.992408409843E+000  2.253788435803E-003 -3.815953384749E-003  6.561593034876E-003 -5.672786773578E-004  1.100025373520E+001
  4.055602855172E+000  2.025272439031E-003 -3.423445177991E-003  5.873655473484E-003 -5.544420221164E-004  1.139932845394E+001
  4.120106124432E+000  1.816221366673E-003 -3.065160869940E-003  5.247423734443E-003 -5.413306268880E-004  1.182090765726E+001
  4.185954398964E+000  1.625338894835E-003 -2.738727560934E-003  4.678430127535E-003 -5.279358793677E-004  1.226664439624E+001
  4.253185120935E+000  1.451385062897E-003 -2.441884407054E-003  4.162434499650E-003 -5.142486060687E-004  1.273834093929E+001
  4.321837046422E+000  1.293175898325E-003 -2.172481183711E-003  3.695420112732E-003 -5.002590271385E-004  1.323796466827E+001
  4.391950301120E+000  1.149582909439E-003 -1.928476605535E-003  3.273589075969E-003 -4.859567086438E-004  1.376766590875E+001
  4.463566438835E+000  1.019532450693E-003 -1.707936414367E-003  2.893357358567E-003 -4.713305124960E-004  1.432979795605E+001
  4.536728502895E+000  9.020049656955E-004 -1.509031248415E-003  2.551349411829E-003 -4.563685441734E-004  1.492693959765E+001
  4.611481090679E+000  7.960341136722E-004 -1.330034306702E-003  2.244392431470E-003 -4.410580985479E-004  1.556192047709E+001
  4.687870421430E+000  7.007057856604E-004 -1.169318823963E-003  1.969510293091E-003 -4.253856043099E-004  1.623784969634E+001
  4.765944407533E+000  6.151570171202E-004 -1.025355371992E-003  1.723917195467E-003 -4.093365674826E-004  1.695814811395E+001
  4.845752729492E+000  5.385748040867E-004 -8.967090041973E-004  1.505011047717E-003 -3.928955147957E-004  1.772658486591E+001
  4.927346914797E+000  4.701948303093E-004 -7.820362606764E-004  1.310366637614E-003 -3.760459379565E-004  1.854731871766E+001
  5.010780420931E+000  4.093001131142E-004 -6.800820515698E-004  1.137728619017E-003 -3.587702399602E-004  1.942494494971E+001
  5.096108722763E+000  3.552195759341E-004 -5.896764366994E-004  9.850043568793E-004 -3.410496851321E-004  2.036454858969E+001
  5.183389404586E+000  3.073265556050E-004 -5.097313195946E-004  8.502566683440E-004 -3.228643547774E-004  2.137176493100E+001
  5.272682257105E+000  2.650372526151E-004 -4.392370739351E-004  7.316964981101E-004 -3.041931109689E-004  2.245284842757E+001
  5.364049379651E+000  2.278091325174E-004 -3.772591202033E-004  6.276755655624E-004 -2.850135714765E-004  2.361475122760E+001
  5.457555287978E+000  1.951392866859E-004 -3.229344699435E-004  5.366790200986E-004 -2.653020995860E-004  2.486521281096E+001
  5.553267027968E+000  1.665627605038E-004 -2.754682544799E-004  4.573181396569E-004 -2.450338134563E-004  2.621286243042E+001
  5.651254295630E+000  1.416508569404E-004 -2.341302542672E-004  3.883231056930E-004 -2.241826205534E-004  2.766733633063E+001
  5.751589563796E+000  1.200094232860E-004 -1.982514442437E-004  3.285358857925E-004 -2.027212839838E-004  2.923941203732E+001
  5.854348215936E+000  1.012771285966E-004 -1.672205696502E-004  2.769032527672E-004 -1.806215290750E-004  3.094116237929E+001
  5.959608687557E+000  8.512373914960E-005 -1.404807657852E-004  2.324699665228E-004 -1.578541999774E-004  3.278613233562E+001
  6.067452615683E+000  7.124839893142E-005 -1.175262341092E-004  1.943721422406E-004 -1.343894783027E-004  3.478954229861E+001
  6.177964996951E+000  5.937792188425E-005 -9.789898601200E-005  1.618308255380E-004 -1.101971780234E-004  3.696852191917E+001
  6.291234354880E+000  4.926510232838E-005 -8.118566443024E-005  1.341457923222E-004 -8.524713332181E-005  3.934237936664E+001
  6.407352916949E+000  4.068704965846E-005 -6.701445238326E-005  1.106895880791E-004 -5.950969926699E-005  4.193291160119E+001
  6.526416802128E+000  3.344355308827E-005 -5.505207638768E-005  9.090181839852E-005 -3.295638826772E-005  4.476476213676E+001
  6.648526219580E+000  2.735548189350E-005 -4.500091164399E-005  7.428369968796E-005 -5.560668738888E-006  4.786583378031E+001
  6.773785679311E+000  2.226322627377E-005 -3.659619487088E-005  6.039287631139E-005  2.270104396523E-005  5.126776498385E+001
  6.902304215570E+000  1.802518362643E-005 -2.960334970766E-005  4.883850785720E-005  5.184817105940E-005  5.500647975745E+001
  7.034195623922E+000  1.451629469054E-005 -2.381542872003E-005  3.927662792213E-005  8.189449206562E-005  5.912282258394E+001
  7.169578712934E+000  1.162663367862E-005 -1.905067523090E-005  3.140577372676E-005  1.128463672859E-004  6.366329147635E+001
  7.308577571516E+000  9.260056160039E-006 -1.515020745689E-005  2.496288406919E-005  1.447006235995E-004  6.868088426311E+001
  7.451321853057E+000  7.332908089733E-006 -1.197582675489E-005  1.971946158382E-005  1.774420705017E-004  7.423607542973E+001
  7.597947077547E+000  5.772798981663E-006 -9.407951164760E-006  1.547799399883E-005  2.110406220335E-004  8.039794347562E+001
  7.748594953021E+000  4.517441804650E-006 -7.343674859471E-006  1.206862806313E-005  2.454480168940E-004  8.724547190608E+001
  7.903413717736E+000  3.513561723191E-006 -5.694953570611E-006  9.346089018909E-006  2.805941556034E-004  9.486905090898E+001
  8.062558504629E+000  2.715875315271E-006 -4.386915529017E-006  7.186837895357E-006  3.163831151619E-004  1.033722118568E+002
  8.226191729726E+000  2.086141372106E-006 -3.356296933016E-006  5.486458456002E-006  3.526889605469E-004  1.128736336668E+002
  8.394483506327E+000  1.592283823076E-006 -2.550000418186E-006  4.157265304498E-006  3.893515549781E-004  1.235094697696E+002
  8.567612086926E+000  1.207586737791E-006 -1.923774442861E-006  3.126124399661E-006  4.261726816301E-004  1.354360586023E+002
  8.745764335025E+000  9.099607443875E-007 -1.441010918261E-006  2.332477011871E-006  4.629129279084E-004  1.488331016558E+002
  8.929136229160E+000  6.812795803311E-007 -1.071657801404E-006  1.726557936338E-006  4.992899564631E-004  1.639074249835E+002
  9.117933401693E+000  5.067848731780E-007 -7.912427393720E-007  1.267798539928E-006  5.349789822152E-004  1.808974884093E+002
  9.312371715124E+000  3.745566507422E-007 -5.800032172703E-007  9.234049434775E-007  5.696164851917E-004  2.000788798252E+002
  9.512677878945E+000  2.750465206329E-007 -4.221180370213E-007  6.671013288043E-007  6.028083925155E-004  2.217711421167E+002
  9.719090110332E+000  2.006699565712E-007 -3.050343619362E-007  4.780280186375E-007  6.341441267465E-004  2.463464449706E+002
  9.931858842267E+000  1.454537005489E-007 -2.188840274316E-007  3.397836292728E-007  6.632180082615E-004  2.742408586194E+002
  1.015124748302E+001  1.047339509297E-007 -1.559823666809E-007  2.396002690721E-007  6.896594845884E-004  3.059693490842E+002
  1.037753323129E+001  7.490076871227E-008 -1.104024552001E-007  1.676404860104E-007  7.131735354444E-004  3.421461519481E+002
  1.061100795175E+001  5.318400464274E-008 -7.761746037967E-008  1.164044909423E-007  7.335924211373E-004  3.835129851034E+002
  1.085197911611E+001  3.747603070000E-008 -5.420370492487E-008  8.023613443071E-008  7.509398742240E-004  4.309787821084E+002
  1.110077081537E+001  2.618664718423E-008 -3.759712370558E-008  5.491622172208E-008  7.655092255932E-004  4.856765325410E+002
  1.135772484956E+001  1.812572228243E-008 -2.589600983129E-008  3.733203075896E-008  7.779584247424E-004  5.490458893644E+002
  1.162320190175E+001  1.240939080987E-008 -1.770329737430E-008  2.521235764255E-008  7.894285632412E-004  6.229553657026E+002
  1.189758280382E+001  8.385975291650E-009 -1.200209658313E-008  1.691804487216E-008  8.017002364892E-004  7.098870037703E+002
  1.218126990242E+001  5.578175704083E-009 -8.058757633168E-009  1.127872904961E-008  8.174175482185E-004  8.132230659768E+002
  1.247468853413E+001  3.638483263436E-009 -5.348361511574E-009  7.467444337015E-009  8.404404935570E-004  9.377065674850E+002
  1.277828862002E+001  2.315188639618E-009 -3.498190231307E-009  4.905695440902E-009  8.764509305469E-004  1.090213671815E+003
  1.309254639077E+001  1.426758144398E-009 -2.245382741130E-009  3.192624767881E-009  9.340817817179E-004  1.281121436506E+003
  1.341796625462E+001  8.427284560392E-010 -1.405610487290E-009  2.052898386365E-009  1.027195085912E-003  1.526902121946E+003
  1.375508282195E+001  4.696110633172E-010 -8.501857404708E-010  1.298884646757E-009  1.179921622948E-003  1.855500084014E+003
  1.410446310162E+001  2.405959291435E-010 -4.895312587846E-010  8.035656546703E-010  1.439255344583E-003  2.318876716762E+003
  1.446670888596E+001  1.080980114701E-010 -2.613833458991E-010  4.813831751037E-010  1.912578766503E-003  3.027618729899E+003
  1.484245934302E+001  3.840170605703E-011 -1.224701956097E-010  2.748657346433E-010  2.915488985421E-003  4.274876558747E+003
  1.523239383723E+001  7.830843787203E-012 -4.270735858836E-011  1.454117265135E-010  5.969522575368E-003  7.262802449594E+003
  1.563723500136E+001  1.075976527351E-014 -1.189848284475E-012  6.702176595856E-011  0.000000000000E+000  0.000000000000E+000
  1.605775208607E+001  3.899669156343E-012  1.655447427283E-011  2.209590910941E-011 -7.494179189355E-003  9.162862378487E+003
  1.649476461582E+001  1.235423313026E-011  2.044290653863E-011 -1.345739588677E-012 -3.994717215599E-003  6.238810878679E+003
  1.694914638379E+001  2.106300350395E-011  1.713046248154E-011 -1.147998507163E-011 -2.899930842452E-003  5.222362147396E+003
  1.742182982203E+001  2.773462361615E-011  1.091623102706E-011 -1.386246459734E-011 -2.384000622776E-003  4.764671819758E+003
  1.791381078784E+001  3.146760561092E-011  4.398801427388E-012 -1.220283375307E-011 -2.094641023659E-003  4.568277936570E+003
  1.842615381215E+001  3.225702704355E-011 -1.031980792245E-012 -8.887648393927E-012 -1.916179395280E-003  4.530703468237E+003
  1.895999786176E+001  3.061222144287E-011 -4.814402393523E-012 -5.350540028801E-012 -1.799516889884E-003  4.610437469564E+003
  1.951656267356E+001  2.727019106321E-011 -6.916436504844E-012 -2.349490021660E-012 -1.720311068403E-003  4.791568391262E+003
  2.009715572669E+001  2.299395935802E-011 -7.604739858185E-012 -1.835920386704E-013 -1.665165823112E-003  5.071882282645E+003
  2.070317992707E+001  1.844547511638E-011 -7.273365403594E-012  1.135496395994E-012 -1.626138598073E-003  5.458548031687E+003
  2.133614208874E+001  1.412101532805E-011 -6.326379050954E-012  1.751306684737E-012 -1.598252091454E-003  5.966941454997E+003
  2.199766230782E+001  1.033506224972E-011 -5.107591754651E-012  1.866680114202E-012 -1.578252342645E-003  6.621190033176E+003
  2.268948433818E+001  7.237600754658E-012 -3.868670378440E-012  1.681161214344E-012 -1.563940519691E-003  7.456051127215E+003
  2.341348709294E+001  4.850316302824E-012 -2.765392706746E-012  1.356825122614E-012 -1.553791183026E-003  8.520211938279E+003
  2.417169741362E+001  3.109284498047E-012 -1.871543259592E-012  1.006014681872E-012 -1.546723319501E-003  9.881440601065E+003
  2.496630426925E+001  1.904976189477E-012 -1.201058337706E-012  6.937194370946E-013 -1.541957369975E-003  1.163439758574E+004
  2.579967457140E+001  1.114062101733E-012 -7.311911737075E-013  4.477692439531E-013 -1.538922946768E-003  1.391246072634E+004
  2.667437081864E+001  6.208914249476E-013 -4.221058031547E-013  2.714113934906E-013  0.000000000000E+000  0.000000000000E+000
  2.759317081651E+001  3.291209242325E-013 -2.308193580314E-013  1.546950649865E-013  0.000000000000E+000  0.000000000000E+000
  2.855908975674E+001  1.655502786744E-013 -1.193661746390E-013  8.290917201430E-014  0.000000000000E+000  0.000000000000E+000
  2.957540498378E+001  7.881194106740E-014 -5.825487044185E-014  4.174376008586E-014  0.000000000000E+000  0.000000000000E+000
  3.064568382919E+001  3.540312974905E-014 -2.676136918331E-014  1.971041757810E-014  0.000000000000E+000  0.000000000000E+000
  3.177381495601E+001  1.495606166425E-014 -1.153702856256E-014  8.707101625048E-015  0.000000000000E+000  0.000000000000E+000
  3.296404372807E+001  5.919454190993E-015 -4.651274374333E-015  3.587763496916E-015  0.000000000000E+000  0.000000000000E+000
  3.422101220608E+001  2.185832757252E-015 -1.746746870287E-015  1.374081473910E-015  0.000000000000E+000  0.000000000000E+000
  3.554980447538E+001  7.495406089447E-016 -6.082931796776E-016  4.870766454817E-016  0.000000000000E+000  0.000000000000E+000
  3.695599813319E+001  2.374418953102E-016 -1.954501409285E-016  1.590453058361E-016  0.000000000000E+000  0.000000000000E+000
  3.844572291106E+001  6.909049329089E-017 -5.762093242876E-017  4.758331951331E-017  0.000000000000E+000  0.000000000000E+000
  4.002572758518E+001  1.834811072553E-017 -1.548826210013E-017  1.296353610723E-017  0.000000000000E+000  0.000000000000E+000
  4.170345654134E+001  4.415674707867E-018 -3.769384796857E-018  3.194190264105E-018  0.000000000000E+000  0.000000000000E+000
  4.348713762001E+001  9.554487811549E-019 -8.241263514932E-019  7.063665544535E-019  0.000000000000E+000  0.000000000000E+000
  4.538588318162E+001  1.748097752656E-019 -1.510288044310E-019  1.295536730448E-019  0.000000000000E+000  0.000000000000E+000
  4.740980671574E+001  3.011022609623E-020 -4.188143034198E-020  3.809156178786E-020  0.000000000000E+000  0.000000000000E+000
  4.957015778746E+001  6.432319589158E-021 -2.728620466076E-021 -3.546607212307E-021  0.000000000000E+000  0.000000000000E+000
  5.187947869225E+001  0.000000000000E+000  2.959792789484E-022  1.879933477583E-021  0.000000000000E+000  0.000000000000E+000
  5.435178690397E+001  2.247793379513E-022 -2.082367842834E-022  0.000000000000E+000  0.000000000000E+000  0.000000000000E+000
  5.700278828629E+001  0.000000000000E+000  0.000000000000E+000  0.000000000000E+000  0.000000000000E+000  0.000000000000E+000
  5.985012714155E+001  0.000000000000E+000  0.000000000000E+000  0.000000000000E+000  0.000000000000E+000  0.000000000000E+000
  6.291368055481E+001  0.000000000000E+000  0.000000000000E+000  0.000000000000E+000  0.000000000000E+000  0.000000000000E+000
  6.621590623276E+001  0.000000000000E+000  0.000000000000E+000  0.000000000000E+000  0.000000000000E+000  0.000000000000E+000
  6.978225524452E+001  0.000000000000E+000  0.000000000000E+000  0.000000000000E+000  0.000000000000E+000  0.000000000000E+000
  7.364166388185E+001  0.000000000000E+000  0.000000000000E+000  0.000000000000E+000  0.000000000000E+000  0.000000000000E+000
  7.782714245929E+001  0.000000000000E+000  0.000000000000E+000  0.000000000000E+000  0.000000000000E+000  0.000000000000E+000
  8.237648351994E+001  0.000000000000E+000  0.000000000000E+000  0.000000000000E+000  0.000000000000E+000  0.000000000000E+000
  8.733311794502E+001  0.000000000000E+000  0.000000000000E+000  0.000000000000E+000  0.000000000000E+000  0.000000000000E+000
  9.274715535088E+001  0.000000000000E+000  0.000000000000E+000  0.000000000000E+000  0.000000000000E+000  0.000000000000E+000
  9.867665554529E+001  0.000000000000E+000  0.000000000000E+000  0.000000000000E+000  0.000000000000E+000  0.000000000000E+000
  1.051891916055E+002  0.000000000000E+000  0.000000000000E+000  0.000000000000E+000  0.000000000000E+000  0.000000000000E+000
  1.123637836013E+002  0.000000000000E+000  0.000000000000E+000  0.000000000000E+000  0.000000000000E+000  0.000000000000E+000
  1.202933069206E+002  0.000000000000E+000  0.000000000000E+000  0.000000000000E+000  0.000000000000E+000  0.000000000000E+000
  1.290875131414E+002  0.000000000000E+000  0.000000000000E+000  0.000000000000E+000  0.000000000000E+000  0.000000000000E+000
  1.388768482001E+002  0.000000000000E+000  0.000000000000E+000  0.000000000000E+000  0.000000000000E+000  0.000000000000E+000
  1.498173177370E+002  0.000000000000E+000  0.000000000000E+000  0.000000000000E+000  0.000000000000E+000  0.000000000000E+000
  1.620967411853E+002  0.000000000000E+000  0.000000000000E+000  0.000000000000E+000  0.000000000000E+000  0.000000000000E+000
  1.759428668168E+002  0.000000000000E+000  0.000000000000E+000  0.000000000000E+000  0.000000000000E+000  0.000000000000E+000
  1.916340085825E+002  0.000000000000E+000  0.000000000000E+000  0.000000000000E+000  0.000000000000E+000  0.000000000000E+000
  2.095131417987E+002  0.000000000000E+000  0.000000000000E+000  0.000000000000E+000  0.000000000000E+000  0.000000000000E+000
  2.300068054477E+002  0.000000000000E+000  0.000000000000E+000  0.000000000000E+000  0.000000000000E+000  0.000000000000E+000
  2.536507797910E+002  0.000000000000E+000  0.000000000000E+000  0.000000000000E+000  0.000000000000E+000  0.000000000000E+000
  2.811254638474E+002  0.000000000000E+000  0.000000000000E+000  0.000000000000E+000  0.000000000000E+000  0.000000000000E+000
  3.133053780630E+002  0.000000000000E+000  0.000000000000E+000  0.000000000000E+000  0.000000000000E+000  0.000000000000E+000
  3.513296254502E+002  0.000000000000E+000  0.000000000000E+000  0.000000000000E+000  0.000000000000E+000  0.000000000000E+000
  3.967041014107E+002  0.000000000000E+000  0.000000000000E+000  0.000000000000E+000  0.000000000000E+000  0.000000000000E+000
  4.514529193350E+002  0.000000000000E+000  0.000000000000E+000  0.000000000000E+000  0.000000000000E+000  0.000000000000E+000
  5.183481233601E+002  0.000000000000E+000  0.000000000000E+000  0.000000000000E+000  0.000000000000E+000  0.000000000000E+000
  6.012676077950E+002  0.000000000000E+000  0.000000000000E+000  0.000000000000E+000  0.000000000000E+000  0.000000000000E+000
  7.057700503752E+002  0.000000000000E+000  0.000000000000E+000  0.000000000000E+000  0.000000000000E+000  0.000000000000E+000
  8.400513767914E+002  0.000000000000E+000  0.000000000000E+000  0.000000000000E+000  0.000000000000E+000  0.000000000000E+000
  1.016602135495E+003  0.000000000000E+000  0.000000000000E+000  0.000000000000E+000  0.000000000000E+000  0.000000000000E+000
  1.255220715579E+003  0.000000000000E+000  0.000000000000E+000  0.000000000000E+000  0.000000000000E+000  0.000000000000E+000
  1.588815776243E+003  0.000000000000E+000  0.000000000000E+000  0.000000000000E+000  0.000000000000E+000  0.000000000000E+000
  2.075392011604E+003  0.000000000000E+000  0.000000000000E+000  0.000000000000E+000  0.000000000000E+000  0.000000000000E+000
  2.825079847528E+003  0.000000000000E+000  0.000000000000E+000  0.000000000000E+000  0.000000000000E+000  0.000000000000E+000
  4.068408296183E+003  0.000000000000E+000  0.000000000000E+000  0.000000000000E+000  0.000000000000E+000  0.000000000000E+000
  6.357262947672E+003  0.000000000000E+000  0.000000000000E+000  0.000000000000E+000  0.000000000000E+000  0.000000000000E+000
  1.130231930164E+004  0.000000000000E+000  0.000000000000E+000  0.000000000000E+000  0.000000000000E+000  0.000000000000E+000
  2.543105175136E+004  0.000000000000E+000  0.000000000000E+000  0.000000000000E+000  0.000000000000E+000  0.000000000000E+000
  1.017262069952E+005  0.000000000000E+000  0.000000000000E+000  0.000000000000E+000  0.000000000000E+000  0.000000000000E+000
