# 1st line: number of mesh points
# rho and r_seitz are calculated from total density
# zeta and r_seitz only correct of rho > 1d-12

# abcissa rho drho ddrho zeta r_seitz
500
  9.830308526563E-006  1.625883059471E+003 -1.974911950544E+004  2.456563301878E+005  0.000000000000E+000  1.226527574125E-001
  3.932200719722E-005  1.625300731207E+003 -1.974187604512E+004  2.455639611598E+005  0.000000000000E+000  1.226674040637E-001
  8.847741541467E-005  1.624330607842E+003 -1.972980903072E+004  2.454100838669E+005  0.000000000000E+000  1.226918200356E-001
  1.573003992805E-004  1.622973324549E+003 -1.971292658566E+004  2.451948048616E+005  0.000000000000E+000  1.227260126611E-001
  2.457963722418E-004  1.621229769695E+003 -1.969124007117E+004  2.449182731613E+005  0.000000000000E+000  1.227699922122E-001
  3.539722959954E-004  1.619101083973E+003 -1.966476407475E+004  2.445806800925E+005  0.000000000000E+000  1.228237719063E-001
  4.818366816529E-004  1.616588659271E+003 -1.963351639538E+004  2.441822590901E+005  0.000000000000E+000  1.228873679138E-001
  6.293995911626E-004  1.613694137313E+003 -1.959751802541E+004  2.437232854542E+005  0.000000000000E+000  1.229607993678E-001
  7.966726389935E-004  1.610419408042E+003 -1.955679312932E+004  2.432040760616E+005  0.000000000000E+000  1.230440883754E-001
  9.836689940782E-004  1.606766607768E+003 -1.951136901920E+004  2.426249890354E+005  0.000000000000E+000  1.231372600308E-001
  1.190403382016E-003  1.602738117072E+003 -1.946127612707E+004  2.419864233709E+005  0.000000000000E+000  1.232403424300E-001
  1.416892087541E-003  1.598336558471E+003 -1.940654797409E+004  2.412888185198E+005  0.000000000000E+000  1.233533666880E-001
  1.663152957245E-003  1.593564793850E+003 -1.934722113662E+004  2.405326539318E+005  0.000000000000E+000  1.234763669565E-001
  1.929205402573E-003  1.588425921662E+003 -1.928333520930E+004  2.397184485561E+005  0.000000000000E+000  1.236093804450E-001
  2.215070403073E-003  1.582923273901E+003 -1.921493276506E+004  2.388467603010E+005  0.000000000000E+000  1.237524474426E-001
  2.520770509919E-003  1.577060412845E+003 -1.914205931214E+004  2.379181854548E+005  0.000000000000E+000  1.239056113418E-001
  2.846329849692E-003  1.570841127579E+003 -1.906476324831E+004  2.369333580670E+005  0.000000000000E+000  1.240689186652E-001
  3.191774128432E-003  1.564269430310E+003 -1.898309581214E+004  2.358929492911E+005  0.000000000000E+000  1.242424190925E-001
  3.557130635959E-003  1.557349552455E+003 -1.889711103153E+004  2.347976666904E+005  0.000000000000E+000  1.244261654911E-001
  3.942428250463E-003  1.550085940535E+003 -1.880686566951E+004  2.336482535064E+005  0.000000000000E+000  1.246202139471E-001
  4.347697443358E-003  1.542483251855E+003 -1.871241916734E+004  2.324454878928E+005  0.000000000000E+000  1.248246237999E-001
  4.772970284417E-003  1.534546349997E+003 -1.861383358513E+004  2.311901821133E+005  0.000000000000E+000  1.250394576775E-001
  5.218280447175E-003  1.526280300113E+003 -1.851117353983E+004  2.298831817071E+005  0.000000000000E+000  1.252647815344E-001
  5.683663214611E-003  1.517690364034E+003 -1.840450614085E+004  2.285253646213E+005  0.000000000000E+000  1.255006646921E-001
  6.169155485101E-003  1.508781995200E+003 -1.829390092332E+004  2.271176403116E+005  0.000000000000E+000  1.257471798808E-001
  6.674795778653E-003  1.499560833414E+003 -1.817942977907E+004  2.256609488133E+005  0.000000000000E+000  1.260044032839E-001
  7.200624243425E-003  1.490032699431E+003 -1.806116688542E+004  2.241562597827E+005  0.000000000000E+000  1.262724145848E-001
  7.746682662519E-003  1.480203589377E+003 -1.793918863190E+004  2.226045715107E+005  0.000000000000E+000  1.265512970156E-001
  8.313014461060E-003  1.470079669026E+003 -1.781357354492E+004  2.210069099104E+005  0.000000000000E+000  1.268411374083E-001
  8.899664713569E-003  1.459667267915E+003 -1.768440221059E+004  2.193643274784E+005  0.000000000000E+000  1.271420262484E-001
  9.506680151615E-003  1.448972873329E+003 -1.755175719565E+004  2.176779022325E+005  0.000000000000E+000  1.274540577311E-001
  1.013410917176E-002  1.438003124148E+003 -1.741572296672E+004  2.159487366276E+005  0.000000000000E+000  1.277773298198E-001
  1.078200184380E-002  1.426764804564E+003 -1.727638580797E+004  2.141779564485E+005  0.000000000000E+000  1.281119443070E-001
  1.145040991929E-002  1.415264837686E+003 -1.713383373716E+004  2.123667096849E+005  0.000000000000E+000  1.284580068780E-001
  1.213938684040E-002  1.403510279028E+003 -1.698815642041E+004  2.105161653863E+005  0.000000000000E+000  1.288156271775E-001
  1.284898774901E-002  1.391508309896E+003 -1.683944508552E+004  2.086275125006E+005  0.000000000000E+000  1.291849188786E-001
  1.357926949620E-002  1.379266230675E+003 -1.668779243419E+004  2.067019586978E+005  0.000000000000E+000  1.295659997545E-001
  1.433029065191E-002  1.366791454038E+003 -1.653329255308E+004  2.047407291780E+005  0.000000000000E+000  1.299589917536E-001
  1.510211151509E-002  1.354091498060E+003 -1.637604082394E+004  2.027450654686E+005  0.000000000000E+000  1.303640210771E-001
  1.589479412397E-002  1.341173979276E+003 -1.621613383277E+004  2.007162242095E+005  0.000000000000E+000  1.307812182601E-001
  1.670840226680E-002  1.328046605664E+003 -1.605366927832E+004  1.986554759287E+005  0.000000000000E+000  1.312107182549E-001
  1.754300149280E-002  1.314717169577E+003 -1.588874587984E+004  1.965641038107E+005  0.000000000000E+000  1.316526605189E-001
  1.839865912351E-002  1.301193540626E+003 -1.572146328435E+004  1.944434024574E+005  0.000000000000E+000  1.321071891045E-001
  1.927544426443E-002  1.287483658528E+003 -1.555192197345E+004  1.922946766448E+005  0.000000000000E+000  1.325744527533E-001
  2.017342781695E-002  1.273595525921E+003 -1.538022316980E+004  1.901192400762E+005  0.000000000000E+000  1.330546049933E-001
  2.109268249069E-002  1.259537201153E+003 -1.520646874338E+004  1.879184141334E+005  0.000000000000E+000  1.335478042399E-001
  2.203328281612E-002  1.245316791064E+003 -1.503076111769E+004  1.856935266275E+005  0.000000000000E+000  1.340542139004E-001
  2.299530515754E-002  1.230942443759E+003 -1.485320317596E+004  1.834459105511E+005  0.000000000000E+000  1.345740024827E-001
  2.397882772639E-002  1.216422341380E+003 -1.467389816742E+004  1.811769028334E+005  0.000000000000E+000  1.351073437077E-001
  2.498393059493E-002  1.201764692901E+003 -1.449294961389E+004  1.788878430989E+005  0.000000000000E+000  1.356544166255E-001
  2.601069571024E-002  1.186977726925E+003 -1.431046121665E+004  1.765800724326E+005  0.000000000000E+000  1.362154057363E-001
  2.705920690860E-002  1.172069684526E+003 -1.412653676385E+004  1.742549321521E+005  0.000000000000E+000  1.367905011153E-001
  2.812954993023E-002  1.157048812113E+003 -1.394128003833E+004  1.719137625881E+005  0.000000000000E+000  1.373798985421E-001
  2.922181243436E-002  1.141923354343E+003 -1.375479472631E+004  1.695579018758E+005  0.000000000000E+000  1.379837996344E-001
  3.033608401473E-002  1.126701547088E+003 -1.356718432666E+004  1.671886847572E+005  0.000000000000E+000  1.386024119873E-001
  3.147245621542E-002  1.111391610458E+003 -1.337855206120E+004  1.648074413967E+005  0.000000000000E+000  1.392359493164E-001
  3.263102254705E-002  1.096001741890E+003 -1.318900078589E+004  1.624154962108E+005  0.000000000000E+000  1.398846316064E-001
  3.381187850339E-002  1.080540109315E+003 -1.299863290315E+004  1.600141667144E+005  0.000000000000E+000  1.405486852654E-001
  3.501512157837E-002  1.065014844407E+003 -1.280755027532E+004  1.576047623832E+005  0.000000000000E+000  1.412283432837E-001
  3.624085128345E-002  1.049434035916E+003 -1.261585413944E+004  1.551885835346E+005  0.000000000000E+000  1.419238453987E-001
  3.748916916538E-002  1.033805723108E+003 -1.242364502339E+004  1.527669202291E+005  0.000000000000E+000  1.426354382657E-001
  3.876017882444E-002  1.018137889296E+003 -1.223102266345E+004  1.503410511915E+005  0.000000000000E+000  1.433633756336E-001
  4.005398593302E-002  1.002438455496E+003 -1.203808592351E+004  1.479122427553E+005  0.000000000000E+000  1.441079185283E-001
  4.137069825459E-002  9.867152741872E+002 -1.184493271580E+004  1.454817478290E+005  0.000000000000E+000  1.448693354412E-001
  4.271042566323E-002  9.709761232033E+002 -1.165165992347E+004  1.430508048883E+005  0.000000000000E+000  1.456479025247E-001
  4.407328016341E-002  9.552286997535E+002 -1.145836332488E+004  1.406206369924E+005  0.000000000000E+000  1.464439037942E-001
  4.545937591035E-002  9.394806145782E+002 -1.126513751981E+004  1.381924508278E+005  0.000000000000E+000  1.472576313379E-001
  4.686882923075E-002  9.237393862472E+002 -1.107207585767E+004  1.357674357795E+005  0.000000000000E+000  1.480893855326E-001
  4.830175864396E-002  9.080124356064E+002 -1.087927036770E+004  1.333467630298E+005  0.000000000000E+000  1.489394752683E-001
  4.975828488365E-002  8.923070803778E+002 -1.068681169128E+004  1.309315846875E+005  0.000000000000E+000  1.498082181793E-001
  5.123853091993E-002  8.766305299175E+002 -1.049478901644E+004  1.285230329472E+005  0.000000000000E+000  1.506959408843E-001
  5.274262198188E-002  8.609898801378E+002 -1.030329001456E+004  1.261222192788E+005  0.000000000000E+000  1.516029792344E-001
  5.427068558066E-002  8.453921085978E+002 -1.011240077941E+004  1.237302336503E+005  0.000000000000E+000  1.525296785692E-001
  5.582285153302E-002  8.298440697664E+002 -9.922205768523E+003  1.213481437816E+005  0.000000000000E+000  1.534763939831E-001
  5.739925198530E-002  8.143524904623E+002 -9.732787746972E+003  1.189769944327E+005  0.000000000000E+000  1.544434905992E-001
  5.900002143803E-002  7.989239654757E+002 -9.544227733578E+003  1.166178067250E+005  0.000000000000E+000  1.554313438536E-001
  6.062529677088E-002  7.835649533743E+002 -9.356604949646E+003  1.142715774976E+005  0.000000000000E+000  1.564403397896E-001
  6.227521726827E-002  7.682817724972E+002 -9.169996770224E+003  1.119392786978E+005  0.000000000000E+000  1.574708753617E-001
  6.394992464542E-002  7.530805971411E+002 -8.984478677939E+003  1.096218568074E+005  0.000000000000E+000  1.585233587499E-001
  6.564956307496E-002  7.379674539395E+002 -8.800124219442E+003  1.073202323051E+005  0.000000000000E+000  1.595982096860E-001
  6.737427921404E-002  7.229482184403E+002 -8.617004964493E+003  1.050352991638E+005  0.000000000000E+000  1.606958597895E-001
  6.912422223211E-002  7.080286118810E+002 -8.435190467706E+003  1.027679243858E+005  0.000000000000E+000  1.618167529167E-001
  7.089954383907E-002  6.932141981662E+002 -8.254748232988E+003  1.005189475735E+005  0.000000000000E+000  1.629613455209E-001
  7.270039831418E-002  6.785103810478E+002 -8.075743680678E+003  9.828918053713E+004  0.000000000000E+000  1.641301070253E-001
  7.452694253540E-002  6.639224015096E+002 -7.898240117401E+003  9.607940694001E+004  0.000000000000E+000  1.653235202091E-001
  7.637933600943E-002  6.494553353572E+002 -7.722298708657E+003  9.389038197996E+004  0.000000000000E+000  1.665420816064E-001
  7.825774090225E-002  6.351140910151E+002 -7.547978454139E+003  9.172283210827E+004  0.000000000000E+000  1.677863019193E-001
  8.016232207035E-002  6.209034075303E+002 -7.375336165789E+003  8.957745478543E+004  0.000000000000E+000  1.690567064450E-001
  8.209324709253E-002  6.068278527834E+002 -7.204426448588E+003  8.745491827378E+004  0.000000000000E+000  1.703538355177E-001
  8.405068630235E-002  5.928918219075E+002 -7.035301684076E+003  8.535586146687E+004  0.000000000000E+000  1.716782449658E-001
  8.603481282122E-002  5.790995359138E+002 -6.868012016591E+003  8.328089375533E+004  0.000000000000E+000  1.730305065847E-001
  8.804580259214E-002  5.654550405236E+002 -6.702605342208E+003  8.123059492906E+004  0.000000000000E+000  1.744112086256E-001
  9.008383441408E-002  5.519622052071E+002 -6.539127300373E+003  7.920551511529E+004  0.000000000000E+000  1.758209563017E-001
  9.214908997710E-002  5.386247224257E+002 -6.377621268203E+003  7.720617475230E+004  0.000000000000E+000  1.772603723106E-001
  9.424175389809E-002  5.254461070779E+002 -6.218128357427E+003  7.523306459831E+004  0.000000000000E+000  1.787300973759E-001
  9.636201375725E-002  5.124296961474E+002 -6.060687413936E+003  7.328664577511E+004  0.000000000000E+000  1.802307908057E-001
  9.851006013526E-002  4.995786485497E+002 -5.905335019930E+003  7.136734984591E+004  0.000000000000E+000  1.817631310713E-001
  1.006860866512E-001  4.868959451775E+002 -5.752105498592E+003  6.947557892688E+004  0.000000000000E+000  1.833278164042E-001
  1.028902900012E-001  4.743843891401E+002 -5.601030921291E+003  6.761170583170E+004  0.000000000000E+000  1.849255654143E-001
  1.051228699979E-001  4.620466061955E+002 -5.452141117233E+003  6.577607424865E+004  0.000000000000E+000  1.865571177277E-001
  1.073840296104E-001  4.498850453719E+002 -5.305463685544E+003  6.396899894934E+004  0.000000000000E+000  1.882232346463E-001
  1.096739750056E-001  4.379019797756E+002 -5.161024009722E+003  6.219076602853E+004  0.000000000000E+000  1.899246998290E-001
  1.119929155896E-001  4.260995075809E+002 -5.018845274412E+003  6.044163317415E+004  0.000000000000E+000  1.916623199947E-001
  1.143410640503E-001  4.144795532003E+002 -4.878948484441E+003  5.872182996679E+004  0.000000000000E+000  1.934369256493E-001
  1.167186364011E-001  4.030438686288E+002 -4.741352486074E+003  5.703155820781E+004  0.000000000000E+000  1.952493718345E-001
  1.191258520249E-001  3.917940349599E+002 -4.606073990408E+003  5.537099227508E+004  0.000000000000E+000  1.971005389017E-001
  1.215629337189E-001  3.807314640688E+002 -4.473127598859E+003  5.374027950569E+004  0.000000000000E+000  1.989913333097E-001
  1.240301077413E-001  3.698574004574E+002 -4.342525830676E+003  5.213954060436E+004  0.000000000000E+000  2.009226884473E-001
  1.265276038575E-001  3.591729232572E+002 -4.214279152398E+003  5.056887007686E+004  0.000000000000E+000  2.028955654809E-001
  1.290556553882E-001  3.486789483857E+002 -4.088396009212E+003  4.902833668730E+004  0.000000000000E+000  2.049109542282E-001
  1.316144992580E-001  3.383762308497E+002 -3.964882858110E+003  4.751798393827E+004  0.000000000000E+000  2.069698740572E-001
  1.342043760450E-001  3.282653671924E+002 -3.843744202803E+003  4.603783057284E+004  0.000000000000E+000  2.090733748113E-001
  1.368255300316E-001  3.183467980770E+002 -3.724982630290E+003  4.458787109728E+004  0.000000000000E+000  2.112225377614E-001
  1.394782092560E-001  3.086208110028E+002 -3.608598849021E+003  4.316807632350E+004  0.000000000000E+000  2.134184765831E-001
  1.421626655646E-001  2.990875431476E+002 -3.494591728569E+003  4.177839393000E+004  0.000000000000E+000  2.156623383615E-001
  1.448791546661E-001  2.897469843310E+002 -3.382958340742E+003  4.041874904029E+004  0.000000000000E+000  2.179553046208E-001
  1.476279361856E-001  2.805989800917E+002 -3.273694002034E+003  3.908904481764E+004  0.000000000000E+000  2.202985923807E-001
  1.504092737207E-001  2.716432348752E+002 -3.166792317357E+003  3.778916307490E+004  0.000000000000E+000  2.226934552375E-001
  1.532234348983E-001  2.628793153230E+002 -3.062245224956E+003  3.651896489847E+004  0.000000000000E+000  2.251411844700E-001
  1.560706914324E-001  2.543066536601E+002 -2.960043042423E+003  3.527829128503E+004  0.000000000000E+000  2.276431101690E-001
  1.589513191834E-001  2.459245511720E+002 -2.860174513743E+003  3.406696378995E+004  0.000000000000E+000  2.302006023893E-001
  1.618655982178E-001  2.377321817673E+002 -2.762626857266E+003  3.288478518632E+004  0.000000000000E+000  2.328150723226E-001
  1.648138128702E-001  2.297285956182E+002 -2.667385814533E+003  3.173154013320E+004  0.000000000000E+000  2.354879734904E-001
  1.677962518056E-001  2.219127228733E+002 -2.574435699873E+003  3.060699585222E+004  0.000000000000E+000  2.382208029532E-001
  1.708132080832E-001  2.142833774360E+002 -2.483759450679E+003  2.951090281109E+004  0.000000000000E+000  2.410151025346E-001
  1.738649792215E-001  2.068392608028E+002 -2.395338678280E+003  2.844299541310E+004  0.000000000000E+000  2.438724600572E-001
  1.769518672648E-001  1.995789659545E+002 -2.309153719336E+003  2.740299269126E+004  0.000000000000E+000  2.467945105862E-001
  1.800741788507E-001  1.925009812946E+002 -2.225183687651E+003  2.639059900619E+004  0.000000000000E+000  2.497829376766E-001
  1.832322252791E-001  1.856036946287E+002 -2.143406526350E+003  2.540550474638E+004  0.000000000000E+000  2.528394746196E-001
  1.864263225826E-001  1.788853971776E+002 -2.063799060303E+003  2.444738702991E+004  0.000000000000E+000  2.559659056823E-001
  1.896567915983E-001  1.723442876196E+002 -1.986337048753E+003  2.351591040647E+004  0.000000000000E+000  2.591640673343E-001
  1.929239580409E-001  1.659784761546E+002 -1.910995238032E+003  2.261072755858E+004  0.000000000000E+000  2.624358494527E-001
  1.962281525771E-001  1.597859885841E+002 -1.837747414316E+003  2.173148000104E+004  0.000000000000E+000  2.657831964992E-001
  1.995697109023E-001  1.537647704021E+002 -1.766566456321E+003  2.087779877752E+004  0.000000000000E+000  2.692081086571E-001
  2.029489738173E-001  1.479126908897E+002 -1.697424387872E+003  2.004930515331E+004  0.000000000000E+000  2.727126429189E-001
  2.063662873085E-001  1.422275472078E+002 -1.630292430270E+003  1.924561130321E+004  0.000000000000E+000  2.762989141104E-001
  2.098220026275E-001  1.367070684839E+002 -1.565141054388E+003  1.846632099374E+004  0.000000000000E+000  2.799690958387E-001
  2.133164763746E-001  1.313489198841E+002 -1.501940032416E+003  1.771103025854E+004  0.000000000000E+000  2.837254213456E-001
  2.168500705817E-001  1.261507066687E+002 -1.440658489188E+003  1.697932806629E+004  0.000000000000E+000  2.875701842503E-001
  2.204231527988E-001  1.211099782228E+002 -1.381264953037E+003  1.627079698011E+004  0.000000000000E+000  2.915057391594E-001
  2.240360961807E-001  1.162242320582E+002 -1.323727406092E+003  1.558501380771E+004  0.000000000000E+000  2.955345021210E-001
  2.276892795770E-001  1.114909177821E+002 -1.268013333971E+003  1.492155024142E+004  0.000000000000E+000  2.996589508978E-001
  2.313830876220E-001  1.069074410256E+002 -1.214089774799E+003  1.427997348747E+004  0.000000000000E+000  3.038816250282E-001
  2.351179108282E-001  1.024711673298E+002 -1.161923367501E+003  1.365984688366E+004  0.000000000000E+000  3.082051256441E-001
  2.388941456809E-001  9.817942598254E+001 -1.111480399307E+003  1.306073050470E+004  0.000000000000E+000  3.126321150082E-001
  2.427121947345E-001  9.402951380322E+001 -1.062726852421E+003  1.248218175481E+004  0.000000000000E+000  3.171653157288E-001
  2.465724667110E-001  9.001869887005E+001 -1.015628449803E+003  1.192375594662E+004  0.000000000000E+000  3.218075096089E-001
  2.504753766009E-001  8.614422418652E+001 -9.701507000083E+002  1.138500686612E+004  0.000000000000E+000  3.265615360753E-001
  2.544213457654E-001  8.240331128275E+001 -9.262589410514E+002  1.086548732288E+004  0.000000000000E+000  3.314302901356E-001
  2.584108020414E-001  7.879316374815E+001 -8.839183832429E+002  1.036474968515E+004  0.000000000000E+000  3.364167197963E-001
  2.624441798480E-001  7.531097069188E+001 -8.430941509606E+002  9.882346399414E+003  0.000000000000E+000  3.415238228770E-001
  2.665219202956E-001  7.195391012769E+001 -8.037513233210E+002  9.417830493858E+003  0.000000000000E+000  3.467546431412E-001
  2.706444712976E-001  6.871915228007E+001 -7.658549737131E+002  8.970756065493E+003  0.000000000000E+000  3.521122656625E-001
  2.748122876832E-001  6.560386280878E+001 -7.293702081663E+002  8.540678750530E+003  0.000000000000E+000  3.575998113327E-001
  2.790258313137E-001  6.260520594901E+001 -6.942622025210E+002  8.127156177719E+003  0.000000000000E+000  3.632204304124E-001
  2.832855712010E-001  5.972034756464E+001 -6.604962383777E+002  7.729748404389E+003  0.000000000000E+000  3.689772950136E-001
  2.875919836279E-001  5.694645811229E+001 -6.280377378012E+002  7.348018334982E+003  0.000000000000E+000  3.748735903957E-001
  2.919455522717E-001  5.428071551400E+001 -5.968522967588E+002  6.981532121881E+003  0.000000000000E+000  3.809125049456E-001
  2.963467683296E-001  5.172030793668E+001 -5.669057172771E+002  6.629859548395E+003  0.000000000000E+000  3.870972187041E-001
  3.007961306479E-001  4.926243647665E+001 -5.381640382999E+002  6.292574393808E+003  0.000000000000E+000  3.934308902878E-001
  3.052941458522E-001  4.690431774758E+001 -5.105935652383E+002  5.969254780394E+003  0.000000000000E+000  3.999166420506E-001
  3.098413284823E-001  4.464318637081E+001 -4.841608982013E+002  5.659483502403E+003  0.000000000000E+000  4.065575433143E-001
  3.144382011281E-001  4.247629736669E+001 -4.588329589019E+002  5.362848336991E+003  0.000000000000E+000  4.133565914949E-001
  3.190852945695E-001  4.040092844620E+001 -4.345770162346E+002  5.078942337150E+003  0.000000000000E+000  4.203166909399E-001
  3.237831479192E-001  3.841438220204E+001 -4.113607105218E+002  4.807364106714E+003  0.000000000000E+000  4.274406292893E-001
  3.285323087679E-001  3.651398819876E+001 -3.891520764319E+002  4.547718057533E+003  0.000000000000E+000  4.347310511702E-001
  3.333333333333E-001  3.469710496158E+001 -3.679195645719E+002  4.299614648968E+003  0.000000000000E+000  4.421904290345E-001
  3.381867866117E-001  3.296112186371E+001 -3.476320617602E+002  4.062670609873E+003  0.000000000000E+000  4.498210309581E-001
  3.430932425333E-001  3.130346091227E+001 -3.282589099885E+002  3.836509143255E+003  0.000000000000E+000  4.576248852250E-001
  3.480532841203E-001  2.972157843307E+001 -3.097699240837E+002  3.620760113857E+003  0.000000000000E+000  4.656037415446E-001
  3.530675036492E-001  2.821296665454E+001 -2.921354080809E+002  3.415060218907E+003  0.000000000000E+000  4.737590287688E-001
  3.581365028158E-001  2.677515519147E+001 -2.753261703248E+002  3.219053142313E+003  0.000000000000E+000  4.820918090185E-001
  3.632608929041E-001  2.540571242931E+001 -2.593135373138E+002  3.032389692629E+003  0.000000000000E+000  4.906027281706E-001
  3.684412949588E-001  2.410224680974E+001 -2.440693663077E+002  2.854727925091E+003  0.000000000000E+000  4.992919627200E-001
  3.736783399619E-001  2.286240801886E+001 -2.295660567172E+002  2.685733248111E+003  0.000000000000E+000  5.081591631088E-001
  3.789726690123E-001  2.168388807885E+001 -2.157765603002E+002  2.525078514567E+003  0.000000000000E+000  5.172033937050E-001
  3.843249335105E-001  2.056442234469E+001 -2.026743901865E+002  2.372444098306E+003  0.000000000000E+000  5.264230697289E-001
  3.897357953460E-001  1.950179040731E+001 -1.902336287571E+002  2.227517956256E+003  0.000000000000E+000  5.358158915580E-001
  3.952059270903E-001  1.849381690467E+001 -1.784289344053E+002  2.089995676567E+003  0.000000000000E+000  5.453787769953E-001
  4.007360121927E-001  1.753837224268E+001 -1.672355472076E+002  1.959580513242E+003  0.000000000000E+000  5.551077922659E-001
  4.063267451812E-001  1.663337322756E+001 -1.566292935328E+002  1.835983407682E+003  0.000000000000E+000  5.649980827018E-001
  4.119788318683E-001  1.577678361182E+001 -1.465865896216E+002  1.718922997636E+003  0.000000000000E+000  5.750438042985E-001
  4.176929895600E-001  1.496661455564E+001 -1.370844441667E+002  1.608125614003E+003  0.000000000000E+000  5.852380575558E-001
  4.234699472710E-001  1.420092500596E+001 -1.281004599267E+002  1.503325265998E+003  0.000000000000E+000  5.955728252651E-001
  4.293104459435E-001  1.347782199541E+001 -1.196128344066E+002  1.404263615146E+003  0.000000000000E+000  6.060389161490E-001
  4.352152386716E-001  1.279546086345E+001 -1.116003596392E+002  1.310689938620E+003  0.000000000000E+000  6.166259165033E-001
  4.411850909306E-001  1.215204540192E+001 -1.040424211017E+002  1.222361082406E+003  0.000000000000E+000  6.273221522050E-001
  4.472207808110E-001  1.154582792761E+001 -9.691899580344E+001  1.139041404816E+003  0.000000000000E+000  6.381146636358E-001
  4.533230992589E-001  1.097510928428E+001 -9.021064957918E+001  1.060502710834E+003  0.000000000000E+000  6.489891961924E-001
  4.594928503202E-001  1.043823877657E+001 -8.389853362432E+001  9.865241778193E+002  0.000000000000E+000  6.599302091066E-001
  4.657308513924E-001  9.933614038519E+000 -7.796438030857E+001  9.168922730618E+002  0.000000000000E+000  6.709209052460E-001
  4.720379334802E-001  9.459680839234E+000 -7.239049830372E+001  8.514006636880E+002  0.000000000000E+000  6.819432843999E-001
  4.784149414579E-001  9.014932828347E+000 -6.715976706211E+001  7.898501194264E+002  0.000000000000E+000  6.929782222434E-001
  4.848627343381E-001  8.597911223983E+000 -6.225563068195E+001  7.320484087195E+002  0.000000000000E+000  7.040055767143E-001
  4.913821855461E-001  8.207204445881E+000 -5.766209119582E+001  6.778101886745E+002  0.000000000000E+000  7.150043229117E-001
  4.979741832006E-001  7.841447696378E+000 -5.336370131799E+001  6.269568893339E+002  0.000000000000E+000  7.259527168390E-001
  5.046396304008E-001  7.499322491967E+000 -4.934555668661E+001  5.793165927413E+002  0.000000000000E+000  7.368284873837E-001
  5.113794455212E-001  7.179556148110E+000 -4.559328763580E+001  5.347239072697E+002  0.000000000000E+000  7.476090548696E-001
  5.181945625116E-001  6.880921220019E+000 -4.209305053266E+001  4.930198376674E+002  0.000000000000E+000  7.582717733775E-001
  5.250859312060E-001  6.602234902062E+000 -3.883151871360E+001  4.540516512711E+002  0.000000000000E+000  7.687941928677E-001
  5.320545176366E-001  6.342358388469E+000 -3.579587305389E+001  4.176727408203E+002  0.000000000000E+000  7.791543360070E-001
  5.391013043575E-001  6.100196197966E+000 -3.297379220363E+001  3.837424842987E+002  0.000000000000E+000  7.893309835820E-001
  5.462272907741E-001  5.874695464946E+000 -3.035344252268E+001  3.521261022148E+002  0.000000000000E+000  7.993039615500E-001
  5.534334934816E-001  5.664845199743E+000 -2.792346774650E+001  3.226945127219E+002  0.000000000000E+000  8.090544221984E-001
  5.607209466109E-001  5.469675520551E+000 -2.567297841400E+001  2.953241849630E+002  0.000000000000E+000  8.185651116271E-001
  5.680907021827E-001  5.288256859477E+000 -2.359154108753E+001  2.698969910147E+002  0.000000000000E+000  8.278206158623E-001
  5.755438304707E-001  5.119699145162E+000 -2.166916739465E+001  2.463000567882E+002  0.000000000000E+000  8.368075783931E-001
  5.830814203728E-001  4.963150964384E+000 -1.989630291996E+001  2.244256122314E+002  0.000000000000E+000  8.455148827590E-001
  5.907045797917E-001  4.817798704956E+000 -1.826381597490E+001  2.041708411631E+002  0.000000000000E+000  8.539337949986E-001
  5.984144360243E-001  4.682865682226E+000 -1.676298627185E+001  1.854377310526E+002  0.000000000000E+000  8.620580622029E-001
  6.062121361613E-001  4.557611251379E+000 -1.538549352850E+001  1.681329230462E+002  0.000000000000E+000  8.698839650451E-001
  6.140988474955E-001  4.441329907717E+000 -1.412340602697E+001  1.521675625235E+002  0.000000000000E+000  8.774103238588E-001
  6.220757579409E-001  4.333350376994E+000 -1.296916915144E+001  1.374571504547E+002  0.000000000000E+000  8.846384595209E-001
  6.301440764614E-001  4.233034697834E+000 -1.191559392686E+001  1.239213958117E+002  0.000000000000E+000  8.915721119579E-001
  6.383050335109E-001  4.139777298193E+000 -1.095584558042E+001  1.114840692736E+002  0.000000000000E+000  8.982173204481E-001
  6.465598814833E-001  4.053004067736E+000 -1.008343214616E+001  1.000728584495E+002  0.000000000000E+000  9.045822709792E-001
  6.549098951744E-001  3.972171427943E+000 -9.292193132349E+000  8.961922482798E+001  0.000000000000E+000  9.106771166861E-001
  6.633563722545E-001  3.896765401667E+000 -8.576288270020E+000  8.005826264820E+001  0.000000000000E+000  9.165137778349E-001
  6.719006337539E-001  3.826300683819E+000 -7.930186359908E+000  7.132855987200E+001  0.000000000000E+000  9.221057279329E-001
  6.805440245593E-001  3.760319714742E+000 -7.348654234281E+000  6.337206142230E+001  0.000000000000E+000  9.274677723669E-001
  6.892879139233E-001  3.698391757780E+000 -6.826745848814E+000  5.613393483964E+001  0.000000000000E+000  9.326158255459E-001
  6.981336959871E-001  3.640111982476E+000 -6.359791518775E+000  4.956243849432E+001  0.000000000000E+000  9.375666918998E-001
  7.070827903152E-001  3.585100554735E+000 -5.943387312740E+000  4.360879247853E+001  0.000000000000E+000  9.423378553315E-001
  7.161366424455E-001  3.533001735221E+000 -5.573384616025E+000  3.822705228976E+001  0.000000000000E+000  9.469472808830E-001
  7.252967244510E-001  3.483482987183E+000 -5.245879875041E+000  3.337398540397E+001  0.000000000000E+000  9.514132315202E-001
  7.345645355186E-001  3.436234094821E+000 -4.957204532820E+000  2.900895082495E+001  0.000000000000E+000  9.557541021014E-001
  7.439416025400E-001  3.390966293223E+000 -4.703915164954E+000  2.509378168429E+001  0.000000000000E+000  9.599882718171E-001
  7.534294807203E-001  3.347411410842E+000 -4.482783824326E+000  2.159267095498E+001  0.000000000000E+000  9.641339756898E-001
  7.630297542000E-001  3.305321025384E+000 -4.290788602027E+000  1.847206033084E+001  0.000000000000E+000  9.682091951241E-001
  7.727440366954E-001  3.264465633932E+000 -4.125104411029E+000  1.570053231312E+001  0.000000000000E+000  9.722315670034E-001
  7.825739721536E-001  3.224633838038E+000 -3.983093998268E+000  1.324870553597E+001  0.000000000000E+000  9.762183104448E-001
  7.925212354258E-001  3.185631544440E+000 -3.862299190005E+000  1.108913335239E+001  0.000000000000E+000  9.801861700349E-001
  8.025875329584E-001  3.147281182017E+000 -3.760432374488E+000  9.196205693691E+000  0.000000000000E+000  9.841513741761E-001
  8.127746035011E-001  3.109420935502E+000 -3.675368225183E+000  7.546054206247E+000  0.000000000000E+000  9.881296070582E-001
  8.230842188350E-001  3.071903996410E+000 -3.605135667080E+000  6.116460661574E+000  0.000000000000E+000  9.921359927241E-001
  8.335181845190E-001  3.034597831597E+000 -3.547910087862E+000  4.886768627784E+000  0.000000000000E+000  9.961850897033E-001
  8.440783406568E-001  2.997383469760E+000 -3.502005795052E+000  3.837798383283E+000  0.000000000000E+000  1.000290894740E+000
  8.547665626839E-001  2.960154806186E+000 -3.465868719570E+000  2.951765046738E+000  0.000000000000E+000  1.004466854221E+000
  8.655847621758E-001  2.922817925942E+000 -3.438069365530E+000  2.212199890968E+000  0.000000000000E+000  1.008725882019E+000
  8.765348876780E-001  2.885290445683E+000 -3.417296005496E+000  1.603874802507E+000  0.000000000000E+000  1.013080382565E+000
  8.876189255584E-001  2.847500874192E+000 -3.402348119867E+000  1.112729843085E+000  0.000000000000E+000  1.017542278112E+000
  8.988389008829E-001  2.809387991704E+000 -3.392130078524E+000  7.258038642127E-001  0.000000000000E+000  1.022123039256E+000
  9.101968783143E-001  2.770900248038E+000 -3.385645062373E+000  4.311681214031E-001  0.000000000000E+000  1.026833717905E+000
  9.216949630368E-001  2.731995179502E+000 -3.381989221966E+000  2.178628303385E-001  0.000000000000E+000  1.031684982012E+000
  9.333353017046E-001  2.692638844493E+000 -3.380346069934E+000  7.583660342555E-002  0.000000000000E+000  1.036687151489E+000
  9.451200834176E-001  2.652805277703E+000 -3.379981103576E+000 -4.111298268126E-003  0.000000000000E+000  1.041850234807E+000
  9.570515407237E-001  2.612475962752E+000 -3.380236653580E+000 -3.038596579215E-002  0.000000000000E+000  1.047183965899E+000
  9.691319506484E-001  2.571639323100E+000 -3.380526954509E+000 -1.064916664402E-002  0.000000000000E+000  1.052697841047E+000
  9.813636357544E-001  2.530290231003E+000 -3.380333432394E+000  4.813093415508E-002  0.000000000000E+000  1.058401155506E+000
  9.937489652293E-001  2.488429534290E+000 -3.379200204489E+000  1.396325809845E-001  0.000000000000E+000  1.064303039680E+000
  1.006290356005E+000  2.446063600694E+000 -3.376729786019E+000  2.581356855919E-001  0.000000000000E+000  1.070412494726E+000
  1.018990273907E+000  2.403203879456E+000 -3.372578998514E+000  3.984794577457E-001  0.000000000000E+000  1.076738427490E+000
  1.031851234841E+000  2.359866479890E+000 -3.366455074184E+000  5.560223291228E-001  0.000000000000E+000  1.083289684737E+000
  1.044875806003E+000  2.316071766602E+000 -3.358111950586E+000  7.266040901725E-001  0.000000000000E+000  1.090075086658E+000
  1.058066607138E+000  2.271843971032E+000 -3.347346749768E+000  9.065101591798E-001  0.000000000000E+000  1.097103459661E+000
  1.071426311823E+000  2.227210818956E+000 -3.333996435930E+000  1.092437902504E+000  0.000000000000E+000  1.104383668493E+000
  1.084957648792E+000  2.182203173630E+000 -3.317934645611E+000  1.281464924962E+000  0.000000000000E+000  1.111924647732E+000
  1.098663403298E+000  2.136854694183E+000 -3.299068684359E+000  1.471019249598E+000  0.000000000000E+000  1.119735432730E+000
  1.112546418516E+000  2.091201508935E+000 -3.277336683822E+000  1.658851306552E+000  0.000000000000E+000  1.127825190087E+000
  1.126609596985E+000  2.045281903245E+000 -3.252704913217E+000  1.843007651474E+000  0.000000000000E+000  1.136203247739E+000
  1.140855902095E+000  1.999136021556E+000 -3.225165239156E+000  2.021806334833E+000  0.000000000000E+000  1.144879124779E+000
  1.155288359613E+000  1.952805583264E+000 -3.194732727893E+000  2.193813844641E+000  0.000000000000E+000  1.153862561096E+000
  1.169910059257E+000  1.906333612060E+000 -3.161443384072E+000  2.357823546382E+000  0.000000000000E+000  1.163163546969E+000
  1.184724156317E+000  1.859764178403E+000 -3.125352020240E+000  2.512835545477E+000  0.000000000000E+000  1.172792352718E+000
  1.199733873325E+000  1.813142154776E+000 -3.086530251409E+000  2.658037899258E+000  0.000000000000E+000  1.182759558547E+000
  1.214942501771E+000  1.766512983404E+000 -3.045064609161E+000  2.792789107245E+000  0.000000000000E+000  1.193076084705E+000
  1.230353403874E+000  1.719922456105E+000 -3.001054769883E+000  2.916601810480E+000  0.000000000000E+000  1.203753222093E+000
  1.245970014403E+000  1.673416505961E+000 -2.954611891904E+000  3.029127632750E+000  0.000000000000E+000  1.214802663469E+000
  1.261795842559E+000  1.627041010515E+000 -2.905857056469E+000  3.130143098731E+000  0.000000000000E+000  1.226236535375E+000
  1.277834473907E+000  1.580841606207E+000 -2.854919807659E+000  3.219536566385E+000  0.000000000000E+000  1.238067430951E+000
  1.294089572372E+000  1.534863513756E+000 -2.801936786573E+000  3.297296113305E+000  0.000000000000E+000  1.250308443782E+000
  1.310564882294E+000  1.489151374245E+000 -2.747050455253E+000  3.363498319159E+000  0.000000000000E+000  1.262973202938E+000
  1.327264230548E+000  1.443749095633E+000 -2.690407906058E+000  3.418297888909E+000  0.000000000000E+000  1.276075909377E+000
  1.344191528724E+000  1.398699709467E+000 -2.632159752382E+000  3.461918063967E+000  0.000000000000E+000  1.289631373887E+000
  1.361350775387E+000  1.354045237549E+000 -2.572459096808E+000  3.494641771089E+000  0.000000000000E+000  1.303655056749E+000
  1.378746058390E+000  1.309826568344E+000 -2.511460573004E+000  3.516803461321E+000  0.000000000000E+000  1.318163109321E+000
  1.396381557275E+000  1.266083342907E+000 -2.449319457850E+000  3.528781593914E+000  0.000000000000E+000  1.333172417746E+000
  1.414261545744E+000  1.222853850125E+000 -2.386190850489E+000  3.530991722673E+000  0.000000000000E+000  1.348700648997E+000
  1.432390394201E+000  1.180174931080E+000 -2.322228915176E+000  3.523880144707E+000  0.000000000000E+000  1.364766299516E+000
  1.450772572390E+000  1.138081892326E+000 -2.257586184981E+000  3.507918074020E+000  0.000000000000E+000  1.381388746661E+000
  1.469412652102E+000  1.096608427901E+000 -2.192412923591E+000  3.483596304799E+000  0.000000000000E+000  1.398588303261E+000
  1.488315309978E+000  1.055786549881E+000 -2.126856542572E+000  3.451420331573E+000  0.000000000000E+000  1.416386275548E+000
  1.507485330398E+000  1.015646527298E+000 -2.061061071670E+000  3.411905895667E+000  0.000000000000E+000  1.434805024784E+000
  1.526927608467E+000  9.762168332176E-001 -1.995166679806E+000  3.365574929541E+000  0.000000000000E+000  1.453868032902E+000
  1.546647153093E+000  9.375240998199E-001 -1.929309244609E+000  3.312951872646E+000  0.000000000000E+000  1.473599972544E+000
  1.566649090169E+000  8.995930812635E-001 -1.863619968386E+000  3.254560334352E+000  0.000000000000E+000  1.494026781866E+000
  1.586938665861E+000  8.624466241607E-001 -1.798225038592E+000  3.190920081368E+000  0.000000000000E+000  1.515175744540E+000
  1.607521250000E+000  8.261056454572E-001 -1.733245330917E+000  3.122544328729E+000  0.000000000000E+000  1.537075575415E+000
  1.628402339588E+000  7.905891175147E-001 -1.668796153191E+000  3.049937315031E+000  0.000000000000E+000  1.559756512334E+000
  1.649587562420E+000  7.559140601847E-001 -1.604987028398E+000  2.973592144021E+000  0.000000000000E+000  1.583250414650E+000
  1.671082680832E+000  7.220955396552E-001 -1.541921515106E+000  2.893988876004E+000  0.000000000000E+000  1.607590869041E+000
  1.692893595565E+000  6.891466738432E-001 -1.479697063720E+000  2.811592853688E+000  0.000000000000E+000  1.632813303262E+000
  1.715026349769E+000  6.570786440955E-001 -1.418404906931E+000  2.726853248191E+000  0.000000000000E+000  1.658955108557E+000
  1.737487133138E+000  6.259007129525E-001 -1.358129982832E+000  2.640201811871E+000  0.000000000000E+000  1.686055771497E+000
  1.760282286187E+000  5.956202477187E-001 -1.298950889124E+000  2.552051825500E+000  0.000000000000E+000  1.714157016101E+000
  1.783418304674E+000  5.662427495750E-001 -1.240939866890E+000  2.462797228023E+000  0.000000000000E+000  1.743302957172E+000
  1.806901844175E+000  5.377718879568E-001 -1.184162812402E+000  2.372811917780E+000  0.000000000000E+000  1.773540265876E+000
  1.830739724818E+000  5.102095399135E-001 -1.128679315410E+000  2.282449214630E+000  0.000000000000E+000  1.804918348690E+000
  1.854938936184E+000  4.835558341569E-001 -1.074542722391E+000  2.192041472860E+000  0.000000000000E+000  1.837489540970E+000
  1.879506642368E+000  4.578091994953E-001 -1.021800223196E+000  2.101899835157E+000  0.000000000000E+000  1.871309316490E+000
  1.904450187236E+000  4.329664173465E-001 -9.704929595378E-001  2.012314118258E+000  0.000000000000E+000  1.906436514480E+000
  1.929777099847E+000  4.090226780128E-001 -9.206561537650E-001  1.923552821145E+000  0.000000000000E+000  1.942933585829E+000
  1.955495100083E+000  3.859716403980E-001 -8.723192563279E-001  1.835863246901E+000  0.000000000000E+000  1.980866860280E+000
  1.981612104475E+000  3.638054948419E-001 -8.255061103749E-001  1.749471729528E+000  0.000000000000E+000  2.020306836673E+000
  2.008136232230E+000  3.425150287445E-001 -7.802351318870E-001  1.664583957197E+000  0.000000000000E+000  2.061328498491E+000
  2.035075811486E+000  3.220896946511E-001 -7.365195037714E-001  1.581385383547E+000  0.000000000000E+000  2.104011657210E+000
  2.062439385788E+000  3.025176804695E-001 -6.943673823400E-001  1.500041718821E+000  0.000000000000E+000  2.148441326237E+000
  2.090235720801E+000  2.837859814909E-001 -6.537821146082E-001  1.420699492721E+000  0.000000000000E+000  2.194708128524E+000
  2.118473811262E+000  2.658804738924E-001 -6.147624648684E-001  1.343486681057E+000  0.000000000000E+000  2.242908741297E+000
  2.147162888201E+000  2.487859893972E-001 -5.773028490140E-001  1.268513388404E+000  0.000000000000E+000  2.293146381733E+000
  2.176312426413E+000  2.324863907825E-001 -5.413935751224E-001  1.195872579136E+000  0.000000000000E+000  2.345531337845E+000
  2.205932152222E+000  2.169646479256E-001 -5.070210888384E-001  1.125640849433E+000  0.000000000000E+000  2.400181549350E+000
  2.236032051522E+000  2.022029140914E-001 -4.741682221453E-001  1.057879233032E+000  0.000000000000E+000  2.457223243845E+000
  2.266622378129E+000  1.881826021727E-001 -4.428144441585E-001  9.926340337594E-001  0.000000000000E+000  2.516791634252E+000
  2.297713662445E+000  1.748844606070E-001 -4.129361126338E-001  9.299376781161E-001  0.000000000000E+000  2.579031684221E+000
  2.329316720450E+000  1.622886487059E-001 -3.845067249411E-001  8.698095814844E-001  0.000000000000E+000  2.644098948973E+000
  2.361442663038E+000  1.503748111443E-001 -3.574971673246E-001  8.122570218377E-001  0.000000000000E+000  2.712160500023E+000
  2.394102905709E+000  1.391221513741E-001 -3.318759613395E-001  7.572760151534E-001  0.000000000000E+000  2.783395943246E+000
  2.427309178642E+000  1.285095037389E-001 -3.076095064333E-001  7.048521870909E-001  0.000000000000E+000  2.857998540962E+000
  2.461073537146E+000  1.185154040840E-001 -2.846623177181E-001  6.549616358675E-001  0.000000000000E+000  2.936176450091E+000
  2.495408372530E+000  1.091181586682E-001 -2.629972580631E-001  6.075717816538E-001  0.000000000000E+000  3.018154089971E+000
  2.530326423398E+000  1.002959112049E-001 -2.425757637229E-001  5.626421982132E-001  0.000000000000E+000  3.104173655245E+000
  2.565840787378E+000  9.202670786980E-002 -2.233580628008E-001  5.201254229260E-001  0.000000000000E+000  3.194496791252E+000
  2.601964933334E+000  8.428856013404E-002 -2.053033859362E-001  4.799677417589E-001  0.000000000000E+000  3.289406451724E+000
  2.638712714049E+000  7.705950529215E-002 -1.883701686873E-001  4.421099461676E-001  0.000000000000E+000  3.389208961307E+000
  2.676098379430E+000  7.031766457305E-002 -1.725162451704E-001  4.064880593453E-001  0.000000000000E+000  3.494236308501E+000
  2.714136590232E+000  6.404129873424E-002 -1.576990325970E-001  3.730340296533E-001  0.000000000000E+000  3.604848698284E+000
  2.752842432351E+000  5.820886105424E-002 -1.438757064312E-001  3.416763894870E-001  0.000000000000E+000  3.721437397773E+000
  2.792231431696E+000  5.279904765089E-002 -1.310033659679E-001  3.123408782335E-001  0.000000000000E+000  3.844427913155E+000
  2.832319569669E+000  4.779084506523E-002 -1.190391902040E-001  2.849510283699E-001  0.000000000000E+000  3.974283541688E+000
  2.873123299289E+000  4.316357506162E-002 -1.079405839427E-001  2.594287141260E-001  0.000000000000E+000  4.111509349084E+000
  2.914659561979E+000  3.889693660503E-002 -9.766531413351E-002  2.356946624851E-001  0.000000000000E+000  4.256656630184E+000
  2.956945805065E+000  3.497104498512E-002 -8.817163650705E-002  2.136689266285E-001  0.000000000000E+000  4.410327919673E+000
  3.000000000000E+000  3.136646806512E-002 -7.941841261323E-002  1.932713222310E-001  0.000000000000E+000  4.573182629955E+000
  3.043840661365E+000  2.806425964037E-002 -7.136521741469E-002  1.744218272865E-001  0.000000000000E+000  4.745943405457E+000
  3.088486866678E+000  2.504598989767E-002 -6.397243762419E-002  1.570409463892E-001  0.000000000000E+000  4.929403296910E+000
  3.133958277047E+000  2.229377297216E-002 -5.720136100389E-002  1.410500405999E-001  0.000000000000E+000  5.124433875974E+000
  3.180275158719E+000  1.979029160295E-002 -5.101425686748E-002  1.263716242090E-001  0.000000000000E+000  5.331994430429E+000
  3.227458405560E+000  1.751881889363E-002 -4.537444804291E-002  1.129296298436E-001  0.000000000000E+000  5.553142403667E+000
  3.275529562509E+000  1.546323718715E-002 -4.024637456360E-002  1.006496434774E-001  0.000000000000E+000  5.789045270102E+000
  3.324510850077E+000  1.360805406927E-002 -3.559564936152E-002  8.945911097121E-002  0.000000000000E+000  6.040994071266E+000
  3.374425189910E+000  1.193841551828E-002 -3.138910623569E-002  7.928751781627E-002  0.000000000000E+000  6.310418876948E+000
  3.425296231502E+000  1.044011622350E-002 -2.759484036607E-002  7.006654375756E-002  0.000000000000E+000  6.598906483010E+000
  3.477148380094E+000  9.099607099815E-003 -2.418224163648E-002  6.173019395967E-002  0.000000000000E+000  6.908220714243E+000
  3.530006825834E+000  7.904000031262E-003 -2.112202102116E-002  5.421490833067E-002  0.000000000000E+000  7.240325768852E+000
  3.583897574256E+000  6.841069883286E-003 -1.838623028014E-002  4.745965055525E-002  0.000000000000E+000  7.597413123429E+000
  3.638847478148E+000  5.899253830791E-003 -1.594827519881E-002  4.140597830437E-002  0.000000000000E+000  7.981932616811E+000
  3.694884270887E+000  5.067648058000E-003 -1.378292259826E-002  3.599809599219E-002  0.000000000000E+000  8.396628452056E+000
  3.752036601308E+000  4.336001896001E-003 -1.186630133611E-002  3.118289134585E-002  0.000000000000E+000  8.844581002840E+000
  3.810334070199E+000  3.694709475081E-003 -1.017589751360E-002  2.690995694419E-002  0.000000000000E+000  9.329255490307E+000
  3.869807268505E+000  3.134798981238E-003 -8.690544104088E-003  2.313159777321E-002  0.000000000000E+000  9.854558816717E+000
  3.930487817331E+000  2.647919619626E-003 -7.390405221264E-003  1.980282574225E-002  0.000000000000E+000  1.042490611325E+001
  3.992408409843E+000  2.226326401909E-003 -6.256955253615E-003  1.688134201040E-002  0.000000000000E+000  1.104529889406E+001
  4.055602855172E+000  1.862862889312E-003 -5.272953103586E-003  1.432750789072E-002  0.000000000000E+000  1.172141712357E+001
  4.120106124432E+000  1.550942038343E-003 -4.422411786748E-003  1.210430503318E-002  0.000000000000E+000  1.245972802021E+001
  4.185954398964E+000  1.284525311225E-003 -3.690563666981E-003  1.017728553756E-002  0.000000000000E+000  1.326761506509E+001
  4.253185120935E+000  1.058100227808E-003 -3.063821627919E-003  8.514512617318E-003  0.000000000000E+000  1.415353149366E+001
  4.321837046422E+000  8.666565495167E-004 -2.529736507814E-003  7.086492422991E-003  0.000000000000E+000  1.512718356854E+001
  4.391950301120E+000  7.056612984382E-004 -2.076951153628E-003  5.866097640004E-003  0.000000000000E+000  1.619975022382E+001
  4.463566438835E+000  5.710328253813E-004 -1.695151479287E-003  4.828483498618E-003  0.000000000000E+000  1.738414731399E+001
  4.536728502895E+000  4.591141493232E-004 -1.375014941510E-003  3.950996870514E-003  0.000000000000E+000  1.869534680087E+001
  4.611481090679E+000  3.666457966171E-004 -1.108156872922E-003  3.213079174572E-003  0.000000000000E+000  2.015076390953E+001
  4.687870421430E+000  2.907383713469E-004 -8.870751351186E-004  2.596163869727E-003  0.000000000000E+000  2.177072876775E+001
  4.765944407533E+000  2.288450879882E-004 -7.050935724420E-004  2.083569371290E-003  0.000000000000E+000  2.357906356505E+001
  4.845752729492E+000  1.787344938595E-004 -5.563047594461E-004  1.660388284511E-003  0.000000000000E+000  2.560379216994E+001
  4.927346914797E+000  1.384636016205E-004 -4.355125401620E-004  1.313373900964E-003  0.000000000000E+000  2.787801689226E+001
  5.010780420931E+000  1.063516412882E-004 -3.381748546158E-004  1.030824945492E-003  0.000000000000E+000  3.044100730905E+001
  5.096108722763E+000  8.095462700276E-005 -2.603473369721E-004  8.024695900737E-004  0.000000000000E+000  3.333955966375E+001
  5.183389404586E+000  6.104091631387E-005 -1.986281499555E-004  6.193497629301E-004  0.000000000000E+000  3.662970351434E+001
  5.272682257105E+000  4.556791940144E-005 -1.501044918831E-004  4.737067741062E-004  0.000000000000E+000  4.037885673649E+001
  5.364049379651E+000  3.366009282709E-005 -1.123011761385E-004  3.588692509842E-004  0.000000000000E+000  4.466856304870E+001
  5.457555287978E+000  2.458832767079E-005 -8.313163894378E-005  2.691443282477E-004  0.000000000000E+000  4.959799124121E+001
  5.553267027968E+000  1.775081583142E-005 -6.085168087397E-005  1.997129670746E-004  0.000000000000E+000  5.528843694401E+001
  5.651254295630E+000  1.265545152068E-005 -4.401619200347E-005  1.465301892232E-004  0.000000000000E+000  6.188915266539E+001
  5.751589563796E+000  8.903798236139E-006 -3.143905138108E-005  1.062309055169E-004  0.000000000000E+000  6.958494925430E+001
  5.854348215936E+000  6.176625447591E-006 -2.215633036884E-005  7.604189814235E-005  0.000000000000E+000  7.860617479844E+001
  5.959608687557E+000  4.220994531197E-006 -1.539286799031E-005  5.370038593100E-005  0.000000000000E+000  8.924190281811E+001
  6.067452615683E+000  2.838850749470E-006 -1.053222657209E-005  3.737946561822E-005  0.000000000000E+000  1.018574731451E+002
  6.177964996951E+000  1.877057837112E-006 -7.089979309486E-006  2.562058442608E-005  0.000000000000E+000  1.169179521712E+002
  6.291234354880E+000  1.218794452018E-006 -4.690229483179E-006  1.727306468823E-005  0.000000000000E+000  1.350196347118E+002
  6.407352916949E+000  7.762177128869E-007 -3.045215225745E-006  1.144057390337E-005  0.000000000000E+000  1.569323826750E+002
  6.526416802128E+000  4.842884696786E-007 -1.937815048500E-006  7.434317440135E-006  0.000000000000E+000  1.836562483637E+002
  6.648526219580E+000  2.956459086271E-007 -1.206738541927E-006  4.732629402349E-006  0.000000000000E+000  2.164959586816E+002
  6.773785679311E+000  1.764155171417E-007 -7.341641760976E-007  2.946552444839E-006  0.000000000000E+000  2.571549119198E+002
  6.902304215570E+000  1.028341384829E-007 -4.355720255846E-007  1.790931320244E-006  0.000000000000E+000  3.078420767860E+002
  7.034195623922E+000  5.857853338143E-008 -2.515132681131E-007  1.060498463388E-006  0.000000000000E+000  3.713592564285E+002
  7.169578712934E+000  3.268914451215E-008 -1.410598922922E-007  6.104029275389E-007  0.000000000000E+000  4.510651075148E+002
  7.308577571516E+000  1.798816822335E-008 -7.668636834871E-008  3.406255878198E-007  0.000000000000E+000  5.504418402308E+002
  7.451321853057E+000  9.900069675758E-009 -4.034904841372E-008  1.837320953048E-007  0.000000000000E+000  6.716778104715E+002
  7.597947077547E+000  5.592808038647E-009 -2.054758704525E-008  9.543837115629E-008  0.000000000000E+000  8.125132410054E+002
  7.748594953021E+000  3.368751924822E-009 -1.017444968610E-008  4.749879910750E-008  0.000000000000E+000  9.620937824367E+002
  7.903413717736E+000  2.245079732513E-009 -4.982342390243E-009  2.247176533135E-008  0.000000000000E+000  1.101445877559E+003
  8.062558504629E+000  1.673947921862E-009 -2.523945615309E-009  9.967778832951E-009  0.000000000000E+000  1.214674098382E+003
  8.226191729726E+000  1.362517480054E-009 -1.442580782701E-009  4.039140065031E-009  0.000000000000E+000  1.300947359659E+003
  8.394483506327E+000  1.161783163213E-009 -1.015456801973E-009  1.424306263452E-009  0.000000000000E+000  1.371930334476E+003
  8.567612086926E+000  1.000868519391E-009 -8.722069899257E-010  4.123882165619E-010  0.000000000000E+000  1.441832271333E+003
  8.745764335025E+000  8.499371796216E-010 -8.300201108451E-010  1.417172883402E-010  0.000000000000E+000  1.522573064203E+003
  8.929136229160E+000  7.001141293627E-010 -8.024929156536E-010  1.897605890238E-010  0.000000000000E+000  1.624242253220E+003
  9.117933401693E+000  5.528669216247E-010 -7.522882801236E-010  3.489699274027E-010  0.000000000000E+000  1.757249989412E+003
  9.312371715124E+000  4.142792765074E-010 -6.678530909337E-010  5.140526266190E-010  0.000000000000E+000  1.934680919573E+003
  9.512677878945E+000  2.917104780198E-010 -5.520570758055E-010  6.307122674048E-010  0.000000000000E+000  2.174651866382E+003
  9.719090110332E+000  1.916472453177E-010 -4.159849523278E-010  6.745453641211E-010  0.000000000000E+000  2.501532931292E+003
  9.931858842267E+000  1.182990416927E-010 -2.746383107919E-010  6.421799897086E-010  0.000000000000E+000  2.937965394576E+003
  1.015124748302E+001  7.283224807357E-011 -1.433906609949E-010  5.457529037259E-010  0.000000000000E+000  3.453550782761E+003
  1.037753323129E+001  5.323157987220E-011 -3.508528050460E-011  4.073599338641E-010  0.000000000000E+000  3.833986973274E+003
  1.061100795175E+001  5.473853319839E-011  4.197466841055E-011  2.530816479003E-010  0.000000000000E+000  3.798475821744E+003
  1.085197911611E+001  7.073468210766E-011  8.492729090610E-011  1.074013662058E-010  0.000000000000E+000  3.487355992982E+003
  1.110077081537E+001  9.386896747736E-011  9.613074306469E-011 -1.101542712496E-011  0.000000000000E+000  3.173460311996E+003
  1.135772484956E+001  1.172012927132E-010  8.202714098346E-011 -9.158702767278E-011  0.000000000000E+000  2.947109580658E+003
  1.162320190175E+001  1.351559683536E-010  5.145206264158E-011 -1.320607397784E-010  0.000000000000E+000  2.810360344632E+003
  1.189758280382E+001  1.441385815999E-010  1.380173585538E-011 -1.371197906289E-010  0.000000000000E+000  2.750723916900E+003
  1.218126990242E+001  1.427510679551E-010 -2.257440741381E-011 -1.159958646617E-010  0.000000000000E+000  2.759607370695E+003
  1.247468853413E+001  1.316224773956E-010 -5.150010530230E-011 -7.978801696411E-011  0.000000000000E+000  2.835287248176E+003
  1.277828862002E+001  1.129403366129E-010 -6.950376791506E-011 -3.908056337392E-011  0.000000000000E+000  2.983715375711E+003
  1.309254639077E+001  8.980871603269E-011 -7.577738925471E-011 -2.246387776965E-012  0.000000000000E+000  3.220581217246E+003
  1.341796625462E+001  6.557028236399E-011 -7.168884334582E-011  2.541192782113E-011  0.000000000000E+000  3.576608466621E+003
  1.375508282195E+001  4.321352414731E-011 -6.003087017013E-011  4.173579906262E-011  0.000000000000E+000  4.109924619048E+003
  1.410446310162E+001  2.495056646046E-011 -4.419957461846E-011  4.719271356930E-011  0.000000000000E+000  4.935679469982E+003
  1.446670888596E+001  1.200573176504E-011 -2.746555947381E-011  4.402475881454E-011  0.000000000000E+000  6.298602572710E+003
  1.484245934302E+001  4.610416250367E-012 -1.244642083424E-011  3.531701809256E-011  0.000000000000E+000  8.665501580226E+003
  1.523239383723E+001  2.164250934003E-012 -8.265014491882E-013  2.418490071580E-011  0.000000000000E+000  1.114990619641E+004
  1.563723500136E+001  3.500960383024E-012  6.687175483285E-012  1.320015714494E-011  0.000000000000E+000  9.498273835289E+003
  1.605775208607E+001  7.191239238027E-012  1.022515666101E-011  4.094167429797E-012  0.000000000000E+000  7.472039731752E+003
  1.649476461582E+001  1.182252321190E-011  1.050549135062E-011 -2.288701327212E-012  0.000000000000E+000  6.330971519140E+003
  1.694914638379E+001  1.621258254332E-011  8.548553250469E-012 -5.856068388034E-012  0.000000000000E+000  5.698444876285E+003
  1.742182982203E+001  1.953525415112E-011  5.418644862696E-012 -7.034395719392E-012  0.000000000000E+000  5.355097671609E+003
  1.791381078784E+001  2.135735180194E-011  2.032393821990E-012 -6.514800184469E-012  0.000000000000E+000  5.198259441940E+003
  1.842615381215E+001  2.160201488663E-011 -9.499105561858E-013 -5.034588273494E-012  0.000000000000E+000  5.178559826489E+003
  1.895999786176E+001  2.046334434302E-011 -3.154394949668E-012 -3.225605113809E-012  0.000000000000E+000  5.272883962257E+003
  1.951656267356E+001  1.829977766446E-011 -4.463322433443E-012 -1.536551479860E-012  0.000000000000E+000  5.472996206983E+003
  2.009715572669E+001  1.553041353149E-011 -4.948914383278E-012 -2.188080086439E-013  0.000000000000E+000  5.780686425155E+003
  2.070317992707E+001  1.255146969687E-011 -4.795193042485E-012  6.442082433153E-013  0.000000000000E+000  6.205958840973E+003
  2.133614208874E+001  9.681595444572E-012 -4.226531213901E-012  1.086122088723E-012  0.000000000000E+000  6.766926216505E+003
  2.199766230782E+001  7.136932686737E-012 -3.454174226808E-012  1.203638107889E-012  0.000000000000E+000  7.490944015969E+003
  2.268948433818E+001  5.031036271148E-012 -2.644628764386E-012  1.111793979885E-012  0.000000000000E+000  8.416947186151E+003
  2.341348709294E+001  3.391646779101E-012 -1.908086055004E-012  9.140485433583E-013  0.000000000000E+000  9.599240648405E+003
  2.417169741362E+001  2.185717560003E-012 -1.301642005297E-012  6.873927794940E-013  0.000000000000E+000  1.111328378392E+004
  2.496630426925E+001  1.345404753701E-012 -8.409907707708E-013  4.793120260116E-013  0.000000000000E+000  1.306439889679E+004
  2.579967457140E+001  7.900804083653E-013 -5.149403990718E-013  3.121365073462E-013  0.000000000000E+000  0.000000000000E+000
  2.667437081864E+001  4.419583306196E-013 -2.987355641040E-013  1.905623471818E-013  0.000000000000E+000  0.000000000000E+000
  2.759317081651E+001  2.350541243370E-013 -1.640549387365E-013  1.092558783449E-013  0.000000000000E+000  0.000000000000E+000
  2.855908975674E+001  1.185957417680E-013 -8.515824472937E-014  5.884499933274E-014  0.000000000000E+000  0.000000000000E+000
  2.957540498378E+001  5.662040269901E-014 -4.170034066246E-014  2.975261240735E-014  0.000000000000E+000  0.000000000000E+000
  3.064568382919E+001  2.550422035643E-014 -1.921593855571E-014  1.410041737112E-014  0.000000000000E+000  0.000000000000E+000
  3.177381495601E+001  1.080329461894E-014 -8.308549340936E-015  6.249835696374E-015  0.000000000000E+000  0.000000000000E+000
  3.296404372807E+001  4.287430977527E-015 -3.359311508232E-015  2.583353720256E-015  0.000000000000E+000  0.000000000000E+000
  3.422101220608E+001  1.587593912342E-015 -1.265182290501E-015  9.923973735958E-016  0.000000000000E+000  0.000000000000E+000
  3.554980447538E+001  5.459876669814E-016 -4.418979358368E-016  3.528616709255E-016  0.000000000000E+000  0.000000000000E+000
  3.695599813319E+001  1.734997596743E-016 -1.424306904199E-016  1.155861184191E-016  0.000000000000E+000  0.000000000000E+000
  3.844572291106E+001  5.065379781988E-017 -4.212951798351E-017  3.469562256510E-017  0.000000000000E+000  0.000000000000E+000
  4.002572758518E+001  1.350114533793E-017 -1.136509979331E-017  9.486232871194E-018  0.000000000000E+000  0.000000000000E+000
  4.170345654134E+001  3.262238111975E-018 -2.776842629304E-018  2.346479926720E-018  0.000000000000E+000  0.000000000000E+000
  4.348713762001E+001  7.089972306223E-019 -6.097585909118E-019  5.211193440431E-019  0.000000000000E+000  0.000000000000E+000
  4.538588318162E+001  1.316035764277E-019 -1.135089722385E-019  9.723563331198E-020  0.000000000000E+000  0.000000000000E+000
  4.740980671574E+001  2.274549167559E-020 -2.965310616102E-020  2.680420129179E-020  0.000000000000E+000  0.000000000000E+000
  4.957015778746E+001  4.635265552086E-021 -2.198135589962E-021 -1.930924888110E-021  0.000000000000E+000  0.000000000000E+000
  5.187947869225E+001  0.000000000000E+000  1.338685897217E-022  1.288728666173E-021  0.000000000000E+000  0.000000000000E+000
  5.435178690397E+001  1.554937689736E-022 -1.436367163748E-022  2.969552513678E-024  0.000000000000E+000  0.000000000000E+000
  5.700278828629E+001  4.296105097543E-025 -1.116902382782E-024  9.970344324786E-025  0.000000000000E+000  0.000000000000E+000
  5.985012714155E+001  9.699463449444E-026  0.000000000000E+000  0.000000000000E+000  0.000000000000E+000  0.000000000000E+000
  6.291368055481E+001  0.000000000000E+000  0.000000000000E+000  0.000000000000E+000  0.000000000000E+000  0.000000000000E+000
  6.621590623276E+001  0.000000000000E+000  0.000000000000E+000  0.000000000000E+000  0.000000000000E+000  0.000000000000E+000
  6.978225524452E+001  0.000000000000E+000  0.000000000000E+000  0.000000000000E+000  0.000000000000E+000  0.000000000000E+000
  7.364166388185E+001  0.000000000000E+000  0.000000000000E+000  0.000000000000E+000  0.000000000000E+000  0.000000000000E+000
  7.782714245929E+001  0.000000000000E+000  0.000000000000E+000  0.000000000000E+000  0.000000000000E+000  0.000000000000E+000
  8.237648351994E+001  0.000000000000E+000  0.000000000000E+000  0.000000000000E+000  0.000000000000E+000  0.000000000000E+000
  8.733311794502E+001  0.000000000000E+000  0.000000000000E+000  0.000000000000E+000  0.000000000000E+000  0.000000000000E+000
  9.274715535088E+001  0.000000000000E+000  0.000000000000E+000  0.000000000000E+000  0.000000000000E+000  0.000000000000E+000
  9.867665554529E+001  0.000000000000E+000  0.000000000000E+000  0.000000000000E+000  0.000000000000E+000  0.000000000000E+000
  1.051891916055E+002  0.000000000000E+000  0.000000000000E+000  0.000000000000E+000  0.000000000000E+000  0.000000000000E+000
  1.123637836013E+002  0.000000000000E+000  0.000000000000E+000  0.000000000000E+000  0.000000000000E+000  0.000000000000E+000
  1.202933069206E+002  0.000000000000E+000  0.000000000000E+000  0.000000000000E+000  0.000000000000E+000  0.000000000000E+000
  1.290875131414E+002  0.000000000000E+000  0.000000000000E+000  0.000000000000E+000  0.000000000000E+000  0.000000000000E+000
  1.388768482001E+002  0.000000000000E+000  0.000000000000E+000  0.000000000000E+000  0.000000000000E+000  0.000000000000E+000
  1.498173177370E+002  0.000000000000E+000  0.000000000000E+000  0.000000000000E+000  0.000000000000E+000  0.000000000000E+000
  1.620967411853E+002  0.000000000000E+000  0.000000000000E+000  0.000000000000E+000  0.000000000000E+000  0.000000000000E+000
  1.759428668168E+002  0.000000000000E+000  0.000000000000E+000  0.000000000000E+000  0.000000000000E+000  0.000000000000E+000
  1.916340085825E+002  0.000000000000E+000  0.000000000000E+000  0.000000000000E+000  0.000000000000E+000  0.000000000000E+000
  2.095131417987E+002  0.000000000000E+000  0.000000000000E+000  0.000000000000E+000  0.000000000000E+000  0.000000000000E+000
  2.300068054477E+002  0.000000000000E+000  0.000000000000E+000  0.000000000000E+000  0.000000000000E+000  0.000000000000E+000
  2.536507797910E+002  0.000000000000E+000  0.000000000000E+000  0.000000000000E+000  0.000000000000E+000  0.000000000000E+000
  2.811254638474E+002  0.000000000000E+000  0.000000000000E+000  0.000000000000E+000  0.000000000000E+000  0.000000000000E+000
  3.133053780630E+002  0.000000000000E+000  0.000000000000E+000  0.000000000000E+000  0.000000000000E+000  0.000000000000E+000
  3.513296254502E+002  0.000000000000E+000  0.000000000000E+000  0.000000000000E+000  0.000000000000E+000  0.000000000000E+000
  3.967041014107E+002  0.000000000000E+000  0.000000000000E+000  0.000000000000E+000  0.000000000000E+000  0.000000000000E+000
  4.514529193350E+002  0.000000000000E+000  0.000000000000E+000  0.000000000000E+000  0.000000000000E+000  0.000000000000E+000
  5.183481233601E+002  0.000000000000E+000  0.000000000000E+000  0.000000000000E+000  0.000000000000E+000  0.000000000000E+000
  6.012676077950E+002  0.000000000000E+000  0.000000000000E+000  0.000000000000E+000  0.000000000000E+000  0.000000000000E+000
  7.057700503752E+002  0.000000000000E+000  0.000000000000E+000  0.000000000000E+000  0.000000000000E+000  0.000000000000E+000
  8.400513767914E+002  0.000000000000E+000  0.000000000000E+000  0.000000000000E+000  0.000000000000E+000  0.000000000000E+000
  1.016602135495E+003  0.000000000000E+000  0.000000000000E+000  0.000000000000E+000  0.000000000000E+000  0.000000000000E+000
  1.255220715579E+003  0.000000000000E+000  0.000000000000E+000  0.000000000000E+000  0.000000000000E+000  0.000000000000E+000
  1.588815776243E+003  0.000000000000E+000  0.000000000000E+000  0.000000000000E+000  0.000000000000E+000  0.000000000000E+000
  2.075392011604E+003  0.000000000000E+000  0.000000000000E+000  0.000000000000E+000  0.000000000000E+000  0.000000000000E+000
  2.825079847528E+003  0.000000000000E+000  0.000000000000E+000  0.000000000000E+000  0.000000000000E+000  0.000000000000E+000
  4.068408296183E+003  0.000000000000E+000  0.000000000000E+000  0.000000000000E+000  0.000000000000E+000  0.000000000000E+000
  6.357262947672E+003  0.000000000000E+000  0.000000000000E+000  0.000000000000E+000  0.000000000000E+000  0.000000000000E+000
  1.130231930164E+004  0.000000000000E+000  0.000000000000E+000  0.000000000000E+000  0.000000000000E+000  0.000000000000E+000
  2.543105175136E+004  0.000000000000E+000  0.000000000000E+000  0.000000000000E+000  0.000000000000E+000  0.000000000000E+000
  1.017262069952E+005  0.000000000000E+000  0.000000000000E+000  0.000000000000E+000  0.000000000000E+000  0.000000000000E+000
